/*--------------------------------*- C++ -*----------------------------------*\
| =========                 |                                                 |
| \\      /  F ield         | OpenFOAM: The Open Source CFD Toolbox           |
|  \\    /   O peration     | Version:  2412                                  |
|   \\  /    A nd           | Website:  www.openfoam.com                      |
|    \\/     M anipulation  |                                                 |
\*---------------------------------------------------------------------------*/
FoamFile
{
    version     2.0;
    format      ascii;
    arch        "LSB;label=32;scalar=64";
    class       volScalarField;
    location    "26";
    object      Ma;
}
// * * * * * * * * * * * * * * * * * * * * * * * * * * * * * * * * * * * * * //

dimensions      [0 0 0 0 0 0 0];

internalField   nonuniform List<scalar> 
7000
(
2.25598
0.994179
0.300531
0.338438
0.401062
0.442388
0.450595
0.446125
0.439771
0.434861
0.432015
0.429743
0.427144
0.424056
0.420585
0.41681
0.412744
0.408365
0.403654
0.398594
0.393173
0.387375
0.381189
0.374597
0.367584
0.360131
0.352222
0.343836
0.334955
0.325557
0.315624
0.305132
0.294062
0.282393
0.270107
0.257184
0.24361
0.229373
0.214465
0.198882
0.182633
0.165727
0.148189
0.130054
0.111368
0.0921925
0.0725907
0.052847
0.031923
0.0155243
2.25604
0.994241
0.300328
0.338273
0.400907
0.44224
0.450447
0.445981
0.439632
0.43473
0.431888
0.42962
0.427024
0.423941
0.420474
0.416704
0.412643
0.40827
0.403566
0.398512
0.393098
0.387309
0.381132
0.374549
0.367547
0.360106
0.352209
0.343837
0.334971
0.32559
0.315675
0.305203
0.294156
0.282511
0.270251
0.257357
0.243816
0.229614
0.214745
0.199208
0.18301
0.166165
0.148701
0.13066
0.112103
0.0931173
0.0738191
0.0546558
0.0351573
0.0220572
2.25617
0.994438
0.300461
0.338308
0.400937
0.442273
0.450481
0.446021
0.43969
0.434798
0.431971
0.429706
0.427122
0.424044
0.420591
0.416829
0.412784
0.408421
0.403734
0.398692
0.393298
0.387524
0.381371
0.374808
0.367833
0.360416
0.352553
0.344212
0.335386
0.326043
0.316176
0.305752
0.294762
0.283178
0.270989
0.258171
0.244718
0.230614
0.215858
0.200451
0.184403
0.167741
0.1505
0.132745
0.114565
0.0961166
0.0776338
0.0598398
0.0430409
0.0335722
2.25634
0.994744
0.300732
0.338385
0.401018
0.442372
0.450584
0.446138
0.43982
0.434957
0.43214
0.429895
0.427317
0.424262
0.420819
0.417083
0.413051
0.408717
0.404045
0.399038
0.393663
0.387929
0.3818
0.375284
0.36834
0.360979
0.353155
0.344878
0.336102
0.326837
0.317033
0.306702
0.295793
0.28432
0.272234
0.259552
0.246232
0.232296
0.217717
0.202523
0.186719
0.170347
0.153462
0.136148
0.118555
0.100896
0.0835505
0.0674575
0.0533028
0.0461804
2.25659
0.995174
0.301081
0.338454
0.401103
0.442493
0.450713
0.446288
0.439983
0.43516
0.432354
0.430142
0.427573
0.424552
0.421124
0.417427
0.413414
0.409121
0.404476
0.399514
0.394174
0.388491
0.382406
0.375948
0.369062
0.361767
0.354015
0.345816
0.337132
0.327958
0.318268
0.308045
0.297278
0.285937
0.274027
0.261509
0.248408
0.234682
0.220378
0.205465
0.190016
0.174037
0.157639
0.140921
0.124072
0.107409
0.0913718
0.0770292
0.0651083
0.0594942
2.25692
0.995747
0.301525
0.338526
0.401199
0.442638
0.450882
0.446459
0.440212
0.435396
0.432649
0.430435
0.427923
0.424903
0.421539
0.417846
0.413903
0.409622
0.405053
0.400109
0.394856
0.389201
0.383213
0.376796
0.37002
0.362782
0.355156
0.347036
0.338494
0.329426
0.319898
0.309817
0.299237
0.28808
0.276388
0.26411
0.251269
0.237852
0.223869
0.209359
0.194332
0.178893
0.163088
0.147116
0.131165
0.115612
0.100984
0.0882973
0.0781877
0.0736196
2.25734
0.996473
0.302068
0.338602
0.401306
0.442816
0.451087
0.446691
0.440473
0.435707
0.432989
0.430819
0.428332
0.425362
0.422027
0.418394
0.414484
0.410272
0.405742
0.400881
0.395673
0.390117
0.384186
0.377887
0.37118
0.364084
0.356545
0.348594
0.340163
0.331296
0.321911
0.312068
0.301673
0.290795
0.279346
0.267394
0.254872
0.241844
0.22828
0.214245
0.199772
0.184939
0.169887
0.154751
0.139833
0.125479
0.112234
0.101078
0.0924444
0.0886249
2.25785
0.997365
0.30272
0.338682
0.401426
0.443027
0.451334
0.446971
0.440793
0.436082
0.433403
0.431282
0.428834
0.425916
0.422628
0.419055
0.415202
0.411057
0.406596
0.401812
0.39669
0.391222
0.385397
0.379201
0.372626
0.365651
0.358275
0.350468
0.342237
0.333543
0.324405
0.314771
0.304681
0.294064
0.282985
0.271366
0.259289
0.246691
0.233665
0.220191
0.206374
0.192282
0.178049
0.163895
0.150053
0.136958
0.125074
0.115263
0.107843
0.104622
2.25847
0.998434
0.303489
0.33877
0.401562
0.443272
0.451631
0.4473
0.441183
0.436523
0.433903
0.431828
0.429438
0.426572
0.423352
0.41984
0.416063
0.411991
0.407619
0.402922
0.397904
0.392544
0.386841
0.380778
0.374348
0.367536
0.360333
0.352727
0.344704
0.336258
0.327369
0.318043
0.308249
0.298015
0.287295
0.276149
0.264518
0.252501
0.24004
0.227275
0.214188
0.200956
0.18767
0.174546
0.161895
0.150027
0.139452
0.130888
0.124492
0.121715
2.25919
0.999694
0.304386
0.338868
0.401716
0.443561
0.451979
0.447702
0.441635
0.437054
0.434483
0.432482
0.430142
0.427357
0.424196
0.420774
0.41707
0.4131
0.408816
0.404237
0.399327
0.394105
0.388536
0.382636
0.37637
0.369754
0.362753
0.355381
0.347607
0.339442
0.330861
0.321874
0.312462
0.302636
0.292391
0.281736
0.270695
0.259274
0.247544
0.235512
0.22332
0.211
0.198785
0.186793
0.175337
0.164783
0.155438
0.14799
0.14249
0.140144
2.26003
1.00116
0.305419
0.338976
0.401892
0.443893
0.45239
0.448157
0.442184
0.437661
0.435179
0.43323
0.430981
0.428257
0.425198
0.42185
0.418258
0.414378
0.410223
0.405754
0.400994
0.395909
0.390516
0.384784
0.378728
0.372319
0.365568
0.358452
0.350978
0.34313
0.33491
0.326312
0.317338
0.307991
0.298276
0.288214
0.277815
0.267126
0.256171
0.245038
0.233779
0.222545
0.211437
0.200703
0.190517
0.181222
0.173164
0.166806
0.162134
0.160098
2.26099
1.00283
0.306597
0.3391
0.402092
0.444281
0.452865
0.44871
0.442805
0.43839
0.435968
0.43412
0.431935
0.429321
0.426337
0.423112
0.419612
0.415871
0.411827
0.40752
0.402896
0.398001
0.392776
0.387269
0.381421
0.375278
0.368786
0.361987
0.354832
0.347364
0.339539
0.3314
0.322913
0.314119
0.305006
0.295613
0.285955
0.276072
0.266026
0.255857
0.245696
0.235598
0.22577
0.216327
0.207538
0.199607
0.192762
0.187488
0.18363
0.182023
2.26208
1.00473
0.307927
0.339242
0.402322
0.444721
0.453419
0.449335
0.443549
0.439217
0.4369
0.435129
0.433054
0.430527
0.427667
0.424542
0.421183
0.417561
0.41368
0.409518
0.405087
0.400366
0.395371
0.390078
0.384504
0.378624
0.372459
0.365984
0.359223
0.352153
0.344803
0.337152
0.329239
0.321047
0.312629
0.303974
0.295157
0.286179
0.277139
0.268075
0.259095
0.250314
0.241829
0.233864
0.226513
0.220064
0.214644
0.210544
0.207567
0.206264
2.26329
1.00685
0.309411
0.339397
0.402594
0.445218
0.454054
0.450065
0.444397
0.440181
0.43796
0.436296
0.434323
0.431916
0.42917
0.426183
0.422955
0.419493
0.415767
0.411795
0.407549
0.403056
0.398285
0.393264
0.387962
0.382411
0.376577
0.370498
0.364142
0.357549
0.350697
0.343623
0.336321
0.328827
0.321158
0.313351
0.305447
0.297497
0.289563
0.28173
0.274076
0.266728
0.259803
0.25342
0.247779
0.242928
0.239021
0.236287
0.234365
0.233712
2.26462
1.00919
0.311049
0.339557
0.402919
0.445777
0.454782
0.450908
0.445375
0.441291
0.439174
0.43763
0.435768
0.433493
0.430876
0.428037
0.42496
0.421668
0.418123
0.414349
0.410323
0.406065
0.401561
0.396821
0.391844
0.386629
0.381192
0.375518
0.369646
0.363544
0.357278
0.350806
0.344213
0.33746
0.330648
0.323753
0.316883
0.310053
0.303362
0.296884
0.290715
0.284968
0.279763
0.275235
0.271478
0.268666
0.266693
0.265721
0.265189
0.265155
2.26608
1.01176
0.312853
0.339753
0.403284
0.446423
0.455626
0.451879
0.446523
0.442561
0.44058
0.439143
0.437426
0.435274
0.432819
0.43012
0.427228
0.424101
0.420773
0.417199
0.413429
0.409414
0.405214
0.400773
0.396157
0.39131
0.386302
0.381083
0.375722
0.370183
0.364528
0.358749
0.352892
0.346992
0.341073
0.335221
0.329446
0.323879
0.318542
0.313583
0.309073
0.305152
0.301924
0.29952
0.298079
0.29758
0.298077
0.299506
0.30115
0.302675
2.26766
1.01455
0.314814
0.339982
0.403703
0.447175
0.456608
0.453013
0.447859
0.444031
0.442191
0.440874
0.439308
0.437294
0.435007
0.432468
0.429765
0.426831
0.423723
0.420383
0.416871
0.413144
0.409249
0.405159
0.400908
0.396488
0.391919
0.387218
0.38239
0.377477
0.372475
0.36745
0.362401
0.357407
0.35249
0.347729
0.343197
0.338956
0.335148
0.331829
0.329177
0.327312
0.326391
0.326515
0.327915
0.330655
0.334521
0.339626
0.344726
0.348724
2.26934
1.01755
0.316917
0.340247
0.404191
0.448061
0.457759
0.454358
0.449404
0.445753
0.444033
0.442872
0.441435
0.439598
0.437458
0.435119
0.432588
0.429886
0.426986
0.423921
0.420664
0.417261
0.413681
0.409975
0.406113
0.402149
0.398059
0.393899
0.389661
0.385396
0.38112
0.376876
0.372717
0.368676
0.364847
0.361267
0.358062
0.355306
0.35312
0.351685
0.35106
0.351507
0.353199
0.35641
0.361328
0.368068
0.376899
0.387632
0.399368
0.409971
2.27111
1.0207
0.319141
0.340562
0.404772
0.449105
0.459116
0.455935
0.451213
0.447737
0.446149
0.445137
0.443851
0.442187
0.440224
0.438077
0.435755
0.433277
0.430628
0.427826
0.424875
0.421786
0.418576
0.415246
0.41183
0.40832
0.404768
0.40116
0.397568
0.393977
0.390476
0.387062
0.383834
0.380821
0.37812
0.375818
0.373996
0.372843
0.372422
0.372923
0.374587
0.377704
0.382627
0.389494
0.398921
0.41125
0.426946
0.447106
0.470988
0.498596
2.27293
1.02394
0.321421
0.340941
0.405481
0.450367
0.46076
0.457823
0.453388
0.450056
0.448615
0.44772
0.446606
0.445088
0.443323
0.441349
0.439255
0.43699
0.434614
0.432079
0.429452
0.426693
0.423867
0.420944
0.417983
0.414971
0.411961
0.40896
0.406015
0.403164
0.400442
0.397928
0.395649
0.39373
0.392203
0.391241
0.390882
0.391312
0.392696
0.395383
0.399589
0.405685
0.413891
0.425052
0.439618
0.459157
0.485081
0.520594
0.571926
0.664903
2.27501
1.02768
0.323955
0.341215
0.406281
0.451966
0.462914
0.460349
0.456262
0.453158
0.451876
0.451203
0.450304
0.449062
0.447543
0.445882
0.444076
0.442177
0.440148
0.438046
0.435838
0.433593
0.431275
0.428962
0.426616
0.424327
0.422063
0.419921
0.417882
0.416053
0.414435
0.413142
0.412214
0.411772
0.411914
0.412686
0.414249
0.417014
0.421205
0.426896
0.434588
0.444558
0.45783
0.474816
0.497602
0.52761
0.569592
0.631146
0.729823
0.881476
2.27722
1.03165
0.326965
0.342166
0.408011
0.454835
0.466503
0.464318
0.46055
0.457504
0.456264
0.455682
0.454943
0.453878
0.452578
0.451143
0.449619
0.448016
0.446348
0.444621
0.442861
0.441076
0.439302
0.437546
0.435855
0.434235
0.432753
0.431413
0.430305
0.429438
0.42893
0.428799
0.429163
0.430045
0.431682
0.434271
0.437984
0.442902
0.449467
0.457791
0.468591
0.482304
0.499811
0.522621
0.551791
0.591354
0.643911
0.718032
0.828977
0.967132
2.27851
1.03397
0.328838
0.343226
0.410174
0.458581
0.471228
0.469541
0.466101
0.463075
0.461871
0.461406
0.460833
0.459946
0.458835
0.457607
0.456318
0.454981
0.453612
0.452222
0.450837
0.449474
0.448164
0.446929
0.445806
0.444826
0.444034
0.443473
0.443203
0.443291
0.44375
0.444653
0.446239
0.448644
0.451865
0.456153
0.461588
0.468578
0.477193
0.48816
0.501494
0.518492
0.53921
0.565768
0.599041
0.64171
0.697367
0.76775
0.864164
0.967473
2.27966
1.03608
0.332152
0.346924
0.415038
0.464995
0.478238
0.476422
0.472632
0.469258
0.467979
0.467619
0.467209
0.466498
0.465592
0.464595
0.463589
0.462563
0.461552
0.46054
0.459577
0.458657
0.457834
0.457111
0.456546
0.456157
0.456011
0.456124
0.456542
0.457352
0.458725
0.460707
0.463356
0.466845
0.471238
0.47684
0.483679
0.492268
0.502617
0.515404
0.530884
0.549716
0.572836
0.600698
0.635322
0.677092
0.728924
0.790941
0.868864
0.949902
2.2761
1.02969
0.33429
0.356823
0.427459
0.479819
0.49332
0.490521
0.485518
0.481271
0.479613
0.479058
0.478486
0.477617
0.476557
0.475464
0.474401
0.473377
0.472401
0.47149
0.470665
0.469955
0.469377
0.468978
0.468783
0.468821
0.469093
0.469761
0.470841
0.472444
0.474538
0.477327
0.480775
0.48517
0.490481
0.497076
0.504976
0.514555
0.526083
0.539789
0.556354
0.575909
0.599479
0.627362
0.660589
0.700049
0.746331
0.800696
0.864201
0.928777
2.28203
1.02254
0.358742
0.382357
0.448476
0.498368
0.510279
0.506527
0.500784
0.496401
0.4947
0.494011
0.493312
0.492363
0.491298
0.490221
0.489189
0.488193
0.487255
0.486375
0.485599
0.484926
0.484413
0.48403
0.4839
0.484056
0.484602
0.485468
0.486858
0.488706
0.491257
0.494403
0.498487
0.503351
0.509462
0.516588
0.525356
0.53546
0.547708
0.561822
0.578644
0.598172
0.621057
0.647783
0.678644
0.714586
0.755557
0.802428
0.85562
0.909177
1.87633
0.772014
0.273264
0.344117
0.417754
0.441224
0.441129
0.437148
0.433505
0.433411
0.435585
0.438474
0.441474
0.444517
0.447656
0.450903
0.454222
0.457564
0.460903
0.464218
0.467493
0.470672
0.473815
0.476956
0.480148
0.483329
0.486621
0.489941
0.493564
0.497373
0.501676
0.506366
0.511801
0.517898
0.525022
0.533156
0.542608
0.553544
0.566085
0.580723
0.5973
0.616687
0.638457
0.663782
0.69206
0.724532
0.760518
0.800991
0.845798
0.89054
1.8689
0.771405
0.282168
0.355348
0.428335
0.44779
0.443317
0.435956
0.430299
0.428405
0.428316
0.42872
0.42932
0.430225
0.431572
0.433354
0.435612
0.438218
0.441295
0.444721
0.448605
0.452672
0.457149
0.461793
0.466827
0.471981
0.47752
0.483248
0.48934
0.495664
0.502398
0.509468
0.517029
0.525165
0.533963
0.54371
0.554313
0.566333
0.579526
0.594596
0.611244
0.630223
0.651264
0.675021
0.701358
0.730665
0.762977
0.7981
0.836502
0.874176
1.86794
0.770091
0.284301
0.365061
0.443619
0.463692
0.457505
0.448128
0.441123
0.438391
0.437492
0.436894
0.436306
0.435904
0.435817
0.436088
0.436718
0.437721
0.439254
0.441237
0.443726
0.446642
0.450161
0.454163
0.458797
0.463939
0.469667
0.475918
0.482711
0.49008
0.497956
0.506543
0.515633
0.525585
0.536005
0.547448
0.559507
0.572778
0.586947
0.602621
0.619548
0.63828
0.658696
0.681196
0.70573
0.732538
0.761579
0.79278
0.826393
0.85892
1.86943
0.773373
0.290095
0.367275
0.443689
0.464289
0.459066
0.450545
0.443967
0.441604
0.441129
0.440951
0.440734
0.440624
0.440709
0.441014
0.441603
0.44251
0.443699
0.445181
0.446984
0.449219
0.45186
0.455071
0.458757
0.463137
0.468049
0.473769
0.480042
0.487239
0.494984
0.503743
0.513049
0.523419
0.534431
0.546564
0.559474
0.573573
0.588569
0.604824
0.622186
0.640924
0.661009
0.682658
0.70584
0.730687
0.757134
0.785228
0.815015
0.843664
1.87254
0.780056
0.297779
0.361235
0.429067
0.450304
0.448018
0.441951
0.436342
0.434468
0.434506
0.435036
0.435624
0.436338
0.437231
0.438402
0.439863
0.441547
0.443418
0.445525
0.447869
0.450532
0.45349
0.45686
0.460597
0.464874
0.46959
0.474999
0.480925
0.487697
0.495076
0.503399
0.512437
0.522481
0.53335
0.545261
0.558085
0.572002
0.58694
0.603042
0.620267
0.638751
0.658395
0.679338
0.701458
0.724931
0.749539
0.775262
0.802277
0.828114
1.88112
0.786635
0.300028
0.349024
0.412199
0.44124
0.444209
0.439522
0.43437
0.432088
0.431844
0.432367
0.433086
0.434006
0.435102
0.436435
0.438031
0.439887
0.442
0.444397
0.447071
0.450078
0.453388
0.457088
0.461125
0.465643
0.470549
0.476049
0.48201
0.488683
0.495928
0.503985
0.512752
0.522408
0.532895
0.54436
0.556736
0.570155
0.584549
0.600039
0.616554
0.634201
0.6529
0.67275
0.69365
0.715633
0.738556
0.76238
0.787197
0.810846
2.26308
1.10601
0.40719
0.399179
0.459363
0.508057
0.519347
0.514455
0.507532
0.501484
0.497968
0.495497
0.493386
0.491368
0.489341
0.487369
0.485645
0.484156
0.483009
0.482162
0.481734
0.481685
0.482139
0.483073
0.484554
0.486619
0.489303
0.492664
0.496704
0.501514
0.507072
0.513486
0.520729
0.528922
0.538017
0.548144
0.559232
0.5714
0.584574
0.598858
0.614147
0.630542
0.647917
0.666326
0.68568
0.705969
0.727094
0.748973
0.771685
0.793293
2.2725
1.12789
0.391667
0.377127
0.449993
0.510706
0.529103
0.52822
0.523998
0.520195
0.518753
0.518378
0.518362
0.518323
0.517908
0.517279
0.516608
0.515979
0.515411
0.514937
0.51457
0.514376
0.514374
0.514647
0.515231
0.516202
0.517598
0.519531
0.521995
0.525146
0.528933
0.533548
0.538906
0.54519
0.552329
0.56046
0.569555
0.579709
0.590906
0.603179
0.61655
0.630972
0.646469
0.662946
0.680375
0.698686
0.717787
0.737583
0.758139
0.777704
2.29743
1.17661
0.434247
0.383993
0.44709
0.503381
0.521858
0.522885
0.52106
0.519875
0.520294
0.521526
0.52332
0.525122
0.52653
0.527729
0.528853
0.530001
0.53115
0.53233
0.533517
0.534761
0.536054
0.537457
0.538971
0.540669
0.542567
0.544739
0.547231
0.55011
0.553444
0.557282
0.561723
0.566797
0.572625
0.579214
0.586687
0.595025
0.60433
0.614576
0.625809
0.637998
0.651173
0.665319
0.680405
0.696405
0.713218
0.730691
0.748913
0.766295
1.90075
0.805029
0.305807
0.316891
0.374008
0.414893
0.429173
0.432999
0.435822
0.439473
0.444404
0.45015
0.456588
0.463083
0.46926
0.475257
0.481222
0.487184
0.493129
0.499014
0.504837
0.510575
0.516249
0.521836
0.527373
0.532835
0.538291
0.54371
0.549188
0.554713
0.560357
0.566165
0.572201
0.578532
0.585211
0.592337
0.599935
0.608126
0.616898
0.626389
0.636551
0.647525
0.65922
0.671744
0.68498
0.698946
0.713579
0.728903
0.744917
0.760232
2.30593
1.19375
0.44959
0.386638
0.440663
0.492235
0.509234
0.509294
0.506148
0.503671
0.502413
0.502229
0.502684
0.50308
0.503404
0.503908
0.504734
0.50601
0.507706
0.509864
0.512437
0.515478
0.518941
0.522867
0.52718
0.531939
0.537024
0.542526
0.548287
0.554423
0.560808
0.567548
0.574527
0.581867
0.589459
0.597442
0.605731
0.614459
0.623564
0.633162
0.643219
0.653821
0.66495
0.676641
0.6889
0.701713
0.715085
0.728927
0.743328
0.757047
2.31117
1.20372
0.432891
0.369731
0.438373
0.500629
0.522081
0.523493
0.521274
0.519803
0.519931
0.521062
0.522792
0.524297
0.525322
0.526169
0.527003
0.527952
0.529027
0.530316
0.531825
0.533639
0.535747
0.538232
0.54108
0.544356
0.54805
0.552205
0.556817
0.561901
0.567457
0.573471
0.57995
0.58687
0.594262
0.602066
0.610336
0.618994
0.62812
0.637621
0.647597
0.657942
0.668778
0.679981
0.691672
0.703725
0.716237
0.729071
0.742352
0.754954
2.3139
1.20955
0.437067
0.371773
0.4415
0.505351
0.527727
0.529407
0.527243
0.525895
0.526368
0.527884
0.530155
0.532348
0.534067
0.535596
0.537123
0.538755
0.540487
0.542349
0.544336
0.546484
0.548805
0.551334
0.554102
0.557136
0.560477
0.564139
0.568174
0.572584
0.577423
0.582679
0.58841
0.594583
0.601252
0.608378
0.616004
0.624086
0.632655
0.641673
0.651151
0.661067
0.671407
0.682163
0.693295
0.704816
0.716656
0.728832
0.741335
0.753225
2.31688
1.21727
0.463437
0.387828
0.447097
0.506223
0.528781
0.532011
0.531133
0.530762
0.531655
0.533583
0.536121
0.53842
0.540446
0.54235
0.544308
0.546349
0.548527
0.550808
0.553239
0.55579
0.558515
0.561387
0.564464
0.567724
0.571226
0.574953
0.578966
0.583251
0.587868
0.592814
0.598134
0.603832
0.609936
0.616454
0.623399
0.63079
0.638619
0.646909
0.655626
0.664801
0.674384
0.684401
0.694788
0.705565
0.716657
0.728065
0.739808
0.750985
1.90563
0.813584
0.32471
0.323678
0.376481
0.414373
0.42726
0.430302
0.432593
0.435933
0.440703
0.446614
0.453341
0.460159
0.466867
0.473528
0.480261
0.487055
0.49392
0.500798
0.507696
0.514574
0.52145
0.528299
0.535143
0.541972
0.54881
0.555656
0.562534
0.569455
0.576437
0.583508
0.590682
0.598
0.605468
0.613138
0.621005
0.629126
0.637489
0.646138
0.655061
0.664288
0.673801
0.683625
0.693735
0.70414
0.714815
0.725751
0.736997
0.747672
2.31198
1.20858
0.464955
0.403498
0.466202
0.527386
0.549312
0.550238
0.546094
0.542262
0.540056
0.538683
0.538089
0.537693
0.53696
0.536238
0.535673
0.53552
0.535708
0.536396
0.53751
0.539123
0.541205
0.543793
0.546852
0.550409
0.554423
0.558919
0.563839
0.569207
0.574969
0.581129
0.587637
0.594504
0.601688
0.609198
0.617002
0.625105
0.633484
0.64215
0.651086
0.6603
0.669781
0.679527
0.689524
0.699759
0.71022
0.720883
0.731811
0.742174
2.29403
1.16957
0.460058
0.422687
0.485796
0.546191
0.566075
0.566114
0.562393
0.559157
0.5584
0.558804
0.55989
0.561154
0.562027
0.562665
0.563257
0.563915
0.56465
0.565474
0.566395
0.567459
0.568712
0.570196
0.571944
0.574002
0.576386
0.57913
0.582248
0.585763
0.589678
0.594016
0.59878
0.603979
0.609609
0.615667
0.622145
0.629033
0.636321
0.643989
0.652023
0.660401
0.669105
0.678117
0.687433
0.697019
0.706875
0.716961
0.727332
0.737184
1.88783
0.805071
0.340773
0.355364
0.406342
0.443122
0.452856
0.452685
0.451749
0.452601
0.455914
0.460538
0.466078
0.472143
0.478232
0.484353
0.49057
0.49689
0.503265
0.509652
0.516014
0.52234
0.528616
0.534845
0.541022
0.547155
0.553256
0.559347
0.565448
0.571592
0.577803
0.584103
0.590523
0.597083
0.603812
0.610726
0.617849
0.62519
0.632768
0.640585
0.64866
0.656986
0.665578
0.674414
0.683495
0.692809
0.702341
0.71208
0.722068
0.731561
1.87402
0.796327
0.339519
0.35666
0.398325
0.426968
0.434882
0.434835
0.433828
0.433316
0.434049
0.435683
0.43824
0.441448
0.44494
0.448771
0.453028
0.457746
0.462906
0.468488
0.474452
0.480775
0.487412
0.49434
0.501515
0.508912
0.51649
0.524228
0.532093
0.540069
0.548132
0.556293
0.564522
0.572842
0.58123
0.589716
0.598282
0.60696
0.615744
0.624642
0.633649
0.642785
0.652049
0.661455
0.670999
0.680692
0.690528
0.700502
0.710654
0.720266
1.88891
0.806046
0.345016
0.373646
0.43094
0.466893
0.473621
0.469567
0.464486
0.461384
0.460433
0.460403
0.460995
0.46196
0.463
0.464173
0.465605
0.467366
0.469492
0.471995
0.474897
0.478209
0.481959
0.48614
0.490772
0.495837
0.501347
0.507269
0.513606
0.520321
0.527417
0.534847
0.54261
0.550662
0.558993
0.567562
0.576362
0.585354
0.594528
0.603875
0.613389
0.623046
0.632845
0.642762
0.6528
0.66294
0.673186
0.683518
0.694001
0.703895
2.34072
1.12427
0.46902
0.447561
0.513128
0.574868
0.595484
0.594874
0.589576
0.584273
0.581263
0.579353
0.577788
0.576418
0.574864
0.573131
0.571359
0.569646
0.568037
0.566559
0.565236
0.564105
0.563191
0.562542
0.562188
0.562178
0.562529
0.563302
0.564489
0.566128
0.568249
0.570859
0.573984
0.577605
0.581747
0.586382
0.591525
0.597139
0.603236
0.609768
0.616734
0.62409
0.631819
0.639912
0.648326
0.657045
0.666029
0.675265
0.684762
0.69382
1.88937
0.807236
0.346154
0.363471
0.415821
0.456082
0.468553
0.469557
0.469008
0.468986
0.471273
0.474791
0.478998
0.483732
0.488556
0.493367
0.498207
0.503135
0.50811
0.513122
0.518111
0.523088
0.528012
0.532911
0.537753
0.542576
0.547355
0.552133
0.55691
0.561718
0.566561
0.571477
0.576462
0.581569
0.586797
0.592198
0.597762
0.603544
0.609525
0.615761
0.622222
0.62896
0.635945
0.64319
0.650683
0.658435
0.666426
0.674655
0.683138
0.691243
1.8891
0.807384
0.347466
0.364538
0.416094
0.454585
0.465034
0.46397
0.461095
0.458535
0.458069
0.45891
0.460496
0.462703
0.465123
0.467713
0.470581
0.473809
0.477402
0.481345
0.485611
0.490183
0.495038
0.50016
0.505526
0.511111
0.516895
0.522855
0.528971
0.535242
0.541645
0.548178
0.554829
0.56159
0.568455
0.57542
0.582487
0.589656
0.596933
0.604317
0.611818
0.619431
0.62717
0.635029
0.643026
0.651149
0.659414
0.667806
0.676371
0.684505
2.34274
1.12796
0.472704
0.449627
0.516382
0.58062
0.603067
0.603168
0.598089
0.59302
0.590238
0.588683
0.587556
0.586705
0.585703
0.584538
0.583313
0.582189
0.581152
0.580294
0.579555
0.579045
0.578701
0.578642
0.578799
0.579281
0.580046
0.581134
0.582561
0.584336
0.586466
0.588951
0.591791
0.594984
0.59853
0.602426
0.606668
0.611246
0.616153
0.621379
0.626911
0.632741
0.638852
0.645237
0.651877
0.658768
0.665889
0.673232
0.680802
0.688042
1.88982
0.808779
0.353424
0.38141
0.439686
0.479632
0.48959
0.487909
0.484863
0.483478
0.484905
0.48758
0.490928
0.494762
0.498662
0.502612
0.506674
0.510902
0.515265
0.519747
0.524309
0.528942
0.533624
0.538355
0.543124
0.547928
0.552769
0.557646
0.562571
0.567545
0.572578
0.577684
0.582864
0.588141
0.593511
0.598998
0.604597
0.610328
0.616187
0.622189
0.628339
0.634644
0.641108
0.647734
0.654523
0.661477
0.668596
0.675868
0.683323
0.690422
1.87526
0.799751
0.351152
0.3781
0.427535
0.459446
0.467093
0.465964
0.464282
0.463568
0.464095
0.465294
0.467194
0.469479
0.47183
0.474312
0.477019
0.480003
0.483271
0.48682
0.490641
0.494728
0.49907
0.503662
0.508492
0.51355
0.518822
0.524296
0.529959
0.535798
0.541802
0.547951
0.554253
0.560684
0.567254
0.573939
0.580754
0.58768
0.594729
0.601884
0.609155
0.616525
0.624006
0.631585
0.639274
0.647058
0.654952
0.66294
0.671072
0.678772
1.87423
0.799385
0.351676
0.375348
0.422432
0.4541
0.462313
0.461851
0.460734
0.460114
0.460384
0.461209
0.462692
0.464528
0.466376
0.468278
0.470334
0.47259
0.475063
0.477753
0.48067
0.483817
0.487205
0.490833
0.494709
0.49883
0.503203
0.507821
0.512688
0.517796
0.523148
0.528734
0.534553
0.540592
0.546849
0.553309
0.559969
0.566811
0.573838
0.581033
0.588397
0.595919
0.603596
0.611413
0.619364
0.627439
0.635646
0.643976
0.652462
0.660519
1.88906
0.809113
0.354851
0.362657
0.413294
0.452093
0.463034
0.46262
0.460832
0.459585
0.459621
0.460432
0.461972
0.463875
0.465702
0.467509
0.469427
0.471519
0.473804
0.476279
0.478945
0.481803
0.48486
0.488115
0.491575
0.495241
0.499116
0.503203
0.507504
0.51202
0.516754
0.521705
0.526875
0.532262
0.537867
0.543686
0.549718
0.55596
0.562409
0.569059
0.575905
0.582939
0.590155
0.597549
0.605121
0.612863
0.620766
0.628818
0.637043
0.644865
2.31231
1.20464
0.485408
0.431469
0.492567
0.556795
0.582783
0.586275
0.583611
0.580879
0.579591
0.579276
0.579766
0.580596
0.581134
0.581425
0.581658
0.58194
0.582317
0.582785
0.583351
0.584014
0.584792
0.585687
0.586717
0.587886
0.58921
0.590691
0.592346
0.594177
0.5962
0.598416
0.60084
0.603472
0.606327
0.609402
0.61271
0.616248
0.620028
0.624042
0.628304
0.632802
0.637547
0.642528
0.647754
0.653208
0.658893
0.664785
0.670916
0.67681
2.32253
1.22874
0.466088
0.405362
0.481437
0.557495
0.588658
0.593336
0.590703
0.58784
0.586853
0.587306
0.588596
0.590411
0.592093
0.593491
0.594821
0.596234
0.597788
0.599468
0.601271
0.603182
0.605211
0.607351
0.609613
0.61199
0.614493
0.617115
0.619867
0.622742
0.625753
0.628891
0.632171
0.635585
0.639145
0.642846
0.6467
0.650701
0.65486
0.659172
0.663649
0.668283
0.673087
0.678054
0.683192
0.688492
0.693959
0.69958
0.705378
0.710917
2.31272
1.20614
0.48666
0.432534
0.494346
0.559803
0.586863
0.591012
0.58896
0.586848
0.586279
0.586936
0.588445
0.590435
0.592233
0.593827
0.5954
0.597083
0.598912
0.600887
0.602996
0.60524
0.607618
0.610136
0.612792
0.615593
0.618535
0.621626
0.62486
0.628244
0.631772
0.635453
0.639279
0.643257
0.647382
0.651661
0.656086
0.660665
0.66539
0.670269
0.675293
0.680471
0.685792
0.691267
0.696882
0.702649
0.708554
0.714605
0.720812
0.726751
1.88895
0.80918
0.356056
0.364303
0.416384
0.457003
0.469102
0.469119
0.467533
0.466519
0.467163
0.46879
0.471272
0.474228
0.477162
0.480128
0.483236
0.486564
0.490108
0.493869
0.497823
0.501977
0.506313
0.510839
0.515538
0.520419
0.525463
0.530681
0.536051
0.541586
0.547264
0.553098
0.559066
0.565183
0.571426
0.577809
0.584311
0.590947
0.597695
0.604571
0.611554
0.618659
0.625864
0.633186
0.640602
0.648131
0.655752
0.663486
0.671348
0.678835
1.87422
0.800022
0.355292
0.380471
0.428585
0.460131
0.467651
0.466483
0.464742
0.46386
0.464077
0.464929
0.466471
0.468352
0.470184
0.472036
0.474
0.476139
0.47845
0.480944
0.483609
0.486459
0.489487
0.492706
0.49611
0.499711
0.5035
0.50749
0.51167
0.516053
0.520627
0.525404
0.53037
0.535537
0.540891
0.546442
0.552175
0.5581
0.564202
0.570489
0.576945
0.583579
0.590375
0.597338
0.604453
0.611727
0.619144
0.626711
0.634436
0.641798
1.87704
0.803104
0.359363
0.395137
0.451552
0.484554
0.490475
0.486943
0.482759
0.480813
0.480802
0.481598
0.483009
0.484674
0.486272
0.487893
0.489637
0.49155
0.493624
0.495862
0.498254
0.500808
0.50352
0.5064
0.509442
0.512657
0.516039
0.519596
0.523324
0.52723
0.53131
0.535569
0.540004
0.54462
0.54941
0.554383
0.559529
0.564857
0.570356
0.576035
0.581882
0.587905
0.594093
0.600451
0.606969
0.61365
0.620484
0.62747
0.634615
0.641427
1.19153
1.04881
0.49751
0.190543
0.0108789
0.108735
0.16027
0.20861
0.230199
0.234556
0.222852
0.21138
0.201056
0.19152
0.179484
0.16503
0.147698
0.127764
0.105943
0.0827987
0.0589762
0.0352625
0.0158722
0.0232578
0.0469747
0.0712774
0.095415
0.119121
0.142435
0.165337
0.187834
0.209908
0.23154
0.25268
0.272686
0.291786
0.311323
0.331694
0.351654
0.370818
0.389326
0.407319
0.424834
0.441882
0.45845
0.474542
0.490143
0.505259
0.519873
0.533989
0.547589
0.560672
0.573213
0.585209
0.596628
0.607462
0.617674
0.62725
0.636149
0.644353
0.651816
0.65852
0.664419
0.669498
0.673718
0.677075
0.67955
0.681167
0.681934
0.682104
0.681924
0.681359
0.680017
0.677505
0.67412
0.670508
0.666826
0.663105
0.659413
0.655833
0.652463
0.649378
0.646645
0.6443
0.642371
0.640861
0.63977
0.639073
0.638742
0.638714
0.63887
0.639205
0.639837
0.640926
0.642307
0.643819
0.645363
0.647032
0.648671
0.653447
1.1219
1.03597
0.806091
0.549181
0.502182
0.431234
0.381336
0.3406
0.31033
0.291772
0.260403
0.230124
0.21055
0.208801
0.215939
0.22649
0.238948
0.25286
0.267988
0.283841
0.300217
0.316685
0.333007
0.349177
0.365907
0.382887
0.400046
0.417142
0.434236
0.451164
0.468012
0.484639
0.501132
0.517363
0.533017
0.54793
0.562926
0.578643
0.594503
0.609725
0.624439
0.638808
0.652884
0.666655
0.680106
0.693218
0.705984
0.718392
0.730434
0.7421
0.753377
0.764252
0.774708
0.784729
0.794293
0.803381
0.811964
0.820021
0.827519
0.834432
0.840726
0.846375
0.851343
0.855607
0.859138
0.861923
0.86395
0.865223
0.865774
0.865782
0.865483
0.864812
0.863453
0.86106
0.857836
0.854356
0.8508
0.847229
0.843709
0.840313
0.837129
0.834227
0.83167
0.82949
0.827712
0.826336
0.82536
0.824757
0.824524
0.824548
0.824721
0.825052
0.825615
0.826577
0.827781
0.829118
0.830436
0.831848
0.833037
0.836837
1.07462
1.07545
1.00804
0.899585
0.83114
0.780847
0.744932
0.71484
0.690024
0.671931
0.656819
0.642479
0.63248
0.627343
0.625822
0.626074
0.627574
0.629974
0.633352
0.637613
0.642725
0.648493
0.654852
0.661681
0.669235
0.677392
0.68616
0.695312
0.704884
0.714685
0.724797
0.735045
0.745535
0.75608
0.766466
0.776407
0.786482
0.797262
0.808628
0.819721
0.83053
0.841145
0.851662
0.862055
0.872331
0.882437
0.892379
0.902111
0.911644
0.920934
0.929991
0.938767
0.94727
0.955451
0.963312
0.970803
0.977923
0.984617
0.990882
0.996662
1.00195
1.00669
1.01088
1.01447
1.01744
1.01976
1.02144
1.02244
1.02279
1.02267
1.02231
1.02161
1.02029
1.01808
1.01511
1.01186
1.00851
1.00516
1.00188
0.998736
0.995802
0.993149
0.990817
0.988849
0.987252
0.986038
0.98519
0.984694
0.984533
0.984587
0.984748
0.985048
0.985543
0.986386
0.987419
0.988583
0.989687
0.990856
0.991635
0.994698
1.04736
1.08416
1.08313
1.04972
1.00809
0.979385
0.961031
0.947256
0.934992
0.923876
0.914981
0.907242
0.900276
0.895101
0.892509
0.891219
0.890207
0.889167
0.888179
0.887389
0.886937
0.886884
0.88725
0.88818
0.889708
0.891875
0.894723
0.898148
0.902144
0.906608
0.911564
0.916918
0.92272
0.928819
0.934965
0.940949
0.94716
0.954085
0.961796
0.969663
0.977455
0.98517
0.992916
1.00067
1.00847
1.01624
1.024
1.03167
1.03929
1.04677
1.05415
1.06135
1.0684
1.07521
1.08182
1.08815
1.0942
1.09992
1.1053
1.11028
1.11486
1.11897
1.12262
1.12574
1.12834
1.13035
1.13178
1.1326
1.1328
1.13261
1.13222
1.13152
1.13021
1.12816
1.12546
1.12246
1.1193
1.11614
1.11305
1.11012
1.10741
1.10497
1.10284
1.10106
1.09962
1.09855
1.0978
1.09741
1.09729
1.09737
1.09751
1.09778
1.09823
1.099
1.09989
1.10092
1.10186
1.10284
1.10334
1.10596
1.02102
1.06889
1.09374
1.09717
1.0881
1.08046
1.07669
1.07511
1.07344
1.07071
1.06701
1.06404
1.06184
1.05891
1.0554
1.05257
1.04983
1.04688
1.04367
1.04031
1.03695
1.03377
1.03089
1.02846
1.02656
1.0253
1.02471
1.02479
1.02556
1.02689
1.02883
1.0313
1.03436
1.03783
1.04144
1.04505
1.04899
1.05365
1.05917
1.06507
1.07109
1.07715
1.0833
1.08952
1.09586
1.10226
1.10873
1.1152
1.12168
1.12812
1.13452
1.14081
1.147
1.15304
1.15892
1.16457
1.17001
1.17516
1.18003
1.18455
1.18872
1.19247
1.19581
1.19865
1.20102
1.20284
1.20414
1.20478
1.20488
1.20467
1.20428
1.20355
1.20224
1.20027
1.19781
1.19502
1.19203
1.18901
1.18606
1.18329
1.18074
1.17846
1.17648
1.17484
1.17352
1.17254
1.17189
1.17156
1.17148
1.17156
1.1717
1.17198
1.17244
1.17317
1.17397
1.17493
1.17577
1.17664
1.17698
1.17942
0.990665
1.04428
1.08044
1.10358
1.11572
1.12348
1.13037
1.13733
1.14325
1.14754
1.14972
1.15003
1.14954
1.14913
1.14774
1.14501
1.14167
1.13806
1.13434
1.13022
1.12598
1.12157
1.11738
1.11338
1.10991
1.1069
1.10463
1.10293
1.10201
1.10165
1.10199
1.10293
1.10451
1.10655
1.10875
1.11105
1.11372
1.11714
1.1214
1.12612
1.1311
1.13625
1.14151
1.14689
1.15239
1.158
1.1637
1.16947
1.17528
1.1811
1.18691
1.19266
1.19834
1.20391
1.20935
1.2146
1.21966
1.22447
1.22902
1.23325
1.23716
1.24067
1.24379
1.24646
1.24866
1.25035
1.25149
1.252
1.25202
1.25182
1.25142
1.25065
1.24931
1.2474
1.24506
1.24242
1.23957
1.23667
1.23383
1.23115
1.2287
1.22653
1.22465
1.2231
1.22186
1.22096
1.22036
1.22007
1.22003
1.2201
1.22025
1.22056
1.22104
1.22176
1.22251
1.22342
1.22421
1.225
1.22526
1.22761
0.961079
1.01294
1.05593
1.089
1.11383
1.13234
1.14755
1.16077
1.17238
1.18178
1.18887
1.19339
1.19582
1.1965
1.19661
1.19594
1.1937
1.19031
1.18649
1.18233
1.17786
1.17323
1.16857
1.16403
1.15979
1.15597
1.15274
1.15011
1.14818
1.14688
1.14628
1.14629
1.14701
1.14819
1.14952
1.15101
1.15292
1.15558
1.15903
1.16299
1.1673
1.17186
1.17657
1.18144
1.18642
1.19152
1.19674
1.20205
1.20742
1.21283
1.21825
1.22365
1.22899
1.23425
1.23938
1.24437
1.24916
1.25374
1.25805
1.26209
1.26579
1.26913
1.27208
1.27462
1.27667
1.27822
1.27923
1.27961
1.27957
1.27937
1.27895
1.27813
1.27673
1.27482
1.27256
1.27001
1.26728
1.26448
1.26173
1.25913
1.25675
1.25465
1.25284
1.25135
1.25016
1.24929
1.24872
1.24847
1.24845
1.24853
1.24869
1.24903
1.24952
1.25024
1.25097
1.25186
1.25261
1.25335
1.25356
1.25585
0.935
0.982698
1.02654
1.0645
1.09592
1.12131
1.14279
1.16112
1.17697
1.19028
1.20111
1.2091
1.21463
1.21775
1.21919
1.21951
1.21932
1.21781
1.21484
1.21096
1.20669
1.20231
1.19779
1.19331
1.18893
1.18491
1.18129
1.17826
1.17582
1.17404
1.17292
1.17246
1.1727
1.17341
1.17425
1.1753
1.17681
1.17906
1.18204
1.18555
1.18944
1.19364
1.19804
1.20261
1.2073
1.21212
1.21705
1.22209
1.22719
1.23235
1.23753
1.24269
1.24781
1.25286
1.25778
1.26257
1.26717
1.27157
1.27571
1.27957
1.28311
1.28631
1.2891
1.29147
1.29337
1.29478
1.29565
1.29593
1.29584
1.29563
1.29516
1.29424
1.29277
1.29086
1.28864
1.28618
1.28356
1.28088
1.27823
1.27571
1.27339
1.27132
1.26955
1.26808
1.26692
1.26607
1.26552
1.26529
1.26529
1.26536
1.26553
1.26589
1.2664
1.26714
1.26786
1.26874
1.26945
1.27016
1.27032
1.2726
0.911717
0.955336
0.997626
1.03719
1.07188
1.10184
1.1271
1.14894
1.16786
1.18424
1.19786
1.20889
1.21712
1.22297
1.22652
1.22851
1.2292
1.22929
1.2284
1.22607
1.2225
1.21863
1.21445
1.21032
1.20619
1.20235
1.19875
1.19567
1.19304
1.19109
1.1897
1.18903
1.18901
1.18946
1.19002
1.19083
1.19214
1.19417
1.19691
1.20013
1.20375
1.2077
1.21189
1.21626
1.22079
1.22544
1.23019
1.23504
1.23997
1.24494
1.24993
1.25492
1.25986
1.26473
1.26949
1.2741
1.27854
1.28276
1.28674
1.29043
1.29381
1.29682
1.29945
1.30166
1.30341
1.30468
1.3054
1.30558
1.30548
1.30522
1.30468
1.30366
1.30211
1.30021
1.29804
1.29566
1.29315
1.29058
1.28804
1.28562
1.28337
1.28136
1.27962
1.27818
1.27703
1.27619
1.27565
1.27544
1.27545
1.27552
1.2757
1.27607
1.27659
1.27733
1.27805
1.27891
1.27961
1.28028
1.28041
1.28268
0.890154
0.929778
0.969824
1.00891
1.04497
1.0771
1.10528
1.12984
1.15131
1.16992
1.18588
1.19919
1.20996
1.21821
1.22416
1.22811
1.23055
1.23159
1.23181
1.23142
1.22995
1.22728
1.22371
1.21999
1.21628
1.21276
1.20943
1.20649
1.20394
1.20195
1.20051
1.19973
1.19959
1.19987
1.20027
1.20095
1.20216
1.20408
1.20662
1.20962
1.21301
1.21672
1.2207
1.22489
1.22925
1.23374
1.23834
1.24302
1.24778
1.25258
1.25741
1.26222
1.26699
1.27168
1.27627
1.28071
1.28498
1.28903
1.29283
1.29634
1.29954
1.30238
1.30484
1.30687
1.30846
1.30957
1.31013
1.31022
1.3101
1.30982
1.3092
1.30808
1.30648
1.30458
1.30245
1.30016
1.29777
1.29535
1.29295
1.29065
1.2885
1.28656
1.28486
1.28344
1.28231
1.28147
1.28094
1.28072
1.28073
1.2808
1.28097
1.28134
1.28186
1.2826
1.28331
1.28416
1.28483
1.28547
1.28558
1.28784
0.870025
0.906442
0.944199
0.98214
1.01822
1.05133
1.081
1.10736
1.1306
1.15108
1.16888
1.18421
1.19704
1.20755
1.21567
1.22177
1.22604
1.22888
1.23039
1.23095
1.23077
1.22991
1.22793
1.22505
1.22192
1.21875
1.21574
1.21299
1.21061
1.20867
1.20722
1.20635
1.20607
1.20616
1.20639
1.20692
1.20802
1.20982
1.21219
1.21497
1.21814
1.22163
1.22541
1.22943
1.23364
1.238
1.24247
1.24703
1.25165
1.25631
1.26098
1.26563
1.27024
1.27477
1.2792
1.28347
1.28756
1.29142
1.29503
1.29835
1.30136
1.30401
1.30628
1.30813
1.30955
1.31048
1.31088
1.31088
1.31075
1.31042
1.30972
1.30851
1.30687
1.30499
1.30293
1.30076
1.29852
1.29627
1.29404
1.29189
1.28987
1.28802
1.28639
1.285
1.28389
1.28307
1.28253
1.28231
1.28231
1.28237
1.28254
1.2829
1.28341
1.28413
1.28483
1.28565
1.2863
1.2869
1.28699
1.28926
0.849296
0.883307
0.919173
0.955913
0.991611
1.02504
1.0556
1.08314
1.10778
1.12969
1.14907
1.16601
1.18063
1.19297
1.20319
1.21125
1.21747
1.22202
1.2252
1.22717
1.22808
1.22815
1.22768
1.22639
1.22428
1.2216
1.21886
1.21626
1.21402
1.21214
1.21076
1.20985
1.20952
1.20944
1.20957
1.21005
1.21112
1.21287
1.21512
1.21773
1.22072
1.22402
1.22764
1.2315
1.23558
1.23981
1.24417
1.2486
1.25311
1.25762
1.26216
1.26665
1.2711
1.27546
1.27972
1.28379
1.2877
1.29136
1.29479
1.29791
1.30072
1.30317
1.30525
1.3069
1.30814
1.30888
1.30915
1.3091
1.30894
1.30855
1.30774
1.30645
1.30482
1.30299
1.30104
1.29901
1.29694
1.29487
1.29283
1.29084
1.28896
1.28722
1.28567
1.28434
1.28325
1.28244
1.28189
1.28166
1.28164
1.2817
1.28184
1.28218
1.28267
1.28336
1.28404
1.28484
1.28546
1.28603
1.28609
1.28838
0.828642
0.860363
0.894342
0.929657
0.964567
0.997781
1.02867
1.05691
1.08254
1.10558
1.12624
1.14455
1.1607
1.17468
1.18667
1.19655
1.20457
1.21083
1.21563
1.21907
1.22137
1.22266
1.22301
1.22274
1.22199
1.2205
1.21849
1.21625
1.21416
1.21241
1.21106
1.21022
1.20981
1.20966
1.20966
1.21015
1.21121
1.21287
1.21497
1.2174
1.22021
1.22333
1.22679
1.23048
1.23443
1.23852
1.24276
1.24707
1.25145
1.25583
1.26022
1.26456
1.26886
1.27303
1.2771
1.28098
1.28469
1.28815
1.29138
1.29428
1.29689
1.29911
1.30098
1.30242
1.30346
1.304
1.30416
1.30409
1.30387
1.3034
1.30247
1.30113
1.29954
1.29781
1.29599
1.29413
1.29224
1.29037
1.28851
1.2867
1.28497
1.28336
1.2819
1.28064
1.27959
1.2788
1.27825
1.27799
1.27794
1.27799
1.27812
1.27842
1.27887
1.27953
1.28017
1.28094
1.28153
1.28207
1.28211
1.28441
0.81001
0.839349
0.871236
0.904797
0.938436
0.970901
1.00154
1.02997
1.0561
1.07992
1.10151
1.12095
1.13834
1.15372
1.16722
1.17873
1.18841
1.19635
1.20274
1.20771
1.21145
1.21406
1.21572
1.21649
1.21659
1.21611
1.21525
1.21389
1.21225
1.21066
1.20946
1.20865
1.20832
1.20811
1.20821
1.20883
1.21
1.21169
1.21375
1.21615
1.21889
1.22195
1.22533
1.22895
1.23281
1.23683
1.24098
1.2452
1.24947
1.25374
1.25799
1.26219
1.2663
1.27029
1.27415
1.27782
1.2813
1.28452
1.2875
1.29015
1.29249
1.29447
1.29608
1.29729
1.29809
1.29842
1.29846
1.29836
1.29808
1.29748
1.29645
1.29509
1.29358
1.29198
1.29034
1.28867
1.28699
1.28532
1.28367
1.28205
1.2805
1.27905
1.27772
1.27656
1.27558
1.27481
1.27427
1.27399
1.27393
1.27397
1.27407
1.27433
1.27473
1.27535
1.27595
1.27667
1.27723
1.27771
1.27773
1.28003
0.795329
0.822049
0.851519
0.882936
0.914811
0.94599
0.975804
1.00386
1.02998
1.05411
1.07625
1.09645
1.11477
1.13126
1.14595
1.15894
1.17014
1.17968
1.18764
1.19419
1.19944
1.20353
1.20657
1.20869
1.21
1.21062
1.21073
1.21043
1.2099
1.20919
1.2084
1.20801
1.20788
1.20795
1.20832
1.20918
1.21054
1.21227
1.21433
1.21674
1.21946
1.22249
1.22579
1.22935
1.23311
1.23703
1.24107
1.24518
1.24932
1.25346
1.25755
1.26158
1.26549
1.26928
1.2729
1.27634
1.27955
1.28252
1.28522
1.28761
1.28966
1.29137
1.29271
1.29366
1.29421
1.29437
1.29433
1.29418
1.2938
1.29305
1.29192
1.29062
1.28924
1.28781
1.28637
1.28491
1.28346
1.282
1.28057
1.27916
1.27781
1.27653
1.27536
1.27431
1.27342
1.27271
1.27219
1.2719
1.27181
1.27184
1.27192
1.27213
1.27248
1.27303
1.27359
1.27426
1.27476
1.27519
1.27517
1.27748
0.78601
0.810068
0.836966
0.866047
0.89589
0.925463
0.954073
0.981353
1.00705
1.0311
1.05342
1.07407
1.09302
1.11036
1.12608
1.14026
1.15282
1.16383
1.17333
1.18145
1.18826
1.19391
1.19845
1.20204
1.20474
1.2067
1.20799
1.20879
1.20917
1.20925
1.20916
1.20914
1.20924
1.20959
1.21025
1.21125
1.21262
1.21434
1.2164
1.21878
1.22146
1.22442
1.22765
1.23109
1.23474
1.23852
1.24243
1.24639
1.25037
1.25434
1.25825
1.26207
1.26577
1.26932
1.2727
1.27587
1.27883
1.28151
1.28392
1.28601
1.28778
1.28919
1.29026
1.29094
1.29125
1.29128
1.29119
1.29095
1.29041
1.28952
1.2884
1.2872
1.28598
1.28475
1.28351
1.28228
1.28104
1.2798
1.27858
1.27739
1.27624
1.27515
1.27413
1.27322
1.27243
1.27177
1.27128
1.27097
1.27086
1.27088
1.27094
1.27109
1.27137
1.27186
1.27236
1.27297
1.27341
1.27378
1.27373
1.27604
0.780186
0.801927
0.826488
0.85333
0.881194
0.9091
0.93642
0.962746
0.987856
1.01159
1.03391
1.05475
1.07415
1.09209
1.10863
1.12378
1.13749
1.14977
1.16066
1.17019
1.17847
1.18554
1.19152
1.19648
1.20052
1.20373
1.20618
1.20801
1.20934
1.21026
1.21089
1.21141
1.21194
1.21261
1.21347
1.2146
1.21602
1.21777
1.21982
1.22219
1.22482
1.22771
1.23083
1.23417
1.23766
1.24131
1.24504
1.24884
1.25263
1.25641
1.26011
1.26371
1.26716
1.27046
1.27356
1.27646
1.2791
1.28148
1.28357
1.28535
1.28679
1.28791
1.28867
1.28909
1.28919
1.28914
1.28898
1.28857
1.28786
1.28688
1.28584
1.2848
1.28376
1.28273
1.2817
1.28067
1.27965
1.27863
1.27763
1.27665
1.27571
1.27481
1.27397
1.27319
1.27251
1.27192
1.27147
1.27115
1.27102
1.27101
1.27105
1.27116
1.27138
1.27178
1.27222
1.27274
1.27313
1.27342
1.27333
1.27564
0.776156
0.796157
0.81881
0.843713
0.869749
0.89604
0.922023
0.947307
0.971665
0.994937
1.01704
1.03791
1.05754
1.07593
1.09306
1.10897
1.12362
1.13697
1.14905
1.15986
1.16946
1.1779
1.18526
1.19156
1.19691
1.20134
1.20498
1.20789
1.21021
1.21199
1.2134
1.21453
1.21556
1.21657
1.21771
1.21899
1.22052
1.22229
1.22436
1.22667
1.22925
1.23204
1.23507
1.23825
1.24162
1.24507
1.24864
1.25222
1.25582
1.25936
1.26284
1.26618
1.26939
1.2724
1.27522
1.2778
1.28015
1.28219
1.28396
1.2854
1.28654
1.28732
1.28781
1.28795
1.28792
1.28779
1.28747
1.28684
1.28597
1.28505
1.28414
1.28327
1.28241
1.28158
1.28075
1.27994
1.27912
1.27833
1.27754
1.27679
1.27605
1.27536
1.27469
1.27406
1.27349
1.27298
1.27257
1.27227
1.27211
1.27208
1.2721
1.27218
1.27233
1.27263
1.273
1.27344
1.27375
1.27397
1.27383
1.27615
0.773143
0.791824
0.813016
0.836392
0.860943
0.885887
0.910669
0.934983
0.958579
0.981334
1.00312
1.02391
1.04363
1.0623
1.07987
1.09636
1.11176
1.12601
1.13909
1.15102
1.16179
1.17147
1.18005
1.18761
1.19417
1.19983
1.20461
1.20863
1.21192
1.21465
1.21684
1.21867
1.22023
1.22168
1.22308
1.22459
1.22621
1.22804
1.23007
1.23234
1.23482
1.23753
1.24039
1.24345
1.24661
1.2499
1.25323
1.25661
1.25995
1.26327
1.26646
1.26955
1.27246
1.2752
1.2777
1.27998
1.28197
1.28371
1.28512
1.28624
1.28702
1.28752
1.28769
1.28768
1.28756
1.28725
1.28667
1.28585
1.28501
1.28421
1.28345
1.28274
1.28206
1.28142
1.28079
1.28017
1.27957
1.27899
1.27843
1.2779
1.27738
1.27688
1.27638
1.27591
1.27545
1.27503
1.27466
1.27438
1.2742
1.27415
1.27416
1.2742
1.27429
1.27451
1.27478
1.27514
1.27537
1.27551
1.27533
1.27765
0.769796
0.787577
0.807722
0.82994
0.85332
0.877144
0.90096
0.924431
0.947379
0.969635
0.99113
1.01177
1.03153
1.05036
1.06828
1.08522
1.10124
1.1162
1.13014
1.14299
1.15479
1.16552
1.17523
1.18392
1.19165
1.19843
1.20433
1.20937
1.21368
1.21729
1.22028
1.22277
1.22489
1.22674
1.22847
1.23014
1.23188
1.23372
1.23573
1.23791
1.24029
1.24283
1.24555
1.2484
1.25139
1.25444
1.25755
1.26066
1.26377
1.26679
1.26972
1.2725
1.27513
1.27755
1.27975
1.28169
1.28338
1.28475
1.28584
1.28661
1.28709
1.28726
1.28725
1.28712
1.2868
1.2862
1.2854
1.2846
1.28385
1.28317
1.28255
1.28199
1.28148
1.281
1.28055
1.28012
1.27972
1.27934
1.27899
1.27866
1.27835
1.27803
1.27769
1.27734
1.27699
1.27665
1.27634
1.27608
1.2759
1.27581
1.2758
1.27581
1.27587
1.27599
1.27617
1.27643
1.27657
1.27665
1.27644
1.27875
0.765663
0.78273
0.802095
0.823451
0.845963
0.868932
0.891944
0.914734
0.937115
0.95896
0.980165
1.00068
1.02043
1.03941
1.05756
1.07489
1.09136
1.10693
1.12154
1.1352
1.14785
1.15952
1.17019
1.17989
1.1886
1.19638
1.20323
1.20922
1.21437
1.2188
1.22254
1.22569
1.22837
1.23069
1.23274
1.23466
1.23652
1.23842
1.2404
1.24251
1.24476
1.24717
1.24971
1.25238
1.25513
1.25796
1.26081
1.26367
1.26648
1.26922
1.27184
1.27433
1.27663
1.27873
1.2806
1.28221
1.28354
1.28457
1.28529
1.28574
1.28588
1.28585
1.28569
1.2853
1.28464
1.28382
1.28302
1.28229
1.28163
1.28107
1.28058
1.28017
1.27981
1.2795
1.27922
1.27898
1.27877
1.2786
1.27847
1.27836
1.27823
1.27808
1.2779
1.27769
1.27745
1.27719
1.27694
1.27672
1.27654
1.27642
1.27638
1.27638
1.27639
1.27644
1.27653
1.27667
1.27673
1.27674
1.2765
1.27879
0.759641
0.77619
0.79494
0.815638
0.837464
0.859781
0.882185
0.904432
0.926359
0.947849
0.968821
0.989201
1.00895
1.02801
1.04638
1.06399
1.08085
1.0969
1.11211
1.12641
1.13982
1.15228
1.16383
1.17441
1.18408
1.19279
1.20061
1.20753
1.21362
1.2189
1.22349
1.22739
1.23072
1.23355
1.23603
1.23826
1.24034
1.24235
1.24437
1.24645
1.24862
1.25089
1.25327
1.25573
1.25828
1.26085
1.26345
1.26602
1.26854
1.27095
1.27326
1.27541
1.27739
1.27914
1.28066
1.28191
1.28287
1.28353
1.2839
1.28401
1.28394
1.28372
1.2832
1.28244
1.28158
1.28075
1.27998
1.27932
1.27875
1.2783
1.27794
1.27767
1.27746
1.27731
1.27719
1.27714
1.27714
1.27717
1.27726
1.27736
1.27742
1.27742
1.27739
1.27733
1.27721
1.27705
1.27687
1.27669
1.27652
1.2764
1.27632
1.27628
1.27627
1.27627
1.27628
1.27628
1.27626
1.27622
1.27589
1.27811
0.753905
0.769833
0.787957
0.807989
0.829124
0.850766
0.872536
0.894221
0.915667
0.936781
0.957472
0.977685
0.997361
1.01646
1.03495
1.0528
1.06997
1.08644
1.10214
1.11705
1.13112
1.14434
1.15669
1.16815
1.17871
1.18837
1.19713
1.20501
1.21201
1.21822
1.22363
1.22832
1.23234
1.23582
1.2388
1.24143
1.24378
1.24596
1.24805
1.25013
1.25222
1.25437
1.25658
1.25885
1.26116
1.26348
1.2658
1.26807
1.27026
1.27236
1.27432
1.27614
1.27776
1.27916
1.28031
1.28118
1.28176
1.28204
1.28208
1.28198
1.28165
1.28099
1.28007
1.27914
1.27824
1.27743
1.2767
1.2761
1.27562
1.27527
1.27504
1.27491
1.27484
1.27483
1.27485
1.27495
1.27517
1.27548
1.27576
1.27602
1.27623
1.27639
1.27649
1.27654
1.27652
1.27648
1.2764
1.27628
1.27613
1.276
1.27589
1.27581
1.27575
1.27571
1.27565
1.27559
1.27547
1.27531
1.27485
1.27696
0.747668
0.76311
0.780686
0.800158
0.820729
0.841812
0.863062
0.884275
0.90533
0.926124
0.946592
0.966658
0.986284
1.00541
1.02401
1.04204
1.05948
1.07629
1.09243
1.10783
1.12249
1.13634
1.1494
1.1616
1.17295
1.1834
1.19299
1.20166
1.20947
1.21641
1.22255
1.22792
1.23258
1.23659
1.24004
1.24304
1.24567
1.24803
1.25022
1.2523
1.25433
1.25636
1.25839
1.26045
1.26251
1.26456
1.26657
1.26853
1.27039
1.27214
1.27376
1.27522
1.27647
1.27751
1.27828
1.27878
1.27898
1.27897
1.2788
1.27833
1.27753
1.27652
1.27548
1.27449
1.27358
1.27277
1.27208
1.27154
1.27115
1.27093
1.27083
1.27081
1.27082
1.2709
1.27112
1.27147
1.27191
1.27237
1.27281
1.27322
1.27357
1.27387
1.27411
1.27428
1.27438
1.27441
1.27439
1.27434
1.27426
1.27414
1.274
1.27389
1.27378
1.27368
1.27357
1.27344
1.27323
1.27297
1.2724
1.27444
0.736525
0.752065
0.76967
0.789034
0.809406
0.830221
0.85119
0.872124
0.89294
0.913533
0.933863
0.953847
0.973459
0.992633
1.01135
1.02956
1.04724
1.06435
1.08084
1.09663
1.11174
1.12608
1.13968
1.15245
1.16443
1.17556
1.18586
1.1953
1.2039
1.21165
1.21859
1.22471
1.2301
1.23474
1.23879
1.24225
1.24528
1.24791
1.25029
1.25245
1.2545
1.25643
1.25835
1.2602
1.26204
1.2638
1.26552
1.26713
1.26866
1.27004
1.27132
1.27239
1.2733
1.27393
1.27431
1.27441
1.27436
1.27407
1.27339
1.27238
1.27128
1.27014
1.26903
1.26798
1.26703
1.26621
1.26556
1.2651
1.26482
1.26473
1.26472
1.26476
1.26487
1.26515
1.26561
1.26617
1.26678
1.26739
1.26799
1.26854
1.26907
1.26951
1.2699
1.2702
1.27042
1.27056
1.27062
1.27061
1.27057
1.2705
1.27038
1.27024
1.27007
1.26993
1.26974
1.26955
1.26925
1.26892
1.26824
1.27022
0.720745
0.736745
0.754752
0.774378
0.794864
0.815689
0.836606
0.857461
0.878188
0.898708
0.918986
0.938955
0.958591
0.977836
0.996673
1.01505
1.03296
1.05036
1.0672
1.08344
1.09904
1.11396
1.12818
1.14166
1.15438
1.1663
1.17742
1.18771
1.19717
1.20577
1.21357
1.22054
1.22673
1.23216
1.23692
1.24101
1.24458
1.24764
1.25035
1.25272
1.25488
1.25683
1.25867
1.26038
1.262
1.26349
1.2649
1.26616
1.26733
1.26834
1.26923
1.2699
1.27038
1.27057
1.27057
1.2704
1.26987
1.26899
1.26782
1.26655
1.26527
1.26401
1.2628
1.26168
1.2607
1.2599
1.2593
1.25893
1.25878
1.25877
1.25881
1.25894
1.25923
1.25974
1.26039
1.26113
1.26188
1.26266
1.26341
1.26415
1.26481
1.26543
1.26595
1.26641
1.26674
1.26701
1.26715
1.26722
1.2672
1.26717
1.26709
1.26696
1.26675
1.26654
1.26628
1.26602
1.26563
1.26523
1.26444
1.26635
0.709488
0.724778
0.74216
0.761246
0.781282
0.801741
0.822352
0.84297
0.863508
0.883903
0.904096
0.924042
0.94369
0.963008
0.98195
1.00049
1.0186
1.03625
1.05342
1.07007
1.08614
1.10162
1.11643
1.13059
1.14402
1.15673
1.16867
1.17983
1.19018
1.19971
1.2084
1.21627
1.22333
1.2296
1.23511
1.23991
1.24405
1.24762
1.25067
1.2533
1.25557
1.25757
1.25932
1.26088
1.26227
1.26348
1.26454
1.26547
1.26626
1.26692
1.26743
1.26771
1.26778
1.2677
1.26736
1.26658
1.26546
1.26417
1.26278
1.26134
1.2599
1.25849
1.25719
1.25602
1.25503
1.25426
1.25374
1.25348
1.25343
1.25347
1.25357
1.25383
1.25432
1.255
1.25581
1.25668
1.25758
1.25849
1.2594
1.26027
1.26109
1.26183
1.2625
1.26306
1.26353
1.26389
1.26414
1.26426
1.26429
1.26426
1.26421
1.2641
1.26388
1.26363
1.26329
1.26295
1.26248
1.26202
1.26115
1.263
0.705287
0.719217
0.735317
0.753238
0.772233
0.791792
0.811631
0.831608
0.851617
0.871596
0.891469
0.91119
0.930694
0.949948
0.968897
0.987519
1.00577
1.02363
1.04108
1.05807
1.07454
1.09047
1.10582
1.12055
1.13462
1.148
1.16065
1.17256
1.18368
1.194
1.20349
1.21216
1.21999
1.227
1.23317
1.23859
1.24325
1.24727
1.25067
1.25356
1.25598
1.25803
1.25972
1.26115
1.26229
1.26322
1.26393
1.2645
1.26491
1.26519
1.26528
1.26522
1.26496
1.26429
1.26325
1.26194
1.26048
1.25891
1.25728
1.25563
1.25401
1.25247
1.25109
1.24989
1.24893
1.24822
1.24778
1.24764
1.24766
1.24773
1.24792
1.24833
1.249
1.24984
1.25079
1.2518
1.25284
1.2539
1.25494
1.25595
1.25691
1.25779
1.25859
1.25928
1.25987
1.26033
1.26067
1.26087
1.26095
1.26093
1.26089
1.2608
1.26059
1.2603
1.2599
1.25948
1.25892
1.25839
1.25744
1.25924
0.698503
0.712232
0.727948
0.745372
0.763826
0.782843
0.802165
0.821664
0.841257
0.860876
0.880463
0.899958
0.919315
0.938479
0.957415
0.976074
0.994434
1.01245
1.03011
1.04738
1.0642
1.08053
1.09634
1.11157
1.1262
1.14019
1.1535
1.16609
1.17793
1.18899
1.19924
1.20866
1.21724
1.22497
1.23186
1.23793
1.24322
1.24775
1.25159
1.2548
1.25744
1.25957
1.26127
1.26256
1.2635
1.26413
1.26451
1.26472
1.26478
1.26472
1.26448
1.26392
1.26296
1.26166
1.26015
1.25847
1.25667
1.25479
1.25288
1.251
1.24921
1.24756
1.24612
1.24491
1.24398
1.24333
1.243
1.24293
1.24298
1.24311
1.24342
1.24398
1.24481
1.24577
1.24684
1.24797
1.24914
1.25032
1.25149
1.25263
1.25371
1.25472
1.25563
1.25644
1.25713
1.2577
1.25812
1.25841
1.25853
1.25854
1.2585
1.25841
1.25822
1.25791
1.25745
1.25697
1.25632
1.25572
1.25468
1.25642
0.70061
0.71311
0.727618
0.743909
0.761313
0.779363
0.797812
0.816528
0.835434
0.854459
0.873548
0.892637
0.911678
0.930612
0.949401
0.967995
0.986362
1.00446
1.02226
1.03973
1.05681
1.07347
1.08965
1.10531
1.12041
1.13491
1.14876
1.16193
1.17439
1.18608
1.19699
1.20707
1.21631
1.22469
1.23222
1.23888
1.24469
1.24969
1.25392
1.25742
1.26026
1.2625
1.26418
1.26536
1.26608
1.2664
1.26648
1.26642
1.26623
1.26579
1.26495
1.26369
1.26217
1.26042
1.25848
1.25641
1.25424
1.25204
1.24986
1.24777
1.24583
1.2441
1.24262
1.24142
1.24052
1.23994
1.23971
1.2397
1.23978
1.23997
1.24039
1.2411
1.24205
1.24312
1.2443
1.24553
1.24681
1.2481
1.24938
1.25063
1.25182
1.25293
1.25396
1.25487
1.25566
1.25631
1.25682
1.25718
1.25736
1.25739
1.25736
1.25727
1.25708
1.25677
1.25626
1.25572
1.25499
1.25432
1.25319
1.25487
0.702669
0.714782
0.728835
0.744557
0.761349
0.778772
0.79661
0.814742
0.833111
0.851647
0.870311
0.889032
0.907777
0.926477
0.945105
0.963595
0.981928
1.00004
1.01791
1.03546
1.05268
1.06949
1.08586
1.10174
1.11709
1.13186
1.14603
1.15954
1.17237
1.18445
1.19579
1.20631
1.21602
1.22488
1.23288
1.24
1.24626
1.25166
1.25623
1.26001
1.26304
1.26537
1.26705
1.26812
1.26859
1.26866
1.26856
1.26831
1.26774
1.26673
1.26528
1.26353
1.26155
1.25937
1.25702
1.25457
1.25207
1.24959
1.24719
1.24496
1.24292
1.24115
1.23966
1.23849
1.23764
1.23715
1.237
1.23703
1.23715
1.23741
1.23794
1.23878
1.2398
1.24096
1.24221
1.24353
1.24489
1.24626
1.24763
1.24896
1.25023
1.25144
1.25254
1.25354
1.25441
1.25514
1.25571
1.25612
1.25635
1.25641
1.25638
1.2563
1.25611
1.25579
1.25525
1.25466
1.25387
1.25313
1.25193
1.25355
0.692058
0.705008
0.719778
0.736057
0.753246
0.770932
0.788947
0.807187
0.825617
0.844179
0.862847
0.881562
0.900298
0.918995
0.937632
0.956151
0.974529
0.99271
1.01067
1.02833
1.04567
1.06262
1.07916
1.09522
1.1108
1.12581
1.14027
1.15408
1.16725
1.17971
1.19144
1.20239
1.21255
1.22185
1.23032
1.23788
1.24458
1.25037
1.2553
1.25936
1.26261
1.26505
1.26677
1.26772
1.26801
1.26792
1.2677
1.2672
1.26618
1.26462
1.2627
1.2605
1.25807
1.25546
1.25272
1.24992
1.24713
1.24442
1.24187
1.23952
1.23743
1.23563
1.23416
1.23303
1.23225
1.23185
1.23177
1.23183
1.23198
1.23233
1.23297
1.23391
1.23502
1.23626
1.23759
1.23899
1.24043
1.24189
1.24333
1.24476
1.24612
1.24741
1.2486
1.24969
1.25063
1.25144
1.25209
1.25256
1.25284
1.25293
1.2529
1.25282
1.25265
1.25233
1.25177
1.25114
1.25028
1.2495
1.24823
1.2498
0.674518
0.688186
0.703657
0.720563
0.73829
0.756447
0.774869
0.793465
0.812206
0.831043
0.849951
0.868882
0.887811
0.906687
0.925483
0.944155
0.962676
0.981004
0.999117
1.01696
1.0345
1.05168
1.06848
1.08483
1.10074
1.11614
1.131
1.14528
1.15895
1.17195
1.18426
1.1958
1.20658
1.21653
1.22563
1.23382
1.24113
1.24749
1.25293
1.25743
1.26104
1.26373
1.26558
1.26649
1.26669
1.26653
1.26616
1.26536
1.26392
1.2619
1.25951
1.25685
1.25397
1.25094
1.24783
1.24472
1.24168
1.23878
1.23609
1.23365
1.23152
1.22972
1.22828
1.2272
1.22649
1.22618
1.22615
1.22623
1.22643
1.22687
1.22762
1.22866
1.22985
1.23118
1.2326
1.2341
1.23563
1.23719
1.23874
1.24027
1.24173
1.24313
1.24442
1.24561
1.24665
1.24756
1.24828
1.24883
1.24917
1.2493
1.24928
1.24921
1.24905
1.24874
1.24816
1.24749
1.24658
1.24575
1.24441
1.24595
0.658573
0.67215
0.687564
0.704468
0.722243
0.740498
0.759042
0.777783
0.796666
0.815651
0.834704
0.853784
0.872858
0.891885
0.910835
0.929663
0.948345
0.966833
0.985131
1.00326
1.02113
1.03872
1.05598
1.07288
1.08937
1.10541
1.12096
1.13597
1.15039
1.16417
1.17727
1.18964
1.20123
1.212
1.22189
1.23087
1.2389
1.24595
1.25201
1.25706
1.26109
1.26411
1.26614
1.26707
1.2672
1.26701
1.2665
1.26543
1.2636
1.26113
1.25829
1.25517
1.25186
1.24843
1.24498
1.24156
1.2383
1.23522
1.23241
1.2299
1.22775
1.22594
1.22453
1.22349
1.22285
1.22261
1.22263
1.22273
1.22298
1.22351
1.22438
1.22551
1.2268
1.22821
1.22973
1.23133
1.23297
1.23464
1.2363
1.23793
1.23951
1.24102
1.24243
1.24372
1.24487
1.24586
1.24668
1.2473
1.24772
1.24788
1.24788
1.24782
1.24767
1.24735
1.24677
1.24606
1.2451
1.24423
1.24284
1.24433
0.687147
0.697643
0.710079
0.724227
0.739575
0.755663
0.772312
0.789367
0.8068
0.824514
0.842501
0.860661
0.878992
0.897393
0.915869
0.93432
0.952761
0.971111
0.989354
1.00744
1.02539
1.04311
1.06059
1.07773
1.09453
1.1109
1.12682
1.14221
1.15706
1.17126
1.18481
1.19761
1.20966
1.22086
1.2312
1.2406
1.24905
1.25647
1.26288
1.26822
1.2725
1.27568
1.27779
1.27866
1.27871
1.27847
1.27782
1.27644
1.2742
1.27128
1.26795
1.26434
1.26055
1.25669
1.25284
1.24911
1.24557
1.24229
1.23933
1.23673
1.23451
1.23269
1.23128
1.23027
1.22967
1.22948
1.22951
1.22964
1.22994
1.23056
1.23151
1.23268
1.23402
1.23549
1.23707
1.23872
1.24043
1.24215
1.24388
1.24558
1.24723
1.24879
1.25027
1.25162
1.25283
1.25388
1.25476
1.25543
1.25588
1.25607
1.25608
1.25603
1.25587
1.25555
1.25495
1.25421
1.2532
1.25227
1.25081
1.25224
0.720503
0.73014
0.741504
0.754501
0.768652
0.783569
0.79906
0.81501
0.831385
0.848126
0.865205
0.88256
0.900155
0.917928
0.93584
0.953832
0.971866
0.989878
1.00784
1.02568
1.04336
1.06083
1.07806
1.09497
1.11153
1.12769
1.1434
1.15861
1.17328
1.18734
1.20078
1.21349
1.22548
1.23665
1.24699
1.2564
1.2649
1.27237
1.27886
1.28425
1.28859
1.29179
1.29389
1.29466
1.29461
1.2943
1.29352
1.29189
1.28928
1.28598
1.28223
1.27821
1.27401
1.26979
1.26562
1.26164
1.25789
1.25448
1.25141
1.24876
1.24651
1.2447
1.2433
1.24233
1.24178
1.24163
1.24167
1.24182
1.24217
1.24283
1.24382
1.24501
1.24636
1.24785
1.24943
1.2511
1.25281
1.25454
1.25627
1.25798
1.25964
1.26122
1.2627
1.26407
1.2653
1.26637
1.26726
1.26795
1.26842
1.26863
1.26864
1.26858
1.26842
1.2681
1.26748
1.26672
1.26567
1.2647
1.26319
1.26457
0.737014
0.747189
0.759
0.772352
0.786714
0.801755
0.81725
0.833158
0.849404
0.866001
0.88287
0.900023
0.917369
0.934917
0.952571
0.970342
0.988131
1.00595
1.02368
1.0413
1.0587
1.0759
1.09279
1.1094
1.12562
1.14147
1.15685
1.17177
1.18613
1.19994
1.2131
1.22563
1.2374
1.24845
1.25864
1.268
1.27641
1.28389
1.29033
1.29575
1.30006
1.30329
1.30532
1.30605
1.3059
1.30553
1.30467
1.30287
1.30003
1.29649
1.29248
1.28819
1.28375
1.27931
1.27498
1.27087
1.26705
1.26359
1.26051
1.25787
1.25566
1.25388
1.25254
1.25162
1.25113
1.25101
1.25107
1.25124
1.25163
1.25232
1.25332
1.25452
1.25587
1.25735
1.25893
1.26059
1.26229
1.26401
1.26573
1.26743
1.26907
1.27065
1.27213
1.2735
1.27473
1.2758
1.27669
1.27739
1.27787
1.27808
1.27809
1.27803
1.27788
1.27755
1.27693
1.27616
1.2751
1.27412
1.27258
1.27393
0.691878
0.70465
0.719033
0.734806
0.751371
0.76841
0.785708
0.803247
0.820947
0.838842
0.856855
0.875012
0.893227
0.911523
0.929807
0.948105
0.966319
0.984476
1.00247
1.02037
1.03806
1.05554
1.07272
1.08962
1.10613
1.12228
1.13796
1.1532
1.16788
1.18203
1.19551
1.20838
1.22049
1.23188
1.2424
1.2521
1.26081
1.26861
1.27532
1.28101
1.28552
1.28892
1.29104
1.29182
1.29167
1.29128
1.29038
1.28852
1.28556
1.28186
1.2777
1.27327
1.26871
1.26417
1.25979
1.25564
1.25182
1.24838
1.24536
1.24277
1.24063
1.23892
1.23764
1.23678
1.23636
1.23628
1.23636
1.23655
1.23697
1.23771
1.23875
1.23999
1.24139
1.2429
1.24452
1.24621
1.24795
1.24972
1.25149
1.25323
1.25492
1.25655
1.25808
1.25949
1.26076
1.26187
1.2628
1.26353
1.26404
1.26428
1.2643
1.26424
1.26409
1.26378
1.26317
1.2624
1.26134
1.26036
1.25883
1.26021
0.65469
0.667511
0.682119
0.698217
0.715182
0.732659
0.750451
0.768502
0.786753
0.805191
0.823762
0.842453
0.861204
0.880002
0.898787
0.917545
0.936219
0.954797
0.973224
0.991485
1.00954
1.02739
1.04497
1.06226
1.0792
1.09576
1.11187
1.12752
1.14263
1.15719
1.17111
1.18437
1.1969
1.20866
1.21957
1.22961
1.23869
1.24678
1.25379
1.25971
1.26446
1.268
1.27024
1.27105
1.27093
1.27052
1.26958
1.26763
1.26453
1.26065
1.2563
1.25168
1.24696
1.24228
1.23777
1.23353
1.22964
1.22615
1.22311
1.22051
1.21836
1.21666
1.2154
1.21456
1.21417
1.21411
1.2142
1.2144
1.21485
1.21563
1.21672
1.218
1.21943
1.221
1.22266
1.2244
1.22619
1.22801
1.22983
1.23163
1.23338
1.23506
1.23664
1.2381
1.23942
1.24058
1.24155
1.24231
1.24285
1.24311
1.24314
1.24309
1.24294
1.24262
1.24201
1.24122
1.24015
1.23917
1.23763
1.23903
0.653335
0.665238
0.678948
0.694203
0.710406
0.727195
0.744382
0.761903
0.779702
0.797754
0.816009
0.834441
0.852996
0.871646
0.890338
0.909046
0.927715
0.946322
0.964815
0.98317
1.00134
1.01929
1.03698
1.05438
1.07142
1.08808
1.10431
1.12006
1.13529
1.14995
1.16398
1.17736
1.18999
1.20186
1.21288
1.22302
1.2322
1.24039
1.2475
1.2535
1.25831
1.2619
1.26419
1.265
1.26488
1.26447
1.2635
1.26147
1.25825
1.25422
1.24971
1.24492
1.24004
1.2352
1.23055
1.22619
1.22219
1.21862
1.2155
1.21284
1.21065
1.20893
1.20764
1.20679
1.20639
1.20633
1.20641
1.20662
1.20707
1.20787
1.20898
1.21028
1.21172
1.2133
1.21498
1.21673
1.21854
1.22038
1.22221
1.22403
1.2258
1.22749
1.22909
1.23057
1.2319
1.23308
1.23406
1.23483
1.23538
1.23564
1.23569
1.23563
1.23548
1.23517
1.23454
1.23374
1.23265
1.23164
1.23009
1.23147
)
;

boundaryField
{
    inlet
    {
        type            calculated;
        value           uniform 3.00001;
    }
    outlet
    {
        type            calculated;
        value           nonuniform List<scalar> 
40
(
0.653447
0.836837
0.994698
1.10596
1.17942
1.22761
1.25585
1.2726
1.28268
1.28784
1.28926
1.28838
1.28441
1.28003
1.27748
1.27604
1.27564
1.27615
1.27765
1.27875
1.27879
1.27811
1.27696
1.27444
1.27022
1.26635
1.263
1.25924
1.25642
1.25487
1.25355
1.2498
1.24595
1.24433
1.25224
1.26457
1.27393
1.26021
1.23903
1.23147
)
;
    }
    bottom
    {
        type            symmetryPlane;
    }
    top
    {
        type            symmetryPlane;
    }
    obstacle
    {
        type            calculated;
        value           uniform 0;
    }
    defaultFaces
    {
        type            empty;
    }
}


// ************************************************************************* //
