/*--------------------------------*- C++ -*----------------------------------*\
| =========                 |                                                 |
| \\      /  F ield         | OpenFOAM: The Open Source CFD Toolbox           |
|  \\    /   O peration     | Version:  2412                                  |
|   \\  /    A nd           | Website:  www.openfoam.com                      |
|    \\/     M anipulation  |                                                 |
\*---------------------------------------------------------------------------*/
FoamFile
{
    version     2.0;
    format      ascii;
    arch        "LSB;label=32;scalar=64";
    class       volScalarField;
    location    "13";
    object      T;
}
// * * * * * * * * * * * * * * * * * * * * * * * * * * * * * * * * * * * * * //

dimensions      [0 0 0 1 0 0 0];

internalField   nonuniform List<scalar> 
7000
(
1.31777
2.64701
2.72307
2.67281
2.66794
2.65228
2.64883
2.65161
2.65345
2.65537
2.65685
2.65821
2.65966
2.66076
2.66184
2.66245
2.66336
2.66448
2.66609
2.66814
2.67021
2.67283
2.67508
2.67782
2.68041
2.68324
2.68601
2.68902
2.69221
2.69535
2.69866
2.70158
2.70541
2.70822
2.71159
2.7151
2.71861
2.72256
2.72521
2.72864
2.732
2.73526
2.73748
2.73922
2.74244
2.74572
2.74928
2.75291
2.75289
2.75376
1.31783
2.64721
2.72331
2.67291
2.66806
2.6524
2.64896
2.65174
2.65354
2.65551
2.65705
2.65841
2.65977
2.66078
2.66175
2.66232
2.66323
2.66441
2.66609
2.66819
2.67028
2.6729
2.67517
2.67793
2.68049
2.68327
2.68608
2.68915
2.6923
2.69537
2.69869
2.70168
2.70544
2.70817
2.71161
2.71519
2.71862
2.72248
2.72518
2.72871
2.73201
2.73514
2.73734
2.7392
2.74247
2.74567
2.74919
2.7527
2.7526
2.75337
1.3178
2.64709
2.72323
2.67285
2.66794
2.65225
2.6489
2.65171
2.6535
2.65544
2.65696
2.65832
2.65969
2.6607
2.66167
2.66224
2.66315
2.66433
2.66601
2.66809
2.67018
2.67281
2.67504
2.67779
2.68034
2.68315
2.68594
2.68898
2.69212
2.6952
2.69851
2.70148
2.70524
2.70794
2.71138
2.71501
2.71837
2.72218
2.72493
2.72856
2.73178
2.73478
2.73705
2.73901
2.74236
2.74552
2.74899
2.75248
2.75231
2.75314
1.31776
2.64685
2.72311
2.6728
2.66777
2.65196
2.64876
2.65162
2.6534
2.65536
2.6569
2.65824
2.65953
2.66049
2.66139
2.66193
2.66285
2.66405
2.66577
2.66787
2.66997
2.67257
2.67483
2.67753
2.68012
2.68287
2.68567
2.68868
2.69184
2.6949
2.69817
2.7011
2.70488
2.70758
2.711
2.71449
2.71802
2.72169
2.72455
2.72801
2.73138
2.7343
2.73651
2.73861
2.74189
2.74516
2.7485
2.75194
2.75187
2.75256
1.31771
2.64653
2.72295
2.67279
2.66765
2.65159
2.64851
2.65144
2.65324
2.65523
2.6568
2.65812
2.65935
2.66024
2.66107
2.66158
2.66248
2.66375
2.66547
2.66761
2.66968
2.67234
2.67452
2.67723
2.67973
2.68256
2.68529
2.68829
2.69144
2.6944
2.69772
2.70061
2.70435
2.70701
2.71041
2.71397
2.71722
2.72126
2.72371
2.72747
2.73049
2.73377
2.73577
2.73773
2.74132
2.74429
2.74791
2.7512
2.7509
2.75196
1.31765
2.64613
2.72271
2.67279
2.66759
2.65126
2.64801
2.65089
2.65274
2.65502
2.65679
2.65808
2.65911
2.65983
2.6605
2.66097
2.66192
2.66327
2.6651
2.66725
2.66936
2.67194
2.67417
2.67679
2.67931
2.68207
2.68485
2.68778
2.69081
2.69398
2.69702
2.69997
2.70361
2.7064
2.70955
2.71322
2.71641
2.72024
2.72312
2.72632
2.72981
2.73257
2.73509
2.73663
2.74006
2.74355
2.74664
2.75028
2.75016
2.75071
1.31761
2.6457
2.72232
2.67272
2.66748
2.65113
2.64768
2.65041
2.65225
2.65484
2.65675
2.65795
2.65878
2.65936
2.65989
2.66035
2.66133
2.66283
2.66465
2.66687
2.6689
2.67154
2.67362
2.67634
2.67872
2.68151
2.68422
2.68715
2.6902
2.69308
2.69644
2.69895
2.70284
2.70541
2.70875
2.71196
2.71554
2.71911
2.72189
2.72539
2.7283
2.73169
2.73356
2.73569
2.73851
2.74193
2.74566
2.74871
2.74843
2.74971
1.31786
2.64566
2.7197
2.67363
2.6681
2.65142
2.6478
2.65041
2.65271
2.6555
2.65678
2.6572
2.65747
2.65771
2.6581
2.65882
2.66044
2.66216
2.66418
2.66631
2.66846
2.6709
2.67313
2.67555
2.67816
2.68072
2.68352
2.68636
2.68936
2.69223
2.69532
2.69812
2.7016
2.70437
2.70754
2.71077
2.71405
2.71801
2.72035
2.72389
2.72702
2.72985
2.73242
2.73383
2.73711
2.73998
2.74348
2.74741
2.74725
2.74758
1.319
2.65707
2.71958
2.6689
2.66421
2.64756
2.64387
2.64652
2.64869
2.65099
2.65231
2.65285
2.65385
2.65481
2.65645
2.65798
2.65977
2.6617
2.66353
2.66585
2.6677
2.67035
2.67229
2.6749
2.67719
2.68003
2.68254
2.68545
2.68832
2.69114
2.69416
2.69681
2.70038
2.70294
2.70605
2.70937
2.71234
2.71632
2.71885
2.72185
2.7253
2.7281
2.73026
2.73218
2.73449
2.73824
2.74152
2.74466
2.74448
2.746
1.31901
2.65639
2.71919
2.66842
2.66333
2.64711
2.64378
2.64661
2.64824
2.65016
2.65096
2.6517
2.65287
2.65412
2.65591
2.6574
2.65928
2.66099
2.66299
2.66504
2.66707
2.66937
2.67154
2.6739
2.67629
2.67892
2.68163
2.68418
2.68716
2.68982
2.69277
2.69526
2.69886
2.70136
2.70432
2.70762
2.71044
2.71423
2.71694
2.71975
2.72286
2.7262
2.72771
2.72946
2.73265
2.73469
2.73875
2.74271
2.74264
2.74264
1.31891
2.6556
2.71846
2.66859
2.66316
2.64618
2.64277
2.64546
2.64748
2.64938
2.65067
2.65134
2.65264
2.65375
2.65539
2.65684
2.6585
2.66032
2.6621
2.66429
2.66608
2.66847
2.67043
2.67292
2.67517
2.67774
2.6804
2.6829
2.68562
2.68834
2.69118
2.69344
2.69696
2.69951
2.70221
2.70545
2.70826
2.71177
2.71444
2.71743
2.72007
2.72324
2.72541
2.72647
2.72913
2.7324
2.73494
2.7384
2.73836
2.7402
1.31879
2.65475
2.71761
2.66872
2.663
2.64563
2.64209
2.64484
2.64666
2.64876
2.65
2.65076
2.65207
2.65305
2.6547
2.65598
2.6577
2.65941
2.66122
2.66329
2.66505
2.66732
2.66923
2.67169
2.67392
2.67636
2.67892
2.68141
2.68389
2.68648
2.68934
2.69137
2.69481
2.69739
2.69995
2.70283
2.70572
2.70894
2.71159
2.71435
2.71702
2.71983
2.72186
2.72313
2.72517
2.72793
2.7318
2.73548
2.7355
2.735
1.31866
2.65379
2.71665
2.66888
2.66284
2.64511
2.6415
2.64423
2.64601
2.64809
2.64922
2.65004
2.65117
2.65224
2.65367
2.65507
2.65667
2.65842
2.66008
2.66215
2.66379
2.66607
2.66787
2.67028
2.67252
2.6748
2.6772
2.67962
2.68197
2.68436
2.68716
2.68908
2.69213
2.69488
2.69728
2.69997
2.7025
2.70594
2.70794
2.71102
2.71314
2.716
2.71801
2.71877
2.7208
2.72324
2.72553
2.72892
2.7289
2.73115
1.31852
2.65272
2.71558
2.66908
2.66267
2.64452
2.64087
2.64347
2.64538
2.6472
2.64848
2.64907
2.65027
2.65119
2.65262
2.65402
2.65554
2.65731
2.65881
2.66081
2.66241
2.66455
2.66648
2.66858
2.67093
2.673
2.67525
2.67749
2.67976
2.68185
2.68476
2.68637
2.68938
2.69173
2.6943
2.69669
2.69878
2.70232
2.70403
2.70664
2.70911
2.71089
2.71306
2.71407
2.71497
2.71767
2.72096
2.72432
2.72424
2.72293
1.31836
2.65151
2.71437
2.6693
2.66248
2.64387
2.64013
2.64269
2.64455
2.64632
2.64752
2.64805
2.64916
2.65001
2.65154
2.65277
2.6544
2.65585
2.65745
2.65916
2.66087
2.66292
2.66481
2.66687
2.66889
2.67102
2.67292
2.67511
2.67726
2.67908
2.6819
2.68349
2.68606
2.68848
2.69057
2.69314
2.69462
2.6978
2.69979
2.70142
2.70396
2.70583
2.70718
2.70769
2.70848
2.70912
2.71134
2.71407
2.71416
2.71642
1.31819
2.65017
2.71303
2.66964
2.66207
2.64322
2.63931
2.64187
2.64357
2.6453
2.64639
2.6469
2.64797
2.64887
2.65024
2.6515
2.65277
2.65441
2.65563
2.65766
2.65899
2.66123
2.66281
2.66488
2.66663
2.66865
2.67048
2.67231
2.67447
2.67605
2.67854
2.68027
2.68224
2.68475
2.68648
2.68882
2.69023
2.69239
2.69478
2.69579
2.69765
2.69922
2.70044
2.7003
2.70059
2.70211
2.70322
2.70605
2.70489
2.70248
1.31801
2.64875
2.71144
2.67049
2.66113
2.64246
2.6384
2.64089
2.6425
2.64417
2.64513
2.64571
2.64655
2.64759
2.64859
2.64998
2.65101
2.65265
2.65385
2.65579
2.65715
2.65911
2.66073
2.66249
2.66419
2.66585
2.66767
2.66922
2.67122
2.67262
2.67489
2.67653
2.67823
2.6803
2.682
2.68398
2.68515
2.68679
2.68855
2.68974
2.69033
2.69171
2.69195
2.69161
2.68976
2.68812
2.68894
2.68968
2.68915
2.68943
1.31783
2.64723
2.70971
2.67132
2.66039
2.64155
2.63732
2.63964
2.64128
2.64278
2.64375
2.64419
2.64512
2.64586
2.64702
2.64807
2.64925
2.6507
2.65197
2.65366
2.65513
2.65673
2.65837
2.65977
2.66144
2.66271
2.66443
2.66577
2.66763
2.66884
2.67086
2.67234
2.67383
2.67557
2.67672
2.67854
2.67947
2.68015
2.68157
2.68203
2.68263
2.68269
2.68241
2.68116
2.67973
2.67722
2.67354
2.67286
2.66819
2.66218
1.31762
2.64558
2.70793
2.67204
2.6596
2.64054
2.63609
2.63834
2.63984
2.6413
2.6422
2.64259
2.64342
2.64405
2.64509
2.64616
2.64721
2.64868
2.64986
2.65139
2.65276
2.65409
2.65552
2.65672
2.65814
2.65936
2.66081
2.66201
2.66378
2.66478
2.66638
2.66791
2.66883
2.67041
2.67116
2.67229
2.6732
2.67332
2.67379
2.67366
2.67291
2.67214
2.66995
2.66748
2.66174
2.65741
2.65175
2.64427
2.63677
2.62413
1.31741
2.64385
2.70607
2.6728
2.65867
2.63939
2.63466
2.63687
2.63822
2.6396
2.64037
2.64078
2.64134
2.64223
2.64296
2.64427
2.64505
2.64655
2.64743
2.64894
2.64983
2.65118
2.65222
2.65335
2.65452
2.65563
2.65703
2.65793
2.65961
2.6604
2.66174
2.66274
2.66361
2.66447
2.66509
2.66535
2.66585
2.6656
2.66508
2.66411
2.66313
2.66072
2.65858
2.65384
2.64787
2.63694
2.62495
2.60987
2.58275
2.51205
1.31714
2.64171
2.70381
2.67367
2.65754
2.63789
2.63275
2.63484
2.63591
2.63729
2.63803
2.6384
2.63884
2.63963
2.64014
2.64117
2.64189
2.64298
2.64385
2.64484
2.64576
2.64663
2.6477
2.64855
2.64976
2.65056
2.6519
2.65254
2.65378
2.65444
2.65522
2.65581
2.65622
2.65648
2.65643
2.656
2.65523
2.65421
2.65212
2.64986
2.64565
2.64217
2.63482
2.62906
2.6167
2.6031
2.57902
2.54513
2.48912
2.36552
1.31711
2.64048
2.69857
2.67457
2.65586
2.63567
2.63002
2.63205
2.63293
2.63431
2.63485
2.63518
2.63545
2.6361
2.63657
2.63747
2.63808
2.63892
2.63961
2.64036
2.64103
2.64188
2.64265
2.64355
2.64436
2.64519
2.6459
2.64656
2.64701
2.64756
2.64768
2.64797
2.64785
2.64759
2.64697
2.64631
2.64462
2.64327
2.63999
2.63744
2.63212
2.62606
2.61831
2.60499
2.59233
2.56678
2.5379
2.48765
2.41355
2.31627
1.31711
2.63981
2.69516
2.67467
2.65412
2.63321
2.62695
2.62877
2.62953
2.63093
2.6314
2.63164
2.63187
2.6324
2.63286
2.63362
2.63419
2.63479
2.63536
2.636
2.63666
2.63744
2.63815
2.63889
2.63948
2.64008
2.64047
2.64079
2.64087
2.64081
2.64051
2.63981
2.6391
2.63763
2.63613
2.63367
2.63142
2.62742
2.62425
2.61787
2.61324
2.6032
2.59574
2.58078
2.56358
2.54099
2.50412
2.46109
2.38814
2.31441
1.31702
2.63872
2.69366
2.67363
2.65207
2.63025
2.62353
2.62543
2.6263
2.62776
2.62823
2.62826
2.62836
2.62862
2.62893
2.62941
2.6297
2.63006
2.63025
2.63059
2.6308
2.6313
2.63171
2.63244
2.63288
2.63353
2.63388
2.63434
2.63441
2.63438
2.63419
2.6336
2.63281
2.6311
2.6296
2.62626
2.62376
2.61836
2.61386
2.60628
2.5977
2.5879
2.57336
2.56005
2.53722
2.51521
2.48153
2.44146
2.38827
2.32521
1.31686
2.64012
2.70395
2.66983
2.65157
2.62821
2.62091
2.62359
2.62447
2.62626
2.62672
2.62664
2.62662
2.62666
2.62678
2.6269
2.62703
2.62712
2.62712
2.62709
2.627
2.62681
2.62663
2.62625
2.62595
2.62536
2.62497
2.6241
2.6236
2.62245
2.62178
2.62031
2.61943
2.61757
2.61584
2.61344
2.60994
2.60657
2.60038
2.59527
2.58498
2.57605
2.56096
2.54518
2.52444
2.49829
2.46961
2.43057
2.38877
2.34136
1.30179
2.58648
2.69799
2.67681
2.65892
2.63526
2.62821
2.63108
2.63209
2.63353
2.63338
2.63291
2.63226
2.63172
2.63121
2.6307
2.63019
2.62971
2.6292
2.62873
2.62818
2.6277
2.62701
2.62646
2.62555
2.62491
2.62352
2.62253
2.62053
2.61915
2.61638
2.61452
2.61086
2.60857
2.60393
2.60113
2.59527
2.59171
2.5843
2.57891
2.56973
2.56016
2.54807
2.53217
2.5149
2.49084
2.46519
2.43182
2.39434
2.35407
1.72055
2.46812
2.72809
2.70606
2.68377
2.67323
2.67371
2.67502
2.67654
2.67659
2.67521
2.67398
2.67193
2.67043
2.66804
2.66611
2.66337
2.66098
2.65798
2.65528
2.65204
2.64908
2.64555
2.64234
2.63825
2.63451
2.63017
2.62709
2.6232
2.62062
2.61679
2.61406
2.60959
2.60592
2.60044
2.5954
2.58889
2.58194
2.57463
2.56517
2.55681
2.54434
2.53368
2.51736
2.50245
2.48112
2.45966
2.43182
2.40186
2.36902
1.73289
2.46052
2.72222
2.70072
2.67657
2.6675
2.67136
2.67302
2.6757
2.67661
2.67679
2.67667
2.6764
2.67611
2.67541
2.67478
2.67341
2.67241
2.67029
2.66891
2.6661
2.66426
2.66083
2.65841
2.65466
2.65191
2.64755
2.64356
2.63803
2.63281
2.62627
2.6204
2.6139
2.60805
2.60188
2.59502
2.58862
2.57996
2.5721
2.56127
2.55133
2.53817
2.52542
2.50959
2.49313
2.47408
2.45306
2.42999
2.4043
2.3779
1.72965
2.46592
2.72389
2.70088
2.67283
2.6633
2.66804
2.67049
2.67363
2.67485
2.67526
2.67544
2.67568
2.67568
2.67564
2.67528
2.67496
2.67428
2.67367
2.67236
2.67136
2.66933
2.66781
2.66509
2.66264
2.65936
2.65608
2.65207
2.64791
2.64303
2.63813
2.63194
2.62583
2.61743
2.61017
2.60046
2.59228
2.58215
2.57336
2.56206
2.55157
2.53851
2.52547
2.51003
2.49378
2.47528
2.45533
2.43331
2.40975
2.38675
1.7327
2.45864
2.71906
2.69496
2.66956
2.65984
2.66435
2.66661
2.66978
2.67116
2.67162
2.672
2.67239
2.67283
2.67313
2.67322
2.67315
2.67285
2.67249
2.67166
2.67099
2.66948
2.66843
2.66621
2.66466
2.66189
2.65955
2.65592
2.6528
2.64815
2.64419
2.63827
2.6333
2.62613
2.61971
2.61095
2.60253
2.59169
2.58112
2.56874
2.55631
2.54253
2.52856
2.51319
2.49697
2.47923
2.4609
2.44068
2.41941
2.39851
1.74227
2.44006
2.70703
2.68226
2.66536
2.65614
2.65865
2.66075
2.66376
2.6651
2.66577
2.66598
2.66631
2.66654
2.66677
2.6669
2.66687
2.66675
2.66657
2.6661
2.66572
2.66486
2.6642
2.66275
2.66165
2.65941
2.65769
2.65458
2.6521
2.64804
2.64456
2.6395
2.63492
2.62874
2.62273
2.61527
2.60777
2.5987
2.58924
2.5782
2.56649
2.55313
2.5389
2.52324
2.50724
2.48971
2.47166
2.45243
2.43244
2.4129
1.73752
2.43313
2.70326
2.67414
2.66721
2.65399
2.65411
2.65614
2.65928
2.66045
2.66179
2.66196
2.66238
2.66269
2.66298
2.66321
2.66324
2.66319
2.66306
2.66273
2.66241
2.66165
2.66108
2.65981
2.65889
2.65697
2.65554
2.65288
2.65068
2.64724
2.64411
2.63968
2.63539
2.63002
2.62455
2.61789
2.61101
2.60292
2.59445
2.58476
2.5745
2.56289
2.55051
2.53664
2.52181
2.50573
2.48876
2.47082
2.45193
2.43366
1.35639
2.46331
2.67765
2.66727
2.64547
2.62273
2.61554
2.61945
2.62165
2.62433
2.62602
2.62693
2.62797
2.62893
2.62989
2.63096
2.63187
2.63287
2.6335
2.63438
2.63471
2.6354
2.63547
2.63544
2.63533
2.63491
2.63444
2.63336
2.63249
2.6307
2.62927
2.62679
2.62452
2.62106
2.61763
2.61299
2.60777
2.60141
2.5943
2.58603
2.57714
2.56711
2.55634
2.54466
2.53204
2.5184
2.50378
2.48822
2.47168
2.4555
1.35959
2.47188
2.68493
2.67612
2.65171
2.62251
2.6127
2.61346
2.61547
2.61742
2.61831
2.61843
2.61871
2.61882
2.61915
2.61963
2.62006
2.62058
2.621
2.6214
2.62182
2.622
2.62231
2.62225
2.62209
2.62167
2.62118
2.62013
2.61909
2.61735
2.61546
2.61292
2.61011
2.60669
2.60293
2.5986
2.59426
2.58914
2.58393
2.57789
2.57142
2.56401
2.55537
2.54544
2.5347
2.52312
2.51092
2.49795
2.48418
2.47068
1.34924
2.40817
2.66629
2.66841
2.64883
2.62233
2.61241
2.61246
2.61314
2.61372
2.6134
2.61254
2.61186
2.61085
2.61029
2.60967
2.60928
2.60875
2.60841
2.60791
2.60762
2.60717
2.60684
2.6064
2.60596
2.6054
2.60489
2.60421
2.60341
2.60231
2.60091
2.59916
2.59697
2.59438
2.59122
2.58761
2.58329
2.57866
2.57308
2.56725
2.56035
2.55331
2.54577
2.5381
2.52974
2.52068
2.51033
2.49927
2.48756
2.47635
1.74325
2.3933
2.67029
2.65915
2.64917
2.63533
2.63027
2.63062
2.63045
2.63023
2.62962
2.62837
2.62719
2.62551
2.6241
2.62249
2.62103
2.61925
2.61767
2.6157
2.61405
2.61196
2.61022
2.60803
2.60624
2.604
2.60221
2.59999
2.59784
2.59557
2.59327
2.59078
2.58815
2.5852
2.58206
2.57846
2.57459
2.5701
2.56529
2.55971
2.55385
2.54704
2.54003
2.53206
2.5237
2.51465
2.50567
2.49626
2.486
2.47627
1.34633
2.39038
2.65673
2.66439
2.64805
2.62254
2.6139
2.6124
2.61368
2.61393
2.61365
2.61329
2.61245
2.61147
2.61092
2.61001
2.60939
2.60826
2.60743
2.60605
2.60516
2.60379
2.60282
2.60139
2.60013
2.59838
2.59653
2.59433
2.59226
2.58975
2.58737
2.58445
2.58165
2.57828
2.57512
2.57138
2.5677
2.56347
2.55912
2.55414
2.54888
2.54294
2.53656
2.52959
2.52201
2.51395
2.50523
2.49612
2.4867
2.47749
1.34752
2.40069
2.66375
2.67005
2.64957
2.62061
2.60916
2.60895
2.60992
2.6107
2.6106
2.60993
2.60927
2.6083
2.60778
2.60707
2.60654
2.60569
2.6049
2.60381
2.60251
2.60089
2.59905
2.59695
2.5947
2.59228
2.5897
2.58694
2.58402
2.58093
2.57767
2.57433
2.57084
2.56731
2.56337
2.55949
2.55514
2.55087
2.54613
2.54145
2.53632
2.5312
2.5256
2.51985
2.51369
2.50715
2.50029
2.49277
2.48474
2.47682
1.34693
2.39629
2.66094
2.66805
2.64688
2.61721
2.60495
2.60478
2.60556
2.60656
2.60629
2.60551
2.6047
2.6037
2.60299
2.60238
2.60178
2.60114
2.60039
2.5996
2.59862
2.59758
2.59627
2.59484
2.5931
2.5912
2.58894
2.58654
2.58374
2.58082
2.57747
2.57404
2.57016
2.56627
2.5619
2.55742
2.5525
2.54747
2.54209
2.53656
2.5307
2.52469
2.51837
2.5119
2.50515
2.49823
2.49107
2.48382
2.47635
2.46931
1.34412
2.3731
2.64334
2.65993
2.64061
2.61266
2.60064
2.59917
2.59942
2.59974
2.59905
2.59836
2.59706
2.59603
2.59498
2.59418
2.5932
2.59235
2.59128
2.59032
2.58918
2.58815
2.58693
2.58578
2.58442
2.58309
2.58147
2.57986
2.57792
2.5759
2.5735
2.57091
2.56793
2.56462
2.56101
2.55704
2.55273
2.54802
2.54306
2.53768
2.53203
2.52599
2.51965
2.51297
2.50604
2.49886
2.49144
2.48388
2.47617
2.46881
1.75423
2.36854
2.6399
2.63683
2.62345
2.60941
2.6045
2.60473
2.60476
2.6047
2.60425
2.60367
2.60259
2.60154
2.60036
2.59937
2.59813
2.59695
2.59552
2.59408
2.59246
2.59083
2.58903
2.58721
2.58522
2.58318
2.58099
2.57874
2.57633
2.57389
2.57128
2.56858
2.56565
2.56255
2.55918
2.55558
2.55171
2.54743
2.54278
2.53779
2.53247
2.52689
2.521
2.51482
2.5084
2.50164
2.49461
2.48729
2.47964
2.47234
1.34624
2.38276
2.64863
2.65826
2.63764
2.60698
2.59555
2.59402
2.5957
2.59701
2.59686
2.59633
2.59571
2.59444
2.59357
2.59233
2.5914
2.58984
2.58872
2.58693
2.58519
2.58333
2.58132
2.57924
2.57715
2.57517
2.57311
2.57106
2.56886
2.56655
2.56396
2.5613
2.55836
2.55535
2.55208
2.54873
2.54513
2.54152
2.53757
2.53351
2.52907
2.52438
2.51933
2.51392
2.50816
2.50209
2.49574
2.48915
2.48225
2.4756
1.34984
2.40575
2.6523
2.64686
2.62518
2.5944
2.58342
2.58369
2.58554
2.58757
2.58813
2.58795
2.5876
2.58695
2.58652
2.5861
2.5857
2.58518
2.58457
2.58384
2.58294
2.58192
2.5807
2.57934
2.57761
2.57559
2.57331
2.5708
2.56802
2.56514
2.56209
2.55893
2.55561
2.55216
2.54854
2.54476
2.54083
2.53672
2.53245
2.52799
2.52336
2.51855
2.51364
2.50855
2.50326
2.49777
2.492
2.48602
2.47974
2.47371
1.773
2.36862
2.63214
2.61302
2.60617
2.59048
2.58793
2.58859
2.58992
2.59105
2.59086
2.5905
2.59029
2.5899
2.58954
2.58921
2.5888
2.58841
2.58792
2.58742
2.58678
2.58605
2.58515
2.58413
2.58294
2.58162
2.58002
2.57823
2.57608
2.57358
2.57079
2.56766
2.56431
2.56065
2.55682
2.55269
2.54842
2.54387
2.53922
2.53428
2.52918
2.52384
2.51824
2.51252
2.50658
2.50056
2.49441
2.48817
2.48175
2.47564
1.80026
2.35105
2.62016
2.60094
2.59741
2.5874
2.58414
2.58431
2.58451
2.58482
2.58448
2.58369
2.58309
2.5821
2.58107
2.57983
2.57859
2.57726
2.57598
2.57462
2.57316
2.57167
2.57017
2.56867
2.56725
2.56573
2.56431
2.56268
2.56117
2.55962
2.55805
2.55646
2.55473
2.5529
2.55083
2.5486
2.54598
2.54298
2.53959
2.53595
2.53207
2.5279
2.52352
2.51881
2.51388
2.50859
2.503
2.49711
2.49097
2.48499
1.76521
2.37719
2.64461
2.61453
2.60871
2.59444
2.59109
2.59317
2.59463
2.59535
2.59507
2.5944
2.59337
2.59204
2.59075
2.5893
2.58777
2.58611
2.58447
2.58275
2.58104
2.57906
2.57697
2.57466
2.57232
2.56981
2.56724
2.56449
2.56168
2.55872
2.5558
2.55261
2.54952
2.54612
2.54277
2.53914
2.53565
2.53209
2.52859
2.52493
2.52111
2.51712
2.51297
2.50866
2.50419
2.49954
2.49476
2.48972
2.48455
2.4795
1.28516
2.48871
2.64196
2.63974
2.61478
2.58163
2.56943
2.56982
2.57263
2.57504
2.5765
2.57683
2.57719
2.57723
2.57721
2.57717
2.57703
2.57676
2.5763
2.57554
2.57461
2.57346
2.57218
2.57055
2.56911
2.56694
2.56538
2.56295
2.56063
2.55804
2.55532
2.55234
2.54928
2.546
2.54262
2.53903
2.53529
2.5314
2.52742
2.52326
2.51912
2.51489
2.51049
2.50586
2.50107
2.4961
2.49096
2.48565
2.48019
2.47497
1.77559
2.36226
2.63306
2.61253
2.60597
2.59035
2.58498
2.58576
2.58616
2.58776
2.58736
2.58712
2.58659
2.58607
2.58528
2.58472
2.58406
2.58341
2.58268
2.58179
2.58081
2.57969
2.57847
2.57707
2.57562
2.57395
2.57213
2.56991
2.5675
2.56475
2.56185
2.55884
2.55577
2.55254
2.54925
2.54575
2.54213
2.5383
2.5343
2.53014
2.52578
2.52111
2.51639
2.51143
2.50637
2.50112
2.49574
2.49023
2.48457
2.47919
1.77757
2.36057
2.63092
2.6104
2.6041
2.58878
2.58305
2.58407
2.58452
2.5856
2.58645
2.58614
2.58552
2.5846
2.58357
2.58267
2.58183
2.58084
2.57976
2.57844
2.57706
2.57559
2.57411
2.57254
2.57094
2.56917
2.56737
2.56561
2.56374
2.56188
2.55985
2.55761
2.55521
2.55254
2.54976
2.54677
2.54361
2.54029
2.53682
2.53317
2.52943
2.52547
2.52138
2.51708
2.51256
2.50792
2.50302
2.49806
2.49282
2.48781
1.28455
2.48539
2.63986
2.6375
2.61166
2.57691
2.56297
2.56225
2.56473
2.5668
2.56829
2.5686
2.5686
2.56843
2.56799
2.56733
2.56691
2.56639
2.56603
2.56545
2.56492
2.56397
2.56268
2.56145
2.55966
2.55823
2.55636
2.55464
2.55272
2.55073
2.54862
2.54638
2.54411
2.54171
2.53922
2.53664
2.53389
2.53105
2.528
2.52484
2.52149
2.518
2.51433
2.51051
2.50652
2.50236
2.49804
2.49355
2.4889
2.48441
1.76844
2.37208
2.6348
2.60392
2.59749
2.58177
2.57897
2.58112
2.58188
2.58364
2.58313
2.58258
2.58212
2.58158
2.581
2.5804
2.57958
2.57877
2.5777
2.57688
2.57579
2.57489
2.57351
2.57232
2.57064
2.5691
2.56726
2.56548
2.5635
2.56133
2.55894
2.55622
2.55344
2.55037
2.54726
2.544
2.5406
2.53721
2.53358
2.53
2.52611
2.52226
2.51815
2.51403
2.50974
2.50535
2.50083
2.49616
2.49135
2.48674
1.793
2.35955
2.61843
2.58917
2.58443
2.57265
2.57117
2.57279
2.57302
2.57281
2.57167
2.57075
2.57022
2.56981
2.56955
2.56918
2.56826
2.56713
2.56576
2.56496
2.56395
2.56336
2.56217
2.56117
2.55961
2.55825
2.55666
2.5552
2.55367
2.55206
2.55054
2.54866
2.54698
2.5449
2.54307
2.5408
2.53868
2.53608
2.53348
2.53051
2.52745
2.52422
2.52077
2.51729
2.51353
2.50978
2.50571
2.50167
2.4972
2.49311
1.79593
2.35721
2.61322
2.58467
2.58058
2.57023
2.56945
2.57019
2.57003
2.56861
2.56695
2.56601
2.56585
2.56574
2.56561
2.56518
2.56388
2.56212
2.56061
2.55966
2.55903
2.55841
2.5574
2.55579
2.55388
2.55192
2.55019
2.54851
2.54715
2.54522
2.54348
2.54093
2.53864
2.53579
2.53354
2.5308
2.52884
2.52607
2.52382
2.52075
2.51786
2.51458
2.51136
2.50802
2.50467
2.50116
2.49755
2.49364
2.48951
2.48554
1.77752
2.36006
2.61056
2.59442
2.58529
2.57234
2.56821
2.56763
2.56697
2.56594
2.56559
2.56527
2.56514
2.56489
2.56433
2.56302
2.56143
2.56009
2.55918
2.55861
2.55797
2.55691
2.55549
2.55371
2.55205
2.55039
2.54903
2.5475
2.54609
2.5441
2.54224
2.53966
2.5375
2.53476
2.53265
2.53
2.52785
2.52494
2.52242
2.51899
2.51606
2.51246
2.50932
2.50581
2.50245
2.49876
2.49502
2.4909
2.48668
2.48256
1.34442
2.37692
2.63532
2.63501
2.61247
2.57872
2.56486
2.56196
2.56341
2.56412
2.56397
2.56356
2.56308
2.56206
2.56139
2.56064
2.5598
2.5588
2.55765
2.55652
2.55537
2.55419
2.55294
2.55152
2.5499
2.54815
2.54621
2.54425
2.54218
2.53993
2.53772
2.53507
2.53264
2.52974
2.52711
2.52408
2.52136
2.51804
2.51519
2.51145
2.50832
2.50444
2.50099
2.49722
2.4935
2.48967
2.48567
2.48154
2.47722
2.47308
1.34527
2.38189
2.64968
2.65608
2.62946
2.59079
2.57276
2.56992
2.57166
2.57259
2.57337
2.57309
2.57242
2.57166
2.57052
2.56972
2.56864
2.56786
2.56666
2.56585
2.56459
2.5637
2.56225
2.56112
2.55938
2.55793
2.55598
2.55427
2.55229
2.55032
2.5483
2.54598
2.54379
2.54109
2.53867
2.53567
2.53307
2.52985
2.52706
2.52366
2.52054
2.51699
2.51345
2.50976
2.50589
2.50204
2.49791
2.49387
2.4895
2.48549
1.34454
2.37386
2.63225
2.63461
2.61137
2.57768
2.56244
2.56021
2.56168
2.56246
2.5628
2.56241
2.56154
2.56078
2.55961
2.55904
2.55803
2.55745
2.55629
2.55557
2.55429
2.55336
2.55202
2.55085
2.54936
2.54795
2.54631
2.54468
2.54298
2.54106
2.5393
2.53703
2.53515
2.53257
2.53048
2.52768
2.52534
2.52239
2.51979
2.51669
2.5138
2.5105
2.50727
2.50377
2.50022
2.49653
2.49268
2.48881
2.48467
2.48082
1.78174
2.34824
2.60896
2.59867
2.58513
2.56545
2.56034
2.56087
2.56231
2.56332
2.56309
2.56218
2.56093
2.55966
2.55867
2.55817
2.55763
2.55703
2.55591
2.55467
2.5532
2.55196
2.55082
2.54976
2.54868
2.54737
2.54586
2.54421
2.54246
2.54065
2.53902
2.53708
2.53552
2.53337
2.53159
2.52913
2.52698
2.52421
2.52188
2.51889
2.5165
2.51333
2.51069
2.50731
2.50418
2.50054
2.49695
2.49308
2.48919
2.48538
1.80137
2.34033
2.61104
2.58472
2.58063
2.56733
2.56234
2.56298
2.56432
2.56538
2.56545
2.56498
2.56366
2.56185
2.56043
2.55943
2.55884
2.55823
2.5574
2.55581
2.55414
2.55231
2.55082
2.54944
2.54826
2.5467
2.54508
2.543
2.54089
2.53882
2.53675
2.53478
2.53292
2.53069
2.52875
2.52611
2.52371
2.52085
2.51824
2.51535
2.51293
2.50981
2.50738
2.50376
2.5008
2.49688
2.49335
2.48947
2.48568
2.482
1.78802
2.35551
2.62316
2.59128
2.58503
2.57052
2.56692
2.56826
2.5701
2.57158
2.5717
2.57134
2.57044
2.56908
2.56773
2.5667
2.56589
2.56515
2.56424
2.56305
2.56149
2.55992
2.55832
2.55681
2.55548
2.55392
2.55237
2.55052
2.54854
2.54648
2.54444
2.54224
2.54036
2.53801
2.53605
2.5335
2.53124
2.52835
2.52597
2.5227
2.5205
2.51701
2.51475
2.51112
2.50833
2.50449
2.50112
2.49707
2.49344
2.48952
2.1729
2.34156
2.76722
2.85271
2.94854
2.88975
2.88256
2.87995
2.87213
2.87006
2.8711
2.87256
2.87287
2.87286
2.87301
2.87346
2.87408
2.87459
2.87488
2.87494
2.87404
2.87316
2.87114
2.86965
2.8658
2.8628
2.8581
2.85355
2.84766
2.84269
2.8365
2.83046
2.82378
2.8172
2.81
2.80354
2.79613
2.78886
2.78055
2.77254
2.76452
2.7567
2.74849
2.74055
2.73254
2.72471
2.71691
2.70903
2.7014
2.69378
2.68646
2.67924
2.6722
2.66547
2.6589
2.65252
2.64648
2.64059
2.63509
2.62997
2.62509
2.62085
2.61689
2.61355
2.61069
2.60837
2.6067
2.60558
2.60496
2.605
2.60515
2.60575
2.60628
2.60731
2.60887
2.61075
2.61292
2.61468
2.61681
2.61846
2.62015
2.62155
2.62274
2.62369
2.62431
2.62479
2.6249
2.62481
2.62459
2.62423
2.62352
2.62306
2.6222
2.62152
2.62053
2.61961
2.61871
2.61783
2.61703
2.6143
2.17998
2.25878
2.44841
2.62777
2.68863
2.74833
2.788
2.82208
2.84176
2.85869
2.86842
2.88159
2.88936
2.88884
2.88391
2.87649
2.86624
2.85546
2.84281
2.83069
2.81767
2.80507
2.79243
2.77984
2.76714
2.75418
2.74083
2.72776
2.71391
2.70123
2.68752
2.67511
2.66203
2.64984
2.63795
2.62689
2.61597
2.60471
2.59373
2.58254
2.57265
2.56232
2.55295
2.54313
2.53375
2.52432
2.51537
2.50664
2.49819
2.48991
2.48161
2.47374
2.4659
2.45873
2.45162
2.44518
2.43923
2.43335
2.42834
2.42324
2.4188
2.41472
2.41077
2.40775
2.40474
2.4026
2.40104
2.39984
2.39981
2.40022
2.40095
2.40251
2.40439
2.40678
2.41004
2.41399
2.41834
2.42302
2.42763
2.43239
2.43736
2.44196
2.44653
2.45097
2.45491
2.45862
2.46207
2.46502
2.46731
2.46926
2.47078
2.47166
2.47179
2.47162
2.47127
2.47025
2.46947
2.46778
2.46678
2.46235
2.2246
2.20991
2.27047
2.35385
2.41111
2.45505
2.48722
2.51572
2.53774
2.5554
2.56747
2.57782
2.58499
2.58823
2.58772
2.58597
2.58215
2.57773
2.57226
2.56627
2.55951
2.55252
2.54457
2.53708
2.52837
2.52025
2.51129
2.50269
2.494
2.48544
2.47675
2.46872
2.46021
2.45238
2.44419
2.43688
2.42951
2.42181
2.41346
2.40536
2.3975
2.38983
2.38192
2.37405
2.36621
2.35835
2.35073
2.34318
2.33546
2.32823
2.32079
2.31375
2.3069
2.30013
2.29379
2.28733
2.28148
2.27547
2.27013
2.26476
2.25999
2.25542
2.25129
2.24767
2.24433
2.24175
2.23941
2.23783
2.23669
2.23605
2.23606
2.23626
2.2367
2.23781
2.23906
2.24165
2.24378
2.24683
2.2491
2.25211
2.25429
2.25714
2.25907
2.26145
2.26319
2.265
2.26635
2.26776
2.26893
2.27011
2.27079
2.27237
2.27307
2.27446
2.2752
2.27687
2.27788
2.28034
2.28153
2.28406
2.256
2.21686
2.21284
2.23747
2.26922
2.29189
2.30708
2.31858
2.32862
2.3375
2.34478
2.35048
2.35471
2.35834
2.35991
2.36011
2.35999
2.35984
2.35952
2.35927
2.35867
2.35828
2.35738
2.35635
2.35511
2.3536
2.35163
2.34946
2.34687
2.34407
2.3408
2.33743
2.33354
2.3295
2.32535
2.32128
2.3171
2.31222
2.30694
2.30128
2.29575
2.29018
2.28445
2.27882
2.27308
2.26734
2.2617
2.25592
2.25029
2.2446
2.23904
2.23342
2.22808
2.22257
2.21743
2.21215
2.20724
2.20227
2.19777
2.19324
2.18925
2.18534
2.18198
2.17883
2.17619
2.17395
2.17218
2.17089
2.17017
2.1699
2.17019
2.17051
2.17122
2.1721
2.17379
2.17585
2.17826
2.18072
2.18319
2.18557
2.18779
2.18995
2.19169
2.19358
2.19465
2.1961
2.19657
2.19743
2.19763
2.19771
2.19769
2.19758
2.19721
2.19672
2.19578
2.19478
2.19386
2.19289
2.19242
2.19025
2.27167
2.23725
2.21576
2.20824
2.2156
2.22068
2.22311
2.22403
2.2249
2.22691
2.22908
2.2318
2.23316
2.23521
2.23726
2.23988
2.24164
2.24416
2.24632
2.24919
2.25172
2.2545
2.25697
2.25911
2.2611
2.26216
2.2633
2.26347
2.26322
2.26261
2.26169
2.26017
2.25838
2.25621
2.25398
2.25167
2.2493
2.24625
2.24255
2.23854
2.23435
2.23021
2.22571
2.22126
2.21646
2.21168
2.20683
2.20182
2.19693
2.19181
2.18675
2.18169
2.17664
2.17168
2.16699
2.16215
2.15793
2.15332
2.14953
2.14534
2.1421
2.13847
2.13583
2.13305
2.13083
2.12892
2.12731
2.1261
2.12535
2.12484
2.12479
2.12465
2.12473
2.12501
2.12578
2.1265
2.12792
2.12893
2.13012
2.13124
2.13191
2.13283
2.13314
2.13361
2.13368
2.13372
2.1336
2.13348
2.13323
2.13294
2.13282
2.13267
2.13255
2.13241
2.13224
2.13221
2.1323
2.13257
2.13343
2.1331
2.29488
2.25103
2.22678
2.20701
2.19701
2.19054
2.1848
2.17908
2.17406
2.17035
2.16826
2.16767
2.1679
2.16817
2.16907
2.17109
2.17347
2.17652
2.17915
2.18277
2.18579
2.18979
2.19277
2.19651
2.19898
2.20199
2.20351
2.20554
2.20604
2.20705
2.20686
2.20642
2.20543
2.20436
2.20273
2.20141
2.19957
2.19722
2.19416
2.19069
2.18711
2.18329
2.17936
2.17534
2.17101
2.16682
2.16225
2.15791
2.15323
2.14875
2.14397
2.13937
2.13461
2.13
2.1254
2.121
2.11655
2.11255
2.1083
2.10472
2.10085
2.09775
2.09446
2.09197
2.0894
2.08769
2.0859
2.08511
2.08418
2.08422
2.08432
2.08455
2.08514
2.08591
2.08745
2.08901
2.09096
2.09294
2.09495
2.09683
2.09847
2.09991
2.10103
2.10178
2.10234
2.10237
2.10222
2.10179
2.10128
2.10025
2.09938
2.09839
2.09717
2.09607
2.09465
2.0935
2.09245
2.09154
2.09129
2.08957
2.31785
2.27812
2.24452
2.21995
2.19967
2.18464
2.17246
2.16186
2.15255
2.14481
2.13896
2.13506
2.13287
2.13211
2.13218
2.13246
2.13402
2.13681
2.13973
2.14308
2.14653
2.15022
2.15389
2.15751
2.16097
2.16393
2.16671
2.16866
2.17049
2.17135
2.17211
2.17209
2.17155
2.17066
2.16963
2.16851
2.16713
2.16509
2.16242
2.1595
2.15616
2.15291
2.14924
2.14574
2.14184
2.13814
2.13401
2.13021
2.12591
2.12198
2.11753
2.11347
2.10892
2.10491
2.10045
2.09655
2.09237
2.08867
2.08477
2.08144
2.07786
2.07498
2.07186
2.06961
2.0671
2.06563
2.06382
2.06321
2.06226
2.06235
2.06242
2.06261
2.06309
2.06406
2.06536
2.06713
2.06893
2.07103
2.07312
2.07515
2.07713
2.07875
2.08029
2.08149
2.08232
2.08306
2.08321
2.08307
2.0828
2.08227
2.08136
2.08049
2.07931
2.07784
2.07658
2.07481
2.07357
2.07195
2.07146
2.06877
2.33433
2.29993
2.26698
2.23828
2.21439
2.19538
2.17801
2.16322
2.15022
2.13972
2.13066
2.12435
2.11945
2.11701
2.11541
2.11537
2.11541
2.11629
2.11833
2.12149
2.12466
2.12828
2.13158
2.13526
2.1385
2.14178
2.14453
2.14708
2.14888
2.15049
2.1512
2.1517
2.15143
2.15079
2.15005
2.14926
2.14799
2.14631
2.1438
2.1412
2.13804
2.13495
2.1314
2.12804
2.12421
2.12067
2.11669
2.11301
2.10887
2.1051
2.10076
2.09692
2.0926
2.08872
2.08462
2.08084
2.07697
2.07342
2.06981
2.0666
2.06331
2.06062
2.05777
2.0557
2.05342
2.05206
2.05046
2.0499
2.04908
2.04916
2.0492
2.04938
2.04983
2.05078
2.05201
2.05362
2.05531
2.05721
2.05922
2.06109
2.06303
2.06473
2.06615
2.06754
2.06839
2.06915
2.06959
2.06956
2.06937
2.06909
2.06863
2.06757
2.06676
2.06518
2.0641
2.06217
2.0611
2.05922
2.05865
2.05544
2.34869
2.31712
2.28616
2.2565
2.23049
2.20758
2.1885
2.17216
2.15738
2.14463
2.13359
2.12474
2.1179
2.11305
2.10995
2.10807
2.10718
2.10685
2.10718
2.10854
2.11117
2.11405
2.11735
2.12042
2.1236
2.12645
2.12929
2.13159
2.13365
2.13509
2.1361
2.13653
2.13645
2.13593
2.13526
2.13454
2.13334
2.13164
2.1293
2.12677
2.12374
2.12073
2.11722
2.11387
2.11012
2.10656
2.10273
2.099
2.09516
2.09121
2.08739
2.08328
2.07952
2.07547
2.07187
2.068
2.06466
2.06103
2.05796
2.05471
2.05196
2.04925
2.04691
2.04479
2.04301
2.04153
2.04042
2.0397
2.03926
2.03928
2.03932
2.03952
2.04001
2.04093
2.04221
2.04356
2.04517
2.04686
2.04854
2.05038
2.05193
2.05357
2.0549
2.05604
2.05706
2.05765
2.05819
2.05827
2.0582
2.05808
2.05784
2.05717
2.05663
2.05545
2.05473
2.05324
2.05245
2.05099
2.05063
2.04783
2.36466
2.33509
2.30553
2.27609
2.24898
2.22445
2.20295
2.18403
2.16753
2.15292
2.14064
2.12998
2.1215
2.11464
2.1098
2.10631
2.10424
2.10306
2.10273
2.10274
2.10349
2.105
2.10762
2.11026
2.11316
2.11574
2.11829
2.12036
2.12228
2.12358
2.12463
2.12506
2.12508
2.12468
2.12427
2.1236
2.12264
2.121
2.11896
2.11654
2.11387
2.11094
2.10781
2.10447
2.10099
2.0974
2.0937
2.08998
2.08617
2.08235
2.07851
2.0746
2.07085
2.06692
2.06342
2.05957
2.05643
2.05278
2.05004
2.04671
2.04439
2.04152
2.03968
2.0374
2.03614
2.03454
2.03396
2.03316
2.03318
2.03323
2.03337
2.03371
2.03445
2.03548
2.0368
2.0383
2.0398
2.04157
2.04323
2.04495
2.04666
2.04814
2.04961
2.05087
2.05191
2.05282
2.05349
2.05395
2.05411
2.05441
2.05443
2.05422
2.05393
2.05321
2.05272
2.05165
2.05112
2.05002
2.04981
2.04729
2.38142
2.35331
2.32446
2.29553
2.26788
2.2425
2.21954
2.19915
2.18104
2.16508
2.15101
2.13893
2.1286
2.12017
2.11348
2.10845
2.10477
2.10235
2.10084
2.10034
2.1004
2.10091
2.10236
2.10416
2.10668
2.10905
2.11148
2.1135
2.11557
2.11695
2.1184
2.11896
2.11952
2.11948
2.11937
2.11905
2.11837
2.11695
2.1152
2.11294
2.11054
2.10771
2.10482
2.1015
2.09821
2.09458
2.09103
2.08722
2.08353
2.07965
2.07589
2.07202
2.06829
2.06446
2.06096
2.05721
2.05409
2.05056
2.04786
2.0447
2.04243
2.03976
2.03798
2.03591
2.03474
2.03335
2.03289
2.03235
2.03249
2.03262
2.03289
2.03338
2.03435
2.03557
2.03696
2.03857
2.04012
2.04188
2.04359
2.04525
2.04698
2.0485
2.04995
2.05129
2.05241
2.05339
2.05413
2.05481
2.05501
2.05541
2.05571
2.05561
2.05541
2.05488
2.05448
2.05359
2.05316
2.05226
2.05216
2.04981
2.40375
2.37623
2.34737
2.31817
2.28982
2.26334
2.23913
2.21724
2.19764
2.1802
2.16472
2.15117
2.13941
2.12948
2.12116
2.11465
2.1095
2.10586
2.10319
2.10167
2.10088
2.10097
2.10137
2.10244
2.10427
2.10658
2.10906
2.1114
2.11367
2.11535
2.117
2.11791
2.11864
2.11901
2.11911
2.11891
2.11835
2.11712
2.11551
2.1135
2.1112
2.10861
2.10574
2.10262
2.09933
2.09581
2.09228
2.0885
2.08483
2.08099
2.07718
2.07346
2.06961
2.06605
2.06234
2.059
2.05558
2.05252
2.04954
2.0468
2.04437
2.04204
2.04023
2.03844
2.03729
2.03616
2.03578
2.0354
2.0356
2.03577
2.03614
2.03679
2.03783
2.03916
2.04052
2.04214
2.04372
2.04539
2.04711
2.04872
2.05034
2.05187
2.05328
2.05459
2.05568
2.0568
2.05746
2.05814
2.05878
2.05906
2.05972
2.05996
2.06
2.05991
2.05974
2.05929
2.05907
2.05859
2.05868
2.05668
2.42864
2.40292
2.37533
2.34648
2.31803
2.29086
2.2656
2.24255
2.22157
2.20283
2.18594
2.17117
2.15797
2.14684
2.13709
2.12934
2.12293
2.11815
2.11448
2.11208
2.11053
2.10997
2.1102
2.11088
2.11187
2.11397
2.11595
2.11849
2.12086
2.12293
2.12473
2.12597
2.12695
2.12767
2.12819
2.12808
2.12762
2.12669
2.12505
2.12339
2.12099
2.1187
2.11567
2.11275
2.10927
2.10586
2.10211
2.09841
2.09449
2.09069
2.08667
2.08292
2.0789
2.07532
2.07143
2.0681
2.06446
2.06148
2.05824
2.05567
2.053
2.05092
2.04888
2.04743
2.04608
2.04537
2.0448
2.04481
2.04495
2.04519
2.04572
2.04654
2.04779
2.04914
2.05067
2.05228
2.05389
2.05564
2.05726
2.05894
2.06058
2.06205
2.06352
2.06482
2.06591
2.06694
2.06769
2.06818
2.06855
2.06879
2.06891
2.06876
2.06847
2.06776
2.06726
2.06617
2.06563
2.0645
2.06435
2.06188
2.44784
2.42586
2.40125
2.37485
2.34779
2.32157
2.29636
2.27309
2.25139
2.23185
2.21396
2.19811
2.18387
2.17146
2.16064
2.15147
2.14396
2.13785
2.13314
2.12964
2.12718
2.12573
2.12506
2.12525
2.12596
2.12689
2.12869
2.1306
2.13274
2.13475
2.13648
2.13774
2.13839
2.139
2.13893
2.13852
2.13752
2.13624
2.1343
2.13237
2.12982
2.12727
2.12426
2.12114
2.11781
2.11432
2.11075
2.10717
2.10342
2.0999
2.09611
2.09265
2.08895
2.08564
2.0821
2.07905
2.07573
2.07308
2.07005
2.0679
2.0653
2.06365
2.06163
2.06052
2.05918
2.05872
2.05813
2.05817
2.05823
2.05841
2.05882
2.05967
2.06067
2.06191
2.06313
2.06449
2.06583
2.06718
2.06857
2.06978
2.07107
2.07218
2.07313
2.07407
2.07464
2.07518
2.0754
2.07534
2.07517
2.07482
2.07437
2.07378
2.07304
2.07159
2.07077
2.06917
2.06839
2.06688
2.0666
2.06377
2.45706
2.43909
2.4182
2.39547
2.37146
2.34766
2.3243
2.30212
2.28123
2.2618
2.24393
2.2276
2.21281
2.19958
2.18782
2.17756
2.16876
2.16139
2.15531
2.15049
2.14667
2.14395
2.14192
2.14083
2.14019
2.14023
2.14056
2.14088
2.14169
2.14215
2.14281
2.14301
2.14297
2.14277
2.14221
2.14118
2.13986
2.13804
2.13619
2.13369
2.13144
2.12829
2.12575
2.12212
2.11927
2.11539
2.11233
2.10839
2.10526
2.10139
2.09832
2.09455
2.09163
2.08806
2.08533
2.08209
2.07963
2.0768
2.07467
2.07237
2.07058
2.06889
2.06751
2.06648
2.0656
2.06529
2.06495
2.06503
2.06514
2.0654
2.06592
2.06676
2.06773
2.06879
2.06988
2.07096
2.07205
2.07316
2.07417
2.07516
2.07617
2.07696
2.0776
2.07823
2.07848
2.07844
2.07827
2.07775
2.07706
2.07625
2.07496
2.07401
2.07236
2.07044
2.06902
2.06673
2.0655
2.06349
2.06304
2.05983
2.45918
2.44337
2.42508
2.40487
2.38362
2.36213
2.34093
2.32037
2.30076
2.28217
2.26479
2.24863
2.23372
2.22006
2.20768
2.19647
2.18663
2.17793
2.17058
2.1642
2.15902
2.15466
2.15124
2.1485
2.14644
2.14494
2.14382
2.14311
2.14265
2.14244
2.14225
2.14206
2.14164
2.14088
2.14004
2.13866
2.13724
2.13521
2.13322
2.13075
2.1282
2.12539
2.1224
2.1193
2.11604
2.11271
2.10938
2.10594
2.10269
2.09928
2.09618
2.09289
2.09007
2.0869
2.08443
2.08151
2.0794
2.07684
2.07517
2.07303
2.07181
2.07021
2.06942
2.06839
2.06808
2.06769
2.0677
2.06774
2.06788
2.0682
2.0688
2.06958
2.07043
2.07128
2.07214
2.073
2.07385
2.07471
2.07555
2.07625
2.0769
2.07753
2.07789
2.07793
2.07784
2.07753
2.07715
2.07622
2.07529
2.07409
2.07252
2.07133
2.06943
2.06766
2.066
2.06394
2.0628
2.06107
2.06075
2.05799
2.46208
2.44742
2.43064
2.41189
2.39211
2.37195
2.35198
2.33243
2.31364
2.2956
2.27859
2.26248
2.24752
2.23354
2.22068
2.20883
2.19811
2.18847
2.17993
2.17246
2.16597
2.16049
2.15577
2.1519
2.14856
2.14589
2.14375
2.14211
2.14082
2.13979
2.13897
2.13819
2.13732
2.13641
2.13518
2.13392
2.13219
2.13051
2.12819
2.12615
2.12326
2.12096
2.11767
2.1151
2.11161
2.1088
2.10523
2.10234
2.0988
2.09598
2.09259
2.08993
2.0868
2.08437
2.0816
2.07944
2.07708
2.07529
2.07344
2.07203
2.07077
2.06972
2.06909
2.06842
2.06834
2.06816
2.06824
2.06836
2.06863
2.0691
2.06977
2.07048
2.07118
2.07187
2.07256
2.07325
2.07393
2.07461
2.07527
2.07584
2.07638
2.07689
2.0772
2.07724
2.07716
2.07695
2.07662
2.07577
2.07514
2.07399
2.07278
2.07177
2.07013
2.06863
2.06716
2.06546
2.06447
2.06304
2.06288
2.06045
2.46298
2.44986
2.43466
2.41771
2.39958
2.38094
2.36213
2.34357
2.32547
2.30796
2.29119
2.27522
2.26008
2.24582
2.23243
2.21996
2.2084
2.19783
2.18822
2.17953
2.17179
2.16488
2.15879
2.15354
2.14901
2.14527
2.14205
2.13947
2.13725
2.13554
2.13401
2.13281
2.13157
2.13047
2.12915
2.12784
2.12624
2.12451
2.12259
2.12037
2.11813
2.11552
2.11296
2.11011
2.10725
2.10428
2.10125
2.09822
2.09521
2.09225
2.08934
2.08663
2.08387
2.0815
2.07901
2.07703
2.07488
2.07338
2.07168
2.07064
2.0695
2.0689
2.06835
2.06816
2.06817
2.06826
2.06843
2.06878
2.06925
2.06994
2.07065
2.07134
2.072
2.07263
2.07323
2.07383
2.0744
2.07494
2.07551
2.07604
2.07645
2.07684
2.07719
2.07734
2.07732
2.07725
2.07704
2.07652
2.07615
2.07529
2.07473
2.07372
2.07272
2.07137
2.07038
2.06892
2.06816
2.06698
2.06692
2.06449
2.45727
2.44605
2.43269
2.41735
2.4007
2.3835
2.36598
2.34857
2.33132
2.31449
2.2981
2.28233
2.26715
2.25271
2.23893
2.22596
2.21367
2.20229
2.1917
2.18203
2.17317
2.16519
2.15803
2.15167
2.14607
2.14124
2.13704
2.13355
2.13054
2.12806
2.12596
2.12416
2.12267
2.12111
2.11983
2.11819
2.11681
2.1149
2.11322
2.11095
2.10895
2.10632
2.10405
2.10114
2.09864
2.09562
2.09297
2.08991
2.08728
2.08429
2.0818
2.07903
2.07674
2.07434
2.07233
2.07039
2.06875
2.0673
2.06615
2.06521
2.06462
2.06418
2.06415
2.06426
2.06449
2.06477
2.06535
2.06601
2.06683
2.06766
2.06844
2.06915
2.06983
2.07043
2.07097
2.0715
2.07198
2.07241
2.07285
2.07327
2.07358
2.07384
2.07409
2.07423
2.07425
2.07421
2.07409
2.0738
2.07354
2.07293
2.07258
2.0717
2.07114
2.06992
2.06924
2.06782
2.06723
2.06604
2.06596
2.06319
2.4564
2.44471
2.43145
2.41661
2.40082
2.38439
2.36764
2.35086
2.33422
2.31786
2.30183
2.28625
2.27115
2.2566
2.24264
2.22929
2.21661
2.20462
2.19343
2.18298
2.17338
2.16455
2.15661
2.14944
2.14306
2.13738
2.1324
2.12812
2.12436
2.12127
2.1185
2.1164
2.1143
2.11282
2.11102
2.10965
2.10786
2.10635
2.10432
2.10255
2.10021
2.09814
2.09554
2.0932
2.09041
2.08791
2.08502
2.08245
2.07961
2.07707
2.07444
2.07202
2.06973
2.06758
2.06566
2.06393
2.06242
2.06122
2.0602
2.05956
2.05906
2.05896
2.05904
2.05929
2.05954
2.06007
2.0608
2.06168
2.06255
2.06337
2.06412
2.0648
2.06541
2.06595
2.06642
2.06686
2.06723
2.06756
2.06788
2.06816
2.06835
2.06849
2.06861
2.06873
2.06879
2.06878
2.06873
2.06864
2.06841
2.06812
2.06786
2.06719
2.06673
2.0657
2.06512
2.0639
2.06339
2.06231
2.06226
2.05955
2.45995
2.44793
2.43425
2.41923
2.4033
2.387
2.37058
2.35407
2.33771
2.32151
2.30566
2.2901
2.27505
2.26038
2.24632
2.23274
2.21977
2.20744
2.19581
2.18489
2.17478
2.16535
2.15685
2.14896
2.14207
2.1357
2.13036
2.12546
2.12153
2.11785
2.11503
2.11232
2.11033
2.10823
2.1066
2.10483
2.10329
2.10149
2.09984
2.0978
2.09593
2.09362
2.09147
2.08894
2.08658
2.08391
2.08143
2.07874
2.07625
2.07371
2.07131
2.06904
2.06686
2.0649
2.06311
2.06155
2.06024
2.05918
2.0584
2.05787
2.05761
2.05765
2.05781
2.05801
2.0585
2.05917
2.06001
2.06085
2.06165
2.06238
2.06303
2.06362
2.06411
2.06451
2.06487
2.06519
2.06544
2.06565
2.06584
2.06598
2.06606
2.06612
2.06617
2.06625
2.06635
2.06639
2.06638
2.06634
2.06629
2.06613
2.06593
2.06544
2.0651
2.06432
2.06387
2.0629
2.06251
2.06167
2.06174
2.05921
2.46418
2.4532
2.4404
2.42606
2.41062
2.39462
2.3784
2.36216
2.34597
2.33
2.31424
2.29882
2.28372
2.26907
2.25483
2.24114
2.22789
2.21534
2.2033
2.19204
2.1814
2.17152
2.16235
2.15391
2.14624
2.13925
2.13304
2.12741
2.12251
2.11818
2.11447
2.1112
2.10843
2.106
2.10392
2.10194
2.10012
2.09829
2.09642
2.09456
2.09249
2.09048
2.08821
2.08601
2.08359
2.08127
2.07882
2.07644
2.07408
2.07179
2.06961
2.06753
2.06561
2.06387
2.06232
2.06099
2.05994
2.05911
2.0586
2.05827
2.05829
2.05838
2.05858
2.05909
2.05975
2.06057
2.0614
2.06218
2.06291
2.06353
2.0641
2.0646
2.06493
2.06527
2.06551
2.06571
2.06583
2.06593
2.06595
2.06595
2.06591
2.06587
2.06587
2.06588
2.06593
2.06599
2.06605
2.06605
2.06603
2.06593
2.0658
2.06545
2.06518
2.06459
2.06423
2.06345
2.06314
2.06244
2.06259
2.06001
2.46321
2.45315
2.44127
2.42788
2.41347
2.39843
2.38308
2.36756
2.35204
2.33659
2.32125
2.30618
2.29122
2.27678
2.26242
2.24878
2.23522
2.22252
2.20995
2.19837
2.187
2.17663
2.1666
2.15755
2.1489
2.14125
2.13397
2.12771
2.12181
2.11681
2.1122
2.10832
2.10484
2.10185
2.09918
2.09682
2.0947
2.0927
2.09082
2.0889
2.08699
2.08501
2.08297
2.08087
2.07875
2.07657
2.07445
2.07231
2.07028
2.06828
2.06642
2.06465
2.06307
2.06165
2.06047
2.0595
2.05879
2.05833
2.05813
2.05818
2.0583
2.05856
2.05918
2.05996
2.06081
2.06164
2.06249
2.06315
2.06385
2.06438
2.06484
2.06518
2.06545
2.06566
2.06577
2.06589
2.0659
2.06587
2.06579
2.06563
2.06549
2.06537
2.0653
2.06525
2.06524
2.06523
2.06522
2.06517
2.06509
2.06488
2.06472
2.06433
2.06406
2.06347
2.06311
2.06233
2.06202
2.06129
2.06145
2.05892
2.46515
2.45494
2.44326
2.43012
2.41607
2.40136
2.38641
2.3712
2.35601
2.34081
2.32567
2.31077
2.29589
2.2815
2.26712
2.25339
2.23972
2.22678
2.21401
2.20201
2.19038
2.17944
2.16912
2.15937
2.15045
2.14206
2.13452
2.12756
2.12138
2.11579
2.11088
2.10651
2.10272
2.09941
2.09652
2.09401
2.09169
2.08966
2.08763
2.08579
2.08383
2.08199
2.08
2.07812
2.07607
2.07417
2.07215
2.07029
2.06839
2.06667
2.06498
2.06349
2.06212
2.06097
2.06002
2.05931
2.05886
2.05866
2.0587
2.05881
2.05909
2.05975
2.06064
2.0615
2.06242
2.06324
2.06403
2.0647
2.06532
2.06577
2.06618
2.06638
2.0666
2.06669
2.06675
2.06674
2.06667
2.06652
2.06631
2.06606
2.06586
2.06563
2.06551
2.06534
2.06527
2.06514
2.06507
2.0649
2.06478
2.06453
2.06436
2.064
2.06377
2.06326
2.06297
2.06235
2.06211
2.06161
2.06185
2.05949
2.47479
2.4647
2.45316
2.44007
2.4263
2.41172
2.39714
2.38213
2.36726
2.35223
2.33731
2.32244
2.30775
2.29325
2.27902
2.26509
2.25144
2.2382
2.22535
2.21299
2.20119
2.18982
2.17917
2.1689
2.1594
2.15029
2.14196
2.13409
2.12695
2.12043
2.11456
2.10937
2.10471
2.10071
2.09712
2.09407
2.09131
2.0889
2.08668
2.08463
2.08267
2.08077
2.07892
2.07707
2.07528
2.07348
2.07181
2.07012
2.0686
2.06707
2.06577
2.0645
2.06348
2.06259
2.06198
2.06156
2.06142
2.06151
2.06162
2.06206
2.06285
2.06376
2.06475
2.0657
2.06665
2.06746
2.06833
2.06888
2.06958
2.06984
2.07025
2.07036
2.07044
2.07052
2.0705
2.07039
2.07024
2.06988
2.06967
2.06924
2.06902
2.06861
2.06842
2.06806
2.06791
2.06758
2.06743
2.0671
2.06693
2.06657
2.06636
2.06593
2.06569
2.06518
2.06491
2.06429
2.06408
2.0636
2.06364
2.06107
2.47061
2.46214
2.45204
2.44001
2.42742
2.41392
2.40034
2.38624
2.37217
2.35782
2.3436
2.3292
2.31502
2.30077
2.28679
2.27288
2.25925
2.24582
2.23275
2.21995
2.20759
2.19559
2.1841
2.17305
2.16253
2.15263
2.14325
2.13459
2.1265
2.11911
2.11232
2.10619
2.1007
2.0958
2.09148
2.08769
2.08432
2.08142
2.07876
2.07648
2.07428
2.0724
2.07049
2.06884
2.06717
2.0657
2.06426
2.06298
2.06181
2.06075
2.0599
2.05913
2.05867
2.0583
2.05831
2.05843
2.05879
2.05912
2.06001
2.06113
2.06224
2.06353
2.06466
2.06595
2.06694
2.06818
2.06888
2.06988
2.07033
2.07089
2.07117
2.07131
2.07155
2.07161
2.07155
2.07134
2.07112
2.07064
2.07036
2.0698
2.06945
2.06889
2.06855
2.06794
2.06766
2.06704
2.06672
2.06606
2.06571
2.06498
2.06459
2.06378
2.06336
2.06248
2.062
2.06097
2.06048
2.05939
2.05911
2.0558
2.46587
2.45704
2.44698
2.43553
2.42346
2.41062
2.39755
2.38409
2.37047
2.35664
2.34277
2.32875
2.31476
2.30073
2.28678
2.27293
2.25921
2.24571
2.23233
2.2193
2.2065
2.19413
2.1821
2.17057
2.15949
2.14893
2.13888
2.12946
2.12061
2.11242
2.10485
2.09798
2.09175
2.08616
2.08121
2.07683
2.07302
2.0697
2.06684
2.0644
2.06217
2.06029
2.05851
2.05691
2.05551
2.0541
2.05297
2.05179
2.05085
2.04998
2.04921
2.04873
2.04833
2.04833
2.04848
2.04872
2.04932
2.05039
2.05172
2.05302
2.0546
2.05594
2.05761
2.05889
2.06054
2.06156
2.06298
2.06371
2.06471
2.06516
2.06563
2.06593
2.06634
2.06644
2.06637
2.06621
2.06583
2.06549
2.06492
2.0644
2.06372
2.0631
2.06238
2.06165
2.06094
2.0601
2.05937
2.05853
2.05776
2.05699
2.05626
2.05559
2.05498
2.05435
2.0539
2.05347
2.05323
2.05301
2.05328
2.05111
2.46995
2.46065
2.45006
2.43819
2.42573
2.4127
2.39944
2.38593
2.37225
2.35844
2.34453
2.33054
2.3165
2.30247
2.28845
2.27456
2.26074
2.24709
2.23361
2.22035
2.20737
2.19472
2.18243
2.17056
2.15912
2.14823
2.13782
2.12804
2.11883
2.11026
2.10234
2.0951
2.0885
2.08262
2.07743
2.07289
2.06898
2.06557
2.06267
2.0601
2.05797
2.05605
2.05441
2.05302
2.05169
2.05059
2.04963
2.04868
2.04798
2.04721
2.04673
2.04634
2.0462
2.04621
2.04643
2.04702
2.04793
2.04907
2.05026
2.05166
2.053
2.05449
2.05586
2.05736
2.05854
2.05987
2.06078
2.06171
2.06231
2.0628
2.06308
2.06351
2.06373
2.06368
2.0635
2.06313
2.06267
2.06208
2.06137
2.06063
2.0598
2.05891
2.05804
2.05715
2.05623
2.0554
2.05466
2.05395
2.05335
2.05292
2.05258
2.05228
2.05211
2.05208
2.0521
2.05217
2.05245
2.05264
2.05364
2.05218
2.47895
2.47012
2.45965
2.44792
2.43541
2.42236
2.40896
2.39538
2.3816
2.36772
2.35367
2.33958
2.32544
2.31126
2.29717
2.28311
2.26917
2.25534
2.2417
2.22818
2.21495
2.20201
2.18937
2.17716
2.16531
2.15397
2.14308
2.13275
2.12301
2.11384
2.1054
2.09757
2.09048
2.08409
2.07835
2.0733
2.06888
2.06504
2.06183
2.05908
2.05679
2.05487
2.05334
2.05194
2.05094
2.05003
2.04931
2.04868
2.04827
2.04776
2.04766
2.04742
2.04753
2.0479
2.04861
2.04952
2.05053
2.05184
2.05295
2.05456
2.05571
2.05742
2.05851
2.06012
2.06098
2.06237
2.0629
2.06388
2.06425
2.06451
2.06484
2.06515
2.06513
2.06498
2.06463
2.06414
2.06352
2.06277
2.06195
2.06106
2.06005
2.05906
2.0581
2.05711
2.05613
2.05528
2.05457
2.05387
2.05327
2.05298
2.05296
2.05301
2.05327
2.05358
2.05435
2.05488
2.05614
2.05677
2.05897
2.05824
2.47655
2.46872
2.45936
2.44873
2.43718
2.42497
2.41241
2.39947
2.38626
2.37286
2.35921
2.34544
2.33156
2.31758
2.30362
2.28966
2.27572
2.26191
2.24814
2.23459
2.22118
2.2081
2.19525
2.18281
2.17072
2.15909
2.14787
2.13727
2.12709
2.11765
2.10875
2.10055
2.09304
2.0862
2.0801
2.07469
2.06999
2.0659
2.06254
2.05958
2.05732
2.05534
2.0539
2.05268
2.05194
2.05126
2.05097
2.05062
2.05053
2.05039
2.05049
2.05085
2.0515
2.05241
2.05348
2.0547
2.05604
2.05751
2.05892
2.06057
2.06187
2.06353
2.06464
2.06612
2.06694
2.06813
2.06853
2.06935
2.06949
2.06966
2.06999
2.07001
2.06989
2.06959
2.06906
2.06843
2.0677
2.06682
2.06588
2.06489
2.06383
2.06283
2.06184
2.06084
2.05992
2.05913
2.05839
2.05773
2.05736
2.05731
2.0574
2.05758
2.05814
2.05863
2.05967
2.0603
2.0617
2.06235
2.0645
2.06359
2.4787
2.47072
2.46119
2.45065
2.43931
2.42732
2.41504
2.40235
2.38942
2.37627
2.3628
2.34926
2.33549
2.32164
2.30778
2.29385
2.27997
2.26609
2.25237
2.23869
2.22538
2.21215
2.19941
2.18684
2.17477
2.16302
2.15176
2.14098
2.13069
2.12103
2.11187
2.10344
2.09559
2.08842
2.08198
2.07615
2.0711
2.06665
2.06292
2.05977
2.05723
2.0552
2.05372
2.05261
2.05201
2.05166
2.05157
2.05157
2.05166
2.05198
2.05267
2.0535
2.05482
2.05598
2.05764
2.05901
2.06095
2.06242
2.06442
2.06588
2.06772
2.06901
2.07059
2.07156
2.07278
2.0734
2.07408
2.07441
2.07446
2.07463
2.07468
2.07458
2.07429
2.07376
2.07313
2.07235
2.07148
2.07051
2.06948
2.06845
2.06738
2.06631
2.06533
2.06437
2.0634
2.06259
2.06192
2.06126
2.06082
2.06073
2.0608
2.06098
2.06153
2.06198
2.06301
2.06372
2.06507
2.06586
2.0681
2.06723
2.48536
2.47804
2.4692
2.45909
2.44824
2.43659
2.42474
2.41235
2.39977
2.38681
2.37357
2.36016
2.34654
2.33279
2.319
2.30508
2.29121
2.27725
2.26352
2.2497
2.23624
2.22276
2.20973
2.19675
2.18431
2.17201
2.1603
2.14889
2.13806
2.12773
2.11795
2.10884
2.10029
2.09253
2.08534
2.07901
2.07331
2.06841
2.0642
2.0607
2.05786
2.05569
2.05407
2.05309
2.05259
2.05253
2.05257
2.05272
2.05331
2.05398
2.05544
2.05655
2.05852
2.06004
2.06227
2.06404
2.06643
2.06816
2.07057
2.07208
2.07427
2.07546
2.07728
2.07812
2.07949
2.07988
2.08074
2.08078
2.08085
2.08103
2.08099
2.08079
2.08043
2.07976
2.07907
2.07824
2.07726
2.07629
2.07518
2.07411
2.07303
2.07199
2.07096
2.07004
2.06915
2.06829
2.06765
2.06708
2.06657
2.06641
2.06645
2.06661
2.06704
2.06763
2.06826
2.06898
2.07022
2.07091
2.07257
2.07106
2.47807
2.47134
2.46311
2.45355
2.44315
2.43203
2.42068
2.40871
2.39648
2.38378
2.37095
2.35777
2.34455
2.33098
2.31742
2.30364
2.28982
2.27601
2.26217
2.24844
2.23473
2.22112
2.20777
2.19442
2.1816
2.16872
2.15658
2.14443
2.1331
2.12195
2.11155
2.10164
2.09237
2.08382
2.07592
2.06885
2.06246
2.05694
2.05215
2.04818
2.04499
2.04256
2.04088
2.03989
2.03964
2.03972
2.03993
2.04043
2.04161
2.04307
2.04496
2.04709
2.04922
2.05184
2.05412
2.05696
2.05922
2.06198
2.0641
2.06655
2.06833
2.07049
2.07176
2.07353
2.07435
2.07556
2.07608
2.07646
2.07681
2.07718
2.07737
2.07728
2.07705
2.07652
2.0761
2.07529
2.07455
2.07363
2.07259
2.07173
2.07062
2.06973
2.06875
2.06781
2.06695
2.06613
2.06537
2.0647
2.06422
2.06378
2.0636
2.06366
2.06384
2.06411
2.06462
2.06521
2.06597
2.0666
2.06779
2.06581
2.47507
2.46837
2.45951
2.44987
2.43913
2.42789
2.41604
2.40382
2.39103
2.37805
2.36464
2.3511
2.33712
2.32319
2.30898
2.2948
2.28059
2.26643
2.25229
2.23816
2.2242
2.21027
2.19669
2.1831
2.17006
2.15699
2.14461
2.13228
2.12068
2.1093
2.0987
2.08847
2.07907
2.07017
2.06212
2.05471
2.04818
2.04233
2.03743
2.0332
2.02995
2.02734
2.02569
2.02471
2.02458
2.02463
2.02488
2.02574
2.02675
2.02898
2.03049
2.03343
2.03534
2.03862
2.04071
2.04407
2.04605
2.04926
2.05096
2.05375
2.05513
2.05737
2.05841
2.0601
2.06068
2.06191
2.0622
2.06257
2.06306
2.06352
2.06385
2.06388
2.06381
2.06365
2.0633
2.06298
2.06243
2.06187
2.06128
2.06066
2.06006
2.05946
2.05877
2.05816
2.05755
2.05693
2.0565
2.05604
2.05568
2.05567
2.05578
2.05607
2.0566
2.05746
2.05853
2.05918
2.06076
2.06173
2.06387
2.06241
2.46576
2.45891
2.45024
2.4407
2.43002
2.41917
2.40718
2.39542
2.38266
2.37006
2.35681
2.34348
2.32982
2.31589
2.30196
2.28771
2.27365
2.25931
2.24527
2.23099
2.2171
2.20311
2.18957
2.17601
2.16302
2.15006
2.13778
2.12561
2.11419
2.10298
2.09262
2.08252
2.07337
2.06458
2.05677
2.04942
2.0431
2.03729
2.03253
2.02832
2.02514
2.02255
2.02094
2.0201
2.01995
2.02002
2.02033
2.02129
2.02242
2.02484
2.02661
2.02979
2.03199
2.03538
2.03784
2.04116
2.04353
2.0466
2.04859
2.05114
2.05268
2.05463
2.05559
2.05694
2.05737
2.05802
2.058
2.05795
2.05785
2.05764
2.05721
2.05656
2.05574
2.05482
2.05377
2.0527
2.05163
2.05056
2.0496
2.04868
2.04786
2.0472
2.04654
2.04601
2.04565
2.04529
2.04517
2.04522
2.04541
2.04572
2.04647
2.04709
2.04835
2.04942
2.05112
2.05212
2.0544
2.05551
2.05878
2.05844
2.47826
2.4711
2.46255
2.45315
2.44268
2.43196
2.42043
2.40869
2.39648
2.38389
2.37112
2.35784
2.34455
2.33079
2.31705
2.30304
2.28908
2.27496
2.26103
2.24698
2.23321
2.21941
2.206
2.19264
2.1798
2.16704
2.15492
2.14293
2.13165
2.1206
2.11033
2.10034
2.09123
2.08248
2.07463
2.06726
2.06081
2.05495
2.05002
2.04577
2.04244
2.03987
2.03822
2.03752
2.03754
2.03771
2.0382
2.03944
2.04096
2.04367
2.04606
2.04921
2.0521
2.05535
2.05839
2.06149
2.06432
2.06701
2.06942
2.0715
2.07337
2.07479
2.07606
2.07678
2.0774
2.07739
2.07727
2.07693
2.07651
2.07583
2.0749
2.07371
2.07229
2.07078
2.06906
2.06723
2.06542
2.06351
2.06168
2.05992
2.05824
2.05679
2.05548
2.05441
2.05364
2.05301
2.05269
2.05271
2.05285
2.05315
2.05388
2.05457
2.05584
2.05683
2.05865
2.05963
2.06176
2.06284
2.06607
2.06572
2.47389
2.46699
2.45901
2.44987
2.44001
2.42936
2.41847
2.40704
2.39558
2.38347
2.37125
2.35847
2.34561
2.33239
2.31916
2.30569
2.29222
2.27846
2.26487
2.2511
2.23767
2.22406
2.21095
2.19766
2.18494
2.17212
2.15991
2.14775
2.13628
2.12493
2.1144
2.10404
2.0946
2.08542
2.0772
2.0694
2.06256
2.05631
2.05101
2.04647
2.04284
2.04012
2.03831
2.03768
2.03776
2.03803
2.03869
2.04037
2.04234
2.04554
2.04854
2.05234
2.05577
2.0597
2.06317
2.06684
2.06997
2.07314
2.07568
2.07819
2.08005
2.08187
2.08303
2.08417
2.08465
2.085
2.0849
2.08478
2.08453
2.08409
2.08329
2.08235
2.08121
2.07991
2.07857
2.07693
2.07537
2.07367
2.07183
2.07029
2.06843
2.06696
2.06542
2.06402
2.0628
2.06176
2.06078
2.06012
2.0596
2.05928
2.0592
2.05928
2.0596
2.0599
2.06049
2.06089
2.06174
2.0624
2.06422
2.06304
2.47866
2.47206
2.46382
2.45487
2.44478
2.43429
2.42306
2.41143
2.39948
2.3872
2.37454
2.36171
2.34851
2.33511
2.32162
2.30784
2.29414
2.28018
2.26654
2.25253
2.23901
2.22514
2.21182
2.1983
2.18526
2.17223
2.15968
2.14723
2.13537
2.12363
2.11266
2.10182
2.09189
2.08219
2.07347
2.06517
2.05783
2.05112
2.04537
2.04042
2.03644
2.03342
2.03141
2.03066
2.03074
2.03097
2.03165
2.03352
2.03571
2.03926
2.04268
2.04679
2.05073
2.05497
2.05881
2.06279
2.06613
2.06946
2.07214
2.07459
2.07659
2.0781
2.07952
2.0802
2.08095
2.08105
2.081
2.08091
2.08071
2.08032
2.07965
2.07886
2.07792
2.07696
2.07578
2.07471
2.07333
2.07228
2.0708
2.06987
2.06844
2.06767
2.06643
2.06578
2.06477
2.06426
2.06352
2.06318
2.0628
2.06261
2.06259
2.06266
2.06284
2.06313
2.06323
2.06346
2.06392
2.06431
2.06522
2.0634
2.47557
2.46872
2.46034
2.45128
2.441
2.43006
2.41837
2.40638
2.39387
2.38111
2.36765
2.35428
2.34
2.3262
2.31164
2.29754
2.28303
2.26874
2.25448
2.24018
2.22629
2.21222
2.19867
2.18514
2.17189
2.15896
2.14626
2.13384
2.12198
2.11016
2.09924
2.08834
2.07838
2.06869
2.05983
2.05154
2.04403
2.03729
2.03136
2.02635
2.02223
2.01914
2.01705
2.01624
2.0163
2.01649
2.01717
2.01861
2.02169
2.02442
2.02877
2.03229
2.03692
2.04057
2.04516
2.04836
2.05229
2.05489
2.05779
2.05958
2.06157
2.06251
2.0636
2.06385
2.06399
2.06366
2.06317
2.06266
2.06209
2.06138
2.06054
2.0597
2.05892
2.05824
2.05757
2.05692
2.05634
2.05582
2.05533
2.05491
2.05456
2.05433
2.0543
2.05434
2.05448
2.05477
2.05521
2.05572
2.05628
2.05693
2.05755
2.05828
2.05903
2.05975
2.06062
2.06101
2.06192
2.06261
2.06393
2.0619
2.48336
2.47688
2.46856
2.45953
2.44945
2.43873
2.42745
2.41546
2.40323
2.39037
2.37707
2.36374
2.34947
2.33568
2.32109
2.30687
2.29232
2.27782
2.2635
2.24902
2.23499
2.22085
2.20716
2.19354
2.18029
2.16716
2.1546
2.14195
2.13019
2.11832
2.10732
2.09652
2.08645
2.07681
2.0679
2.05961
2.05202
2.04528
2.03927
2.03421
2.03004
2.02688
2.02476
2.02388
2.0239
2.0241
2.02479
2.02622
2.02932
2.03222
2.03669
2.04021
2.04518
2.04893
2.05359
2.05709
2.061
2.06382
2.06673
2.06873
2.07061
2.07175
2.07264
2.07294
2.07284
2.07244
2.07162
2.07082
2.06995
2.06891
2.06775
2.0666
2.0655
2.06448
2.06355
2.06268
2.06187
2.06116
2.06059
2.06016
2.05995
2.05994
2.06004
2.06036
2.06099
2.06166
2.06246
2.0632
2.06411
2.06502
2.06599
2.06701
2.06824
2.06911
2.07055
2.07129
2.07245
2.07341
2.07489
2.07267
)
;

boundaryField
{
    inlet
    {
        type            fixedValue;
        value           uniform 1;
    }
    outlet
    {
        type            zeroGradient;
    }
    bottom
    {
        type            symmetryPlane;
    }
    top
    {
        type            symmetryPlane;
    }
    obstacle
    {
        type            zeroGradient;
    }
    defaultFaces
    {
        type            empty;
    }
}


// ************************************************************************* //
