/*--------------------------------*- C++ -*----------------------------------*\
| =========                 |                                                 |
| \\      /  F ield         | OpenFOAM: The Open Source CFD Toolbox           |
|  \\    /   O peration     | Version:  2412                                  |
|   \\  /    A nd           | Website:  www.openfoam.com                      |
|    \\/     M anipulation  |                                                 |
\*---------------------------------------------------------------------------*/
FoamFile
{
    version     2.0;
    format      ascii;
    arch        "LSB;label=32;scalar=64";
    class       volScalarField;
    location    "25.5";
    object      Ma;
}
// * * * * * * * * * * * * * * * * * * * * * * * * * * * * * * * * * * * * * //

dimensions      [0 0 0 0 0 0 0];

internalField   nonuniform List<scalar> 
7000
(
2.25599
0.994183
0.300533
0.338438
0.401062
0.442388
0.450595
0.446125
0.439771
0.434861
0.432016
0.429743
0.427144
0.424057
0.420586
0.41681
0.412744
0.408366
0.403655
0.398594
0.393173
0.387375
0.38119
0.374597
0.367585
0.360132
0.352223
0.343836
0.334956
0.325558
0.315624
0.305132
0.294063
0.282394
0.270107
0.257184
0.243611
0.229373
0.214465
0.198882
0.182633
0.165727
0.14819
0.130054
0.111368
0.0921926
0.0725908
0.052847
0.031923
0.0155244
2.25604
0.994245
0.300331
0.338273
0.400907
0.44224
0.450448
0.445981
0.439633
0.43473
0.431889
0.42962
0.427024
0.423941
0.420474
0.416704
0.412643
0.408271
0.403566
0.398513
0.393098
0.387309
0.381132
0.37455
0.367547
0.360106
0.352209
0.343837
0.334972
0.325591
0.315675
0.305203
0.294156
0.282511
0.270251
0.257357
0.243816
0.229614
0.214746
0.199208
0.18301
0.166165
0.148701
0.13066
0.112103
0.0931173
0.0738191
0.0546558
0.0351573
0.0220572
2.25617
0.994442
0.300463
0.338308
0.400937
0.442273
0.450481
0.446021
0.43969
0.434799
0.431971
0.429707
0.427122
0.424044
0.420592
0.416829
0.412784
0.408421
0.403734
0.398692
0.393299
0.387524
0.381371
0.374808
0.367834
0.360417
0.352554
0.344212
0.335386
0.326043
0.316176
0.305752
0.294762
0.283178
0.270989
0.258172
0.244718
0.230614
0.215858
0.200451
0.184403
0.167741
0.1505
0.132745
0.114565
0.0961167
0.0776339
0.0598398
0.0430409
0.0335722
2.25634
0.994747
0.300734
0.338385
0.401018
0.442373
0.450584
0.446138
0.439821
0.434957
0.43214
0.429895
0.427317
0.424262
0.42082
0.417084
0.413051
0.408717
0.404046
0.399038
0.393664
0.38793
0.381801
0.375284
0.368341
0.360979
0.353155
0.344879
0.336102
0.326838
0.317033
0.306703
0.295793
0.284321
0.272234
0.259553
0.246233
0.232296
0.217717
0.202523
0.186719
0.170347
0.153462
0.136148
0.118555
0.100896
0.0835506
0.0674575
0.0533028
0.0461804
2.25659
0.995178
0.301084
0.338454
0.401103
0.442494
0.450714
0.446288
0.439983
0.435161
0.432355
0.430142
0.427574
0.424553
0.421125
0.417427
0.413414
0.409122
0.404476
0.399514
0.394174
0.388491
0.382406
0.375948
0.369062
0.361767
0.354016
0.345817
0.337132
0.327958
0.318268
0.308046
0.297279
0.285938
0.274028
0.26151
0.248409
0.234682
0.220378
0.205465
0.190016
0.174037
0.157639
0.140921
0.124072
0.107409
0.0913718
0.0770293
0.0651083
0.0594943
2.25692
0.995751
0.301527
0.338526
0.401199
0.442639
0.450883
0.446459
0.440213
0.435396
0.43265
0.430435
0.427924
0.424903
0.421539
0.417847
0.413904
0.409622
0.405054
0.40011
0.394856
0.389201
0.383214
0.376796
0.37002
0.362783
0.355156
0.347036
0.338494
0.329426
0.319899
0.309817
0.299237
0.288081
0.276388
0.26411
0.251269
0.237852
0.22387
0.209359
0.194332
0.178893
0.163088
0.147117
0.131165
0.115612
0.100984
0.0882973
0.0781878
0.0736196
2.25734
0.996477
0.30207
0.338602
0.401306
0.442817
0.451087
0.446691
0.440474
0.435708
0.432989
0.43082
0.428332
0.425362
0.422027
0.418395
0.414484
0.410272
0.405742
0.400881
0.395673
0.390117
0.384186
0.377887
0.371181
0.364084
0.356545
0.348595
0.340163
0.331296
0.321912
0.312068
0.301673
0.290795
0.279346
0.267394
0.254872
0.241844
0.22828
0.214246
0.199772
0.184939
0.169887
0.154751
0.139833
0.125479
0.112234
0.101078
0.0924445
0.088625
2.25785
0.997369
0.302722
0.338682
0.401426
0.443027
0.451335
0.446972
0.440793
0.436083
0.433404
0.431282
0.428834
0.425917
0.422629
0.419055
0.415202
0.411057
0.406597
0.401812
0.39669
0.391223
0.385397
0.379202
0.372626
0.365652
0.358275
0.350468
0.342237
0.333543
0.324406
0.314772
0.304681
0.294065
0.282986
0.271367
0.25929
0.246691
0.233665
0.220191
0.206375
0.192283
0.178049
0.163896
0.150053
0.136958
0.125074
0.115263
0.107843
0.104622
2.25847
0.998438
0.303492
0.33877
0.401562
0.443273
0.451631
0.447301
0.441183
0.436523
0.433904
0.431828
0.429439
0.426573
0.423352
0.41984
0.416064
0.411991
0.407619
0.402923
0.397904
0.392544
0.386842
0.380778
0.374348
0.367536
0.360333
0.352727
0.344704
0.336258
0.32737
0.318043
0.30825
0.298015
0.287295
0.276149
0.264518
0.252501
0.24004
0.227275
0.214188
0.200956
0.18767
0.174546
0.161895
0.150027
0.139452
0.130888
0.124492
0.121715
2.25919
0.999698
0.304389
0.338868
0.401716
0.443562
0.451979
0.447702
0.441635
0.437055
0.434484
0.432482
0.430143
0.427357
0.424197
0.420775
0.41707
0.4131
0.408816
0.404237
0.399327
0.394105
0.388536
0.382636
0.376371
0.369754
0.362753
0.355381
0.347607
0.339442
0.330862
0.321874
0.312462
0.302636
0.292391
0.281736
0.270695
0.259274
0.247544
0.235512
0.223321
0.211
0.198785
0.186793
0.175337
0.164783
0.155438
0.14799
0.14249
0.140144
2.26003
1.00116
0.305422
0.338976
0.401892
0.443894
0.45239
0.448158
0.442184
0.437662
0.435179
0.433231
0.430982
0.428258
0.425198
0.42185
0.418259
0.414378
0.410223
0.405755
0.400995
0.395909
0.390516
0.384785
0.378728
0.372319
0.365569
0.358453
0.350979
0.34313
0.33491
0.326312
0.317338
0.307991
0.298277
0.288215
0.277816
0.267126
0.256172
0.245038
0.233779
0.222545
0.211437
0.200703
0.190517
0.181222
0.173164
0.166806
0.162134
0.160098
2.26099
1.00284
0.306599
0.3391
0.402092
0.444281
0.452866
0.44871
0.442806
0.43839
0.435968
0.43412
0.431935
0.429322
0.426338
0.423113
0.419612
0.415872
0.411827
0.407521
0.402897
0.398001
0.392777
0.387269
0.381422
0.375279
0.368786
0.361987
0.354833
0.347365
0.33954
0.3314
0.322913
0.31412
0.305006
0.295613
0.285955
0.276072
0.266026
0.255857
0.245696
0.235598
0.225771
0.216327
0.207538
0.199607
0.192762
0.187489
0.18363
0.182023
2.26208
1.00473
0.307929
0.339243
0.402322
0.444722
0.453419
0.449335
0.443549
0.439217
0.4369
0.435129
0.433054
0.430527
0.427667
0.424543
0.421183
0.417561
0.413681
0.409518
0.405087
0.400367
0.395371
0.390078
0.384504
0.378624
0.372459
0.365984
0.359223
0.352153
0.344803
0.337152
0.329239
0.321047
0.312629
0.303975
0.295157
0.28618
0.27714
0.268075
0.259095
0.250315
0.241829
0.233864
0.226514
0.220065
0.214644
0.210544
0.207567
0.206265
2.26329
1.00685
0.309413
0.339397
0.402594
0.445218
0.454054
0.450066
0.444398
0.440182
0.437961
0.436297
0.434323
0.431917
0.42917
0.426184
0.422955
0.419494
0.415768
0.411795
0.40755
0.403056
0.398285
0.393265
0.387962
0.382411
0.376577
0.370498
0.364143
0.35755
0.350697
0.343623
0.336321
0.328828
0.321159
0.313351
0.305448
0.297497
0.289564
0.28173
0.274076
0.266728
0.259804
0.253421
0.247779
0.242928
0.239021
0.236287
0.234365
0.233712
2.26462
1.00919
0.311052
0.339557
0.402919
0.445777
0.454783
0.450909
0.445375
0.441291
0.439175
0.43763
0.435768
0.433494
0.430877
0.428038
0.42496
0.421668
0.418123
0.41435
0.410324
0.406065
0.401561
0.396821
0.391845
0.386629
0.381193
0.375518
0.369646
0.363545
0.357278
0.350806
0.344214
0.33746
0.330648
0.323754
0.316883
0.310053
0.303363
0.296884
0.290715
0.284968
0.279763
0.275235
0.271478
0.268666
0.266693
0.265721
0.26519
0.265155
2.26608
1.01176
0.312855
0.339753
0.403284
0.446423
0.455627
0.451879
0.446524
0.442561
0.440581
0.439144
0.437427
0.435274
0.43282
0.43012
0.427228
0.424101
0.420773
0.417199
0.413429
0.409414
0.405214
0.400773
0.396157
0.39131
0.386303
0.381084
0.375722
0.370183
0.364528
0.35875
0.352893
0.346993
0.341073
0.335222
0.329446
0.323879
0.318542
0.313583
0.309073
0.305152
0.301925
0.299521
0.29808
0.29758
0.298077
0.299506
0.301151
0.302676
2.26766
1.01456
0.314816
0.339982
0.403703
0.447176
0.456609
0.453013
0.447859
0.444031
0.442192
0.440875
0.439308
0.437294
0.435008
0.432468
0.429766
0.426832
0.423723
0.420384
0.416872
0.413144
0.409249
0.405159
0.400908
0.396488
0.39192
0.387218
0.38239
0.377477
0.372476
0.367451
0.362401
0.357407
0.35249
0.347729
0.343197
0.338956
0.335148
0.331829
0.329177
0.327312
0.326391
0.326515
0.327915
0.330655
0.334521
0.339627
0.344726
0.348724
2.26935
1.01755
0.31692
0.340247
0.404191
0.448061
0.457759
0.454359
0.449404
0.445753
0.444034
0.442873
0.441436
0.439599
0.437459
0.43512
0.432589
0.429887
0.426987
0.423921
0.420665
0.417261
0.413682
0.409976
0.406113
0.402149
0.398059
0.3939
0.389662
0.385396
0.38112
0.376876
0.372717
0.368676
0.364848
0.361268
0.358062
0.355307
0.35312
0.351685
0.35106
0.351507
0.353199
0.35641
0.361329
0.368068
0.376899
0.387632
0.399368
0.409972
2.27111
1.0207
0.319144
0.340562
0.404772
0.449106
0.459116
0.455936
0.451214
0.447738
0.44615
0.445137
0.443852
0.442187
0.440224
0.438078
0.435756
0.433277
0.430629
0.427827
0.424876
0.421787
0.418577
0.415247
0.411831
0.40832
0.404768
0.40116
0.397568
0.393977
0.390476
0.387062
0.383834
0.380821
0.37812
0.375818
0.373997
0.372843
0.372422
0.372923
0.374587
0.377705
0.382627
0.389494
0.398922
0.41125
0.426946
0.447106
0.470989
0.498596
2.27294
1.02395
0.321424
0.340941
0.405481
0.450367
0.460761
0.457823
0.453388
0.450056
0.448616
0.447721
0.446606
0.445088
0.443323
0.441349
0.439256
0.436991
0.434615
0.43208
0.429452
0.426693
0.423867
0.420944
0.417984
0.414971
0.411961
0.408961
0.406015
0.403164
0.400442
0.397929
0.395649
0.393731
0.392203
0.391242
0.390882
0.391312
0.392697
0.395383
0.399589
0.405686
0.413892
0.425052
0.439619
0.459157
0.485082
0.520594
0.571927
0.664904
2.27502
1.02768
0.323957
0.341215
0.406281
0.451966
0.462914
0.46035
0.456263
0.453159
0.451877
0.451203
0.450304
0.449062
0.447543
0.445882
0.444076
0.442177
0.440148
0.438046
0.435839
0.433594
0.431276
0.428962
0.426617
0.424328
0.422063
0.419922
0.417882
0.416053
0.414435
0.413142
0.412214
0.411772
0.411915
0.412687
0.414249
0.417015
0.421205
0.426897
0.434588
0.444559
0.45783
0.474816
0.497603
0.52761
0.569592
0.631147
0.729824
0.881476
2.27722
1.03166
0.326968
0.342166
0.408011
0.454835
0.466504
0.464318
0.460551
0.457504
0.456265
0.455682
0.454943
0.453878
0.452578
0.451144
0.449619
0.448016
0.446348
0.444621
0.442861
0.441076
0.439303
0.437546
0.435855
0.434236
0.432753
0.431413
0.430305
0.429438
0.42893
0.428799
0.429164
0.430046
0.431683
0.434271
0.437984
0.442902
0.449467
0.457792
0.468591
0.482304
0.499811
0.522621
0.551792
0.591354
0.643911
0.718033
0.828977
0.967133
2.27851
1.03397
0.32884
0.343226
0.410174
0.458581
0.471228
0.469542
0.466101
0.463076
0.461871
0.461406
0.460833
0.459947
0.458836
0.457608
0.456318
0.454981
0.453612
0.452222
0.450838
0.449474
0.448165
0.446929
0.445807
0.444826
0.444034
0.443473
0.443203
0.443292
0.44375
0.444654
0.446239
0.448644
0.451866
0.456154
0.461588
0.468578
0.477194
0.488161
0.501494
0.518492
0.53921
0.565768
0.599041
0.641711
0.697368
0.767751
0.864165
0.967475
2.27967
1.03609
0.332154
0.346924
0.415038
0.464995
0.478238
0.476422
0.472632
0.469259
0.46798
0.46762
0.467209
0.466498
0.465593
0.464595
0.46359
0.462564
0.461552
0.460541
0.459577
0.458658
0.457834
0.457112
0.456546
0.456157
0.456012
0.456125
0.456542
0.457352
0.458726
0.460707
0.463357
0.466846
0.471239
0.476841
0.483679
0.492268
0.502617
0.515404
0.530885
0.549717
0.572837
0.600698
0.635322
0.677093
0.728925
0.790942
0.868865
0.949904
2.2761
1.02969
0.334293
0.356824
0.427459
0.47982
0.49332
0.490521
0.485519
0.481271
0.479614
0.479059
0.478486
0.477617
0.476557
0.475464
0.474401
0.473377
0.472402
0.47149
0.470665
0.469955
0.469377
0.468979
0.468783
0.468822
0.469093
0.469762
0.470841
0.472444
0.474539
0.477327
0.480775
0.485171
0.490481
0.497076
0.504976
0.514556
0.526083
0.539789
0.556354
0.57591
0.599479
0.627362
0.66059
0.70005
0.746332
0.800698
0.864202
0.928779
2.28203
1.02254
0.358744
0.382357
0.448477
0.498369
0.51028
0.506528
0.500785
0.496402
0.494701
0.494012
0.493313
0.492364
0.491298
0.490222
0.48919
0.488193
0.487256
0.486376
0.4856
0.484926
0.484413
0.48403
0.483901
0.484056
0.484602
0.485468
0.486859
0.488706
0.491257
0.494403
0.498487
0.503352
0.509463
0.516589
0.525357
0.53546
0.547708
0.561823
0.578645
0.598173
0.621057
0.647784
0.678645
0.714587
0.755558
0.802429
0.855621
0.909179
1.87633
0.772015
0.273266
0.344117
0.417753
0.441224
0.441129
0.437149
0.433505
0.433411
0.435586
0.438474
0.441474
0.444517
0.447656
0.450904
0.454222
0.457565
0.460903
0.464219
0.467493
0.470673
0.473816
0.476956
0.480149
0.48333
0.486621
0.489941
0.493564
0.497373
0.501676
0.506366
0.511802
0.517899
0.525022
0.533156
0.542608
0.553545
0.566085
0.580724
0.597301
0.616688
0.638457
0.663783
0.69206
0.724533
0.760519
0.800992
0.845799
0.890541
1.8689
0.771406
0.28217
0.355348
0.428334
0.44779
0.443317
0.435956
0.430299
0.428405
0.428317
0.42872
0.42932
0.430225
0.431572
0.433354
0.435612
0.438218
0.441295
0.444721
0.448605
0.452672
0.457149
0.461794
0.466827
0.471981
0.47752
0.483248
0.489341
0.495665
0.502398
0.509469
0.51703
0.525165
0.533963
0.543711
0.554313
0.566334
0.579526
0.594597
0.611245
0.630224
0.651265
0.675021
0.701359
0.730666
0.762978
0.798101
0.836503
0.874177
1.86794
0.770093
0.284303
0.365061
0.443619
0.463692
0.457505
0.448129
0.441123
0.438391
0.437492
0.436895
0.436307
0.435904
0.435817
0.436088
0.436718
0.437721
0.439254
0.441238
0.443726
0.446642
0.450161
0.454163
0.458797
0.463939
0.469667
0.475918
0.482711
0.49008
0.497956
0.506544
0.515633
0.525585
0.536006
0.547449
0.559507
0.572778
0.586947
0.602622
0.619548
0.63828
0.658697
0.681196
0.705731
0.732539
0.76158
0.792781
0.826394
0.858922
1.86943
0.773375
0.290097
0.367276
0.443689
0.464289
0.459066
0.450546
0.443968
0.441604
0.44113
0.440951
0.440734
0.440624
0.440709
0.441015
0.441603
0.44251
0.443699
0.445181
0.446984
0.449219
0.45186
0.455071
0.458757
0.463137
0.468049
0.473769
0.480042
0.487239
0.494984
0.503743
0.513049
0.523419
0.534431
0.546564
0.559474
0.573573
0.58857
0.604824
0.622186
0.640925
0.66101
0.682659
0.705841
0.730688
0.757135
0.785229
0.815016
0.843665
1.87254
0.780057
0.297781
0.361235
0.429067
0.450304
0.448018
0.441951
0.436342
0.434468
0.434506
0.435036
0.435624
0.436338
0.437231
0.438402
0.439863
0.441547
0.443418
0.445525
0.447869
0.450532
0.45349
0.45686
0.460597
0.464874
0.46959
0.474999
0.480925
0.487697
0.495076
0.503399
0.512437
0.522482
0.53335
0.545262
0.558086
0.572003
0.586941
0.603042
0.620267
0.638751
0.658395
0.679338
0.701458
0.724931
0.74954
0.775263
0.802278
0.828115
1.88112
0.786636
0.30003
0.349025
0.412198
0.44124
0.44421
0.439522
0.43437
0.432088
0.431844
0.432367
0.433086
0.434006
0.435102
0.436435
0.438031
0.439887
0.442
0.444397
0.447071
0.450078
0.453388
0.457088
0.461125
0.465643
0.470549
0.476049
0.48201
0.488683
0.495928
0.503985
0.512752
0.522409
0.532895
0.544361
0.556736
0.570155
0.584549
0.600039
0.616554
0.634202
0.6529
0.672751
0.69365
0.715634
0.738557
0.762381
0.787198
0.810847
2.26308
1.10601
0.407193
0.39918
0.459363
0.508058
0.519348
0.514456
0.507533
0.501485
0.497969
0.495498
0.493387
0.491369
0.489341
0.48737
0.485646
0.484157
0.483009
0.482162
0.481734
0.481685
0.48214
0.483073
0.484554
0.486619
0.489303
0.492664
0.496704
0.501514
0.507072
0.513486
0.52073
0.528923
0.538017
0.548144
0.559232
0.571401
0.584574
0.598858
0.614148
0.630543
0.647918
0.666327
0.685681
0.70597
0.727095
0.748974
0.771686
0.793294
2.2725
1.12789
0.391669
0.377128
0.449993
0.510707
0.529104
0.528221
0.523999
0.520196
0.518754
0.518379
0.518363
0.518324
0.517909
0.51728
0.516608
0.51598
0.515412
0.514938
0.514571
0.514377
0.514375
0.514648
0.515231
0.516202
0.517599
0.519531
0.521995
0.525147
0.528933
0.533548
0.538906
0.545191
0.55233
0.560461
0.569555
0.579709
0.590906
0.603179
0.616551
0.630972
0.64647
0.662947
0.680376
0.698687
0.717788
0.737583
0.75814
0.777705
2.29743
1.17662
0.43425
0.383994
0.44709
0.503381
0.521858
0.522886
0.521061
0.519876
0.520295
0.521527
0.523321
0.525122
0.526531
0.52773
0.528854
0.530002
0.531151
0.532331
0.533518
0.534762
0.536055
0.537458
0.538972
0.54067
0.542567
0.54474
0.547232
0.550111
0.553444
0.557282
0.561724
0.566798
0.572625
0.579215
0.586687
0.595026
0.604331
0.614577
0.625809
0.637999
0.651174
0.665319
0.680406
0.696406
0.713219
0.730692
0.748914
0.766296
1.90075
0.80503
0.305809
0.316891
0.374007
0.414892
0.429173
0.432999
0.435822
0.439473
0.444404
0.45015
0.456589
0.463083
0.46926
0.475257
0.481223
0.487185
0.493129
0.499014
0.504837
0.510576
0.51625
0.521836
0.527373
0.532836
0.538292
0.543711
0.549189
0.554713
0.560357
0.566165
0.572202
0.578533
0.585212
0.592337
0.599935
0.608126
0.616899
0.626389
0.636552
0.647526
0.659221
0.671744
0.68498
0.698947
0.713579
0.728904
0.744918
0.760233
2.30593
1.19375
0.449592
0.386639
0.440664
0.492235
0.509235
0.509295
0.506149
0.503672
0.502414
0.502229
0.502685
0.50308
0.503405
0.503909
0.504734
0.50601
0.507706
0.509864
0.512438
0.515479
0.518941
0.522868
0.527181
0.531939
0.537024
0.542527
0.548287
0.554423
0.560808
0.567549
0.574528
0.581867
0.589459
0.597443
0.605732
0.61446
0.623564
0.633162
0.64322
0.653822
0.664951
0.676642
0.688901
0.701714
0.715085
0.728928
0.743329
0.757048
2.31118
1.20373
0.432893
0.369732
0.438373
0.50063
0.522082
0.523494
0.521274
0.519804
0.519932
0.521063
0.522793
0.524297
0.525322
0.52617
0.527004
0.527953
0.529028
0.530317
0.531826
0.53364
0.535748
0.538232
0.541081
0.544356
0.548051
0.552205
0.556818
0.561902
0.567458
0.573472
0.579951
0.58687
0.594263
0.602067
0.610337
0.618995
0.628121
0.637621
0.647598
0.657943
0.668779
0.679982
0.691672
0.703726
0.716238
0.729072
0.742353
0.754955
2.3139
1.20955
0.43707
0.371773
0.4415
0.505352
0.527727
0.529408
0.527244
0.525896
0.526368
0.527885
0.530156
0.532349
0.534068
0.535597
0.537124
0.538756
0.540487
0.542349
0.544337
0.546484
0.548806
0.551335
0.554103
0.557136
0.560477
0.56414
0.568175
0.572584
0.577424
0.58268
0.58841
0.594584
0.601253
0.608378
0.616004
0.624087
0.632655
0.641674
0.651152
0.661068
0.671408
0.682164
0.693296
0.704817
0.716657
0.728833
0.741336
0.753227
2.31689
1.21728
0.463439
0.387829
0.447097
0.506224
0.528782
0.532012
0.531134
0.530763
0.531655
0.533584
0.536122
0.538421
0.540447
0.542351
0.544308
0.54635
0.548527
0.550809
0.55324
0.555791
0.558516
0.561388
0.564465
0.567724
0.571227
0.574954
0.578966
0.583252
0.587869
0.592815
0.598135
0.603833
0.609937
0.616455
0.6234
0.630791
0.63862
0.64691
0.655627
0.664802
0.674385
0.684402
0.694789
0.705566
0.716658
0.728066
0.739809
0.750986
1.90563
0.813584
0.324711
0.323678
0.37648
0.414373
0.42726
0.430302
0.432593
0.435933
0.440703
0.446614
0.453341
0.460159
0.466868
0.473528
0.480261
0.487056
0.49392
0.500799
0.507696
0.514575
0.521451
0.528299
0.535144
0.541972
0.54881
0.555657
0.562535
0.569456
0.576437
0.583509
0.590683
0.598001
0.605468
0.613138
0.621006
0.629127
0.63749
0.646138
0.655062
0.664289
0.673802
0.683626
0.693736
0.704141
0.714816
0.725752
0.736998
0.747673
2.31199
1.20859
0.464957
0.403499
0.466203
0.527386
0.549313
0.550239
0.546095
0.542263
0.540057
0.538685
0.53809
0.537694
0.536961
0.536239
0.535674
0.535521
0.535709
0.536397
0.537511
0.539124
0.541205
0.543794
0.546853
0.55041
0.554424
0.558919
0.56384
0.569208
0.57497
0.58113
0.587638
0.594505
0.601689
0.609199
0.617003
0.625106
0.633485
0.64215
0.651087
0.660301
0.669782
0.679528
0.689525
0.69976
0.710221
0.720884
0.731812
0.742175
2.29403
1.16958
0.460061
0.422688
0.485796
0.546192
0.566076
0.566115
0.562394
0.559158
0.558402
0.558805
0.559891
0.561155
0.562028
0.562666
0.563258
0.563916
0.564651
0.565475
0.566396
0.56746
0.568713
0.570197
0.571945
0.574003
0.576387
0.57913
0.582249
0.585764
0.589679
0.594017
0.598781
0.60398
0.609609
0.615668
0.622146
0.629034
0.636322
0.64399
0.652024
0.660402
0.669106
0.678118
0.687434
0.69702
0.706876
0.716963
0.727333
0.737185
1.88783
0.805072
0.340774
0.355364
0.406342
0.443122
0.452856
0.452685
0.451749
0.452601
0.455915
0.460538
0.466078
0.472143
0.478232
0.484353
0.49057
0.49689
0.503265
0.509653
0.516015
0.52234
0.528617
0.534846
0.541022
0.547156
0.553256
0.559347
0.565449
0.571593
0.577804
0.584103
0.590523
0.597084
0.603813
0.610727
0.61785
0.625191
0.632769
0.640586
0.648661
0.656987
0.665579
0.674415
0.683496
0.692809
0.702342
0.712081
0.722069
0.731562
1.87402
0.796328
0.33952
0.35666
0.398325
0.426967
0.434882
0.434835
0.433828
0.433316
0.434048
0.435683
0.43824
0.441448
0.444939
0.448771
0.453028
0.457746
0.462906
0.468488
0.474452
0.480775
0.487412
0.49434
0.501515
0.508912
0.51649
0.524229
0.532093
0.54007
0.548133
0.556293
0.564523
0.572843
0.581231
0.589716
0.598283
0.60696
0.615745
0.624642
0.633649
0.642785
0.652049
0.661456
0.671
0.680693
0.690529
0.700503
0.710655
0.720267
1.88891
0.806046
0.345018
0.373647
0.430941
0.466893
0.473621
0.469568
0.464486
0.461384
0.460433
0.460403
0.460995
0.46196
0.463
0.464173
0.465605
0.467366
0.469492
0.471995
0.474898
0.478209
0.481959
0.48614
0.490772
0.495837
0.501347
0.507269
0.513606
0.520321
0.527417
0.534847
0.54261
0.550662
0.558994
0.567562
0.576363
0.585354
0.594529
0.603876
0.613389
0.623047
0.632846
0.642762
0.652801
0.66294
0.673187
0.683518
0.694002
0.703896
2.34072
1.12428
0.469023
0.447562
0.513129
0.574869
0.595485
0.594876
0.589577
0.584274
0.581264
0.579354
0.57779
0.576419
0.574865
0.573132
0.57136
0.569647
0.568038
0.56656
0.565237
0.564106
0.563192
0.562543
0.562189
0.562179
0.56253
0.563303
0.56449
0.566129
0.56825
0.57086
0.573985
0.577605
0.581748
0.586382
0.591525
0.59714
0.603237
0.609769
0.616735
0.624091
0.631819
0.639913
0.648327
0.657045
0.666029
0.675266
0.684763
0.69382
1.88937
0.807237
0.346155
0.363471
0.415821
0.456082
0.468553
0.469557
0.469008
0.468986
0.471274
0.474791
0.478998
0.483733
0.488556
0.493368
0.498208
0.503136
0.508111
0.513122
0.518112
0.523088
0.528013
0.532911
0.537753
0.542577
0.547356
0.552133
0.556911
0.561718
0.566562
0.571478
0.576462
0.58157
0.586797
0.592199
0.597763
0.603545
0.609526
0.615762
0.622223
0.62896
0.635946
0.643191
0.650684
0.658436
0.666427
0.674656
0.683138
0.691243
1.8891
0.807384
0.347467
0.364538
0.416094
0.454585
0.465034
0.46397
0.461095
0.458536
0.458069
0.458911
0.460497
0.462704
0.465123
0.467713
0.470581
0.47381
0.477402
0.481346
0.485611
0.490183
0.495039
0.50016
0.505526
0.511111
0.516896
0.522855
0.528971
0.535242
0.541645
0.548179
0.55483
0.56159
0.568455
0.57542
0.582487
0.589657
0.596934
0.604317
0.611818
0.619432
0.62717
0.63503
0.643026
0.65115
0.659415
0.667806
0.676372
0.684506
2.34274
1.12796
0.472706
0.449628
0.516383
0.580621
0.603068
0.60317
0.59809
0.593022
0.590239
0.588684
0.587557
0.586706
0.585704
0.584539
0.583314
0.58219
0.581153
0.580295
0.579557
0.579046
0.578702
0.578643
0.5788
0.579282
0.580047
0.581135
0.582562
0.584337
0.586467
0.588952
0.591792
0.594985
0.598531
0.602427
0.606669
0.611247
0.616153
0.62138
0.626912
0.632742
0.638853
0.645238
0.651878
0.658769
0.66589
0.673233
0.680802
0.688043
1.88982
0.808779
0.353425
0.381411
0.439686
0.479633
0.48959
0.487909
0.484864
0.483479
0.484905
0.48758
0.490928
0.494763
0.498662
0.502612
0.506675
0.510903
0.515265
0.519748
0.524309
0.528942
0.533625
0.538355
0.543125
0.547929
0.55277
0.557647
0.562571
0.567545
0.572578
0.577685
0.582865
0.588141
0.593512
0.598999
0.604598
0.610329
0.616188
0.62219
0.628339
0.634645
0.641109
0.647735
0.654523
0.661478
0.668597
0.675869
0.683324
0.690423
1.87526
0.799751
0.351153
0.3781
0.427535
0.459446
0.467093
0.465964
0.464282
0.463569
0.464095
0.465294
0.467194
0.469479
0.471831
0.474312
0.477019
0.480003
0.483271
0.48682
0.490642
0.494728
0.49907
0.503662
0.508492
0.51355
0.518822
0.524297
0.52996
0.535799
0.541802
0.547951
0.554253
0.560684
0.567254
0.57394
0.580754
0.58768
0.594729
0.601884
0.609155
0.616525
0.624006
0.631585
0.639275
0.647059
0.654953
0.662941
0.671073
0.678773
1.87423
0.799385
0.351677
0.375348
0.422432
0.4541
0.462313
0.461851
0.460734
0.460115
0.460384
0.46121
0.462692
0.464529
0.466376
0.468278
0.470335
0.47259
0.475063
0.477753
0.48067
0.483817
0.487205
0.490833
0.494709
0.498831
0.503203
0.507821
0.512688
0.517796
0.523148
0.528734
0.534553
0.540593
0.546849
0.553309
0.559969
0.566812
0.573838
0.581034
0.588398
0.595919
0.603596
0.611413
0.619364
0.62744
0.635646
0.643976
0.652462
0.66052
1.88906
0.809113
0.354852
0.362658
0.413294
0.452093
0.463035
0.462621
0.460832
0.459585
0.459622
0.460432
0.461972
0.463875
0.465702
0.467509
0.469427
0.471519
0.473804
0.476279
0.478945
0.481804
0.48486
0.488115
0.491575
0.495241
0.499117
0.503203
0.507504
0.51202
0.516754
0.521705
0.526875
0.532262
0.537867
0.543686
0.549719
0.55596
0.562409
0.569059
0.575905
0.582939
0.590155
0.597549
0.605121
0.612863
0.620766
0.628819
0.637043
0.644865
2.31231
1.20465
0.48541
0.43147
0.492568
0.556796
0.582784
0.586276
0.583612
0.58088
0.579592
0.579277
0.579767
0.580597
0.581135
0.581426
0.581659
0.581941
0.582318
0.582786
0.583352
0.584015
0.584793
0.585688
0.586718
0.587887
0.589211
0.590692
0.592347
0.594178
0.596201
0.598417
0.600841
0.603473
0.606328
0.609403
0.612711
0.616249
0.620029
0.624043
0.628305
0.632803
0.637548
0.642529
0.647755
0.653208
0.658893
0.664786
0.670917
0.676811
2.32253
1.22874
0.46609
0.405363
0.481438
0.557496
0.58866
0.593338
0.590704
0.587842
0.586854
0.587307
0.588597
0.590413
0.592095
0.593492
0.594823
0.596236
0.597789
0.599469
0.601272
0.603183
0.605212
0.607352
0.609614
0.611991
0.614494
0.617116
0.619868
0.622744
0.625754
0.628893
0.632172
0.635586
0.639146
0.642847
0.646701
0.650702
0.654861
0.659174
0.66365
0.668284
0.673088
0.678055
0.683193
0.688493
0.69396
0.699581
0.705379
0.710918
2.31272
1.20615
0.486657
0.432536
0.494346
0.559804
0.586864
0.591013
0.588961
0.586849
0.58628
0.586937
0.588446
0.590435
0.592234
0.593828
0.595401
0.597084
0.598913
0.600888
0.602997
0.605241
0.607619
0.610136
0.612793
0.615594
0.618536
0.621627
0.624861
0.628245
0.631773
0.635454
0.63928
0.643259
0.647383
0.651662
0.656087
0.660666
0.665391
0.67027
0.675294
0.680472
0.685793
0.691268
0.696884
0.702651
0.708555
0.714606
0.720813
0.726752
1.88895
0.809181
0.356057
0.364303
0.416385
0.457004
0.469102
0.469119
0.467533
0.466519
0.467164
0.46879
0.471273
0.474229
0.477162
0.480128
0.483237
0.486565
0.490108
0.493869
0.497824
0.501978
0.506313
0.510839
0.515538
0.52042
0.525464
0.530681
0.536051
0.541586
0.547264
0.553098
0.559067
0.565183
0.571426
0.577809
0.584312
0.590948
0.597696
0.604572
0.611554
0.618659
0.625865
0.633187
0.640603
0.648132
0.655752
0.663487
0.671348
0.678836
1.87422
0.800022
0.355293
0.380472
0.428585
0.460131
0.467651
0.466484
0.464742
0.46386
0.464078
0.464929
0.466471
0.468352
0.470185
0.472036
0.474
0.476139
0.478451
0.480944
0.483609
0.486459
0.489487
0.492706
0.49611
0.499711
0.5035
0.50749
0.51167
0.516053
0.520628
0.525404
0.530371
0.535537
0.540892
0.546442
0.552176
0.5581
0.564202
0.570489
0.576946
0.583579
0.590375
0.597338
0.604454
0.611728
0.619144
0.626711
0.634436
0.641798
1.87704
0.803104
0.359364
0.395138
0.451552
0.484554
0.490476
0.486944
0.48276
0.480813
0.480802
0.481598
0.483009
0.484674
0.486272
0.487894
0.489638
0.49155
0.493625
0.495863
0.498255
0.500809
0.503521
0.5064
0.509443
0.512658
0.516039
0.519597
0.523324
0.527231
0.53131
0.53557
0.540004
0.54462
0.549411
0.554383
0.55953
0.564857
0.570357
0.576035
0.581883
0.587905
0.594094
0.600452
0.60697
0.613651
0.620484
0.62747
0.634615
0.641427
1.19154
1.04882
0.497518
0.190545
0.0108666
0.108733
0.160262
0.208602
0.230193
0.234551
0.222849
0.211379
0.201055
0.191519
0.179483
0.165029
0.147697
0.127764
0.105942
0.0827987
0.0589762
0.0352626
0.015872
0.0232575
0.0469758
0.0712777
0.0954164
0.119122
0.142437
0.165339
0.187837
0.209911
0.231543
0.252683
0.27269
0.29179
0.311327
0.331698
0.351658
0.370822
0.389331
0.407325
0.42484
0.441888
0.458457
0.474549
0.490151
0.505267
0.519882
0.533999
0.547599
0.560682
0.573225
0.585221
0.596641
0.607476
0.617689
0.627266
0.636167
0.644371
0.651836
0.658541
0.664442
0.669522
0.673744
0.677102
0.679579
0.681198
0.681966
0.682137
0.681958
0.681394
0.680054
0.677544
0.674161
0.67055
0.666869
0.663149
0.659458
0.655878
0.652508
0.649424
0.646691
0.644346
0.642419
0.640909
0.639819
0.639122
0.638792
0.638765
0.638922
0.639258
0.639891
0.64098
0.642362
0.643875
0.64542
0.647089
0.648728
0.653504
1.12191
1.03598
0.8061
0.549188
0.502193
0.431239
0.381337
0.340599
0.310327
0.291769
0.260403
0.230126
0.210552
0.208804
0.215942
0.226493
0.238951
0.252864
0.267993
0.283846
0.300222
0.316691
0.333013
0.349184
0.365914
0.382895
0.400054
0.417151
0.434245
0.451173
0.468022
0.484649
0.501143
0.517374
0.533029
0.547942
0.562938
0.578655
0.594516
0.609738
0.624453
0.638822
0.652898
0.66667
0.680121
0.693234
0.706
0.718409
0.730452
0.742118
0.753396
0.764271
0.774728
0.78475
0.794315
0.803403
0.811988
0.820045
0.827544
0.834459
0.840754
0.846404
0.851374
0.855639
0.859171
0.861958
0.863987
0.865262
0.865814
0.865823
0.865525
0.864855
0.863498
0.861107
0.857885
0.854405
0.850851
0.847281
0.843762
0.840366
0.837183
0.834282
0.831725
0.829545
0.827768
0.826393
0.825418
0.824815
0.824583
0.824608
0.824782
0.825114
0.825678
0.82664
0.827846
0.829183
0.830502
0.831914
0.833104
0.836903
1.07463
1.07545
1.00804
0.899594
0.831144
0.780855
0.744939
0.714847
0.690031
0.671938
0.656828
0.642489
0.63249
0.627354
0.625833
0.626086
0.627587
0.629988
0.633367
0.637629
0.642742
0.64851
0.65487
0.661699
0.669254
0.677411
0.686179
0.695332
0.704903
0.714704
0.724817
0.735064
0.745555
0.756099
0.766485
0.776426
0.786501
0.797281
0.808647
0.81974
0.830549
0.841164
0.851681
0.862074
0.872351
0.882457
0.892399
0.902131
0.911664
0.920955
0.930011
0.938788
0.947292
0.955473
0.963335
0.970826
0.977947
0.984642
0.990908
0.996689
1.00198
1.00672
1.01091
1.0145
1.01747
1.01979
1.02147
1.02248
1.02282
1.0227
1.02234
1.02165
1.02034
1.01812
1.01516
1.01191
1.00856
1.00521
1.00193
0.998786
0.995853
0.9932
0.990869
0.988901
0.987305
0.986092
0.985244
0.984749
0.984589
0.984644
0.984805
0.985106
0.985602
0.986445
0.987479
0.988643
0.989749
0.990918
0.991697
0.994761
1.04736
1.08417
1.08313
1.04973
1.0081
0.979389
0.961035
0.94726
0.934997
0.923882
0.914988
0.90725
0.900286
0.895112
0.892519
0.89123
0.890218
0.889179
0.888191
0.887401
0.886949
0.886896
0.887261
0.888191
0.889718
0.891885
0.894732
0.898158
0.902153
0.906616
0.911572
0.916925
0.922727
0.928826
0.934971
0.940955
0.947165
0.954091
0.961801
0.969668
0.977459
0.985175
0.99292
1.00068
1.00847
1.01624
1.024
1.03168
1.03929
1.04678
1.05416
1.06136
1.0684
1.07522
1.08183
1.08815
1.09421
1.09993
1.10531
1.11029
1.11487
1.11898
1.12264
1.12575
1.12835
1.13036
1.1318
1.13262
1.13282
1.13263
1.13224
1.13154
1.13023
1.12818
1.12549
1.12248
1.11932
1.11617
1.11307
1.11015
1.10744
1.105
1.10287
1.10109
1.09965
1.09858
1.09783
1.09744
1.09733
1.0974
1.09754
1.09781
1.09827
1.09903
1.09992
1.10095
1.1019
1.10288
1.10338
1.106
1.02102
1.06889
1.09375
1.09718
1.0881
1.08046
1.07669
1.07511
1.07345
1.07071
1.06702
1.06404
1.06185
1.05892
1.05541
1.05257
1.04984
1.04689
1.04368
1.04032
1.03696
1.03378
1.0309
1.02847
1.02656
1.02531
1.02472
1.0248
1.02557
1.0269
1.02884
1.03131
1.03437
1.03783
1.04145
1.04506
1.04899
1.05366
1.05918
1.06508
1.07109
1.07715
1.0833
1.08953
1.09587
1.10227
1.10873
1.11521
1.12169
1.12813
1.13453
1.14082
1.14701
1.15305
1.15893
1.16458
1.17002
1.17518
1.18005
1.18457
1.18874
1.19249
1.19582
1.19867
1.20104
1.20286
1.20416
1.2048
1.20491
1.2047
1.20431
1.20358
1.20227
1.2003
1.19784
1.19505
1.19206
1.18904
1.1861
1.18333
1.18077
1.1785
1.17652
1.17487
1.17356
1.17258
1.17193
1.17159
1.17152
1.1716
1.17174
1.17202
1.17248
1.17321
1.17401
1.17497
1.17581
1.17668
1.17702
1.17946
0.990667
1.04428
1.08045
1.10359
1.11572
1.12349
1.13038
1.13733
1.14325
1.14754
1.14973
1.15003
1.14954
1.14913
1.14775
1.14501
1.14168
1.13807
1.13435
1.13023
1.12599
1.12157
1.11739
1.11339
1.10992
1.10691
1.10463
1.10294
1.10201
1.10165
1.102
1.10294
1.10452
1.10655
1.10876
1.11105
1.11372
1.11715
1.1214
1.12612
1.13111
1.13625
1.14152
1.1469
1.1524
1.158
1.16371
1.16947
1.17529
1.18111
1.18691
1.19267
1.19835
1.20392
1.20935
1.21461
1.21967
1.22448
1.22903
1.23327
1.23717
1.24069
1.24381
1.24647
1.24868
1.25037
1.25151
1.25202
1.25204
1.25184
1.25144
1.25067
1.24933
1.24742
1.24509
1.24244
1.2396
1.2367
1.23386
1.23118
1.22873
1.22656
1.22468
1.22312
1.22189
1.22099
1.22039
1.2201
1.22006
1.22013
1.22028
1.2206
1.22107
1.22179
1.22254
1.22346
1.22424
1.22504
1.2253
1.22764
0.961081
1.01294
1.05593
1.08901
1.11383
1.13234
1.14755
1.16077
1.17238
1.18179
1.18887
1.1934
1.19582
1.19651
1.19662
1.19595
1.19371
1.19032
1.1865
1.18233
1.17786
1.17323
1.16858
1.16403
1.15979
1.15598
1.15274
1.15012
1.14818
1.14689
1.14629
1.14629
1.14702
1.14819
1.14952
1.15102
1.15293
1.15559
1.15903
1.16299
1.1673
1.17186
1.17658
1.18144
1.18642
1.19153
1.19674
1.20205
1.20742
1.21284
1.21826
1.22366
1.229
1.23426
1.23939
1.24438
1.24917
1.25375
1.25806
1.2621
1.2658
1.26914
1.2721
1.27463
1.27668
1.27824
1.27924
1.27963
1.27959
1.27939
1.27897
1.27815
1.27675
1.27484
1.27258
1.27004
1.26731
1.26451
1.26176
1.25916
1.25678
1.25468
1.25287
1.25138
1.25019
1.24932
1.24875
1.2485
1.24848
1.24856
1.24872
1.24906
1.24955
1.25028
1.251
1.25189
1.25264
1.25338
1.25359
1.25588
0.935002
0.9827
1.02655
1.06451
1.09592
1.12132
1.14279
1.16112
1.17697
1.19028
1.20111
1.20911
1.21464
1.21775
1.2192
1.21951
1.21933
1.21782
1.21485
1.21097
1.20669
1.20232
1.1978
1.19331
1.18894
1.18491
1.1813
1.17827
1.17582
1.17405
1.17292
1.17247
1.1727
1.17342
1.17425
1.1753
1.17681
1.17906
1.18205
1.18555
1.18945
1.19364
1.19804
1.20261
1.20731
1.21213
1.21706
1.22209
1.2272
1.23236
1.23753
1.2427
1.24782
1.25286
1.25779
1.26258
1.26718
1.27158
1.27572
1.27958
1.28312
1.28632
1.28911
1.29148
1.29338
1.2948
1.29567
1.29595
1.29586
1.29565
1.29518
1.29426
1.29279
1.29088
1.28866
1.28621
1.28359
1.2809
1.27825
1.27573
1.27341
1.27135
1.26958
1.26811
1.26695
1.26609
1.26554
1.26532
1.26532
1.26539
1.26556
1.26592
1.26643
1.26717
1.26789
1.26877
1.26948
1.27019
1.27036
1.27263
0.911719
0.955337
0.997628
1.03719
1.07189
1.10184
1.1271
1.14894
1.16786
1.18424
1.19786
1.2089
1.21712
1.22297
1.22653
1.22851
1.22921
1.2293
1.22841
1.22607
1.22251
1.21863
1.21446
1.21032
1.2062
1.20236
1.19876
1.19567
1.19304
1.19109
1.1897
1.18903
1.18901
1.18946
1.19003
1.19083
1.19214
1.19418
1.19691
1.20013
1.20376
1.2077
1.21189
1.21627
1.22079
1.22544
1.2302
1.23505
1.23997
1.24494
1.24994
1.25492
1.25987
1.26474
1.2695
1.27411
1.27855
1.28277
1.28675
1.29044
1.29382
1.29683
1.29946
1.30167
1.30343
1.30469
1.30541
1.3056
1.30549
1.30524
1.3047
1.30368
1.30213
1.30023
1.29806
1.29568
1.29317
1.2906
1.28807
1.28564
1.28339
1.28138
1.27965
1.2782
1.27706
1.27622
1.27568
1.27547
1.27548
1.27555
1.27572
1.2761
1.27662
1.27736
1.27808
1.27894
1.27964
1.28031
1.28044
1.28271
0.890156
0.92978
0.969826
1.00892
1.04497
1.0771
1.10528
1.12985
1.15132
1.16993
1.18588
1.19919
1.20996
1.21822
1.22416
1.22811
1.23056
1.2316
1.23181
1.23142
1.22995
1.22728
1.22371
1.21999
1.21629
1.21276
1.20944
1.20649
1.20394
1.20196
1.20052
1.19974
1.1996
1.19987
1.20028
1.20095
1.20216
1.20408
1.20662
1.20962
1.21301
1.21672
1.2207
1.22489
1.22925
1.23374
1.23834
1.24303
1.24779
1.25259
1.25741
1.26222
1.26699
1.27169
1.27628
1.28072
1.28499
1.28904
1.29284
1.29635
1.29955
1.30239
1.30485
1.30688
1.30848
1.30959
1.31015
1.31024
1.31012
1.30983
1.30921
1.30809
1.3065
1.3046
1.30247
1.30018
1.29779
1.29537
1.29298
1.29067
1.28853
1.28658
1.28489
1.28346
1.28233
1.2815
1.28096
1.28075
1.28076
1.28083
1.281
1.28137
1.28189
1.28263
1.28334
1.28419
1.28486
1.2855
1.28561
1.28787
0.870026
0.906443
0.944201
0.982142
1.01822
1.05133
1.081
1.10737
1.1306
1.15108
1.16888
1.18421
1.19704
1.20755
1.21567
1.22177
1.22605
1.22888
1.23039
1.23096
1.23077
1.22991
1.22794
1.22506
1.22193
1.21875
1.21574
1.213
1.21061
1.20867
1.20722
1.20636
1.20607
1.20616
1.20639
1.20693
1.20803
1.20983
1.21219
1.21497
1.21814
1.22163
1.22542
1.22943
1.23365
1.238
1.24248
1.24703
1.25166
1.25631
1.26099
1.26564
1.27025
1.27478
1.2792
1.28347
1.28756
1.29143
1.29504
1.29836
1.30137
1.30402
1.30629
1.30814
1.30956
1.3105
1.31089
1.3109
1.31077
1.31044
1.30973
1.30853
1.30689
1.30501
1.30295
1.30078
1.29855
1.29629
1.29407
1.29192
1.28989
1.28804
1.28641
1.28503
1.28392
1.28309
1.28255
1.28233
1.28233
1.2824
1.28256
1.28292
1.28343
1.28416
1.28486
1.28568
1.28633
1.28693
1.28702
1.28929
0.849297
0.883308
0.919174
0.955914
0.991613
1.02504
1.0556
1.08314
1.10778
1.12969
1.14907
1.16601
1.18063
1.19297
1.20319
1.21126
1.21747
1.22202
1.2252
1.22718
1.22809
1.22816
1.22768
1.22639
1.22429
1.2216
1.21886
1.21627
1.21403
1.21215
1.21076
1.20986
1.20952
1.20944
1.20958
1.21006
1.21113
1.21288
1.21512
1.21773
1.22072
1.22403
1.22765
1.2315
1.23559
1.23981
1.24418
1.24861
1.25311
1.25763
1.26216
1.26666
1.27111
1.27547
1.27972
1.2838
1.28771
1.29137
1.2948
1.29792
1.30073
1.30318
1.30526
1.30692
1.30815
1.3089
1.30916
1.30911
1.30895
1.30857
1.30776
1.30647
1.30484
1.30301
1.30106
1.29903
1.29696
1.29489
1.29285
1.29087
1.28898
1.28724
1.28569
1.28436
1.28328
1.28246
1.28192
1.28168
1.28166
1.28172
1.28187
1.28221
1.28269
1.28339
1.28407
1.28487
1.28549
1.28606
1.28612
1.28841
0.828644
0.860364
0.894343
0.929659
0.964568
0.997782
1.02867
1.05691
1.08254
1.10558
1.12624
1.14456
1.16071
1.17469
1.18667
1.19655
1.20457
1.21084
1.21564
1.21907
1.22138
1.22267
1.22302
1.22274
1.22199
1.22051
1.2185
1.21626
1.21416
1.21242
1.21106
1.21022
1.20981
1.20966
1.20966
1.21015
1.21121
1.21287
1.21497
1.21741
1.22022
1.22334
1.22679
1.23049
1.23443
1.23852
1.24277
1.24707
1.25145
1.25583
1.26023
1.26456
1.26886
1.27304
1.27711
1.28099
1.2847
1.28816
1.29139
1.29429
1.2969
1.29912
1.301
1.30244
1.30348
1.30402
1.30417
1.3041
1.30389
1.30341
1.30249
1.30114
1.29955
1.29783
1.29601
1.29415
1.29226
1.29039
1.28853
1.28672
1.28499
1.28338
1.28192
1.28066
1.27962
1.27882
1.27827
1.27801
1.27796
1.27801
1.27814
1.27844
1.27889
1.27956
1.2802
1.28097
1.28156
1.2821
1.28214
1.28444
0.810011
0.839351
0.871238
0.904799
0.938437
0.970902
1.00154
1.02997
1.05611
1.07992
1.10152
1.12095
1.13834
1.15372
1.16722
1.17873
1.18842
1.19636
1.20275
1.20771
1.21145
1.21407
1.21572
1.2165
1.2166
1.21612
1.21526
1.21389
1.21226
1.21067
1.20947
1.20866
1.20833
1.20811
1.20821
1.20884
1.21001
1.2117
1.21375
1.21615
1.21889
1.22196
1.22533
1.22896
1.23281
1.23683
1.24098
1.2452
1.24948
1.25374
1.258
1.26219
1.26631
1.2703
1.27416
1.27783
1.2813
1.28453
1.2875
1.29016
1.2925
1.29448
1.29609
1.2973
1.2981
1.29844
1.29847
1.29837
1.2981
1.2975
1.29646
1.29511
1.29359
1.292
1.29035
1.28869
1.28701
1.28534
1.28369
1.28208
1.28052
1.27907
1.27774
1.27658
1.2756
1.27484
1.2743
1.27402
1.27395
1.27399
1.2741
1.27436
1.27476
1.27537
1.27598
1.2767
1.27726
1.27774
1.27776
1.28006
0.79533
0.822051
0.851521
0.882937
0.914812
0.945992
0.975806
1.00386
1.02998
1.05411
1.07625
1.09645
1.11477
1.13126
1.14595
1.15894
1.17014
1.17968
1.18765
1.19419
1.19944
1.20353
1.20657
1.2087
1.21001
1.21063
1.21074
1.21043
1.2099
1.20919
1.20841
1.20802
1.20788
1.20795
1.20832
1.20918
1.21055
1.21227
1.21434
1.21674
1.21946
1.22249
1.2258
1.22935
1.23311
1.23704
1.24107
1.24519
1.24933
1.25347
1.25756
1.26158
1.2655
1.26928
1.27291
1.27634
1.27956
1.28253
1.28522
1.28762
1.28967
1.29138
1.29272
1.29367
1.29422
1.29439
1.29434
1.29419
1.29382
1.29306
1.29194
1.29064
1.28926
1.28783
1.28639
1.28493
1.28348
1.28202
1.28059
1.27918
1.27783
1.27655
1.27538
1.27434
1.27345
1.27274
1.27222
1.27192
1.27184
1.27187
1.27195
1.27216
1.2725
1.27306
1.27362
1.27429
1.27479
1.27522
1.2752
1.27751
0.786011
0.810069
0.836967
0.866048
0.895892
0.925465
0.954074
0.981355
1.00706
1.0311
1.05343
1.07407
1.09302
1.11036
1.12608
1.14027
1.15283
1.16383
1.17334
1.18146
1.18827
1.19391
1.19845
1.20205
1.20475
1.2067
1.208
1.20879
1.20917
1.20925
1.20917
1.20914
1.20925
1.2096
1.21026
1.21126
1.21263
1.21434
1.2164
1.21878
1.22147
1.22443
1.22765
1.2311
1.23474
1.23853
1.24243
1.24639
1.25038
1.25434
1.25826
1.26207
1.26578
1.26933
1.27271
1.27588
1.27883
1.28152
1.28393
1.28602
1.28779
1.28921
1.29027
1.29095
1.29126
1.29129
1.2912
1.29096
1.29043
1.28954
1.28841
1.28722
1.286
1.28477
1.28353
1.28229
1.28106
1.27982
1.2786
1.27741
1.27626
1.27517
1.27416
1.27324
1.27245
1.2718
1.27131
1.271
1.27089
1.27091
1.27097
1.27112
1.2714
1.27189
1.27239
1.273
1.27344
1.27381
1.27376
1.27607
0.780187
0.801928
0.826489
0.853332
0.881196
0.909101
0.936421
0.962748
0.987858
1.01159
1.03391
1.05475
1.07415
1.0921
1.10863
1.12378
1.1375
1.14977
1.16066
1.1702
1.17847
1.18554
1.19152
1.19648
1.20052
1.20374
1.20619
1.20801
1.20935
1.21027
1.2109
1.21142
1.21194
1.21261
1.21348
1.21461
1.21603
1.21778
1.21983
1.22219
1.22482
1.22772
1.23084
1.23417
1.23767
1.24131
1.24505
1.24884
1.25264
1.25641
1.26011
1.26371
1.26717
1.27047
1.27357
1.27646
1.2791
1.28149
1.28357
1.28536
1.2868
1.28792
1.28868
1.2891
1.2892
1.28915
1.28899
1.28859
1.28787
1.2869
1.28586
1.28481
1.28378
1.28274
1.28172
1.28069
1.27967
1.27865
1.27765
1.27667
1.27573
1.27483
1.27399
1.27322
1.27253
1.27195
1.27149
1.27118
1.27105
1.27104
1.27108
1.27119
1.27141
1.27181
1.27225
1.27278
1.27316
1.27345
1.27336
1.27568
0.776157
0.796158
0.818811
0.843714
0.86975
0.896042
0.922024
0.947308
0.971667
0.994939
1.01704
1.03791
1.05755
1.07593
1.09307
1.10898
1.12362
1.13698
1.14905
1.15986
1.16947
1.1779
1.18527
1.19157
1.19691
1.20134
1.20498
1.2079
1.21022
1.212
1.2134
1.21454
1.21557
1.21658
1.21771
1.219
1.22053
1.2223
1.22436
1.22667
1.22926
1.23205
1.23507
1.23826
1.24162
1.24508
1.24864
1.25222
1.25583
1.25937
1.26285
1.26618
1.26939
1.2724
1.27523
1.27781
1.28015
1.2822
1.28397
1.28541
1.28655
1.28733
1.28782
1.28796
1.28793
1.2878
1.28748
1.28686
1.28598
1.28507
1.28416
1.28328
1.28243
1.2816
1.28077
1.27995
1.27914
1.27834
1.27756
1.27681
1.27607
1.27538
1.27471
1.27409
1.27351
1.27301
1.27259
1.2723
1.27213
1.2721
1.27213
1.2722
1.27236
1.27266
1.27303
1.27347
1.27378
1.274
1.27386
1.27618
0.773144
0.791825
0.813017
0.836393
0.860944
0.885888
0.91067
0.934984
0.95858
0.981336
1.00312
1.02391
1.04363
1.0623
1.07987
1.09636
1.11176
1.12602
1.13909
1.15102
1.16179
1.17147
1.18005
1.18762
1.19417
1.19984
1.20462
1.20863
1.21193
1.21466
1.21685
1.21868
1.22023
1.22168
1.22309
1.22459
1.22621
1.22804
1.23007
1.23235
1.23482
1.23753
1.2404
1.24345
1.24662
1.24991
1.25323
1.25662
1.25996
1.26327
1.26647
1.26956
1.27246
1.2752
1.2777
1.27999
1.28198
1.28372
1.28513
1.28625
1.28703
1.28753
1.2877
1.28769
1.28757
1.28727
1.28668
1.28587
1.28503
1.28422
1.28347
1.28276
1.28208
1.28143
1.2808
1.28019
1.27959
1.27901
1.27845
1.27792
1.2774
1.2769
1.27641
1.27593
1.27547
1.27505
1.27469
1.27441
1.27423
1.27417
1.27419
1.27423
1.27432
1.27454
1.27481
1.27517
1.2754
1.27554
1.27537
1.27768
0.769797
0.787578
0.807724
0.829942
0.853321
0.877145
0.900962
0.924433
0.94738
0.969636
0.991132
1.01177
1.03153
1.05037
1.06828
1.08523
1.10124
1.1162
1.13014
1.14299
1.1548
1.16553
1.17524
1.18393
1.19166
1.19843
1.20434
1.20937
1.21369
1.21729
1.22029
1.22277
1.2249
1.22674
1.22847
1.23015
1.23189
1.23372
1.23574
1.23791
1.24029
1.24283
1.24556
1.24841
1.25139
1.25444
1.25756
1.26067
1.26377
1.26679
1.26973
1.27251
1.27514
1.27755
1.27976
1.2817
1.28339
1.28476
1.28585
1.28662
1.2871
1.28727
1.28726
1.28713
1.28681
1.28621
1.28541
1.28461
1.28386
1.28318
1.28256
1.282
1.28149
1.28102
1.28057
1.28014
1.27973
1.27936
1.27901
1.27868
1.27837
1.27805
1.27771
1.27737
1.27702
1.27668
1.27637
1.27611
1.27593
1.27584
1.27582
1.27584
1.2759
1.27602
1.2762
1.27646
1.2766
1.27668
1.27647
1.27878
0.765664
0.782732
0.802096
0.823452
0.845964
0.868933
0.891946
0.914736
0.937116
0.958961
0.980167
1.00068
1.02043
1.03941
1.05756
1.07489
1.09136
1.10693
1.12154
1.1352
1.14785
1.15953
1.17019
1.17989
1.1886
1.19639
1.20323
1.20922
1.21437
1.2188
1.22254
1.22569
1.22837
1.23069
1.23275
1.23466
1.23653
1.23842
1.2404
1.24252
1.24477
1.24718
1.24971
1.25238
1.25513
1.25796
1.26082
1.26367
1.26648
1.26922
1.27185
1.27433
1.27663
1.27874
1.28061
1.28222
1.28354
1.28458
1.2853
1.28575
1.28589
1.28586
1.2857
1.28531
1.28465
1.28383
1.28303
1.2823
1.28165
1.28108
1.2806
1.28018
1.27983
1.27952
1.27924
1.279
1.27879
1.27862
1.27849
1.27838
1.27826
1.2781
1.27792
1.27771
1.27747
1.27722
1.27697
1.27674
1.27657
1.27645
1.27641
1.27641
1.27642
1.27647
1.27656
1.2767
1.27676
1.27677
1.27654
1.27882
0.759642
0.776191
0.794942
0.815639
0.837465
0.859783
0.882186
0.904433
0.926361
0.947851
0.968823
0.989203
1.00895
1.02801
1.04638
1.06399
1.08086
1.09691
1.11211
1.12641
1.13982
1.15229
1.16383
1.17442
1.18408
1.19279
1.20062
1.20753
1.21362
1.21891
1.2235
1.2274
1.23072
1.23355
1.23604
1.23826
1.24034
1.24235
1.24438
1.24645
1.24862
1.25089
1.25327
1.25574
1.25828
1.26086
1.26346
1.26602
1.26854
1.27096
1.27327
1.27542
1.27739
1.27915
1.28067
1.28191
1.28288
1.28354
1.28391
1.28402
1.28395
1.28373
1.28322
1.28245
1.28159
1.28076
1.28
1.27933
1.27877
1.27831
1.27795
1.27768
1.27748
1.27733
1.2772
1.27715
1.27716
1.27719
1.27727
1.27738
1.27744
1.27744
1.27741
1.27735
1.27723
1.27707
1.27689
1.27671
1.27655
1.27643
1.27635
1.27631
1.2763
1.2763
1.27631
1.27632
1.2763
1.27625
1.27593
1.27814
0.753906
0.769834
0.787958
0.80799
0.829125
0.850767
0.872537
0.894222
0.915669
0.936782
0.957473
0.977687
0.997362
1.01647
1.03495
1.0528
1.06997
1.08645
1.10215
1.11705
1.13112
1.14435
1.15669
1.16815
1.17871
1.18838
1.19713
1.20502
1.21202
1.21822
1.22363
1.22832
1.23234
1.23582
1.23881
1.24143
1.24378
1.24597
1.24806
1.25013
1.25223
1.25438
1.25659
1.25886
1.26116
1.26349
1.2658
1.26807
1.27027
1.27237
1.27433
1.27614
1.27776
1.27917
1.28031
1.28119
1.28177
1.28205
1.28209
1.28199
1.28166
1.281
1.28008
1.27915
1.27825
1.27744
1.27672
1.27611
1.27563
1.27528
1.27506
1.27492
1.27485
1.27484
1.27487
1.27497
1.27519
1.27549
1.27578
1.27604
1.27625
1.27642
1.27652
1.27656
1.27655
1.27651
1.27642
1.2763
1.27616
1.27603
1.27592
1.27584
1.27578
1.27574
1.27569
1.27563
1.27551
1.27535
1.27488
1.277
0.747669
0.763111
0.780687
0.800159
0.82073
0.841813
0.863063
0.884277
0.905332
0.926125
0.946593
0.966659
0.986286
1.00541
1.02402
1.04204
1.05949
1.0763
1.09243
1.10783
1.12249
1.13635
1.1494
1.1616
1.17295
1.18341
1.19299
1.20167
1.20948
1.21641
1.22256
1.22793
1.23259
1.2366
1.24005
1.24304
1.24567
1.24804
1.25022
1.25231
1.25434
1.25637
1.2584
1.26046
1.26251
1.26457
1.26658
1.26854
1.27039
1.27215
1.27376
1.27522
1.27648
1.27752
1.27828
1.27879
1.27898
1.27898
1.27881
1.27834
1.27754
1.27653
1.27549
1.2745
1.27359
1.27278
1.27209
1.27155
1.27117
1.27094
1.27084
1.27082
1.27083
1.27092
1.27113
1.27149
1.27193
1.27239
1.27283
1.27323
1.27359
1.2739
1.27413
1.2743
1.2744
1.27444
1.27442
1.27437
1.27428
1.27417
1.27403
1.27392
1.27381
1.27371
1.2736
1.27347
1.27326
1.27301
1.27243
1.27447
0.736526
0.752066
0.769671
0.789035
0.809408
0.830222
0.851191
0.872126
0.892941
0.913535
0.933864
0.953849
0.973461
0.992635
1.01135
1.02956
1.04724
1.06436
1.08084
1.09663
1.11174
1.12608
1.13968
1.15246
1.16444
1.17556
1.18586
1.1953
1.20391
1.21165
1.21859
1.22472
1.2301
1.23475
1.2388
1.24226
1.24529
1.24792
1.2503
1.25245
1.2545
1.25644
1.25835
1.2602
1.26204
1.2638
1.26553
1.26713
1.26867
1.27005
1.27133
1.2724
1.2733
1.27394
1.27432
1.27442
1.27436
1.27408
1.27339
1.27239
1.27129
1.27015
1.26904
1.26799
1.26704
1.26622
1.26557
1.26511
1.26483
1.26474
1.26473
1.26477
1.26489
1.26517
1.26563
1.26619
1.2668
1.2674
1.268
1.26856
1.26908
1.26953
1.26992
1.27022
1.27045
1.27058
1.27064
1.27064
1.2706
1.27053
1.27041
1.27027
1.2701
1.26996
1.26977
1.26958
1.26928
1.26896
1.26828
1.27025
0.720746
0.736746
0.754753
0.774379
0.794865
0.81569
0.836608
0.857462
0.87819
0.89871
0.918987
0.938957
0.958592
0.977837
0.996674
1.01505
1.03296
1.05036
1.0672
1.08344
1.09904
1.11396
1.12818
1.14166
1.15438
1.16631
1.17743
1.18771
1.19717
1.20578
1.21358
1.22055
1.22674
1.23217
1.23692
1.24102
1.24458
1.24765
1.25035
1.25272
1.25488
1.25684
1.25868
1.26038
1.26201
1.2635
1.26491
1.26617
1.26734
1.26835
1.26923
1.2699
1.27039
1.27058
1.27058
1.27041
1.26988
1.269
1.26783
1.26656
1.26528
1.26402
1.26281
1.26169
1.26071
1.25991
1.25931
1.25894
1.25879
1.25878
1.25882
1.25895
1.25924
1.25975
1.2604
1.26114
1.26189
1.26268
1.26342
1.26416
1.26483
1.26545
1.26597
1.26643
1.26677
1.26703
1.26718
1.26725
1.26723
1.2672
1.26712
1.26699
1.26678
1.26658
1.26632
1.26605
1.26566
1.26526
1.26448
1.26639
0.709488
0.724779
0.742161
0.761247
0.781283
0.801742
0.822353
0.842971
0.863509
0.883904
0.904097
0.924044
0.943692
0.96301
0.981952
1.0005
1.0186
1.03625
1.05343
1.07008
1.08615
1.10162
1.11644
1.13059
1.14403
1.15674
1.16867
1.17984
1.19018
1.19971
1.2084
1.21628
1.22334
1.22961
1.23511
1.23991
1.24405
1.24762
1.25067
1.2533
1.25558
1.25757
1.25933
1.26089
1.26227
1.26349
1.26455
1.26547
1.26627
1.26693
1.26743
1.26772
1.26779
1.26771
1.26737
1.26659
1.26547
1.26418
1.26279
1.26135
1.2599
1.2585
1.2572
1.25602
1.25504
1.25427
1.25375
1.25349
1.25344
1.25348
1.25359
1.25384
1.25433
1.25502
1.25583
1.25669
1.2576
1.25851
1.25942
1.26029
1.26111
1.26185
1.26252
1.26309
1.26356
1.26391
1.26416
1.26429
1.26432
1.26429
1.26424
1.26413
1.26392
1.26366
1.26333
1.26299
1.26252
1.26205
1.26119
1.26304
0.705288
0.719218
0.735318
0.753239
0.772234
0.791793
0.811632
0.831609
0.851618
0.871597
0.89147
0.911192
0.930696
0.94995
0.968899
0.987521
1.00577
1.02363
1.04108
1.05807
1.07454
1.09048
1.10582
1.12055
1.13462
1.14801
1.16066
1.17257
1.18368
1.19401
1.20349
1.21216
1.21999
1.227
1.23318
1.23859
1.24326
1.24727
1.25067
1.25357
1.25599
1.25803
1.25973
1.26115
1.2623
1.26323
1.26393
1.26451
1.26492
1.2652
1.26528
1.26523
1.26496
1.2643
1.26326
1.26195
1.26049
1.25892
1.25729
1.25564
1.25402
1.25248
1.2511
1.2499
1.24894
1.24823
1.2478
1.24765
1.24767
1.24774
1.24793
1.24834
1.24901
1.24986
1.2508
1.25181
1.25286
1.25391
1.25496
1.25597
1.25693
1.25781
1.25861
1.2593
1.25989
1.26035
1.26069
1.2609
1.26098
1.26096
1.26092
1.26083
1.26063
1.26034
1.25993
1.25952
1.25896
1.25843
1.25748
1.25928
0.698503
0.712233
0.727949
0.745373
0.763827
0.782844
0.802166
0.821665
0.841258
0.860877
0.880464
0.89996
0.919317
0.938481
0.957416
0.976076
0.994435
1.01245
1.03012
1.04738
1.0642
1.08053
1.09634
1.11157
1.12621
1.14019
1.1535
1.16609
1.17794
1.18899
1.19925
1.20867
1.21725
1.22497
1.23186
1.23794
1.24322
1.24776
1.2516
1.2548
1.25744
1.25958
1.26127
1.26257
1.26351
1.26413
1.26452
1.26472
1.26478
1.26472
1.26449
1.26393
1.26297
1.26167
1.26015
1.25848
1.25668
1.2548
1.25289
1.25101
1.24922
1.24757
1.24613
1.24492
1.24398
1.24334
1.24301
1.24294
1.24299
1.24312
1.24343
1.24399
1.24482
1.24579
1.24685
1.24799
1.24916
1.25034
1.25151
1.25264
1.25373
1.25474
1.25565
1.25646
1.25716
1.25772
1.25815
1.25843
1.25856
1.25857
1.25853
1.25845
1.25825
1.25795
1.25749
1.25701
1.25636
1.25575
1.25472
1.25646
0.700611
0.713111
0.727619
0.74391
0.761314
0.779364
0.797813
0.816529
0.835435
0.85446
0.87355
0.892639
0.911679
0.930614
0.949403
0.967996
0.986364
1.00446
1.02226
1.03973
1.05682
1.07347
1.08965
1.10531
1.12041
1.13491
1.14877
1.16194
1.17439
1.18608
1.19699
1.20707
1.21631
1.2247
1.23222
1.23888
1.2447
1.2497
1.25393
1.25743
1.26027
1.2625
1.26419
1.26537
1.26609
1.26641
1.26648
1.26642
1.26624
1.2658
1.26496
1.2637
1.26218
1.26042
1.25849
1.25642
1.25425
1.25205
1.24986
1.24778
1.24584
1.24411
1.24263
1.24143
1.24053
1.23995
1.23972
1.23971
1.23979
1.23998
1.2404
1.24111
1.24206
1.24313
1.24431
1.24555
1.24683
1.24812
1.2494
1.25064
1.25184
1.25295
1.25398
1.25489
1.25569
1.25634
1.25685
1.2572
1.25739
1.25742
1.25739
1.25731
1.25711
1.2568
1.2563
1.25576
1.25503
1.25436
1.25324
1.25491
0.702669
0.714783
0.728836
0.744558
0.76135
0.778773
0.796611
0.814743
0.833112
0.851649
0.870312
0.889033
0.907779
0.926479
0.945107
0.963597
0.98193
1.00004
1.01791
1.03547
1.05268
1.06949
1.08587
1.10174
1.11709
1.13186
1.14603
1.15954
1.17237
1.18446
1.19579
1.20631
1.21602
1.22488
1.23288
1.24001
1.24626
1.25166
1.25624
1.26001
1.26305
1.26538
1.26706
1.26812
1.2686
1.26867
1.26857
1.26831
1.26775
1.26674
1.26528
1.26354
1.26156
1.25938
1.25703
1.25458
1.25208
1.2496
1.2472
1.24496
1.24293
1.24116
1.23967
1.2385
1.23765
1.23716
1.23701
1.23704
1.23716
1.23742
1.23795
1.23879
1.23981
1.24097
1.24223
1.24355
1.24491
1.24628
1.24764
1.24898
1.25025
1.25145
1.25256
1.25356
1.25443
1.25516
1.25574
1.25615
1.25638
1.25644
1.25641
1.25633
1.25615
1.25582
1.25529
1.2547
1.25391
1.25317
1.25197
1.25359
0.692059
0.705009
0.719779
0.736058
0.753247
0.770933
0.788948
0.807188
0.825618
0.84418
0.862848
0.881564
0.900299
0.918997
0.937634
0.956152
0.974531
0.992711
1.01068
1.02834
1.04568
1.06263
1.07917
1.09523
1.1108
1.12582
1.14027
1.15408
1.16726
1.17971
1.19145
1.20239
1.21255
1.22186
1.23032
1.23789
1.24459
1.25037
1.25531
1.25936
1.26262
1.26506
1.26678
1.26773
1.26802
1.26792
1.26771
1.2672
1.26619
1.26463
1.26271
1.26051
1.25808
1.25546
1.25273
1.24993
1.24714
1.24443
1.24187
1.23953
1.23743
1.23564
1.23417
1.23304
1.23226
1.23186
1.23178
1.23184
1.23199
1.23234
1.23299
1.23392
1.23503
1.23627
1.2376
1.239
1.24044
1.2419
1.24335
1.24477
1.24613
1.24743
1.24862
1.24971
1.25066
1.25147
1.25211
1.25259
1.25287
1.25296
1.25293
1.25286
1.25268
1.25236
1.25181
1.25118
1.25032
1.24954
1.24827
1.24985
0.674518
0.688187
0.703658
0.720563
0.738291
0.756448
0.774869
0.793465
0.812207
0.831044
0.849952
0.868884
0.887812
0.906688
0.925484
0.944156
0.962678
0.981005
0.999119
1.01696
1.03451
1.05168
1.06848
1.08484
1.10074
1.11614
1.13101
1.14528
1.15896
1.17195
1.18426
1.19581
1.20659
1.21653
1.22563
1.23383
1.24113
1.24749
1.25294
1.25744
1.26105
1.26374
1.26559
1.2665
1.26669
1.26654
1.26617
1.26537
1.26393
1.26191
1.25952
1.25686
1.25397
1.25095
1.24784
1.24473
1.24169
1.23879
1.23609
1.23366
1.23153
1.22973
1.22829
1.22721
1.22649
1.22619
1.22616
1.22624
1.22644
1.22688
1.22763
1.22867
1.22986
1.2312
1.23261
1.23411
1.23564
1.23721
1.23875
1.24028
1.24175
1.24315
1.24444
1.24563
1.24668
1.24758
1.24831
1.24886
1.2492
1.24933
1.24931
1.24925
1.24909
1.24877
1.2482
1.24753
1.24662
1.24579
1.24446
1.24599
0.658573
0.67215
0.687565
0.704469
0.722244
0.740498
0.759043
0.777784
0.796667
0.815652
0.834705
0.853785
0.872859
0.891886
0.910836
0.929665
0.948346
0.966835
0.985133
1.00326
1.02113
1.03872
1.05598
1.07288
1.08937
1.10541
1.12096
1.13597
1.15039
1.16418
1.17728
1.18965
1.20124
1.212
1.22189
1.23087
1.2389
1.24596
1.25201
1.25706
1.2611
1.26412
1.26614
1.26708
1.26721
1.26702
1.26651
1.26543
1.26361
1.26114
1.2583
1.25518
1.25187
1.24843
1.24498
1.24157
1.23831
1.23523
1.23242
1.22991
1.22775
1.22595
1.22454
1.2235
1.22286
1.22262
1.22264
1.22274
1.22299
1.22352
1.22439
1.22552
1.22681
1.22823
1.22974
1.23134
1.23298
1.23465
1.23631
1.23795
1.23953
1.24104
1.24245
1.24374
1.24489
1.24589
1.24671
1.24733
1.24775
1.24791
1.24791
1.24786
1.2477
1.24739
1.24681
1.2461
1.24514
1.24427
1.24288
1.24437
0.687148
0.697644
0.71008
0.724228
0.739576
0.755664
0.772313
0.789368
0.806801
0.824515
0.842502
0.860662
0.878993
0.897394
0.91587
0.934321
0.952763
0.971112
0.989356
1.00744
1.02539
1.04311
1.06059
1.07773
1.09454
1.1109
1.12683
1.14221
1.15706
1.17126
1.18481
1.19762
1.20967
1.22087
1.23121
1.2406
1.24905
1.25648
1.26289
1.26822
1.27251
1.27569
1.2778
1.27867
1.27872
1.27848
1.27783
1.27645
1.27421
1.27129
1.26796
1.26435
1.26056
1.2567
1.25285
1.24912
1.24558
1.2423
1.23934
1.23674
1.23452
1.2327
1.23128
1.23028
1.22968
1.22948
1.22952
1.22965
1.22995
1.23057
1.23152
1.23269
1.23403
1.2355
1.23708
1.23874
1.24044
1.24217
1.2439
1.24559
1.24724
1.24881
1.25029
1.25164
1.25286
1.25391
1.25478
1.25545
1.25591
1.25611
1.25612
1.25606
1.25591
1.25559
1.25499
1.25425
1.25324
1.25231
1.25086
1.25229
0.720504
0.730141
0.741505
0.754502
0.768653
0.78357
0.799061
0.815011
0.831386
0.848127
0.865206
0.882561
0.900157
0.917929
0.935842
0.953834
0.971868
0.98988
1.00784
1.02568
1.04336
1.06083
1.07806
1.09497
1.11154
1.12769
1.14341
1.15861
1.17329
1.18735
1.20078
1.2135
1.22549
1.23665
1.24699
1.2564
1.2649
1.27238
1.27887
1.28426
1.2886
1.29179
1.2939
1.29467
1.29462
1.29431
1.29353
1.2919
1.28929
1.28599
1.28224
1.27822
1.27402
1.2698
1.26563
1.26165
1.2579
1.25449
1.25142
1.24877
1.24652
1.24471
1.24331
1.24234
1.24179
1.24163
1.24168
1.24183
1.24218
1.24284
1.24383
1.24502
1.24637
1.24786
1.24945
1.25111
1.25282
1.25456
1.25629
1.258
1.25965
1.26124
1.26272
1.26409
1.26532
1.26639
1.26729
1.26798
1.26845
1.26866
1.26867
1.26861
1.26846
1.26814
1.26752
1.26676
1.26571
1.26474
1.26324
1.26461
0.737016
0.74719
0.759001
0.772353
0.786716
0.801756
0.817251
0.83316
0.849405
0.866002
0.882872
0.900024
0.91737
0.934918
0.952573
0.970344
0.988132
1.00595
1.02369
1.04131
1.0587
1.0759
1.0928
1.10941
1.12563
1.14148
1.15685
1.17177
1.18613
1.19995
1.21311
1.22563
1.23741
1.24845
1.25865
1.26801
1.27642
1.2839
1.29033
1.29576
1.30007
1.30329
1.30533
1.30606
1.30591
1.30554
1.30468
1.30288
1.30004
1.2965
1.29249
1.2882
1.28376
1.27932
1.27499
1.27088
1.26706
1.26359
1.26052
1.25788
1.25567
1.25389
1.25254
1.25162
1.25114
1.25102
1.25108
1.25125
1.25164
1.25233
1.25333
1.25453
1.25588
1.25737
1.25895
1.2606
1.2623
1.26402
1.26574
1.26744
1.26909
1.27067
1.27215
1.27352
1.27475
1.27582
1.27672
1.27741
1.2779
1.27811
1.27813
1.27806
1.27791
1.27759
1.27697
1.2762
1.27514
1.27416
1.27263
1.27398
0.691879
0.704651
0.719033
0.734807
0.751372
0.768411
0.785709
0.803248
0.820949
0.838843
0.856856
0.875014
0.893228
0.911524
0.929808
0.948106
0.96632
0.984477
1.00248
1.02037
1.03806
1.05554
1.07272
1.08962
1.10613
1.12228
1.13796
1.1532
1.16788
1.18203
1.19552
1.20839
1.22049
1.23188
1.2424
1.2521
1.26082
1.26861
1.27532
1.28101
1.28553
1.28893
1.29105
1.29183
1.29168
1.29129
1.29039
1.28853
1.28557
1.28187
1.27771
1.27327
1.26872
1.26418
1.25979
1.25565
1.25183
1.24839
1.24537
1.24278
1.24064
1.23893
1.23765
1.23679
1.23637
1.23629
1.23636
1.23656
1.23697
1.23772
1.23876
1.24
1.2414
1.24291
1.24453
1.24623
1.24797
1.24973
1.2515
1.25325
1.25494
1.25657
1.2581
1.25951
1.26078
1.2619
1.26283
1.26356
1.26407
1.26431
1.26433
1.26427
1.26412
1.26381
1.2632
1.26244
1.26138
1.26041
1.25887
1.26025
0.65469
0.667511
0.682119
0.698217
0.715183
0.73266
0.750451
0.768503
0.786754
0.805192
0.823763
0.842454
0.861205
0.880003
0.898788
0.917547
0.93622
0.954798
0.973225
0.991487
1.00955
1.0274
1.04498
1.06227
1.0792
1.09576
1.11187
1.12752
1.14264
1.15719
1.17111
1.18438
1.1969
1.20867
1.21958
1.22962
1.23869
1.24678
1.2538
1.25972
1.26446
1.268
1.27025
1.27106
1.27094
1.27053
1.26959
1.26764
1.26454
1.26066
1.25631
1.25169
1.24697
1.24228
1.23777
1.23353
1.22965
1.22616
1.22311
1.22052
1.21837
1.21667
1.21541
1.21457
1.21418
1.21412
1.21421
1.21441
1.21485
1.21564
1.21673
1.21801
1.21944
1.22101
1.22267
1.22441
1.2262
1.22803
1.22985
1.23165
1.2334
1.23508
1.23666
1.23813
1.23945
1.2406
1.24158
1.24234
1.24288
1.24314
1.24318
1.24312
1.24297
1.24266
1.24205
1.24126
1.24019
1.23921
1.23768
1.23908
0.653335
0.665238
0.678949
0.694204
0.710407
0.727195
0.744382
0.761903
0.779703
0.797755
0.81601
0.834442
0.852997
0.871647
0.890339
0.909047
0.927716
0.946323
0.964816
0.983172
1.00134
1.01929
1.03698
1.05438
1.07142
1.08808
1.10431
1.12007
1.13529
1.14995
1.16399
1.17736
1.19
1.20187
1.21289
1.22303
1.23221
1.24039
1.2475
1.2535
1.25832
1.26191
1.26419
1.26501
1.26489
1.26448
1.2635
1.26148
1.25826
1.25423
1.24972
1.24493
1.24004
1.23521
1.23056
1.2262
1.2222
1.21863
1.2155
1.21285
1.21066
1.20893
1.20765
1.2068
1.2064
1.20634
1.20642
1.20663
1.20708
1.20788
1.20899
1.21029
1.21174
1.21331
1.21499
1.21675
1.21855
1.22039
1.22223
1.22405
1.22581
1.22751
1.22911
1.23059
1.23193
1.2331
1.23408
1.23486
1.23541
1.23568
1.23572
1.23566
1.23552
1.2352
1.23458
1.23378
1.23269
1.23169
1.23013
1.23152
)
;

boundaryField
{
    inlet
    {
        type            calculated;
        value           uniform 3.00001;
    }
    outlet
    {
        type            calculated;
        value           nonuniform List<scalar> 
40
(
0.653504
0.836903
0.994761
1.106
1.17946
1.22764
1.25588
1.27263
1.28271
1.28787
1.28929
1.28841
1.28444
1.28006
1.27751
1.27607
1.27568
1.27618
1.27768
1.27878
1.27882
1.27814
1.277
1.27447
1.27025
1.26639
1.26304
1.25928
1.25646
1.25491
1.25359
1.24985
1.24599
1.24437
1.25229
1.26461
1.27398
1.26025
1.23908
1.23152
)
;
    }
    bottom
    {
        type            symmetryPlane;
    }
    top
    {
        type            symmetryPlane;
    }
    obstacle
    {
        type            calculated;
        value           uniform 0;
    }
    defaultFaces
    {
        type            empty;
    }
}


// ************************************************************************* //
