/*--------------------------------*- C++ -*----------------------------------*\
| =========                 |                                                 |
| \\      /  F ield         | OpenFOAM: The Open Source CFD Toolbox           |
|  \\    /   O peration     | Version:  2412                                  |
|   \\  /    A nd           | Website:  www.openfoam.com                      |
|    \\/     M anipulation  |                                                 |
\*---------------------------------------------------------------------------*/
FoamFile
{
    version     2.0;
    format      ascii;
    arch        "LSB;label=32;scalar=64";
    class       volScalarField;
    location    "3.5";
    object      p;
}
// * * * * * * * * * * * * * * * * * * * * * * * * * * * * * * * * * * * * * //

dimensions      [1 -1 -2 0 0 0 0];

internalField   nonuniform List<scalar> 
7000
(
1
1
1
1
1
1
1
1
1
1.00001
1.00001
1.00003
1.00004
1.00018
1.00027
1.00083
1.00133
1.00407
0.995925
1.02374
1.06266
0.955874
2.52466
3.55474
8.99385
10.0307
9.82552
9.53354
9.50753
9.56861
9.71653
9.87683
9.99762
10.0953
10.1887
10.2827
10.3756
10.4654
10.5512
10.6334
10.712
10.7863
10.8564
10.9206
10.9789
11.0308
11.0746
11.1107
11.1341
11.1488
1
1
1
1
1
1
1
1
1
1.00001
1.00001
1.00003
1.00003
1.00017
1.00028
1.00082
1.00131
1.00401
0.995856
1.02359
1.06236
0.95567
2.52237
3.54861
8.98321
10.028
9.8238
9.53192
9.5065
9.5676
9.71542
9.87544
9.99604
10.0938
10.1872
10.2813
10.3743
10.464
10.5498
10.6321
10.7107
10.7852
10.8554
10.9198
10.9782
11.0302
11.0741
11.1103
11.1337
11.1487
1
1
1
1
1
1
1
1
1
1
1.00001
1.00002
1.00005
1.00004
1.00039
1.00075
1.0013
1.00387
0.995695
1.02325
1.06166
0.955128
2.51753
3.535
8.95994
10.0224
9.8202
9.52822
9.50336
9.56438
9.71191
9.87139
9.9916
10.0893
10.1828
10.2768
10.3697
10.4593
10.545
10.6272
10.7058
10.7801
10.8503
10.9146
10.9729
11.0248
11.0685
11.1047
11.1283
11.1439
1
1
1
1
1
1
1
1
1
1.00001
1.00001
1.00003
1.00004
1.00003
1.00038
1.00074
1.00123
1.00364
0.995434
1.0227
1.06055
0.954248
2.50981
3.51314
8.92258
10.014
9.81492
9.52252
9.49795
9.55888
9.70605
9.86488
9.98463
10.0822
10.1757
10.2697
10.3623
10.4517
10.5372
10.6191
10.6975
10.7717
10.8417
10.9058
10.9639
11.0156
11.059
11.0951
11.1188
11.1351
1
1
1
1
1
1
1
1
1
1.00001
1.00001
1.00002
1.00003
1.00001
1.00039
1.00077
1.00116
1.00329
0.995031
1.02189
1.05895
0.952986
2.4989
3.4822
8.86946
10.0025
9.80779
9.51458
9.48993
9.55071
9.69744
9.85559
9.97481
10.0722
10.1656
10.2593
10.3517
10.4407
10.5259
10.6075
10.6856
10.7595
10.8292
10.8929
10.9508
11.0023
11.0454
11.0814
11.1053
11.1222
1
1
1
1
1
1
1
1
1
1
1
1.00002
1.00002
0.999999
1.00041
1.00086
1.0009
1.00283
0.994507
1.02084
1.05686
0.951348
2.48453
3.44148
8.79881
9.98748
9.79859
9.50418
9.47902
9.53958
9.68576
9.84322
9.96194
10.0591
10.1523
10.2456
10.3375
10.426
10.5106
10.5917
10.6693
10.7428
10.8121
10.8754
10.933
10.9841
11.027
11.0629
11.0869
11.1042
1
1
1
1
1
1
1
1
1
1
1
1.00002
1.00003
1.00012
1.00019
1.00064
1.00059
1.00234
0.993942
1.01959
1.05432
0.949385
2.46639
3.39009
8.70867
9.96851
9.78698
9.49107
9.46495
9.52518
9.67063
9.82747
9.94574
10.0426
10.1354
10.2282
10.3194
10.4072
10.491
10.5714
10.6484
10.7212
10.7899
10.8527
10.9098
10.9605
11.0031
11.0389
11.0628
11.0805
1
1
1
1
1
1
1
1
1
1
1
1.00002
1.00002
1.00007
1.00012
1.00037
1.00023
1.00178
0.993309
1.01814
1.0513
0.94713
2.44419
3.32731
8.59705
9.94494
9.77244
9.47504
9.44738
9.50705
9.65152
9.80791
9.92585
10.0223
10.1146
10.2067
10.2969
10.3839
10.4665
10.5461
10.6221
10.6941
10.762
10.824
10.8805
10.9307
10.9728
11.0084
11.0323
11.0501
1
1
1
1
1
1
1
1
1
1
1
1.00001
1.00001
1.00003
1.00001
1.00008
0.999816
1.00113
0.992573
1.01643
1.04777
0.944576
2.41762
3.25256
8.46207
9.91596
9.75402
9.4564
9.42587
9.48462
9.62774
9.78403
9.90181
9.9979
10.0895
10.1806
10.2697
10.3555
10.4369
10.5152
10.59
10.6609
10.7277
10.7886
10.8443
10.8937
10.9352
10.9705
10.9941
11.0123
1
1
1
1
1
1
1
1
1
1
0.999998
0.999998
0.999981
0.999962
0.999861
0.99978
0.999341
1.00037
0.991706
1.01443
1.04368
0.941724
2.38643
3.16543
8.30217
9.88032
9.72937
9.4365
9.4
9.45727
9.59866
9.75534
9.8731
9.96867
10.0595
10.1495
10.2372
10.3213
10.4014
10.478
10.5512
10.6205
10.686
10.7455
10.8001
10.8485
10.8892
10.9239
10.9473
10.9656
1
1
1
1
1
1
1
1
1
1
0.999999
1
0.999992
1
1.00003
0.999399
0.998632
0.99936
0.990581
1.01201
1.03892
0.938473
2.3504
3.06601
8.1167
9.8364
9.69713
9.4135
9.36921
9.42468
9.56413
9.72153
9.83928
9.93409
10.0238
10.1125
10.1987
10.281
10.3593
10.4338
10.505
10.5724
10.636
10.6936
10.7467
10.7937
10.8332
10.8672
10.8901
10.9087
1
1
1
1
1
1
1
1
1
1
1
1.00002
1.00001
1.00005
1.00013
0.998966
0.997623
0.998236
0.989139
1.00901
1.03325
0.934629
2.30928
2.95465
7.90625
9.78105
9.65539
9.38382
9.33301
9.38675
9.52433
9.68253
9.80008
9.89377
9.98212
10.0692
10.1534
10.2336
10.3096
10.3817
10.4502
10.5152
10.5765
10.6316
10.6825
10.7274
10.7652
10.798
10.8202
10.8388
1
1
1
1
1
1
1
1
1
1.00001
1.00001
1.00003
1.00003
1.0001
1.00021
0.998526
0.996633
0.997165
0.986694
1.00456
1.02543
0.92838
2.26514
2.83105
7.67472
9.70657
9.59825
9.34591
9.29181
9.34397
9.47961
9.63841
9.75545
9.84752
9.9339
10.0189
10.1009
10.1786
10.2517
10.3208
10.3862
10.4479
10.5059
10.5579
10.6056
10.6478
10.6829
10.7138
10.7348
10.7536
1
1
1
1
1
1
1
1
1
1.00001
1.00001
1.00003
1.00004
1.00012
1.00026
0.998174
0.995936
0.996027
0.981625
0.996389
1.01108
0.909805
2.24049
2.66149
7.44221
9.6049
9.51956
9.30005
9.24713
9.29759
9.43038
9.58925
9.70548
9.79548
9.8792
9.96142
10.0404
10.1149
10.1845
10.2498
10.3112
10.3688
10.4223
10.4703
10.5136
10.5514
10.5829
10.6106
10.6297
10.6481
1
1
1
1
1
1
1
1
1
1.00001
1.00001
1.00004
1.00003
1.00009
1.00021
0.99808
0.995235
0.995616
0.975046
0.98652
0.992654
0.881041
2.23127
2.42002
7.18527
9.47498
9.42139
9.25116
9.20199
9.25045
9.37857
9.53604
9.65055
9.73774
9.81808
9.8967
9.97192
10.0422
10.1074
10.168
10.2243
10.2765
10.3245
10.366
10.4033
10.435
10.4606
10.4833
10.4989
10.5166
1
1
1
1
1
1
1
1
1
1.00001
1.00001
1.00004
1.00002
1.00007
1.00017
0.998199
0.995495
0.995752
0.975574
0.987453
0.990682
0.883539
2.16458
2.31208
6.77743
9.32409
9.3135
9.19926
9.15483
9.20265
9.32736
9.48082
9.59183
9.67507
9.75097
9.82483
9.89506
9.96013
10.0198
10.0744
10.1241
10.1692
10.2093
10.2426
10.2709
10.2935
10.3096
10.3241
10.3331
10.3485
1
1
1
1
1
1
1
1
1
1
1
1.00001
1.00001
1.00004
1.00006
0.999894
0.999667
0.999783
0.998845
1.00812
0.995131
0.931905
2.02634
2.00934
6.24964
9.25059
9.28788
9.16461
9.10863
9.15449
9.27594
9.42493
9.53058
9.60848
9.67869
9.74638
9.8101
9.86842
9.9208
9.96767
10.0091
10.0448
10.0747
10.0966
10.112
10.1205
10.1214
10.1207
10.1173
10.1265
1
1
1
1
1
1
1
1
1
1.00001
1.00001
1.00004
1.00004
1.00024
1.00027
1.00146
1.00232
1.00882
1.00632
1.02967
1.0629
1.02405
1.75595
1.95291
5.34445
9.1581
9.29285
9.151
9.07406
9.11555
9.23018
9.37004
9.46795
9.53858
9.60181
9.66187
9.71746
9.7674
9.81046
9.84766
9.87815
9.90171
9.91764
9.92407
9.92061
9.90833
9.88355
9.85536
9.82458
9.81743
1
1
1
1
1
1
1
1
1
1
1.00001
1.00001
1.00006
1.00007
1.00036
1.00038
1.0021
1.0021
1.01133
1.01531
1.06775
1.07342
1.60574
1.68985
4.71803
8.83213
9.26389
9.13821
9.05285
9.08794
9.18845
9.31451
9.40278
9.46561
9.52075
9.57165
9.61751
9.65691
9.68932
9.71428
9.73115
9.73889
9.7366
9.72341
9.69298
9.64526
9.58015
9.50038
9.40949
9.34733
1
1
1
1
1
1
1
1
1
1
1.00001
1.00001
1.00005
1.00008
1.00031
1.0004
1.00184
1.00167
1.01083
1.01096
1.06339
1.03404
1.52313
1.55121
4.23126
8.04595
9.16054
9.13304
9.06113
9.07656
9.14119
9.24943
9.33107
9.3873
9.43357
9.47421
9.50928
9.53643
9.5561
9.56679
9.56633
9.55736
9.53246
9.48648
9.4185
9.32248
9.19027
9.01276
8.78324
8.52617
1
1
1
1
1
1
1
1
1
1
1.00001
1.00001
1.00005
1.00005
1.00027
1.00031
1.0014
1.0021
1.00763
1.01003
1.05183
1.06679
1.36286
1.42977
3.43338
6.6105
9.06063
9.24279
9.16032
9.0895
9.10597
9.16209
9.23788
9.28928
9.32444
9.35147
9.37272
9.38627
9.38777
9.3817
9.36215
9.32163
9.26115
9.17414
9.0523
8.8789
8.62524
8.23318
7.56544
6.10057
1
1
1
1
1
1
1
1
1
1
1.00001
1.00001
1.00003
1.00003
1.00018
1.00018
1.00099
1.0013
1.00534
1.00679
1.0322
1.04925
1.22662
1.20639
2.66618
4.31534
8.83309
9.52633
9.38762
9.13108
9.0637
9.08134
9.12559
9.16661
9.19044
9.20234
9.20645
9.2031
9.19039
9.16007
9.10728
9.03435
8.93655
8.80277
8.61638
8.35488
7.9765
7.40927
6.56287
5.11537
1
1
1
1
1
1
1
1
1
1
1
1
1.00001
1.00001
1.00005
1.00007
1.00032
1.00007
1.00063
1.00126
0.998425
1.03002
1.09944
1.0189
2.41455
3.2078
7.98689
9.4249
9.31853
9.07595
8.93713
8.92581
8.94303
8.98172
9.01043
9.01776
9.01466
9.00199
8.97125
8.91304
8.83576
8.73484
8.60133
8.42584
8.18998
7.87266
7.44108
6.85079
6.08378
5.02735
1
1
1
1
1
1
1
1
1
1
1
1
1
1.00002
1.00003
1.00009
1.0002
0.998685
0.997001
0.997124
0.984205
0.997253
1.00589
0.901212
2.21332
2.33655
6.87094
9.12883
9.09582
8.92219
8.73054
8.70189
8.72144
8.76704
8.80334
8.81236
8.80659
8.78643
8.73995
8.66281
8.56677
8.44453
8.2864
8.08287
7.82262
7.48852
7.06206
6.52466
5.87941
5.05973
1
1
1
1
1
1
1
1
1
1
1
1
1
1.00001
1.00003
1.00004
1.00021
1.00033
1.00078
1.00069
1.00851
1.01613
1.07481
1.07695
1.73436
1.77107
5.2625
8.70165
8.91505
8.75725
8.54217
8.5028
8.52184
8.56952
8.60743
8.61197
8.60357
8.5758
8.51427
8.42346
8.31347
8.17738
8.00659
7.79324
7.5285
7.20338
6.8088
6.33311
5.79036
5.13425
1
1
1
1
1
1
1
1
1
1
1
1
1
1.00001
1.00003
1.00005
1.00016
1.0003
1.00128
1.00126
1.00851
1.01015
1.05842
1.04796
1.49154
1.44661
4.17895
7.68679
8.71502
8.63721
8.44638
8.36543
8.37315
8.4009
8.43174
8.4309
8.41801
8.38053
8.30332
8.20288
8.08412
7.94026
7.76424
7.55053
7.29391
6.98873
6.63153
6.21815
5.7516
5.20216
1
1
1
1
1
1
1
1
1
1
1
1
1.00001
1.00001
1.00003
1.00003
1.00008
1.0002
0.998322
0.996136
0.996078
0.980015
0.990829
0.994687
0.893334
2.15215
2.16489
6.37915
8.43532
8.5099
8.41098
8.27757
8.25261
8.26119
8.27828
8.27435
8.25533
8.20771
8.11721
8.00914
7.88386
7.73538
7.55921
7.35077
7.10664
6.82386
6.50059
6.13485
5.73418
5.26491
1
1
1
1
1
1
1
1
1
1
1
1
1
1.00001
1.00001
1.00005
1.00005
1.0003
1.00033
1.00148
1.00132
1.01042
1.01031
1.07109
1.0729
1.56749
1.66362
4.26031
7.70791
8.39909
8.34805
8.22553
8.15325
8.14567
8.1445
8.13519
8.1065
8.04345
7.94551
7.83266
7.70477
7.55568
7.3831
7.18376
6.95423
6.69321
6.40001
6.07266
5.71591
5.30571
1
1
1
1
1
1
1
1
1
1
1
1
1
1.00001
1.00001
1.00004
1.00006
1.00021
1.00026
1.00118
1.00116
1.00679
1.0069
1.04294
1.06405
1.31729
1.29066
3.30126
6.01601
8.03826
8.3022
8.23509
8.11215
8.05762
8.03566
8.00827
7.95868
7.88456
7.78888
7.67779
7.55209
7.40721
7.23961
7.04653
6.82832
6.58621
6.31846
6.02334
5.70519
5.34321
1
1
1
1
1
1
1
1
1
1
1
1
1
1
1
1.00002
1.00002
1.00009
1.00012
1.00043
1.0007
1.00247
1.00273
1.01406
1.03045
1.13648
1.06439
2.4063
3.29565
7.22824
8.22769
8.20502
8.12243
8.00172
7.93316
7.88308
7.82178
7.74249
7.64764
7.53779
7.41289
7.27073
7.10937
6.92829
6.72491
6.49816
6.25126
5.98388
5.6963
5.37049
1
1
1
1
1
1
1
1
1
1
1
1
1
1
1
1
1
0.999996
1.00001
1.00004
0.999514
0.998851
0.99923
0.992731
1.00738
1.01878
0.942266
1.98028
2.1036
5.25559
7.74718
8.12358
8.06611
7.92726
7.80568
7.73209
7.66982
7.59648
7.50835
7.40463
7.28527
7.14953
6.99641
6.82523
6.63561
6.4286
6.19988
5.95122
5.68968
5.39736
1
1
1
1
1
1
1
1
1
1
1
1
1
1
1
1.00001
1.00001
1.00005
1.00006
1.0003
1.00035
1.00168
1.00173
1.00929
1.01167
1.05525
1.06883
1.43366
1.52085
3.56229
6.58545
7.88868
7.95258
7.87661
7.71408
7.60251
7.52952
7.46118
7.38076
7.28564
7.17342
7.04505
6.90028
6.73914
6.56147
6.36779
6.15866
5.93285
5.69011
5.41989
1
1
1
1
1
1
1
1
1
1
1
1
1
1
0.999999
0.999998
0.999993
0.999991
0.999965
0.999955
0.999858
0.999807
0.999472
0.999648
0.996136
1.00472
0.997827
1.01584
1.69017
1.84935
4.4647
7.24288
7.7893
7.75219
7.63912
7.49908
7.41357
7.35052
7.27993
7.19178
7.08452
6.9612
6.8231
6.67025
6.5026
6.32038
6.12406
5.91326
5.69104
5.44409
1
1
1
1
1
1
1
1
1
1
1
1
1
1
1
1
1.00001
1.00001
1.00004
1.00006
1.00025
1.00031
1.00131
1.00197
1.00731
1.00947
1.04818
1.06478
1.32794
1.38922
3.04757
5.53396
7.26213
7.58433
7.54364
7.43496
7.33325
7.26086
7.19269
7.11032
7.00951
6.89182
6.75929
6.61323
6.45433
6.28284
6.09857
5.90143
5.69342
5.4633
1
1
1
1
1
1
1
1
1
1
1
1
1
1
1
0.999999
0.999998
0.999992
0.999991
0.999951
0.999937
0.999731
0.999701
0.998409
0.998739
0.998683
0.993821
1.04369
1.12204
1.06363
2.21976
2.75393
6.15836
7.29905
7.46665
7.42745
7.33724
7.23831
7.14572
7.05659
6.95699
6.84057
6.70834
6.56286
6.40796
6.24408
6.07115
5.88753
5.69453
5.48078
1
1
1
1
1
1
1
1
1
1
1
1
1
1
1
1
1
1
1.00001
1.00003
1.00003
1.00015
1.00017
1.00074
1.0012
1.00404
1.00547
1.02592
1.04061
1.17703
1.13614
2.31228
3.294
6.3832
7.31756
7.4129
7.36659
7.26274
7.13911
7.02609
6.91348
6.7929
6.66445
6.52675
6.37897
6.22278
6.05618
5.8789
5.69523
5.49362
1
1
1
1
1
1
1
1
1
1
1
1
1
1
1
1
1
1
1.00001
1.00001
1.00003
1.00004
1.00019
1.00021
1.00106
1.00143
1.00577
1.00734
1.03474
1.04508
1.23525
1.19912
2.46845
3.95214
6.5476
7.30222
7.32855
7.26916
7.13405
6.99566
6.8672
6.73998
6.61003
6.47482
6.33341
6.18522
6.03075
5.86929
5.69944
5.51225
1
1
1
1
1
1
1
1
1
1
1
1
1
1
1
1
1
1
0.999999
0.999999
0.999997
0.999997
0.999984
1.00002
0.999907
0.999634
1.00448
1.01101
1.00575
1.02549
1.04567
0.979297
1.94612
1.91539
4.88739
6.75731
7.1729
7.16225
7.09727
6.93208
6.78155
6.65527
6.53696
6.41617
6.28871
6.15349
6.01064
5.86004
5.70191
5.52563
1
1
1
1
1
1
1
1
1
1
1
1
1
1
1
1
1
1
1
1
1.00001
1.00001
1.00005
1.00008
1.00028
1.00044
1.00164
1.00211
1.00921
1.01236
1.05424
1.07977
1.35631
1.41738
2.94868
5.22808
6.62772
6.96573
6.94918
6.86869
6.71124
6.58263
6.47203
6.36583
6.25347
6.13243
6.00218
5.8615
5.71
5.54466
1
1
1
1
1
1
1
1
1
1
1
1
1
1
1
1
1
1
1
1
1
1
1.00002
1.00003
1.00011
1.00017
1.0006
1.00091
1.00324
1.0042
1.0167
1.02797
1.12866
1.07312
2.1078
2.554
5.37435
6.52742
6.80045
6.77948
6.70532
6.58461
6.46742
6.35768
6.24573
6.12951
6.00432
5.86847
5.72643
5.5701
1
1
1
1
1
1
1
1
1
1
1
1
1
1
1
1
1
1
1
1
1
1.00001
1.00001
1.00003
1.00003
1.00016
1.00016
1.00083
1.00118
1.00407
1.00506
1.02257
1.03685
1.15266
1.11655
2.12047
2.62819
5.43432
6.4632
6.68497
6.66908
6.60709
6.48354
6.37026
6.25661
6.14009
6.01739
5.88627
5.74897
5.59682
1
1
1
1
1
1
1
1
1
1
1
1
1
1
1
1
1
1
1
1
1
1
1.00001
1.00001
1.00003
1.00005
1.00017
1.0002
1.00089
1.00138
1.00437
1.00557
1.02516
1.03794
1.16688
1.12878
2.12288
2.76625
5.37089
6.37788
6.58704
6.5744
6.52274
6.4077
6.28307
6.16234
6.04202
5.91854
5.78808
5.64147
1
1
1
1
1
1
1
1
1
1
1
1
1
1
1
1
1
1
1
1
1
1
1
1.00001
1.00001
1.00003
1.00003
1.00017
1.00019
1.00082
1.00133
1.00443
1.00392
1.01871
1.02103
0.99834
1.58399
1.62066
3.2667
5.27377
6.25022
6.48279
6.47781
6.43153
6.32666
6.19804
6.07118
5.94514
5.81554
5.67154
1
1
1
1
1
1
1
1
1
1
1
1
1
1
1
1
1
1
1
1
1
1
1
1
1.00001
1.00001
1.00003
1.00003
1.00013
1.00014
1.00068
1.00106
1.00357
1.00293
1.01417
1.00776
1.02924
1.54811
1.63047
3.22406
5.27774
6.16733
6.39036
6.38889
6.34598
6.24998
6.11462
5.97895
5.84632
5.7037
1
1
1
1
1
1
1
1
1
1
1
1
1
1
1
1
1
1
1
1
1
1
1
1
1
1.00001
1.00001
1.00004
1.00004
1.00019
1.00021
1.001
1.00145
1.00507
1.00718
1.02984
1.04319
1.1921
1.16842
2.07513
2.85876
5.16524
6.08067
6.30277
6.30375
6.26571
6.1694
6.0307
5.88944
5.74367
1
1
1
1
1
1
1
1
1
1
1
1
1
1
1
1
1
1
1
1
1
1
1
1
1
1
1
1.00001
1.00002
1.00002
1.00005
1.00001
0.999852
1.00219
1.00526
1.00209
1.01345
1.01918
1.00733
1.55455
1.60137
3.09231
4.99633
5.93579
6.19036
6.20322
6.16451
6.0684
5.92852
5.78098
1
1
1
1
1
1
1
1
1
1
1
1
1
1
1
1
1
1
1
1
1
1
1
1
1
1
1
1
1.00001
1
1.00005
1.00012
1.00017
1.00015
1.00175
1.0042
1.00539
1.02678
1.03179
1.00887
1.53535
1.50719
3.06455
4.82046
5.78969
6.06083
6.08949
6.05519
5.9697
5.83206
1
1
1
1
1
1
1
1
1
1
1
1
1
1
1
1
1
1
1
1
1
1
1
1
1
1
1
1
1
1.00001
1.00002
1.00002
1.00011
1.00016
1.00013
1.00171
1.00413
1.00517
1.02705
1.03529
1.03511
1.49124
1.50146
2.90872
4.5963
5.5757
5.91077
5.97915
5.95795
5.89749
1
1
1
1
1
1
1
1
1
1
1
1
1
1
1
1
1
1
1
1
1
1
1
1
1
1
1
1
1
1
1
1.00001
1.00001
1.00006
1.0001
1.00052
1.00012
1.00163
1.00291
0.997668
1.05936
1.15427
1.15382
1.92087
2.23875
4.33027
5.41197
5.79755
5.91479
5.9493
1
1
1
1
1
1
1
1
1
1
1
1
1
1
1
1
1
1
1
1
1
1
1
1
1
1
1
1
1
1
0.999999
0.999996
0.999996
0.999976
0.999965
0.999863
0.999895
0.999201
0.999617
0.999982
0.995255
1.05194
1.12843
1.10239
1.84602
2.05279
4.02907
5.22565
5.76035
6.05224
1
1
1
1
1
1
1
1
1
1
1
1
1
1
1
1
1
1
1
1
1
1
1
1
1
1
1
1
1
1
1
1
1
1
1.00001
0.999962
0.999915
0.999924
0.999603
1.00014
1.0005
0.996619
1.04643
1.1129
1.0843
1.74635
1.94769
3.59709
5.19115
6.02084
1
1
1
1
1
1
1
1
1
1
1
1
1
1
1
1
1
1
1
1
1
1
1
1
1
1
1
1
1
1
1
1
1
1.00001
1.00001
1.00004
1.00004
1.00022
1.00023
1.00127
1.00133
1.00799
1.00888
1.04808
1.06935
1.26983
1.27886
2.27801
3.46988
5.51723
1
1
1
1
1
1
1
1
1
1
1
1
1
1
1
1
1
1
1
1
1
1
1
1
1
1
1
1
1
1
1
1
1
1
1
1.00001
1.00002
1.00002
1
1.00045
1.00037
1.00344
1.00961
1.00473
1.02607
1.04963
0.96827
2.08755
2.1737
5.89649
1
1
1
1
1
1
1
1
1
1
1
1
1
1
1
1
1
1
1
1
1
1
1
1
1
1
1
1
1
1
1
1
1
1
1.00001
1.00001
1.00002
1.00007
1.0001
1.00041
1.00047
1.00238
1.00245
1.01384
1.02044
1.09035
1.07937
2.01484
2.13661
7.36784
1
1
1
1
1
1
1
1
1
1
1
1
1
1
1
1
1
1
1
1
1
1
1
1
1
1
1
1
1
1
1
1
1
1
1
1.00001
1.00002
1.00008
1.00011
1.00058
1.00064
1.00396
1.0057
1.02738
1.01504
1.06914
1.16956
1.10598
3.08913
5.50646
1
1
1
1
1
1
1
1
1
1
1
1
1
1
1
1
1
1
1
1
1
1
1
1
1
1
1
1
1
1
1
1
1
1
1
1.00001
1.00001
1.00006
1.00007
1.00045
1.0005
1.00279
1.00459
1.01956
1.01013
1.05941
1.15073
1.06771
3.05068
5.28951
1
1
1
1
1
1
1
1
1
1
1
1
1
1
1
1
1
1
1
1
1
1
1
1
1
1
1
1
1
1
1
1
1
1
1
1.00001
1.00001
1.00008
1.00008
1.00055
1.0006
1.0036
1.00544
1.02596
1.01398
1.07173
1.1827
1.12913
3.20642
5.9526
1
1
1
1
1
1
1
1
1
1
1
1
1
1
1
1
1
1
1
1
1
1
1
1
1
1
1
1
1
1
1
1
1
1
1
1.00001
1.00001
1.00006
1.00008
1.00029
1.00024
1.00167
1.00511
0.997973
1.00775
1.01373
0.924262
2.25749
2.49987
8.36837
1
1
1
1
1
1
1
1
1
1
1
1
1
1
1
1
1
1
1
1
1
1
1
1
1
1
1
1
1
1
1
1
1
1
1
1.00001
1.00002
1.00007
1.00011
1.00037
1.00047
1.0021
1.00297
1.00847
1.02046
1.06661
1.01121
2.07714
2.38237
8.17313
1
1
1
1
1
1
1
1
1
1
1
1
1
1
1
1
1
1
1
1
1
1
1
1
1
1
1
1
1
1
1
1
1
1
1
1.00001
1.00002
1.00007
1.00008
1.00043
1.00059
1.00245
1.00309
1.0152
1.02563
1.09655
0.991651
2.17218
2.4327
8.70221
2.04768
1.02131
0.67747
0.626873
0.663937
0.79218
1.09908
1.77081
2.35731
2.97041
3.02611
3.0249
2.99344
2.95392
2.92418
2.89777
2.88116
2.87
2.85934
2.84152
2.83305
2.8305
2.83182
2.85517
2.90903
3.00652
3.14998
3.32842
3.51552
3.69615
3.86206
4.00977
4.14207
4.2531
4.3451
4.42138
4.48094
4.53665
4.57714
4.60213
4.61611
4.62155
4.61981
4.61267
4.59643
4.57255
4.54416
4.51308
4.47875
4.44188
4.40245
4.3613
4.3182
4.27401
4.22821
4.1816
4.1337
4.08522
4.0359
3.98633
3.93634
3.8864
3.8363
3.78637
3.73643
3.68667
3.63698
3.58745
3.53805
3.48883
3.43982
3.39106
3.34259
3.29447
3.24675
3.19945
3.15265
3.10634
3.0606
3.01537
2.97077
2.92668
2.88323
2.84037
2.7982
2.75662
2.71577
2.67563
2.63627
2.59756
2.55966
2.52245
2.48611
2.45055
2.41598
2.38251
2.35065
2.32123
2.29587
2.27954
2.70942
1.63014
1.19745
1.0406
1.04126
1.06088
1.14856
1.41958
2.08862
2.94404
3.05644
3.02692
2.98512
2.94632
2.92869
2.91015
2.89344
2.87928
2.86542
2.84119
2.82519
2.81962
2.82137
2.84687
2.90033
2.99395
3.12959
3.30717
3.49262
3.67127
3.8353
3.97689
4.11663
4.22937
4.32359
4.40131
4.46471
4.5203
4.56122
4.58787
4.60323
4.60927
4.60842
4.60336
4.59009
4.56539
4.53713
4.50659
4.47328
4.43714
4.39824
4.35727
4.31439
4.27018
4.22455
4.17795
4.13028
4.08191
4.03283
3.98338
3.93359
3.88371
3.83374
3.78384
3.73398
3.68424
3.63461
3.58512
3.53577
3.4866
3.43765
3.38895
3.34057
3.29251
3.24488
3.19765
3.15093
3.10467
3.059
3.01381
2.9693
2.92527
2.88188
2.83913
2.79705
2.75567
2.71486
2.67482
2.63535
2.59679
2.5588
2.52175
2.48531
2.44985
2.41516
2.38168
2.34958
2.31991
2.29389
2.27675
3.53647
2.5419
1.92027
1.52267
1.27333
1.14709
1.16689
1.29203
1.68788
2.61351
3.02225
3.02325
2.99744
2.9549
2.92758
2.9036
2.8825
2.86646
2.85512
2.83944
2.83095
2.82168
2.82244
2.84045
2.8838
2.96747
3.0945
3.27166
3.45404
3.63494
3.80141
3.95089
4.08741
4.20269
4.2986
4.37817
4.44365
4.49828
4.54014
4.56847
4.58542
4.59251
4.59212
4.58875
4.57872
4.55722
4.52805
4.49749
4.46496
4.42973
4.39156
4.35104
4.30846
4.2644
4.21896
4.1725
4.12508
4.07694
4.02816
3.97895
3.92939
3.87968
3.82985
3.78003
3.73027
3.68058
3.63102
3.58157
3.53232
3.48321
3.43437
3.38576
3.33749
3.28958
3.24205
3.19501
3.14834
3.10234
3.05672
3.01173
2.96729
2.92353
2.88019
2.8377
2.79553
2.75433
2.71348
2.67362
2.63416
2.59574
2.55775
2.5208
2.48438
2.44891
2.41417
2.38062
2.34832
2.31831
2.29168
2.27353
3.98534
3.11013
2.43762
1.94909
1.61863
1.39892
1.34731
1.38337
1.54139
1.96649
2.81368
3.01713
3.0164
2.99602
2.95372
2.92151
2.89625
2.87991
2.86708
2.85045
2.83814
2.82724
2.83005
2.84917
2.90046
2.9887
3.10493
3.25481
3.41725
3.59094
3.75599
3.90629
4.04229
4.15962
4.25829
4.34021
4.40808
4.46352
4.50689
4.53767
4.557
4.56649
4.56712
4.56526
4.55859
4.54284
4.51461
4.48392
4.4517
4.41727
4.38004
4.3403
4.29832
4.25466
4.2096
4.16348
4.11644
4.06866
4.02027
3.97138
3.92215
3.87264
3.82304
3.77336
3.72375
3.67414
3.62471
3.57535
3.5262
3.47722
3.42849
3.38007
3.33193
3.28426
3.23688
3.19008
3.14352
3.09778
3.05242
3.0078
2.9635
2.91991
2.87673
2.83434
2.7924
2.75128
2.71065
2.67086
2.63163
2.59322
2.55545
2.51847
2.48223
2.44672
2.4121
2.37838
2.34603
2.31554
2.28863
2.26948
4.27616
3.51703
2.87377
2.36263
1.98213
1.70655
1.51828
1.4928
1.53895
1.72178
2.18041
2.87223
3.0153
3.01856
3.00406
2.96917
2.93329
2.90981
2.89248
2.87917
2.87244
2.87648
2.89488
2.94158
3.01404
3.08473
3.16428
3.26856
3.39451
3.52105
3.66823
3.81877
3.96567
4.09515
4.20343
4.29108
4.36243
4.42006
4.46552
4.49925
4.52183
4.53449
4.53789
4.53671
4.53253
4.52164
4.49896
4.46817
4.43562
4.40144
4.36497
4.32612
4.28504
4.24211
4.19771
4.15215
4.10567
4.0584
4.01053
3.96209
3.91328
3.86411
3.81482
3.76534
3.71594
3.66648
3.61721
3.56798
3.51899
3.47019
3.42164
3.37345
3.32555
3.27817
3.23105
3.18461
3.13858
3.09308
3.0479
3.00346
2.95935
2.91598
2.873
2.83079
2.78905
2.74805
2.70764
2.66791
2.62891
2.59053
2.55295
2.51599
2.47988
2.44438
2.40983
2.37602
2.34356
2.3127
2.2854
2.26501
4.48806
3.83451
3.24425
2.7399
2.33209
2.01566
1.78131
1.6221
1.62801
1.69059
1.8904
2.36709
2.89738
3.01529
3.02334
3.01299
2.9865
2.95355
2.93394
2.93377
2.93941
2.96117
3.01546
3.12529
3.2155
3.26502
3.30135
3.34278
3.39469
3.4693
3.54601
3.67012
3.8305
3.98571
4.11867
4.22254
4.30391
4.36643
4.41461
4.4513
4.47756
4.4939
4.5018
4.50151
4.49929
4.49251
4.47706
4.44849
4.41593
4.38182
4.34599
4.30805
4.268
4.22604
4.18254
4.13776
4.092
4.04535
3.99806
3.95011
3.90176
3.85295
3.80398
3.75476
3.70558
3.6563
3.60719
3.55812
3.50929
3.46066
3.41234
3.3644
3.3168
3.26987
3.22318
3.17713
3.13138
3.0862
3.04131
2.99711
2.95326
2.91012
2.8674
2.8254
2.78394
2.74312
2.70299
2.66342
2.62468
2.58645
2.54909
2.51226
2.4763
2.4409
2.40643
2.37263
2.3401
2.30899
2.28146
2.25972
4.64567
4.07752
3.54468
3.06282
2.65126
2.31149
2.04419
1.83655
1.72107
1.73149
1.80204
2.00876
2.47546
2.90559
3.01499
3.03154
3.02586
3.00986
2.9957
3.00108
3.0235
3.08324
3.21487
3.40638
3.50284
3.5147
3.50792
3.48626
3.45086
3.45728
3.48561
3.5466
3.65687
3.81929
3.98131
4.11855
4.22412
4.30093
4.35699
4.39853
4.42821
4.44819
4.45987
4.46215
4.46107
4.45695
4.44675
4.42521
4.39341
4.35932
4.32388
4.28679
4.24787
4.20711
4.16477
4.121
4.07614
4.03027
3.98367
3.93632
3.88851
3.84016
3.79159
3.74269
3.69379
3.64473
3.59583
3.54694
3.49834
3.44992
3.40198
3.35465
3.30753
3.261
3.21471
3.16903
3.12358
3.07874
3.03418
2.99028
2.94673
2.90386
2.86145
2.81968
2.77853
2.73792
2.69808
2.6587
2.62021
2.58215
2.54499
2.50828
2.4725
2.43716
2.40281
2.36899
2.33642
2.3051
2.27677
2.25479
4.77251
4.26986
3.7853
3.33219
2.9291
2.58321
2.29431
2.06417
1.88439
1.80373
1.81942
1.89497
2.09965
2.54088
2.91135
3.02039
3.05127
3.05554
3.06254
3.08319
3.13784
3.26331
3.52262
3.76731
3.83593
3.82289
3.77646
3.67183
3.54361
3.47433
3.47764
3.50042
3.55062
3.64399
3.79256
3.95436
4.09525
4.20398
4.28217
4.33639
4.37326
4.39768
4.41293
4.41863
4.41818
4.41591
4.40942
4.39497
4.36686
4.33405
4.29929
4.26296
4.22502
4.1854
4.14422
4.10157
4.05769
4.0127
3.96684
3.92015
3.87289
3.82501
3.77686
3.7283
3.6797
3.63086
3.58222
3.53348
3.4853
3.4375
3.39007
3.34306
3.29642
3.25025
3.20435
3.159
3.1139
3.0694
3.0252
2.98161
2.93844
2.89587
2.85385
2.81237
2.77159
2.73125
2.69175
2.65263
2.61443
2.5766
2.53969
2.50316
2.46758
2.43238
2.39817
2.36441
2.33186
2.30042
2.2717
2.24906
4.8695
4.42134
3.9838
3.5605
3.17146
2.82738
2.53036
2.28111
2.07942
1.92706
1.87229
1.89268
1.97211
2.17176
2.58868
2.92356
3.03888
3.08696
3.12112
3.17869
3.29861
3.54729
3.95785
4.19262
4.20089
4.1679
4.07067
3.87044
3.68371
3.55758
3.49767
3.49996
3.51702
3.55763
3.63681
3.76049
3.91325
4.05523
4.16848
4.25051
4.30577
4.34061
4.36168
4.37106
4.37124
4.3701
4.36605
4.35611
4.33529
4.30483
4.27139
4.2361
4.19915
4.16063
4.12055
4.07907
4.03624
3.99228
3.94726
3.90137
3.85476
3.80749
3.75983
3.7117
3.66346
3.6149
3.56657
3.5185
3.47085
3.42349
3.37664
3.33003
3.28391
3.2381
3.1927
3.14769
3.1031
3.05896
3.01527
2.97205
2.92937
2.88715
2.84558
2.80443
2.76405
2.72404
2.68488
2.64606
2.60814
2.57056
2.5339
2.49758
2.4622
2.42715
2.39308
2.3594
2.32689
2.29536
2.26642
2.24294
4.94601
4.54511
4.14788
3.75534
3.38389
3.04684
2.74859
2.48977
2.27122
2.0938
1.96388
1.92842
1.95154
2.03305
2.22979
2.6329
2.95063
3.08105
3.18219
3.29868
3.52837
3.99216
4.47973
4.6285
4.60572
4.52197
4.33242
4.07019
3.85246
3.69279
3.58869
3.53286
3.52682
3.53683
3.5664
3.62761
3.72739
3.86545
4.0018
4.11823
4.20518
4.26411
4.29933
4.31624
4.32098
4.32026
4.31747
4.31051
4.29572
4.26992
4.23923
4.20574
4.17013
4.13281
4.09384
4.05351
4.01174
3.96884
3.92474
3.87976
3.83388
3.78733
3.74023
3.69263
3.64479
3.59676
3.5491
3.50154
3.45454
3.40769
3.3614
3.31526
3.26967
3.22426
3.1794
3.13479
3.09075
3.047
3.00386
2.96104
2.9189
2.87709
2.83602
2.79527
2.75533
2.71569
2.67692
2.63844
2.60085
2.56355
2.52718
2.49108
2.45594
2.42106
2.38717
2.35361
2.3212
2.28962
2.26063
2.23631
5.01033
4.64402
4.28386
3.92101
3.57029
3.24369
2.94829
2.6861
2.45769
2.26374
2.1076
1.99607
1.97995
2.00543
2.08899
2.28779
2.69005
3.01416
3.22938
3.45707
3.88704
4.60702
5.02966
5.04554
4.99495
4.8487
4.55347
4.2694
4.03854
3.85945
3.72481
3.62836
3.56952
3.54858
3.5535
3.57253
3.61487
3.68913
3.80383
3.93319
4.05121
4.14342
4.20703
4.244
4.26126
4.26354
4.26222
4.258
4.24831
4.22863
4.20129
4.1702
4.1365
4.10074
4.06315
4.02409
3.98353
3.94178
3.89875
3.85478
3.80979
3.76409
3.71767
3.67067
3.62346
3.57628
3.52946
3.48268
3.43638
3.39014
3.34445
3.29885
3.25382
3.20894
3.16466
3.12055
3.0771
3.03386
2.99131
2.94899
2.90742
2.86609
2.82555
2.78527
2.74581
2.7066
2.66824
2.63015
2.59291
2.55594
2.51985
2.48402
2.44909
2.41444
2.3807
2.34731
2.315
2.28342
2.25447
2.22938
5.06613
4.7301
4.3954
4.05855
3.73147
3.41961
3.13093
2.86886
2.63591
2.43207
2.25869
2.12146
2.02828
2.03187
2.06545
2.15922
2.37357
2.80628
3.22032
3.65684
4.46647
5.2878
5.50574
5.46804
5.34426
5.07909
4.75063
4.46795
4.23626
4.04473
3.88705
3.7617
3.66604
3.60046
3.56204
3.56286
3.57056
3.59412
3.64588
3.73589
3.85262
3.96762
4.06412
4.13323
4.17562
4.19519
4.19882
4.19732
4.19229
4.1809
4.15832
4.13019
4.0986
4.06466
4.02872
3.99115
3.95192
3.91144
3.86959
3.82681
3.78289
3.73821
3.69259
3.64653
3.60036
3.55423
3.50826
3.46231
3.41671
3.37114
3.32607
3.28107
3.23666
3.19235
3.14868
3.10514
3.06229
3.01961
2.97765
2.93589
2.89488
2.8541
2.81409
2.77432
2.73534
2.69661
2.65867
2.62099
2.58411
2.5475
2.5117
2.47618
2.44149
2.40709
2.37354
2.34035
2.30819
2.27666
2.24783
2.22214
5.11519
4.80101
4.49314
4.18
3.87021
3.57234
3.29344
3.03643
2.80388
2.59497
2.41196
2.25875
2.13344
2.08413
2.09648
2.14999
2.28371
2.56705
3.14711
3.86426
5.22275
5.89454
5.8848
5.80365
5.59825
5.25439
4.9362
4.66534
4.43426
4.23518
4.0638
3.91695
3.79479
3.69581
3.62178
3.5739
3.55755
3.55939
3.57056
3.60179
3.66631
3.76324
3.8712
3.96914
4.04527
4.09515
4.12078
4.12661
4.12529
4.12039
4.10889
4.08576
4.0569
4.02486
3.99066
3.95473
3.91707
3.8781
3.83769
3.79627
3.75357
3.70996
3.66538
3.62061
3.57554
3.53042
3.48528
3.44017
3.3953
3.35049
3.30611
3.26181
3.21807
3.17443
3.13141
3.08852
3.04631
3.00426
2.96292
2.92177
2.88135
2.84116
2.8017
2.7625
2.72401
2.68581
2.64831
2.61108
2.57458
2.53836
2.50288
2.46768
2.43326
2.39913
2.36581
2.33282
2.30086
2.26943
2.24078
2.21468
5.15732
4.86406
4.57566
4.28308
3.99188
3.70952
3.44093
3.19015
2.95792
2.7484
2.56033
2.39742
2.26452
2.1782
2.18294
2.21584
2.31668
2.55934
3.06684
4.10414
5.82847
6.29498
6.2408
6.08199
5.76748
5.4334
5.12817
4.86295
4.63188
4.42775
4.24561
4.08417
3.94244
3.82142
3.71978
3.6386
3.5801
3.54808
3.54047
3.54325
3.55838
3.59643
3.67333
3.77013
3.86773
3.94907
4.00585
4.03887
4.04954
4.04872
4.04455
4.0339
4.01195
3.98282
3.94999
3.91523
3.879
3.84162
3.80289
3.76303
3.7217
3.67939
3.63627
3.59283
3.5489
3.50487
3.46066
3.41648
3.37241
3.32845
3.28481
3.24129
3.19824
3.15533
3.11298
3.0708
3.02923
2.98785
2.94712
2.90662
2.8668
2.82722
2.78833
2.7497
2.71173
2.67404
2.63701
2.60025
2.56417
2.52835
2.49323
2.45837
2.42426
2.39042
2.35738
2.32464
2.29294
2.26168
2.23327
2.20696
5.19517
4.91874
4.64812
4.37311
4.09766
3.8298
3.57065
3.32849
3.10041
2.8928
2.70486
2.54059
2.40444
2.32162
2.32839
2.36401
2.46604
2.71082
3.22955
4.27781
5.72601
6.3473
6.32182
6.21126
5.97184
5.65502
5.34488
5.06947
4.82953
4.61728
4.42771
4.25637
4.10145
3.96217
3.8392
3.73356
3.64622
3.5797
3.53538
3.51771
3.50925
3.51478
3.5367
3.58679
3.67233
3.76303
3.84602
3.91019
3.95049
3.96843
3.96821
3.9652
3.95636
3.9373
3.90745
3.87363
3.83835
3.80229
3.76523
3.72701
3.68731
3.64668
3.60508
3.56304
3.52033
3.4775
3.4343
3.39118
3.34799
3.305
3.26215
3.21953
3.17718
3.1351
3.09342
3.05199
3.01108
2.97042
2.93034
2.89055
2.85135
2.81244
2.77415
2.73612
2.69871
2.66155
2.62503
2.58872
2.5531
2.51766
2.48296
2.44843
2.41471
2.38115
2.34847
2.31599
2.28464
2.25361
2.22552
2.19919
5.22582
4.96623
4.71229
4.45355
4.19252
3.93721
3.68812
3.45306
3.23141
3.02723
2.84363
2.68654
2.56193
2.52568
2.54187
2.60453
2.76116
3.09296
3.73955
4.38151
5.12953
5.87911
6.16909
6.1488
6.06329
5.87049
5.58978
5.29978
5.04487
4.81849
4.61489
4.43008
4.26142
4.10812
3.9687
3.84434
3.73553
3.64363
3.57049
3.51681
3.48928
3.46973
3.4707
3.48156
3.51156
3.57393
3.65726
3.7411
3.80994
3.85646
3.88142
3.88569
3.88368
3.87655
3.86029
3.83043
3.79667
3.76146
3.72547
3.6886
3.65056
3.61167
3.57179
3.53125
3.48996
3.44834
3.40628
3.36423
3.32202
3.27999
3.238
3.19625
3.15472
3.11344
3.0725
3.03184
2.99163
2.95171
2.91231
2.87321
2.83467
2.79641
2.75874
2.72131
2.6845
2.64788
2.61191
2.57609
2.54097
2.50597
2.47172
2.43758
2.40427
2.37109
2.33881
2.30672
2.27578
2.24516
2.21748
2.19153
5.25618
5.00823
4.7688
4.52552
4.27822
4.03448
3.79542
3.56809
3.35368
3.15703
2.98449
2.84482
2.77307
2.7825
2.82929
2.95722
3.23447
3.75511
4.15887
4.4359
4.75317
5.21225
5.69862
5.95589
5.96349
5.92195
5.80107
5.55788
5.29302
5.04305
4.81477
4.61009
4.42517
4.25729
4.10415
3.96511
3.83985
3.72875
3.6329
3.55401
3.49391
3.45582
3.4308
3.41953
3.42415
3.44207
3.48295
3.55649
3.63363
3.70383
3.75712
3.78932
3.80032
3.79906
3.79361
3.78019
3.75305
3.71989
3.68418
3.64777
3.61095
3.57365
3.53559
3.49678
3.45714
3.41696
3.37626
3.33541
3.29435
3.25336
3.21237
3.17154
3.1309
3.09047
3.05036
3.01048
2.97105
2.93187
2.89322
2.85482
2.81701
2.77941
2.74243
2.70562
2.66946
2.63341
2.59803
2.56273
2.52813
2.49361
2.45985
2.42618
2.39333
2.36063
2.32881
2.29727
2.26686
2.23691
2.20982
2.18472
5.28907
5.05175
4.82088
4.58895
4.35474
4.12221
3.89403
3.67591
3.47233
3.29025
3.14067
3.05278
3.0592
3.10112
3.22167
3.48835
3.99038
4.32104
4.46034
4.51815
4.61205
4.78379
5.05875
5.42817
5.72393
5.82295
5.79944
5.71394
5.53247
5.29562
5.04072
4.81019
4.60215
4.41493
4.24567
4.09203
3.95256
3.82634
3.71403
3.61592
3.53341
3.46715
3.42073
3.38907
3.36693
3.36795
3.37712
3.40207
3.45421
3.52528
3.59646
3.65467
3.69261
3.71188
3.71156
3.70815
3.69809
3.67651
3.64277
3.6065
3.56994
3.5335
3.4969
3.45975
3.42186
3.38332
3.34421
3.30473
3.26497
3.22508
3.18517
3.14531
3.10562
3.06606
3.02682
2.98777
2.94916
2.91076
2.8729
2.83524
2.79818
2.76128
2.72502
2.68887
2.65338
2.61794
2.58318
2.54846
2.51444
2.48047
2.44725
2.41415
2.38184
2.34977
2.31857
2.28781
2.25818
2.22937
2.20316
2.1799
5.31886
5.09193
4.87298
4.64992
4.42436
4.20218
3.9858
3.78079
3.59536
3.44122
3.34804
3.35412
3.39738
3.52371
3.80499
4.32029
4.6296
4.69404
4.68089
4.63298
4.57565
4.60036
4.68572
4.87375
5.21138
5.53412
5.69222
5.68035
5.62093
5.48004
5.26889
5.03057
4.80051
4.58942
4.39987
4.22888
4.07418
3.93353
3.80684
3.69329
3.59318
3.50704
3.43602
3.3826
3.34438
3.31611
3.3058
3.3101
3.32537
3.35987
3.42246
3.4886
3.54826
3.59282
3.61884
3.624
3.62202
3.61478
3.59799
3.56533
3.52971
3.49339
3.4572
3.42089
3.38434
3.34736
3.30993
3.27199
3.23368
3.19504
3.15632
3.11748
3.07881
3.04017
3.00186
2.96367
2.92594
2.88836
2.85133
2.81446
2.7782
2.74205
2.70654
2.6711
2.63631
2.60155
2.56745
2.53338
2.5
2.46669
2.43412
2.40173
2.37014
2.33894
2.30865
2.2791
2.25072
2.22383
2.19922
2.17939
5.35372
5.13311
4.92041
4.70569
4.49103
4.2798
4.07706
3.8926
3.73954
3.64971
3.65748
3.70683
3.84866
4.16117
4.70051
5.00231
5.01233
4.97851
4.87851
4.68952
4.55311
4.53469
4.55476
4.62139
4.77116
5.05037
5.3498
5.52861
5.52834
5.49672
5.40655
5.22288
5.01246
4.78319
4.5733
4.38187
4.20871
4.05208
3.91028
3.78254
3.66744
3.56531
3.47612
3.4012
3.34109
3.29828
3.26305
3.24141
3.24284
3.25136
3.27347
3.31908
3.38006
3.44102
3.49063
3.52195
3.53501
3.5339
3.52866
3.51546
3.48842
3.45441
3.41809
3.38149
3.3453
3.30933
3.27334
3.23692
3.20015
3.16292
3.12552
3.08787
3.05032
3.01269
2.97538
2.93812
2.90133
2.86464
2.8285
2.79248
2.75705
2.72171
2.68698
2.65232
2.61828
2.58427
2.5509
2.5176
2.48496
2.45247
2.42072
2.3893
2.35875
2.32885
2.30001
2.27241
2.24628
2.22259
2.2005
2.18337
5.38771
5.17294
4.96634
4.76017
4.556
4.35912
4.17956
4.03158
3.95164
3.96288
4.02272
4.18773
4.54503
5.12463
5.40854
5.39867
5.33909
5.18936
4.95811
4.75433
4.60183
4.51906
4.51865
4.53196
4.57977
4.691
4.9019
5.15483
5.33144
5.37841
5.3608
5.29683
5.1554
4.96879
4.75912
4.55285
4.36026
4.18534
4.02682
3.88359
3.75395
3.63731
3.53291
3.44111
3.36225
3.29715
3.24887
3.20784
3.17957
3.17349
3.17736
3.19071
3.22084
3.27531
3.33282
3.38445
3.4215
3.44382
3.44367
3.44078
3.43179
3.41199
3.37889
3.34254
3.30624
3.27045
3.23514
3.19976
3.16433
3.12853
3.09261
3.05631
3.02004
2.98356
2.94736
2.91113
2.87534
2.83962
2.80443
2.76933
2.73479
2.70033
2.66646
2.63265
2.59943
2.56629
2.53376
2.50138
2.46968
2.43827
2.40767
2.37768
2.34873
2.32093
2.29457
2.27025
2.24761
2.2264
2.20682
2.19562
5.43203
5.21381
5.01097
4.81384
4.62531
4.45131
4.31354
4.25084
4.26759
4.343
4.54067
4.96244
5.55475
5.81701
5.80173
5.72412
5.54029
5.27463
5.0388
4.85045
4.70216
4.59125
4.52279
4.50374
4.50874
4.53503
4.60548
4.75023
4.94968
5.12345
5.21288
5.20487
5.16666
5.07292
4.90603
4.72587
4.52465
4.33521
4.15914
3.99919
3.85389
3.72229
3.60376
3.49687
3.40254
3.3203
3.25115
3.19703
3.15203
3.11869
3.10099
3.10257
3.11035
3.13012
3.17057
3.22354
3.27633
3.31938
3.34671
3.35457
3.35297
3.3466
3.33157
3.30143
3.26757
3.23198
3.19649
3.16127
3.12662
3.09202
3.05752
3.02267
2.98784
2.9527
2.91777
2.88271
2.84803
2.81337
2.7792
2.74509
2.71151
2.67802
2.64508
2.61224
2.57997
2.54787
2.51639
2.48521
2.45479
2.42495
2.39612
2.36841
2.34213
2.31784
2.29567
2.27387
2.25445
2.2384
2.22493
2.22311
5.46765
5.25898
5.06128
4.87755
4.71159
4.58257
4.54702
4.57143
4.6667
4.90683
5.40968
6.01442
6.26765
6.2406
6.13607
5.90521
5.61459
5.35753
5.1485
4.97704
4.83109
4.70456
4.59987
4.5228
4.48065
4.4689
4.47653
4.51132
4.5929
4.74995
4.90644
5.0185
5.03329
5.01608
4.95992
4.83714
4.67139
4.49265
4.30524
4.13062
3.96854
3.82116
3.6878
3.56687
3.45816
3.36111
3.27605
3.20331
3.14429
3.09597
3.05718
3.03056
3.02769
3.03114
3.04286
3.0693
3.11717
3.16767
3.21352
3.24593
3.26291
3.26237
3.25853
3.24786
3.22531
3.19293
3.15778
3.12245
3.08802
3.05406
3.0206
2.98704
2.95366
2.91999
2.88649
2.85278
2.81937
2.7859
2.75285
2.71986
2.68735
2.65497
2.6231
2.59142
2.56033
2.52955
2.4995
2.47002
2.44155
2.4142
2.38827
2.36438
2.34286
2.32141
2.30237
2.28581
2.27361
2.26655
2.26769
2.27366
5.50461
5.30237
5.1215
4.9638
4.84633
4.83882
4.87258
4.99318
5.28543
5.88636
6.50251
6.71318
6.67747
6.5543
6.28914
5.97203
5.69516
5.47028
5.28422
5.12178
4.97339
4.83506
4.70771
4.59616
4.50533
4.44709
4.41134
4.40342
4.41473
4.45551
4.54591
4.6865
4.7984
4.85723
4.85094
4.82031
4.74453
4.59672
4.4424
4.26907
4.0963
3.93562
3.78664
3.65103
3.52807
3.41743
3.31789
3.23038
3.15441
3.09099
3.03965
2.99526
2.96417
2.95032
2.95177
2.95867
2.97602
3.01151
3.05862
3.10632
3.14387
3.16655
3.17118
3.16919
3.16218
3.1461
3.11635
3.08337
3.04952
3.01564
2.98251
2.94976
2.9176
2.88539
2.85343
2.82124
2.78927
2.7572
2.72546
2.69378
2.66253
2.63147
2.60093
2.57074
2.54124
2.51234
2.48444
2.45768
2.43239
2.40923
2.38859
2.36797
2.34954
2.33357
2.32181
2.31488
2.31658
2.32302
2.33943
2.37605
5.54689
5.35804
5.20414
5.10342
5.11039
5.16355
5.3232
5.68274
6.39992
7.01613
7.18584
7.14028
6.99188
6.68023
6.33658
6.04515
5.80799
5.61083
5.43706
5.27539
5.12053
4.97114
4.82832
4.69505
4.57549
4.47382
4.39806
4.35109
4.31204
4.31283
4.32701
4.36984
4.46153
4.57035
4.65128
4.66678
4.65504
4.61413
4.52294
4.37199
4.21976
4.05778
3.89787
3.74987
3.61273
3.48808
3.37537
3.27396
3.18385
3.10481
3.0373
2.98228
2.93432
2.89802
2.87404
2.87259
2.87573
2.88609
2.90936
2.95256
2.99908
3.03926
3.06639
3.07947
3.07861
3.07421
3.06305
3.03993
3.00991
2.97676
2.94386
2.91149
2.88017
2.84915
2.81865
2.78808
2.75776
2.72735
2.69721
2.66714
2.63749
2.60814
2.57942
2.55131
2.52421
2.49826
2.47388
2.45175
2.43228
2.41294
2.39545
2.38063
2.36973
2.36353
2.36534
2.37211
2.38843
2.42164
2.47092
2.57221
5.59257
5.43412
5.3533
5.36848
5.44567
5.65799
6.11935
6.96283
7.56224
7.66963
7.60965
7.42683
7.05526
6.69731
6.39902
6.15536
5.95003
5.76686
5.59457
5.42754
5.26413
5.10471
4.95057
4.80347
4.66578
4.54001
4.42982
4.34155
4.27853
4.22777
4.19364
4.19754
4.21582
4.25859
4.34098
4.41959
4.47259
4.46919
4.45026
4.40104
4.29858
4.15594
4.00946
3.85827
3.71041
3.57359
3.4475
3.33269
3.22947
3.13676
3.05494
2.98365
2.92431
2.87381
2.83217
2.80379
2.79254
2.79391
2.80016
2.81578
2.84782
2.89114
2.93303
2.96511
2.98465
2.98777
2.98568
2.9786
2.96302
2.935
2.9049
2.87336
2.8426
2.81225
2.78286
2.75377
2.72517
2.69666
2.6685
2.64052
2.61305
2.58611
2.56013
2.53531
2.51209
2.49137
2.47331
2.45574
2.43948
2.42653
2.41663
2.41249
2.41465
2.42231
2.44003
2.47534
2.52816
2.61078
2.68694
2.83932
5.66559
5.59191
5.61969
5.73328
6.02811
6.64308
7.56488
8.1361
8.16166
8.08009
7.85409
7.44115
7.07166
6.76475
6.51496
6.30202
6.11011
5.92795
5.75008
5.5748
5.40254
5.23428
5.07117
4.91422
4.76469
4.62399
4.49383
4.37711
4.27668
4.20179
4.13481
4.08704
4.05743
4.06195
4.07973
4.12008
4.19008
4.24883
4.27557
4.269
4.24599
4.19028
4.07969
3.94826
3.80947
3.6691
3.53271
3.40613
3.28999
3.18448
3.08937
3.00476
2.93056
2.86741
2.81487
2.76964
2.73646
2.71585
2.71401
2.71676
2.72601
2.74673
2.78595
2.82636
2.86151
2.88538
2.89735
2.89661
2.89274
2.88268
2.86213
2.83458
2.80539
2.77577
2.74727
2.71943
2.69252
2.66613
2.64039
2.61518
2.5909
2.56774
2.54617
2.52727
2.51109
2.49569
2.48103
2.47067
2.46197
2.46115
2.464
2.47313
2.49332
2.53268
2.58857
2.66395
2.75264
2.8645
2.95605
3.08511
5.82203
5.86664
6.03595
6.43467
7.23771
8.21717
8.7177
8.6923
8.55342
8.24071
7.82661
7.44794
7.13341
6.88005
6.66238
6.46193
6.27059
6.08287
5.89712
5.71369
5.53371
5.35819
5.18795
5.02357
4.86554
4.71456
4.57154
4.43801
4.31591
4.20793
4.11875
4.0434
3.97741
3.93072
3.90633
3.91059
3.92604
3.96079
4.01855
4.06131
4.0755
4.0682
4.04209
3.98384
3.87443
3.75095
3.61974
3.48927
3.36283
3.24493
3.13771
3.04139
2.95527
2.8793
2.813
2.75701
2.70846
2.66999
2.64473
2.63385
2.63511
2.64081
2.655
2.68395
2.72157
2.75839
2.78726
2.80557
2.81008
2.8085
2.80276
2.78971
2.76651
2.74041
2.71351
2.68709
2.66191
2.63782
2.61511
2.59386
2.57456
2.55793
2.5445
2.53173
2.51983
2.51175
2.5059
2.50736
2.51269
2.52504
2.54956
2.5922
2.64982
2.72407
2.81274
2.91206
3.00976
3.09931
3.15777
3.20472
6.05992
6.3574
6.92774
7.91836
8.92413
9.28729
9.23157
9.0276
8.61229
8.19482
7.82049
7.50082
7.24481
7.02451
6.82039
6.62173
6.42452
6.22878
6.03501
5.84429
5.65773
5.4761
5.29987
5.12932
4.9646
4.80597
4.65402
4.50944
4.37327
4.24695
4.13231
4.03358
3.94894
3.87213
3.80804
3.76345
3.74317
3.74695
3.76003
3.78887
3.8357
3.86799
3.87469
3.86686
3.84122
3.78565
3.68218
3.56449
3.43849
3.31475
3.19903
3.09214
2.99445
2.906
2.827
2.75712
2.6975
2.64623
2.60405
2.57468
2.55599
2.55614
2.5591
2.56812
2.58803
2.62321
2.6598
2.69215
2.71415
2.72772
2.72752
2.72511
2.71813
2.70337
2.68163
2.65884
2.6364
2.61541
2.59691
2.58274
2.57192
2.56277
2.5541
2.54867
2.54833
2.5509
2.55903
2.57629
2.60867
2.65466
2.71388
2.78805
2.87421
2.96643
3.05566
3.1342
3.18898
3.21999
3.22622
3.22534
6.58353
7.45003
8.76446
9.74649
9.89744
9.78373
9.46934
8.98005
8.54951
8.18502
7.8695
7.61227
7.39099
7.18366
6.97934
6.77466
6.56908
6.36535
6.16453
5.96774
5.77568
5.58881
5.40735
5.23143
5.06104
4.89626
4.73735
4.58469
4.43885
4.30062
4.171
4.0519
3.94437
3.85305
3.76668
3.69263
3.63181
3.5896
3.57215
3.57517
3.58577
3.6091
3.64601
3.67429
3.67576
3.66786
3.64334
3.58994
3.49585
3.39145
3.27685
3.16166
3.05176
2.9494
2.85648
2.7728
2.70023
2.63744
2.58391
2.53979
2.50579
2.48337
2.47752
2.47931
2.48582
2.50091
2.5311
2.56647
2.60001
2.62806
2.64585
2.65577
2.65548
2.65326
2.64722
2.63462
2.61856
2.60444
2.59628
2.58904
2.58277
2.58292
2.58487
2.591
2.60449
2.63002
2.66729
2.71597
2.77934
2.85422
2.93708
3.0227
3.10211
3.16926
3.21603
3.24379
3.24297
3.23956
3.23233
3.22063
7.846
9.79141
10.7125
10.6439
10.3645
9.79224
9.32138
8.87586
8.52932
8.23214
7.98517
7.76788
7.55764
7.3463
7.13236
6.9174
6.70357
6.4924
6.28573
6.08405
5.88741
5.69588
5.50964
5.32876
5.15324
4.98302
4.81834
4.65941
4.50652
4.36004
4.22055
4.0889
3.96614
3.85378
3.75443
3.66407
3.58098
3.50967
3.45225
3.41428
3.39646
3.39873
3.40706
3.42569
3.45535
3.48124
3.48247
3.4755
3.45295
3.40372
3.31449
3.21838
3.11532
3.01093
2.91082
2.81755
2.7313
2.65402
2.58672
2.52871
2.48044
2.44258
2.41706
2.40446
2.4054
2.41011
2.42144
2.44565
2.47978
2.51612
2.54851
2.57431
2.59168
2.60239
2.60871
2.60925
2.61034
2.61048
2.61102
2.61321
2.61851
2.63002
2.6511
2.68123
2.72248
2.77856
2.84546
2.92028
2.9993
3.07729
3.14627
3.20253
3.23907
3.26047
3.25942
3.25587
3.25002
3.23892
3.22815
3.22784
10.8073
12.0421
11.7069
10.8933
10.1538
9.60215
9.1803
8.86512
8.58586
8.35214
8.14485
7.93702
7.72199
7.5
7.27525
7.05134
6.83069
6.61431
6.40271
6.19634
5.99493
5.79863
5.60744
5.42152
5.24095
5.06592
4.89635
4.73225
4.57385
4.42132
4.27494
4.13516
4.00253
3.87796
3.7623
3.65746
3.5626
3.47376
3.394
3.32685
3.27272
3.23839
3.21945
3.22122
3.22793
3.24312
3.26783
3.29169
3.29616
3.29022
3.26938
3.22308
3.14046
3.05345
2.96148
2.86691
2.77574
2.69037
2.61143
2.54101
2.48102
2.4296
2.38805
2.35841
2.33964
2.33982
2.34297
2.3518
2.37139
2.40644
2.44605
2.48515
2.52054
2.54991
2.57481
2.59548
2.6182
2.63358
2.65064
2.67055
2.69748
2.73318
2.78155
2.84197
2.91067
2.98377
3.05771
3.12713
3.18534
3.23031
3.25831
3.2729
3.27203
3.26949
3.26487
3.25756
3.25215
3.25313
3.25543
3.26068
13.4221
12.723
11.359
10.4572
9.82087
9.44191
9.17657
8.93378
8.726
8.52997
8.32261
8.10244
7.87279
7.6396
7.40661
7.17648
6.95091
6.73016
6.51335
6.30278
6.09705
5.89599
5.69988
5.50898
5.32345
5.1434
4.96889
4.79993
4.63657
4.47886
4.32703
4.18133
4.04201
3.90955
3.78441
3.66744
3.55921
3.46153
3.36893
3.28454
3.20927
3.14658
3.09703
3.06496
3.04558
3.04697
3.05226
3.06403
3.08537
3.10938
3.11603
3.11093
3.09214
3.05029
2.97561
2.89701
2.81507
2.7303
2.64832
2.57147
2.50009
2.43813
2.38658
2.3435
2.31054
2.28941
2.2872
2.29013
2.29895
2.31848
2.35612
2.40245
2.45248
2.50403
2.55258
2.60338
2.64632
2.68698
2.73206
2.78334
2.84165
2.90577
2.97347
3.0433
3.11016
3.16894
3.21559
3.24929
3.26913
3.27831
3.27788
3.27647
3.27423
3.27405
3.27539
3.27884
3.28402
3.29302
3.29972
3.31345
13.953
11.5729
10.4954
10.0126
9.72269
9.48582
9.27289
9.09243
8.90904
8.70707
8.48613
8.2515
8.01102
7.76953
7.53067
7.29589
7.06595
6.8407
6.62043
6.40374
6.19265
5.98682
5.786
5.59034
5.4001
5.21543
5.03645
4.86316
4.69557
4.53368
4.37754
4.22729
4.08306
3.94501
3.81344
3.68873
3.57131
3.46154
3.36107
3.2667
3.17893
3.09961
3.02957
2.97161
2.92539
2.89525
2.87682
2.87803
2.8829
2.8936
2.91352
2.93498
2.94548
2.94139
2.92517
2.88824
2.82296
2.7521
2.67964
2.60481
2.53274
2.46483
2.40281
2.35185
2.31114
2.28102
2.25984
2.26088
2.26586
2.27696
2.30113
2.3471
2.40712
2.47755
2.55692
2.6308
2.70482
2.78418
2.86503
2.94553
3.02299
3.09439
3.15574
3.20415
3.23888
3.26101
3.27254
3.27623
3.27617
3.27653
3.27798
3.28152
3.28878
3.29907
3.3119
3.32537
3.33728
3.34675
3.35076
3.35922
14.5523
11.4807
10.3307
9.97441
9.79814
9.62818
9.45149
9.26436
9.06303
8.84508
8.6127
8.3718
8.12729
7.88304
7.64113
7.40314
7.16949
6.94011
6.71525
6.49391
6.27746
6.06675
5.86147
5.66156
5.4672
5.27843
5.09546
4.91827
4.74687
4.58119
4.42135
4.26735
4.11922
3.97711
3.84113
3.7117
3.58877
3.47234
3.36299
3.26152
3.16651
3.07763
2.99582
2.92211
2.85774
2.80433
2.76162
2.73384
2.7171
2.71846
2.72354
2.73449
2.75424
2.7748
2.7884
2.78525
2.77236
2.74321
2.68743
2.62431
2.56208
2.49906
2.43802
2.3817
2.33278
2.29793
2.27048
2.27027
2.27372
2.28359
2.30658
2.3517
2.41659
2.49628
2.58845
2.68996
2.8001
2.90875
3.00976
3.09678
3.16551
3.21473
3.24558
3.26114
3.26664
3.26634
3.26667
3.26839
3.27252
3.28099
3.29473
3.31156
3.33118
3.35126
3.36914
3.38156
3.38994
3.391
3.39039
3.39078
14.8237
11.2968
10.1606
9.9376
9.8424
9.71142
9.55171
9.36967
9.16759
8.94677
8.71179
8.46836
8.22149
7.9748
7.73055
7.48996
7.25339
7.0208
6.79218
6.56744
6.34652
6.13125
5.92191
5.7185
5.52101
5.32917
5.14336
4.96361
4.78971
4.62157
4.45908
4.30249
4.15139
4.006
3.86714
3.73393
3.60691
3.48618
3.37181
3.26389
3.16334
3.06851
2.97966
2.89719
2.82181
2.75425
2.69526
2.64665
2.60805
2.58345
2.57109
2.57263
2.57809
2.59075
2.61134
2.63262
2.64935
2.65225
2.64439
2.62167
2.57583
2.527
2.47771
2.42986
2.38381
2.34804
2.31816
2.31871
2.32332
2.33534
2.3619
2.41274
2.48315
2.57259
2.6757
2.7899
2.90259
3.0052
3.08864
3.15055
3.19218
3.21693
3.23061
3.23915
3.245
3.25038
3.25992
3.27534
3.29389
3.31567
3.34237
3.37014
3.39515
3.41375
3.42661
3.42878
3.42791
3.42479
3.41737
3.4126
14.6075
11.2037
10.0644
9.89344
9.83218
9.72102
9.57691
9.40915
9.21796
9.00669
8.77582
8.53405
8.28754
8.04024
7.79479
7.55266
7.31433
7.07981
6.84904
6.62207
6.39907
6.18038
5.96798
5.76199
5.56216
5.36857
5.18064
4.99846
4.82217
4.6517
4.48706
4.32806
4.17508
4.02812
3.88669
3.75103
3.62141
3.49787
3.3803
3.26876
3.16373
3.06518
2.97223
2.88481
2.80324
2.72798
2.65934
2.59831
2.54528
2.50223
2.4693
2.44805
2.44335
2.44569
2.45306
2.46893
2.49366
2.52043
2.53894
2.55645
2.55118
2.53665
2.5162
2.48745
2.45821
2.43555
2.42398
2.42692
2.43656
2.45741
2.49835
2.55408
2.6208
2.69847
2.77831
2.85464
2.92642
2.98962
3.04227
3.08578
3.12092
3.14939
3.17281
3.19369
3.21665
3.24596
3.27673
3.30889
3.34424
3.37913
3.41048
3.43539
3.45314
3.46092
3.46071
3.45907
3.45461
3.44538
3.42833
3.42242
13.9298
10.8624
9.98618
9.82588
9.79106
9.71765
9.59942
9.44413
9.25092
9.04505
8.81299
8.57155
8.32511
8.07762
7.83212
7.59009
7.35185
7.11723
6.88606
6.65851
6.43485
6.21544
6.00105
5.79275
5.59091
5.39542
5.20611
5.02273
4.84506
4.6732
4.50703
4.34668
4.19219
4.0436
3.90101
3.7643
3.6336
3.50863
3.3896
3.27628
3.16842
3.06614
2.96986
2.87902
2.79365
2.71382
2.63978
2.57202
2.51066
2.45675
2.41088
2.37423
2.34906
2.33428
2.33581
2.34195
2.35551
2.37927
2.41215
2.45041
2.48139
2.51554
2.53074
2.54171
2.54886
2.55775
2.56955
2.58929
2.61575
2.64726
2.68032
2.71514
2.74963
2.77952
2.80406
2.83097
2.85752
2.89037
2.92544
2.96532
3.01019
3.05894
3.11057
3.16352
3.21869
3.27026
3.32188
3.37041
3.41276
3.44666
3.4723
3.48646
3.49049
3.48983
3.4871
3.48115
3.46862
3.45533
3.43596
3.43117
13.8367
10.8729
9.9625
9.76969
9.74924
9.69998
9.59814
9.4499
9.261
9.06182
8.83155
8.5911
8.34509
8.09741
7.85171
7.60977
7.37181
7.13747
6.90644
6.67876
6.45478
6.23502
6.02012
5.81087
5.60796
5.41153
5.22144
5.03739
4.85917
4.68671
4.51992
4.3589
4.20371
4.05443
3.91085
3.77322
3.6414
3.5154
3.39515
3.28051
3.17128
3.06763
2.9694
2.87658
2.78891
2.70664
2.62956
2.55812
2.49227
2.43256
2.37942
2.33368
2.29597
2.26935
2.25122
2.25303
2.25922
2.27208
2.29778
2.34161
2.39817
2.46097
2.52841
2.58917
2.64544
2.69648
2.74065
2.77614
2.80289
2.81786
2.82039
2.81688
2.8071
2.7948
2.78152
2.78229
2.78672
2.79862
2.82478
2.87325
2.93424
3.00469
3.0812
3.16079
3.23719
3.30904
3.37173
3.42305
3.46275
3.4903
3.50753
3.51171
3.5109
3.5081
3.50194
3.4899
3.47462
3.45986
3.44066
3.43641
13.7586
10.8386
9.93331
9.72949
9.71592
9.67935
9.59561
9.45209
9.26563
9.06865
8.83948
8.59984
8.35411
8.1064
7.86069
7.61888
7.38113
7.14693
6.91592
6.68814
6.46402
6.24417
6.02925
5.81989
5.6167
5.41993
5.22947
5.04506
4.86643
4.69353
4.52624
4.36472
4.20898
4.05916
3.91514
3.7771
3.64485
3.51845
3.39769
3.28252
3.17268
3.06825
2.969
2.87509
2.78632
2.70281
2.62445
2.55135
2.48361
2.42149
2.36534
2.31563
2.27325
2.23919
2.21349
2.2082
2.21153
2.22149
2.24323
2.28625
2.35101
2.43087
2.52562
2.62692
2.72528
2.81139
2.8767
2.92204
2.92348
2.91765
2.90129
2.8669
2.82642
2.7897
2.75931
2.74908
2.75166
2.76077
2.78166
2.82456
2.8946
2.97958
3.07215
3.16546
3.25351
3.33164
3.39676
3.44646
3.48388
3.50837
3.52106
3.5213
3.52015
3.5167
3.50928
3.49565
3.47924
3.46348
3.44415
3.43994
)
;

boundaryField
{
    inlet
    {
        type            fixedValue;
        value           uniform 1;
    }
    outlet
    {
        type            waveTransmissive;
        gamma           1.4;
        fieldInf        1;
        lInf            3;
        value           nonuniform List<scalar> 
40
(
2.27497
2.27217
2.26892
2.26487
2.26037
2.25506
2.25012
2.2444
2.23827
2.23163
2.2247
2.21745
2.20999
2.20225
2.19446
2.18674
2.17982
2.17478
2.17388
2.17754
2.18903
2.21515
2.26379
2.36181
2.55284
2.81769
3.06888
3.19652
3.22011
3.21517
3.22045
3.25158
3.30357
3.34939
3.38093
3.40282
3.41259
3.42117
3.42634
3.42992
)
;
    }
    bottom
    {
        type            symmetryPlane;
    }
    top
    {
        type            symmetryPlane;
    }
    obstacle
    {
        type            zeroGradient;
    }
    defaultFaces
    {
        type            empty;
    }
}


// ************************************************************************* //
