/*--------------------------------*- C++ -*----------------------------------*\
| =========                 |                                                 |
| \\      /  F ield         | OpenFOAM: The Open Source CFD Toolbox           |
|  \\    /   O peration     | Version:  2412                                  |
|   \\  /    A nd           | Website:  www.openfoam.com                      |
|    \\/     M anipulation  |                                                 |
\*---------------------------------------------------------------------------*/
FoamFile
{
    version     2.0;
    format      ascii;
    arch        "LSB;label=32;scalar=64";
    class       volScalarField;
    location    "3.5";
    object      T;
}
// * * * * * * * * * * * * * * * * * * * * * * * * * * * * * * * * * * * * * //

dimensions      [0 0 0 1 0 0 0];

internalField   nonuniform List<scalar> 
7000
(
1
1
1
1
1
1
1
1
1
1
1.00001
1.00001
1.00005
1.00008
1.00028
1.00024
1.00171
0.996392
1.02861
0.912896
1.08007
1.19109
1.77537
2.55833
2.61283
2.622
2.61007
2.59551
2.59643
2.60438
2.6123
2.6222
2.63177
2.64089
2.64916
2.65552
2.65973
2.66603
2.6775
2.68844
2.69303
2.69408
2.69674
2.70883
2.72955
2.74065
2.73878
2.721
2.7203
2.73141
1
1
1
1
1
1
1
1
1
1
1.00001
1.00001
1.00005
1.00008
1.00027
1.00023
1.00169
0.996373
1.02852
0.912988
1.07989
1.1906
1.77432
2.55748
2.6124
2.62183
2.60989
2.59537
2.59631
2.60426
2.61216
2.622
2.63158
2.64076
2.64901
2.65524
2.65944
2.66587
2.6775
2.68851
2.69309
2.6941
2.69669
2.70873
2.72941
2.74033
2.73838
2.72036
2.71928
2.73063
1
1
1
1
1
1
1
1
1
1
1.00001
1.00001
1.00004
1.00003
1.00028
1.00023
1.00165
0.996321
1.0283
0.913158
1.07947
1.18953
1.77206
2.55564
2.6114
2.62138
2.60943
2.59492
2.59589
2.60384
2.6117
2.62142
2.63096
2.64024
2.64863
2.65496
2.65918
2.66562
2.67726
2.68826
2.69285
2.69387
2.69649
2.70859
2.7291
2.73994
2.73811
2.72018
2.71864
2.72993
1
1
1
1
1
1
1
1
1
1
1.00001
1.00001
1.00004
1.00003
1.00026
1.00022
1.0016
0.996276
1.028
0.913468
1.07882
1.18785
1.7685
2.55275
2.60985
2.62072
2.60873
2.59428
2.59526
2.60322
2.61113
2.6206
2.62985
2.63924
2.64805
2.65463
2.65873
2.66492
2.67643
2.68746
2.6921
2.69319
2.69597
2.70825
2.72864
2.73943
2.73771
2.71958
2.71752
2.72896
1
1
1
1
1
1
1
1
1
1
1.00001
1.00001
1.00004
1.00001
1.00024
1.0002
1.00154
0.996216
1.02759
0.913921
1.07792
1.18551
1.76346
2.54861
2.60764
2.61976
2.60772
2.59332
2.59432
2.60231
2.61021
2.61959
2.62868
2.63807
2.64716
2.65403
2.65819
2.66423
2.67558
2.68647
2.69103
2.69217
2.69509
2.70741
2.72758
2.73839
2.7369
2.71905
2.71607
2.72781
1
1
1
1
1
1
1
1
1
1
1.00001
1
1.00005
1.00001
1.00026
1.00011
1.00142
0.996114
1.02703
0.914488
1.07672
1.18247
1.75682
2.54305
2.6047
2.6185
2.60638
2.59205
2.59305
2.60111
2.60924
2.61811
2.62687
2.63652
2.64591
2.65294
2.65717
2.66315
2.6743
2.68498
2.68941
2.69059
2.69377
2.70662
2.72626
2.73672
2.73535
2.71759
2.71451
2.72551
1
1
1
1
1
1
1
1
1
1
1.00001
1.00001
1.00004
1.00005
1.00022
1.00001
1.00129
0.996014
1.02632
0.915239
1.0752
1.1786
1.74832
2.53574
2.60087
2.61686
2.60464
2.59039
2.59137
2.59939
2.60786
2.61677
2.62461
2.63412
2.64449
2.65188
2.65564
2.66134
2.67265
2.68345
2.6879
2.68916
2.69244
2.70512
2.72481
2.73545
2.73419
2.71638
2.71206
2.72388
1
1
1
1
1
1
1
1
1
1
1.00001
1.00001
1.00003
1.00003
1.00015
0.999873
1.00112
0.9959
1.02549
0.916199
1.07337
1.17393
1.73779
2.52641
2.59598
2.61475
2.60242
2.58828
2.5892
2.59722
2.60587
2.6151
2.62252
2.63121
2.64202
2.65065
2.65461
2.65924
2.66961
2.6809
2.68593
2.68738
2.6908
2.70328
2.72222
2.73296
2.73208
2.71473
2.71036
2.7207
1
1
1
1
1
1
1
1
1
1
1
1
1.00001
0.999999
1.00008
0.999744
1.00093
0.99576
1.02449
0.917367
1.07119
1.16842
1.72507
2.51471
2.58987
2.61202
2.59972
2.58571
2.58646
2.59459
2.60319
2.61282
2.62007
2.62817
2.63889
2.6485
2.65339
2.65784
2.66732
2.67757
2.68224
2.68397
2.68816
2.70175
2.72006
2.72965
2.72855
2.71134
2.70633
2.71837
1
1
1
1
1
1
1
1
1
1
1
0.999995
0.999995
0.999952
0.999993
0.999639
1.00071
0.995604
1.02333
0.918767
1.06864
1.16207
1.71001
2.50036
2.58231
2.60854
2.59615
2.58267
2.58305
2.59147
2.60014
2.60977
2.61722
2.62468
2.63505
2.64556
2.65138
2.65578
2.66464
2.67398
2.67815
2.67984
2.68409
2.69818
2.71743
2.7273
2.72603
2.70777
2.7028
2.71331
1
1
1
1
1
1
1
1
1
1
1
0.999996
1.00002
0.999936
0.999991
0.999521
1.00038
0.995392
1.02196
0.920366
1.06569
1.15485
1.6926
2.48312
2.57319
2.60412
2.59151
2.5788
2.57915
2.58752
2.59658
2.60642
2.61384
2.62075
2.63021
2.64138
2.6489
2.65401
2.66222
2.67042
2.67381
2.6758
2.68086
2.69396
2.71163
2.72283
2.72259
2.70526
2.69813
2.70989
1
1
1
1
1
1
1
1
1
1
1.00001
1
1.00003
0.999934
1.00001
0.999308
0.999916
0.995112
1.02034
0.922118
1.06224
1.14666
1.6729
2.46305
2.56244
2.59874
2.58538
2.57398
2.57435
2.58274
2.59196
2.60279
2.61005
2.61644
2.62538
2.63612
2.64446
2.65044
2.65821
2.66522
2.66792
2.66977
2.67587
2.69081
2.70703
2.7164
2.71595
2.7003
2.69261
2.70243
1
1
1
1
1
1
1
1
1
1
1.00001
1.00001
1.00005
0.999928
1.00002
0.999063
0.999534
0.994543
1.01828
0.923424
1.05817
1.13593
1.65071
2.43952
2.54863
2.59138
2.57771
2.56858
2.56909
2.57766
2.58694
2.59825
2.60648
2.61214
2.6188
2.62966
2.63994
2.64743
2.65561
2.66191
2.66389
2.6653
2.67014
2.68397
2.70244
2.71215
2.71127
2.69353
2.68683
2.69736
1
1
1
1
1
1
1
1
1
1
1.00001
1.00001
1.00006
0.999944
0.999991
0.998864
0.99909
0.993365
1.01523
0.922458
1.0526
1.11612
1.63427
2.42056
2.53005
2.58033
2.56719
2.56163
2.56246
2.57124
2.57986
2.59087
2.6008
2.60866
2.61516
2.62269
2.63112
2.64044
2.64954
2.65516
2.65666
2.6581
2.66467
2.67811
2.6927
2.70378
2.70462
2.68681
2.67676
2.68656
1
1
1
1
1
1
1
1
1
1
1.00001
1.00001
1.00007
0.999892
0.999993
0.998707
0.999009
0.991922
1.01207
0.918432
1.04773
1.08585
1.62074
2.39898
2.49759
2.55735
2.5467
2.54901
2.55279
2.56486
2.57592
2.58691
2.59443
2.60212
2.6096
2.61652
2.62443
2.63416
2.64439
2.64992
2.6506
2.65069
2.65478
2.67039
2.68643
2.69446
2.69391
2.68
2.66567
2.67634
1
1
1
1
1
1
1
1
1
1
1.00001
1
1.00006
0.999885
0.99998
0.998741
0.999046
0.991744
1.01151
0.92117
1.04567
1.05604
1.59657
2.35457
2.47897
2.53866
2.52656
2.53097
2.53587
2.54851
2.56407
2.57861
2.58771
2.59551
2.60343
2.60964
2.61587
2.6256
2.63653
2.64384
2.64546
2.64526
2.64699
2.65563
2.67323
2.68383
2.68408
2.66551
2.65564
2.66181
1
1
1
1
1
1
1
1
1
1
1
1.00001
1.00001
1
1.00001
0.999897
1.00003
0.999157
1.00328
0.987523
1.03912
1.01266
1.52561
2.24958
2.45628
2.53168
2.51863
2.52029
2.52224
2.53031
2.54537
2.5661
2.57976
2.58947
2.59759
2.60373
2.60811
2.61419
2.62458
2.63246
2.63476
2.63489
2.63676
2.64636
2.65908
2.66768
2.66796
2.65454
2.63569
2.64331
1
1
1
1
1
1
1
1
1
1
1.00001
1.00001
1.00007
1.00008
1.00041
1.0006
1.00261
1.00118
1.01605
0.971677
1.0409
1.18988
1.38266
2.03118
2.36338
2.53917
2.53355
2.52391
2.51787
2.52292
2.52893
2.54104
2.56101
2.57805
2.58917
2.59718
2.60122
2.60486
2.61324
2.62266
2.62469
2.62363
2.62342
2.62709
2.63982
2.65017
2.64947
2.63057
2.61133
2.61234
1
1
1
1
1
1
1
1
1
1
1
1.00002
1.00002
1.0001
1.00012
1.00057
1.00069
1.0033
1.00465
1.01541
1.03473
1.09732
1.31732
1.85479
2.29612
2.52549
2.53169
2.52932
2.52161
2.5255
2.52771
2.53145
2.53704
2.55071
2.57152
2.58658
2.59495
2.5978
2.60164
2.6096
2.61496
2.61483
2.61293
2.61245
2.61576
2.62372
2.6235
2.60945
2.576
2.56695
1
1
1
1
1
1
1
1
1
1
1
1.00002
1.00002
1.00009
1.00011
1.0005
1.00068
1.00265
1.00431
1.01426
1.03053
1.06463
1.27296
1.67741
2.2318
2.4911
2.52515
2.52639
2.52469
2.52924
2.52945
2.53053
2.53161
2.5351
2.54301
2.56069
2.58001
2.58861
2.59061
2.594
2.59596
2.59564
2.59581
2.59427
2.59511
2.59447
2.58819
2.56492
2.51575
2.45062
1
1
1
1
1
1
1
1
1
1
1
1.00002
1.00002
1.00008
1.00008
1.00044
1.00049
1.00247
1.00315
1.01211
1.02413
1.07818
1.19517
1.50596
2.0497
2.40277
2.52484
2.52595
2.52516
2.5245
2.52559
2.52529
2.52482
2.52396
2.52477
2.52866
2.53965
2.5585
2.57146
2.57942
2.57898
2.57607
2.56768
2.5625
2.55333
2.54876
2.53735
2.50569
2.41641
2.27181
1
1
1
1
1
1
1
1
1
1
1
1.00001
1.00001
1.00005
1.00006
1.00029
1.00034
1.00157
1.00231
1.00822
1.01373
1.05054
1.13647
1.28347
1.79767
2.34897
2.51044
2.52112
2.51946
2.51064
2.51831
2.52148
2.52122
2.52
2.51615
2.51161
2.51241
2.51813
2.52769
2.54324
2.55455
2.55419
2.5494
2.53585
2.51906
2.49186
2.46519
2.42579
2.35544
2.20925
1
1
1
1
1
1
1
1
1
1
1
1
1
1.00002
1.00002
1.00009
1.00003
1.00052
0.99818
1.00281
1.00667
1.00999
1.08989
1.1867
1.70446
2.43752
2.51103
2.53342
2.517
2.50942
2.50299
2.51071
2.5125
2.51181
2.50806
2.50363
2.49502
2.49119
2.49144
2.49325
2.50013
2.51254
2.51342
2.50787
2.49351
2.46197
2.41825
2.35776
2.28451
2.19411
1
1
1
1
1
1
1
1
1
1
1
1
1.00001
1
1.00004
0.999942
1.00003
0.999149
0.999548
0.994318
1.0149
0.926259
1.05032
1.09099
1.59821
2.34444
2.44227
2.50834
2.49089
2.49083
2.48815
2.48951
2.49574
2.50019
2.49956
2.49658
2.49116
2.47966
2.47417
2.46174
2.45436
2.45481
2.45658
2.45583
2.44966
2.4332
2.39924
2.34133
2.26412
2.18408
1
1
1
1
1
1
1
1
1
1
1
1
1
1.00001
1.00001
1.00007
1.00005
1.00037
1.00034
0.999842
1.00533
1.01352
1.03351
1.16713
1.36395
1.98896
2.35023
2.49982
2.48979
2.47415
2.46252
2.46329
2.46596
2.47028
2.47629
2.48007
2.47942
2.47524
2.46769
2.45255
2.43673
2.42043
2.40963
2.39652
2.38943
2.3748
2.35698
2.32356
2.26171
2.19345
1
1
1
1
1
1
1
1
1
1
1
1
1
1.00001
1.00001
1.00005
1.00007
1.00031
1.0006
1.0019
1.00394
1.01188
1.03282
1.08167
1.25168
1.62611
2.21406
2.44626
2.47579
2.46468
2.45554
2.4543
2.45513
2.45749
2.4595
2.46345
2.46731
2.46556
2.46053
2.44928
2.4331
2.41321
2.3918
2.36996
2.3459
2.32641
2.30251
2.27664
2.24576
2.19287
1
1
1
1
1
1
1
1
1
1
1
1
1
1.00001
1.00001
1.00006
0.999908
1.00001
0.998869
0.999289
0.993005
1.013
0.92457
1.04648
1.06836
1.57461
2.27433
2.36242
2.42063
2.42223
2.42083
2.42134
2.42506
2.42859
2.43328
2.43415
2.43677
2.43906
2.43787
2.43398
2.42444
2.40804
2.38457
2.36015
2.33004
2.2991
2.26848
2.23474
2.19945
2.17057
1
1
1
1
1
1
1
1
1
1
1
1
1
1
1.00001
1.00002
1.00008
1.0001
1.00043
1.0007
1.00158
1.00553
1.01194
1.03539
1.10215
1.29869
1.7857
2.21845
2.41479
2.41944
2.41147
2.4035
2.40269
2.4039
2.40782
2.4102
2.41079
2.41277
2.41265
2.41168
2.40771
2.39846
2.37984
2.35663
2.32889
2.29567
2.26109
2.22312
2.18239
2.14211
1
1
1
1
1
1
1
1
1
1
1
1
1
1
1.00001
1.00001
1.00007
1.00008
1.00032
1.00045
1.00185
1.00265
1.00934
1.02072
1.07178
1.17724
1.41826
1.99907
2.31711
2.40757
2.40284
2.39797
2.3884
2.38712
2.38537
2.38378
2.37919
2.37361
2.37204
2.36921
2.36806
2.36566
2.35966
2.34602
2.32504
2.29532
2.26343
2.22593
2.18515
2.14381
1
1
1
1
1
1
1
1
1
1
1
1
1
1
1.00001
1.00001
1.00003
1.00004
1.00013
1.00018
1.00067
1.0014
1.00312
1.00748
1.025
1.10319
1.20922
1.69684
2.27783
2.37766
2.40058
2.39682
2.39245
2.38663
2.38128
2.37699
2.37087
2.36162
2.35107
2.34485
2.33746
2.33242
2.32745
2.31816
2.30907
2.29004
2.263
2.23096
2.19527
2.15551
1
1
1
1
1
1
1
1
1
1
1
1
1
1
1
1
0.999998
1.00001
0.999959
0.999998
0.999632
1.00021
0.996532
1.01526
0.941128
1.04928
1.07376
1.48226
2.11192
2.30235
2.37747
2.38518
2.37955
2.37502
2.36994
2.36272
2.35762
2.349
2.33793
2.32651
2.31568
2.30487
2.29555
2.28719
2.27597
2.26625
2.25293
2.22905
2.19898
2.16738
1
1
1
1
1
1
1
1
1
1
1
1
1
1
1
1
1.00002
1.00002
1.00009
1.00009
1.00051
1.00048
1.00279
1.00334
1.01535
1.02214
1.09556
1.21768
1.62545
2.05258
2.32044
2.36796
2.36493
2.35642
2.35259
2.34995
2.34758
2.34249
2.33458
2.32226
2.31172
2.29754
2.28328
2.26842
2.25416
2.2388
2.22432
2.21009
2.19197
2.16639
1
1
1
1
1
1
1
1
1
1
1
1
1
1
1
0.999998
0.999998
0.999986
0.999987
0.999944
0.999931
0.999792
0.999938
0.998475
1.0038
0.980131
1.0264
1.04253
1.37378
1.92348
2.19932
2.32927
2.34504
2.33801
2.32822
2.31932
2.31779
2.31716
2.3154
2.31023
2.30231
2.29142
2.27861
2.26318
2.24655
2.229
2.2098
2.19092
2.17073
2.15346
1
1
1
1
1
1
1
1
1
1
1
1
1
1
1
1
1
1.00001
1.00002
1.00008
1.00009
1.00042
1.00045
1.00226
1.00328
1.0112
1.02188
1.07252
1.17437
1.43557
1.94819
2.22095
2.30845
2.31817
2.31612
2.30902
2.30322
2.3011
2.29959
2.29662
2.29158
2.284
2.27384
2.26031
2.24464
2.22697
2.20811
2.18701
2.165
2.14318
1
1
1
1
1
1
1
1
1
1
1
1
1
1
1
1
0.999998
0.999998
0.999985
0.999985
0.999914
0.999938
0.999511
1.00014
0.995924
1.0023
1.00382
1.02205
1.08401
1.17652
1.603
2.18265
2.24054
2.25705
2.26657
2.26789
2.26705
2.26486
2.26383
2.2639
2.26337
2.26197
2.25807
2.25011
2.2386
2.22366
2.20673
2.18715
2.16534
2.14381
1
1
1
1
1
1
1
1
1
1
1
1
1
1
1
1
1
1
1.00001
1.00001
1.00004
1.00005
1.00024
1.00027
1.00127
1.00206
1.00649
1.01145
1.03914
1.11241
1.21779
1.67322
2.13697
2.26219
2.26609
2.26116
2.25153
2.24494
2.23635
2.2291
2.22434
2.21768
2.21505
2.2103
2.20688
2.1996
2.19175
2.17939
2.16233
2.14354
1
1
1
1
1
1
1
1
1
1
1
1
1
1
1
1
1
1
1
1.00001
1.00001
1.00006
1.00006
1.00033
1.00034
1.00188
1.00236
1.00888
1.01544
1.05158
1.13837
1.28371
1.70772
2.06886
2.25746
2.27185
2.26268
2.25569
2.24091
2.22826
2.21676
2.20663
2.19596
2.18829
2.1775
2.17037
2.15898
2.15157
2.14028
2.13057
1
1
1
1
1
1
1
1
1
1
1
1
1
1
1
1
1
1
1
0.999998
0.999999
0.999993
1.00002
0.999868
1.00038
1.00003
1.00298
1.00057
1.0208
0.949075
1.05523
1.10915
1.44619
1.92508
2.17537
2.2529
2.25852
2.24986
2.2364
2.22464
2.21109
2.20084
2.1894
2.17974
2.16903
2.1578
2.14674
2.13368
2.12121
2.10785
1
1
1
1
1
1
1
1
1
1
1
1
1
1
1
1
1
1
1
1
1
1.00002
1.00002
1.00009
1.00011
1.0005
1.00064
1.00251
1.00398
1.0144
1.0243
1.09341
1.17948
1.48352
1.87461
2.15047
2.20923
2.22124
2.21916
2.21394
2.20402
2.19594
2.18712
2.17736
2.16815
2.15629
2.14508
2.13111
2.11628
2.10147
1
1
1
1
1
1
1
1
1
1
1
1
1
1
1
1
1
1
1
1
1
1.00001
1.00001
1.00004
1.00004
1.00019
1.00025
1.00093
1.0015
1.00456
1.00764
1.02558
1.08538
1.17457
1.54345
2.0574
2.12672
2.14871
2.15702
2.1669
2.16953
2.17225
2.17179
2.16853
2.16355
2.15384
2.14409
2.1313
2.11692
2.1022
1
1
1
1
1
1
1
1
1
1
1
1
1
1
1
1
1
1
1
1
1
1
1.00001
1.00001
1.00004
1.00007
1.0002
1.00035
1.00122
1.00182
1.0057
1.01032
1.03425
1.09394
1.18589
1.566
2.04044
2.1398
2.14536
2.1425
2.14014
2.13552
2.13136
2.1309
2.1308
2.12967
2.12724
2.12195
2.11214
2.10059
1
1
1
1
1
1
1
1
1
1
1
1
1
1
1
1
1
1
1
1
1
1
1
1.00001
1.00001
1.00005
1.00007
1.00025
1.00035
1.0014
1.00199
1.00595
1.01121
1.03809
1.09941
1.19844
1.57084
2.00193
2.13404
2.14956
2.14527
2.13756
2.12713
2.11805
2.11059
2.10391
2.09761
2.09258
2.08741
2.08107
1
1
1
1
1
1
1
1
1
1
1
1
1
1
1
1
1
1
1
1
1
1
1
1
1.00001
1.00001
1.00004
1.00007
1.00023
1.00034
1.00134
1.00033
1.00816
0.988444
1.03303
1.03851
1.30434
1.6303
1.92076
2.10498
2.14271
2.14098
2.13494
2.12358
2.11405
2.10331
2.09408
2.08377
2.07442
2.06397
1
1
1
1
1
1
1
1
1
1
1
1
1
1
1
1
1
1
1
1
1
1
1
1
1
1.00001
1.00001
1.00004
1.00005
1.00018
1.00027
1.00107
1.00001
1.00778
0.984116
1.02373
1.06017
1.28794
1.64194
1.89506
2.08446
2.12447
2.12537
2.12224
2.11371
2.10379
2.09266
2.08261
2.07076
2.06038
1
1
1
1
1
1
1
1
1
1
1
1
1
1
1
1
1
1
1
1
1
1
1
1
1
1
1.00001
1.00001
1.00006
1.00006
1.0003
1.00033
1.00167
1.00203
1.00814
1.01229
1.04722
1.10351
1.2103
1.53859
1.9017
2.06379
2.10163
2.10603
2.10449
2.10085
2.09015
2.07943
2.06779
2.05694
1
1
1
1
1
1
1
1
1
1
1
1
1
1
1
1
1
1
1
1
1
1
1
1
1
1
1
1
1
1.00002
0.999954
1.00022
1.00002
1.00137
1.00063
1.00799
0.978549
1.03498
1.05588
1.28141
1.60516
1.85382
2.03715
2.08488
2.08878
2.08838
2.08337
2.075
2.06356
2.05309
1
1
1
1
1
1
1
1
1
1
1
1
1
1
1
1
1
1
1
1
1
1
1
1
1
1
1
1
1.00001
1
1.00003
1.00002
1.0002
1.00011
1.00116
1.00119
1.00736
1.00567
1.03639
1.02322
1.25844
1.55701
1.83742
2.01062
2.06302
2.06713
2.06747
2.06281
2.05661
2.0476
1
1
1
1
1
1
1
1
1
1
1
1
1
1
1
1
1
1
1
1
1
1
1
1
1
1
1
1
1
1.00001
1.00001
1.00003
1.00002
1.00018
1.00009
1.00115
1.00112
1.00736
1.00562
1.03787
1.02424
1.25233
1.53838
1.80626
1.97996
2.03494
2.04454
2.0478
2.04535
2.04522
1
1
1
1
1
1
1
1
1
1
1
1
1
1
1
1
1
1
1
1
1
1
1
1
1
1
1
1
1
1
1
1
1.00002
1.00002
1.00012
0.999907
1.00127
0.996268
1.00504
1.00697
1.02795
1.07841
1.17609
1.44613
1.81582
1.9499
2.00646
2.01726
2.02318
2.03139
1
1
1
1
1
1
1
1
1
1
1
1
1
1
1
1
1
1
1
1
1
1
1
1
1
1
1
1
1
1
0.999999
0.999999
0.999992
0.999991
0.999955
0.999972
0.999745
1.0005
0.996014
1.0037
1.00507
1.02828
1.06698
1.13439
1.41317
1.77924
1.93192
1.99516
2.01454
2.03955
1
1
1
1
1
1
1
1
1
1
1
1
1
1
1
1
1
1
1
1
1
1
1
1
1
1
1
1
1
1
1
1
1
0.999998
1
0.999974
0.999991
0.999844
1.00053
0.99693
1.0034
1.00503
1.02487
1.05893
1.11303
1.36736
1.70361
1.8897
2.01637
2.07632
1
1
1
1
1
1
1
1
1
1
1
1
1
1
1
1
1
1
1
1
1
1
1
1
1
1
1
1
1
1
1
1
1
1
1.00001
1.00001
1.00007
1.00007
1.00039
1.00044
1.00192
1.0035
1.01099
1.02167
1.06703
1.13688
1.30027
1.59418
1.91483
2.159
1
1
1
1
1
1
1
1
1
1
1
1
1
1
1
1
1
1
1
1
1
1
1
1
1
1
1
1
1
1
1
1
1
1
1
1
1
1.00004
1
1.00029
1.00024
1.00245
1.00007
1.0188
0.951988
1.06723
1.10229
1.51977
2.08995
2.41051
1
1
1
1
1
1
1
1
1
1
1
1
1
1
1
1
1
1
1
1
1
1
1
1
1
1
1
1
1
1
1
1
1
1
1
1
1.00002
1.00002
1.00013
1.00014
1.00064
1.001
1.00323
1.0057
1.01947
1.03997
1.17576
1.4978
2.3468
2.56224
1
1
1
1
1
1
1
1
1
1
1
1
1
1
1
1
1
1
1
1
1
1
1
1
1
1
1
1
1
1
1
1
1
1
1
1
1.00002
1.00003
1.00016
1.00015
1.00106
1.00126
1.00711
1
1.04712
0.903056
1.1353
1.32593
1.99233
2.65421
1
1
1
1
1
1
1
1
1
1
1
1
1
1
1
1
1
1
1
1
1
1
1
1
1
1
1
1
1
1
1
1
1
1
1
1
1.00002
1.00002
1.00011
1.00012
1.00078
1.00086
1.00534
0.998491
1.04491
0.899698
1.12545
1.31584
1.97936
2.67612
1
1
1
1
1
1
1
1
1
1
1
1
1
1
1
1
1
1
1
1
1
1
1
1
1
1
1
1
1
1
1
1
1
1
1
1
1.00002
1.00002
1.00014
1.00015
1.00097
1.00116
1.00657
0.999736
1.04799
0.901513
1.14244
1.3508
2.02079
2.68768
1
1
1
1
1
1
1
1
1
1
1
1
1
1
1
1
1
1
1
1
1
1
1
1
1
1
1
1
1
1
1
1
1
1
1
1
1.00002
1.00002
1.00009
1.00014
1.00032
1.00087
1.00179
1.0054
0.977131
1.06145
1.04604
1.63061
2.46542
2.64974
1
1
1
1
1
1
1
1
1
1
1
1
1
1
1
1
1
1
1
1
1
1
1
1
1
1
1
1
1
1
1
1
1
1
1
1
1.00002
1.00002
1.00012
1.00014
1.00054
1.00091
1.0029
1.00472
1.01493
1.04418
1.12163
1.50275
2.44414
2.6278
1
1
1
1
1
1
1
1
1
1
1
1
1
1
1
1
1
1
1
1
1
1
1
1
1
1
1
1
1
1
1
1
1
1
1
1
1.00002
1.00003
1.00011
1.00014
1.00074
1.0009
1.00382
1.00685
1.02471
1.03461
1.0787
1.57599
2.50586
2.66584
1.98373
1.89592
1.90308
2.00922
2.15824
2.32081
2.55489
2.85388
2.95758
3.12087
3.06847
2.95772
2.9298
2.9154
2.89112
2.88047
2.86519
2.85799
2.85349
2.84499
2.84152
2.83621
2.83248
2.83757
2.84636
2.86344
2.88882
2.91302
2.93759
2.95494
2.96968
2.97816
2.98254
2.98407
2.98297
2.97997
2.97333
2.96768
2.95676
2.95178
2.94098
2.93438
2.92259
2.91535
2.90323
2.89505
2.88092
2.87092
2.85758
2.84754
2.83447
2.82587
2.8123
2.80518
2.79159
2.78497
2.7719
2.76528
2.75254
2.74598
2.7337
2.72708
2.71523
2.70833
2.69702
2.68961
2.67892
2.67086
2.66057
2.65211
2.64177
2.63338
2.62257
2.61458
2.60317
2.59563
2.58382
2.57647
2.56467
2.5572
2.54569
2.53803
2.52674
2.51917
2.50783
2.50063
2.48906
2.4823
2.47037
2.46387
2.45173
2.44515
2.43329
2.4262
2.41502
2.40769
2.39729
2.39107
2.38322
2.38099
1.99102
1.90471
1.87123
1.87443
1.8986
1.90999
1.97719
2.18383
2.56058
2.85467
2.96761
2.98514
2.99279
2.99645
3.00307
3.03701
3.09422
3.10016
3.06984
3.06443
3.07468
3.07475
3.07619
3.10459
3.12194
3.13575
3.14819
3.15072
3.13561
3.10665
3.07849
3.05589
3.02938
3.00662
2.9742
2.94749
2.91832
2.89732
2.87513
2.85517
2.83679
2.81669
2.80039
2.78276
2.76655
2.74789
2.73132
2.71524
2.70002
2.68523
2.66994
2.65641
2.64087
2.62841
2.61319
2.6013
2.58681
2.57537
2.5615
2.5505
2.53714
2.52667
2.51376
2.50376
2.49156
2.48184
2.4703
2.46077
2.4498
2.44031
2.4297
2.42032
2.40976
2.40072
2.38977
2.38135
2.3696
2.36194
2.34923
2.34197
2.32878
2.32099
2.30834
2.29877
2.2877
2.2757
2.2663
2.2525
2.24403
2.22957
2.22148
2.20691
2.19886
2.18487
2.17641
2.16363
2.15507
2.14415
2.13735
2.13072
2.03997
1.95277
1.88506
1.82753
1.76712
1.75682
1.78896
1.89657
2.18724
2.55736
2.65704
2.74386
2.80127
2.8348
2.84828
2.86419
2.91121
3.00459
3.07516
3.1349
3.18723
3.21852
3.23519
3.24844
3.2587
3.26342
3.25206
3.21293
3.15812
3.10408
3.05043
2.99991
2.95595
2.91848
2.88617
2.85701
2.83371
2.81043
2.79251
2.77075
2.75493
2.73566
2.72142
2.7053
2.69142
2.67657
2.66159
2.64856
2.63383
2.62155
2.6066
2.59399
2.57906
2.56565
2.55062
2.53664
2.52165
2.50779
2.49316
2.47998
2.4657
2.45336
2.43954
2.42817
2.41503
2.40482
2.39227
2.38333
2.3711
2.36334
2.35144
2.34416
2.33323
2.32526
2.31644
2.30687
2.30055
2.28986
2.28472
2.27442
2.26923
2.25885
2.25361
2.24293
2.2374
2.22612
2.2203
2.20848
2.20241
2.1901
2.1838
2.17102
2.16443
2.1515
2.14392
2.13159
2.12349
2.11193
2.10539
2.09724
2.06371
1.9784
1.90983
1.83783
1.78398
1.73982
1.74392
1.78139
1.89357
2.14278
2.4416
2.50149
2.57219
2.61767
2.64647
2.6669
2.67388
2.68853
2.73049
2.81795
2.91042
3.03256
3.1154
3.1613
3.17576
3.14348
3.07906
2.99208
2.91476
2.85377
2.79764
2.75224
2.72539
2.70551
2.69479
2.68322
2.67974
2.67397
2.66998
2.66457
2.65596
2.64872
2.63716
2.62848
2.61535
2.60528
2.59006
2.57814
2.56244
2.54968
2.53375
2.52068
2.50476
2.49179
2.47575
2.46258
2.44632
2.43292
2.41669
2.40339
2.38744
2.37476
2.35912
2.34725
2.33188
2.32073
2.30598
2.29507
2.2816
2.27021
2.25874
2.24645
2.23702
2.2242
2.21588
2.20336
2.19526
2.18328
2.17544
2.16372
2.15648
2.14542
2.13886
2.12873
2.12311
2.11388
2.10892
2.10046
2.09568
2.0882
2.08279
2.07673
2.07049
2.06536
2.05887
2.05451
2.04763
2.0445
2.0388
2.03946
2.0886
2.00745
1.93344
1.86951
1.80829
1.7621
1.72897
1.73445
1.77429
1.90401
2.10905
2.31819
2.3825
2.42529
2.46657
2.49657
2.51852
2.52973
2.54162
2.56077
2.60334
2.64763
2.71529
2.76642
2.79275
2.76378
2.7031
2.64201
2.58703
2.54002
2.51579
2.50297
2.50126
2.50286
2.50664
2.514
2.52
2.52629
2.5302
2.53161
2.53166
2.53135
2.52956
2.52681
2.51957
2.51406
2.50429
2.49647
2.4847
2.47575
2.46329
2.45402
2.44076
2.43068
2.41725
2.40717
2.39408
2.38408
2.3708
2.36036
2.34639
2.33542
2.32089
2.30983
2.29517
2.28432
2.27004
2.25901
2.24567
2.23371
2.22199
2.20885
2.19902
2.18539
2.17669
2.1635
2.15497
2.14237
2.13389
2.12133
2.11298
2.10054
2.09209
2.08021
2.07165
2.06096
2.05197
2.0432
2.03374
2.02658
2.01729
2.011
2.00211
1.99669
1.9879
1.98349
1.97529
1.97197
1.96592
1.96689
2.10665
2.04015
1.97353
1.90469
1.84958
1.79469
1.75151
1.73215
1.7422
1.7838
1.92182
2.08426
2.23361
2.27925
2.30948
2.34676
2.37149
2.39263
2.40897
2.43267
2.45767
2.47582
2.51472
2.54593
2.55272
2.52868
2.48171
2.43758
2.39685
2.37408
2.36374
2.36834
2.38006
2.39572
2.41396
2.42493
2.43405
2.44262
2.44794
2.44896
2.44829
2.4465
2.44156
2.43684
2.42925
2.42362
2.41357
2.40467
2.39239
2.3838
2.37293
2.36606
2.35647
2.34975
2.33954
2.33196
2.32102
2.3131
2.30189
2.29356
2.28162
2.2724
2.25948
2.24946
2.23606
2.2256
2.21244
2.20138
2.18896
2.17675
2.16529
2.15175
2.14107
2.12694
2.11658
2.10302
2.09301
2.08046
2.07136
2.05965
2.05144
2.04065
2.03268
2.02277
2.01453
2.00585
1.9967
1.98952
1.97979
1.97334
1.96407
1.95765
1.94913
1.94322
1.93516
1.93008
1.92286
1.91932
1.91393
1.9159
2.10422
2.0511
1.99923
1.94358
1.88562
1.83832
1.79206
1.75357
1.74613
1.75931
1.80172
1.92449
2.07558
2.1789
2.21249
2.24505
2.27321
2.29418
2.31395
2.338
2.36768
2.40666
2.43514
2.4645
2.46248
2.43319
2.38822
2.34378
2.30626
2.28029
2.26641
2.26965
2.27997
2.30454
2.32704
2.34576
2.35716
2.36903
2.37466
2.37818
2.37817
2.37738
2.37479
2.37295
2.36961
2.36699
2.36058
2.35543
2.34659
2.34044
2.33162
2.32615
2.31826
2.31314
2.30465
2.29849
2.28876
2.28174
2.27134
2.26377
2.25269
2.24419
2.2321
2.22258
2.20969
2.19952
2.18646
2.17574
2.1632
2.15152
2.13995
2.12687
2.11626
2.10222
2.09202
2.07807
2.06791
2.05468
2.0449
2.03242
2.02331
2.01177
2.00277
1.99259
1.98288
1.97423
1.96363
1.95617
1.94548
1.9385
1.92841
1.92194
1.91208
1.90649
1.89684
1.89195
1.88286
1.87914
1.87166
1.87191
2.08345
2.04583
2.00072
1.95608
1.90987
1.86255
1.82191
1.78546
1.75509
1.7562
1.77212
1.81573
1.92841
2.058
2.13637
2.17209
2.20258
2.2262
2.24287
2.27581
2.30433
2.35921
2.42098
2.43095
2.42063
2.3789
2.33726
2.28652
2.24054
2.20957
2.19726
2.19877
2.20672
2.22551
2.25214
2.2773
2.29621
2.31132
2.31895
2.32393
2.32313
2.32144
2.31726
2.31431
2.30944
2.30686
2.30145
2.29737
2.28917
2.28281
2.27375
2.26675
2.25815
2.25145
2.24318
2.23622
2.22745
2.21999
2.21028
2.20244
2.19164
2.18334
2.17148
2.16252
2.14987
2.14016
2.12703
2.11661
2.10344
2.09223
2.07983
2.06793
2.05688
2.04427
2.03437
2.02147
2.01201
1.99953
1.99014
1.97868
1.96942
1.95943
1.95008
1.94183
1.93213
1.92534
1.91533
1.90931
1.8993
1.89345
1.88363
1.87792
1.86822
1.86291
1.85351
1.84875
1.83993
1.8363
1.829
1.82908
2.08101
2.03614
1.99542
1.95465
1.91377
1.87371
1.83406
1.79859
1.76872
1.74708
1.75037
1.76858
1.81284
1.91722
2.02078
2.09964
2.13361
2.16604
2.18366
2.21726
2.27257
2.33329
2.41102
2.41094
2.39343
2.34827
2.29983
2.23875
2.19587
2.17071
2.16079
2.16307
2.17224
2.1811
2.20185
2.22264
2.24318
2.25803
2.26778
2.27395
2.2751
2.27368
2.2695
2.26614
2.25969
2.2563
2.25062
2.24637
2.2398
2.23405
2.22646
2.21892
2.21111
2.20269
2.19508
2.18586
2.17778
2.16802
2.15926
2.14985
2.14033
2.13137
2.12054
2.11158
2.09957
2.09059
2.07814
2.06899
2.05636
2.04669
2.034
2.02376
2.01161
2.00119
1.99033
1.98016
1.97042
1.96064
1.95118
1.94175
1.93191
1.9229
1.9126
1.90429
1.89381
1.88642
1.8761
1.86955
1.85959
1.85357
1.84389
1.83822
1.82858
1.82329
1.81361
1.80875
1.79926
1.79518
1.78718
1.78608
2.08913
2.03875
1.99609
1.9546
1.91553
1.87652
1.84003
1.80547
1.77328
1.74749
1.73231
1.73591
1.75456
1.79798
1.89291
1.98917
2.05633
2.10188
2.13455
2.17184
2.25162
2.33721
2.39469
2.3878
2.36054
2.31486
2.263
2.21462
2.18117
2.1588
2.14639
2.14701
2.14977
2.15639
2.1588
2.16651
2.17848
2.19003
2.20202
2.20786
2.21018
2.20944
2.20702
2.20345
2.19736
2.19386
2.18767
2.18263
2.17561
2.16881
2.16127
2.15324
2.14621
2.13772
2.13134
2.12237
2.11542
2.10566
2.09779
2.08799
2.07939
2.07014
2.06083
2.0523
2.04201
2.03381
2.0226
2.01459
2.00331
1.99551
1.98464
1.97702
1.96663
1.9593
1.9494
1.94233
1.93284
1.92586
1.91652
1.90962
1.90012
1.89328
1.88348
1.8767
1.86659
1.85996
1.84969
1.8433
1.83312
1.82704
1.81701
1.81134
1.80144
1.79616
1.78645
1.78144
1.7723
1.76756
1.76011
1.75805
2.11288
2.0531
2.00352
1.9586
1.91863
1.88043
1.84403
1.8095
1.77869
1.74914
1.72644
1.71671
1.72083
1.73975
1.78226
1.86539
1.97231
2.02011
2.09118
2.1494
2.25046
2.35475
2.37461
2.36482
2.32977
2.29071
2.24587
2.20967
2.18026
2.1637
2.14895
2.143
2.13361
2.13135
2.12676
2.12051
2.11834
2.12102
2.12638
2.13415
2.13953
2.14351
2.14303
2.14154
2.13602
2.13156
2.1249
2.12048
2.11437
2.10908
2.10303
2.09611
2.08977
2.0818
2.07589
2.06761
2.06207
2.05391
2.04833
2.04044
2.03438
2.02682
2.01998
2.01285
2.00507
1.99854
1.99
1.98416
1.97521
1.96966
1.96076
1.95507
1.94636
1.94059
1.93194
1.92628
1.91751
1.91182
1.90273
1.8968
1.88732
1.88118
1.87138
1.86516
1.85519
1.84891
1.83887
1.83251
1.82237
1.816
1.80576
1.79945
1.78927
1.78304
1.7732
1.7671
1.75798
1.75226
1.74485
1.74184
2.12323
2.08066
2.03032
1.97651
1.92921
1.88888
1.85047
1.81586
1.78327
1.75363
1.72755
1.70637
1.70289
1.70763
1.72698
1.7733
1.84591
1.96644
2.03223
2.14248
2.27183
2.35954
2.35757
2.34541
2.31436
2.27928
2.24646
2.22488
2.20856
2.18719
2.16226
2.14188
2.1236
2.10486
2.09063
2.07193
2.06273
2.04552
2.04664
2.05031
2.05977
2.06591
2.07393
2.07539
2.07729
2.0757
2.0741
2.0731
2.071
2.06889
2.06499
2.06073
2.05648
2.05085
2.04679
2.04053
2.03681
2.03028
2.02652
2.01991
2.0156
2.00894
2.00372
1.99708
1.99088
1.98472
1.97764
1.97215
1.96439
1.95952
1.95143
1.94681
1.93863
1.93393
1.92566
1.92075
1.91221
1.90703
1.89811
1.89257
1.88325
1.87727
1.86762
1.86121
1.8514
1.84466
1.83478
1.8279
1.81799
1.81109
1.8012
1.79438
1.7846
1.77791
1.76849
1.76196
1.75322
1.74708
1.73991
1.7364
2.11974
2.08945
2.04936
2.00974
1.95947
1.91403
1.86913
1.8305
1.79395
1.76336
1.73269
1.71083
1.69104
1.69309
1.70313
1.72648
1.78773
1.8614
2.00578
2.16075
2.31926
2.36673
2.36454
2.353
2.32592
2.29689
2.2753
2.25175
2.22495
2.19449
2.16309
2.13451
2.10272
2.07259
2.04199
2.0189
2.0017
1.99343
1.98717
1.98962
1.99787
2.0077
2.02301
2.03224
2.04317
2.04671
2.05211
2.05257
2.05273
2.05228
2.05076
2.04795
2.0443
2.03957
2.03586
2.03033
2.02709
2.02118
2.01802
2.01177
2.00806
2.0015
1.99688
1.99023
1.98474
1.97834
1.97189
1.96597
1.9586
1.95323
1.94531
1.94043
1.9325
1.92798
1.92023
1.91583
1.90799
1.90332
1.89502
1.88976
1.88093
1.87502
1.86578
1.85926
1.84975
1.84278
1.83312
1.82593
1.81619
1.80899
1.79924
1.79218
1.78253
1.77567
1.76638
1.75974
1.75113
1.74494
1.73787
1.73427
2.10919
2.08609
2.05568
2.02154
1.98441
1.94432
1.90236
1.86259
1.8239
1.78754
1.75391
1.72805
1.70145
1.69927
1.70578
1.72243
1.76405
1.83511
2.01022
2.17815
2.35716
2.40038
2.39742
2.3842
2.3506
2.31786
2.29017
2.26122
2.22814
2.19242
2.15169
2.10998
2.06955
2.03704
2.01059
1.99018
1.97536
1.96677
1.96169
1.96142
1.96315
1.97124
1.98288
1.99956
2.0122
2.02587
2.03155
2.03855
2.03869
2.03856
2.03786
2.0363
2.03293
2.02916
2.02545
2.02075
2.01743
2.01203
2.009
2.00306
1.99978
1.99338
1.98955
1.98314
1.97866
1.97236
1.96687
1.96071
1.95409
1.94828
1.94085
1.93546
1.92768
1.92259
1.91476
1.90987
1.90206
1.89716
1.88922
1.88399
1.87576
1.86994
1.86131
1.85487
1.84585
1.83891
1.82959
1.82238
1.81286
1.80568
1.79607
1.78909
1.77953
1.77281
1.76356
1.75708
1.74851
1.74245
1.73543
1.73188
2.10818
2.08175
2.05529
2.02395
1.99411
1.95665
1.92836
1.88472
1.8566
1.81833
1.78754
1.76183
1.73622
1.73182
1.73806
1.75426
1.79182
1.86803
2.0107
2.18966
2.34097
2.39346
2.38971
2.37922
2.35459
2.32327
2.2825
2.2401
2.19902
2.15974
2.12051
2.08469
2.05314
2.02486
2.00118
1.98098
1.96569
1.95491
1.94933
1.94688
1.94752
1.94971
1.95538
1.96914
1.98217
1.99886
2.00971
2.01966
2.02378
2.02601
2.02566
2.02505
2.02347
2.02121
2.01713
2.01289
2.00896
2.00428
2.00087
1.99552
1.99212
1.98593
1.9822
1.97518
1.97076
1.96304
1.95782
1.94997
1.94414
1.93673
1.93043
1.92363
1.91686
1.9105
1.90331
1.89719
1.8897
1.88369
1.87607
1.87005
1.86229
1.85607
1.84809
1.84163
1.83332
1.82669
1.81797
1.81131
1.80213
1.79562
1.78612
1.77988
1.77031
1.76437
1.75505
1.74934
1.74073
1.73532
1.72834
1.72528
2.11067
2.08205
2.05665
2.02599
1.998
1.9628
1.93561
1.90283
1.8713
1.84477
1.81349
1.79315
1.77757
1.77946
1.79099
1.81571
1.86962
1.95451
2.06648
2.1685
2.26152
2.33539
2.35735
2.35117
2.33028
2.29992
2.26287
2.21754
2.17814
2.14441
2.11089
2.07922
2.05159
2.02383
2.00273
1.98154
1.96737
1.955
1.94687
1.94232
1.93939
1.93965
1.94219
1.945
1.95451
1.96448
1.9791
1.98904
1.99921
2.00263
2.00567
2.0047
2.0036
2.00208
1.99906
1.99508
1.99113
1.9869
1.9833
1.97866
1.97474
1.96907
1.96457
1.95785
1.95276
1.94514
1.93944
1.93121
1.92492
1.91656
1.90974
1.90173
1.89458
1.88726
1.88003
1.87346
1.86632
1.86028
1.85318
1.8474
1.84014
1.83447
1.82688
1.82129
1.8133
1.80774
1.79934
1.79374
1.78493
1.77929
1.7701
1.76454
1.75512
1.74974
1.74045
1.73516
1.72663
1.72135
1.71454
1.71144
2.10687
2.08284
2.05652
2.03016
2.00315
1.96884
1.94198
1.90901
1.88329
1.85506
1.83531
1.81799
1.81893
1.82875
1.84915
1.89214
1.96317
2.04587
2.09528
2.13152
2.17681
2.22908
2.27609
2.28902
2.2816
2.26161
2.24432
2.2107
2.17528
2.14309
2.11261
2.08519
2.06124
2.03898
2.01919
2.00131
1.98482
1.97
1.95617
1.94498
1.93578
1.93113
1.92684
1.9267
1.92718
1.93029
1.93832
1.94745
1.95801
1.9659
1.97116
1.97385
1.97353
1.9727
1.97125
1.96911
1.96533
1.96093
1.95663
1.95205
1.94779
1.94291
1.93838
1.93283
1.92788
1.92161
1.91619
1.90929
1.90331
1.89608
1.88959
1.88251
1.87572
1.86906
1.86201
1.8557
1.84839
1.84234
1.83483
1.82905
1.82142
1.81592
1.80813
1.80285
1.79482
1.78968
1.78136
1.77625
1.76761
1.76246
1.7535
1.7483
1.73921
1.73389
1.72514
1.71955
1.71163
1.70607
1.69965
1.69624
2.08782
2.07583
2.05443
2.03046
2.00614
1.97677
1.94815
1.92009
1.89143
1.8708
1.85187
1.85241
1.86144
1.87953
1.92171
1.98325
2.05416
2.0909
2.1005
2.10258
2.11376
2.13732
2.16736
2.20461
2.22689
2.23055
2.2229
2.21173
2.18806
2.16331
2.13457
2.10636
2.08195
2.0581
2.03598
2.01534
1.99411
1.97641
1.95828
1.94393
1.93027
1.92098
1.9125
1.90836
1.90425
1.90428
1.90494
1.91069
1.9169
1.92855
1.93559
1.94375
1.94629
1.94861
1.9475
1.94662
1.94476
1.94174
1.93724
1.93287
1.92843
1.9241
1.91966
1.91485
1.90989
1.90421
1.89847
1.89204
1.88566
1.87896
1.87217
1.86553
1.85846
1.85201
1.84472
1.83847
1.83097
1.82498
1.81734
1.81176
1.80403
1.79888
1.79098
1.78609
1.77794
1.77311
1.76473
1.75985
1.75129
1.74629
1.73762
1.73244
1.72385
1.71838
1.7102
1.70445
1.69702
1.69135
1.68541
1.68176
2.07706
2.05889
2.04276
2.02558
2.00493
1.97944
1.95495
1.92851
1.90633
1.88814
1.88555
1.89341
1.91014
1.94989
2.00856
2.07863
2.10682
2.10708
2.09567
2.08829
2.08026
2.08279
2.09602
2.12389
2.16309
2.19494
2.2099
2.20611
2.19747
2.18022
2.15732
2.12902
2.10149
2.07459
2.04926
2.02652
2.00297
1.9826
1.96244
1.9447
1.92903
1.91518
1.90418
1.8946
1.88877
1.883
1.88131
1.8809
1.88309
1.8893
1.89735
1.90635
1.914
1.91819
1.9211
1.92061
1.91991
1.91854
1.91569
1.91187
1.90708
1.90301
1.89815
1.89363
1.88838
1.88329
1.87767
1.8722
1.86611
1.86033
1.85367
1.8477
1.84052
1.83455
1.82707
1.82128
1.81369
1.80815
1.8005
1.79523
1.78754
1.78251
1.77472
1.76986
1.76192
1.75717
1.74905
1.74438
1.73612
1.7314
1.72313
1.71811
1.71011
1.70463
1.69714
1.69138
1.68464
1.67911
1.67388
1.67035
2.0773
2.0561
2.03384
2.015
1.99672
1.97788
1.95656
1.93771
1.92171
1.91955
1.9276
1.94439
1.9834
2.04355
2.10654
2.13342
2.12808
2.11415
2.09762
2.07636
2.06048
2.06113
2.06413
2.07603
2.10245
2.13726
2.17208
2.18906
2.18605
2.17892
2.16775
2.14406
2.11816
2.08974
2.06176
2.03663
2.01154
1.98815
1.96704
1.94627
1.929
1.91172
1.89751
1.88424
1.87462
1.86544
1.85965
1.85533
1.85463
1.85511
1.85957
1.86505
1.87504
1.88177
1.88848
1.89084
1.89287
1.89207
1.89084
1.88885
1.88458
1.88066
1.87524
1.87097
1.86567
1.86126
1.85584
1.85109
1.84521
1.84012
1.83365
1.82837
1.82148
1.81626
1.80916
1.80406
1.79677
1.79173
1.78425
1.77931
1.77169
1.76694
1.75927
1.7547
1.74703
1.7425
1.73483
1.73015
1.72252
1.71761
1.71009
1.70496
1.69771
1.69245
1.68567
1.68038
1.67453
1.66948
1.66515
1.66163
2.0782
2.05665
2.03426
2.01236
1.99264
1.97414
1.95913
1.94782
1.94824
1.95809
1.97719
2.01852
2.08113
2.13991
2.16338
2.15773
2.14376
2.1229
2.09702
2.07257
2.05683
2.04889
2.05046
2.05443
2.06308
2.08298
2.1112
2.14263
2.15613
2.15924
2.15384
2.14365
2.12455
2.10024
2.07279
2.0456
2.01845
1.99264
1.96994
1.94695
1.92774
1.90833
1.89134
1.87571
1.86196
1.85074
1.84107
1.83448
1.82903
1.82761
1.82772
1.82977
1.83543
1.84353
1.85086
1.85854
1.86193
1.86463
1.86404
1.86323
1.86118
1.8586
1.85337
1.84927
1.84378
1.83961
1.83414
1.8299
1.82421
1.81986
1.81381
1.80934
1.80287
1.79829
1.79147
1.78684
1.77985
1.77531
1.76827
1.76384
1.75676
1.7524
1.74529
1.74092
1.73375
1.72933
1.72209
1.71759
1.71041
1.70578
1.69888
1.69404
1.68766
1.68267
1.67708
1.67222
1.66765
1.66301
1.6598
1.65679
2.06914
2.05404
2.03445
2.01426
1.99479
1.97813
1.96935
1.97009
1.982
2.00479
2.04824
2.1154
2.17127
2.19178
2.18528
2.17256
2.14947
2.12144
2.09667
2.07562
2.05829
2.0454
2.0398
2.04007
2.04233
2.04653
2.05871
2.07991
2.10433
2.11885
2.12756
2.12317
2.11452
2.10048
2.07651
2.05195
2.0246
1.99732
1.97254
1.94857
1.92649
1.90677
1.8869
1.87047
1.85355
1.84066
1.82815
1.81933
1.81084
1.80562
1.80276
1.80298
1.80367
1.80808
1.81331
1.82239
1.82879
1.83486
1.83707
1.83828
1.83739
1.83603
1.83285
1.82922
1.82378
1.81962
1.81406
1.81001
1.80443
1.80058
1.79479
1.79098
1.78485
1.78088
1.77444
1.77028
1.76372
1.75945
1.75289
1.74858
1.74198
1.7377
1.73109
1.72691
1.72037
1.71625
1.70982
1.70558
1.69935
1.6949
1.68907
1.68453
1.67933
1.67501
1.67068
1.66643
1.66278
1.6595
1.6578
1.65629
2.04964
2.03888
2.03026
2.01389
2.00328
1.99197
1.99528
2.00665
2.03218
2.07616
2.14933
2.2023
2.21893
2.21213
2.19956
2.17522
2.14727
2.12242
2.10134
2.08146
2.06517
2.0508
2.03825
2.03073
2.02737
2.02686
2.02865
2.03311
2.04704
2.0669
2.08258
2.09286
2.08947
2.08298
2.07107
2.05249
2.0285
2.0028
1.97718
1.95264
1.92852
1.90729
1.88592
1.86763
1.85002
1.83403
1.82033
1.80788
1.79839
1.78955
1.78382
1.77931
1.77894
1.7792
1.78106
1.78595
1.794
1.80015
1.80727
1.81034
1.81251
1.81198
1.81103
1.80922
1.8052
1.80123
1.7957
1.79184
1.78628
1.78272
1.77706
1.77361
1.76769
1.76409
1.75793
1.75411
1.74782
1.74385
1.73756
1.73358
1.72742
1.72347
1.71748
1.71352
1.7077
1.70365
1.69808
1.69389
1.68869
1.68455
1.67983
1.67616
1.67224
1.66876
1.66551
1.66285
1.66123
1.66125
1.6622
1.66092
2.04151
2.02977
2.01839
2.01487
2.0116
2.02126
2.03493
2.06702
2.11285
2.18738
2.23775
2.24781
2.24131
2.22684
2.20235
2.17366
2.14882
2.128
2.10901
2.09186
2.07467
2.05855
2.04428
2.03008
2.0205
2.0134
2.0088
2.00921
2.01095
2.01572
2.0282
2.04322
2.0514
2.05332
2.04786
2.03915
2.02537
2.00326
1.98217
1.9577
1.93294
1.91014
1.88796
1.86726
1.84898
1.8305
1.81582
1.80044
1.78886
1.7777
1.76948
1.76168
1.75687
1.75475
1.755
1.75561
1.75955
1.76412
1.77293
1.77897
1.78507
1.78699
1.78823
1.7877
1.78626
1.78401
1.77925
1.77567
1.77021
1.76684
1.76121
1.75802
1.75226
1.749
1.74307
1.73954
1.73352
1.72973
1.72382
1.71981
1.71417
1.71012
1.70483
1.70087
1.69597
1.69213
1.68765
1.68407
1.68012
1.67707
1.67395
1.67102
1.66833
1.66614
1.66482
1.66514
1.6661
1.66802
1.6747
1.67535
2.03982
2.02825
2.02114
2.02237
2.03531
2.0527
2.09408
2.1486
2.22717
2.27766
2.28235
2.27456
2.2573
2.23054
2.2015
2.17735
2.15749
2.13913
2.12144
2.10369
2.08599
2.06846
2.05113
2.03502
2.01953
2.00731
1.99633
1.98999
1.98411
1.98375
1.9846
1.98862
1.99765
2.00753
2.01305
2.00919
2.00416
1.9946
1.98055
1.95838
1.93655
1.91412
1.89129
1.86942
1.84944
1.83004
1.81267
1.79717
1.78192
1.77012
1.75795
1.74954
1.74075
1.73562
1.73149
1.73159
1.73195
1.73379
1.73878
1.74631
1.75332
1.76006
1.76292
1.76558
1.76544
1.76491
1.76336
1.76102
1.75609
1.75296
1.74743
1.7445
1.73907
1.73612
1.73069
1.72729
1.72174
1.71783
1.71228
1.70817
1.70291
1.69883
1.69409
1.69027
1.68617
1.68279
1.67936
1.67669
1.67415
1.67176
1.66966
1.6681
1.66739
1.6681
1.66941
1.67201
1.67673
1.68648
1.69829
1.70808
2.03892
2.03245
2.03434
2.04674
2.06776
2.11481
2.18082
2.25997
2.30894
2.31075
2.30286
2.28414
2.25449
2.22621
2.20235
2.18241
2.16464
2.14736
2.12973
2.11164
2.09307
2.07443
2.05587
2.03763
2.01966
2.0026
1.98746
1.97442
1.96465
1.95671
1.95052
1.94937
1.9505
1.95461
1.96222
1.96791
1.97171
1.96731
1.96115
1.95179
1.93653
1.91638
1.89523
1.87394
1.85288
1.83278
1.81351
1.79653
1.77954
1.76563
1.75184
1.74061
1.73051
1.72219
1.71546
1.71086
1.70976
1.7101
1.71106
1.71489
1.72007
1.72868
1.73488
1.74062
1.74274
1.74473
1.74452
1.74369
1.74129
1.73904
1.73435
1.73188
1.72687
1.72431
1.71918
1.71623
1.71099
1.70748
1.7023
1.69827
1.69337
1.68918
1.68485
1.68109
1.67767
1.67507
1.67289
1.67097
1.66931
1.6683
1.66822
1.66933
1.67099
1.6743
1.67925
1.69034
1.70009
1.71998
1.7373
1.75046
2.03946
2.04365
2.06344
2.08911
2.14028
2.22322
2.29393
2.33887
2.33663
2.32664
2.30417
2.27198
2.24351
2.21972
2.2006
2.18363
2.16711
2.15028
2.13252
2.11423
2.09531
2.07651
2.05742
2.03822
2.01889
2.00002
1.98222
1.96604
1.95159
1.94039
1.92971
1.92213
1.91683
1.91591
1.91722
1.92095
1.92798
1.93316
1.9317
1.92899
1.92298
1.91277
1.89668
1.87783
1.85793
1.83762
1.81756
1.79863
1.78075
1.76411
1.74956
1.73525
1.72409
1.71284
1.70512
1.69674
1.69247
1.689
1.68923
1.68969
1.69168
1.69752
1.70382
1.71176
1.71715
1.72136
1.72345
1.72443
1.72425
1.7234
1.72082
1.71872
1.71431
1.71208
1.70756
1.7052
1.7006
1.69742
1.69284
1.68898
1.68477
1.68097
1.67748
1.67463
1.67233
1.67026
1.66861
1.66789
1.66816
1.66982
1.6716
1.6757
1.68099
1.6929
1.70274
1.72185
1.73899
1.75873
1.77789
1.78791
2.04775
2.06881
2.10878
2.1717
2.27065
2.33396
2.3662
2.36515
2.3537
2.32464
2.29389
2.26593
2.24106
2.22072
2.20316
2.18693
2.17099
2.15461
2.13731
2.11943
2.10079
2.08156
2.06159
2.0411
2.02061
2.00048
1.98125
1.9632
1.94637
1.93146
1.91817
1.9064
1.89627
1.88876
1.8844
1.88361
1.88476
1.88772
1.89318
1.89713
1.89431
1.89141
1.88593
1.87558
1.85918
1.84141
1.82192
1.80275
1.78382
1.76558
1.74947
1.73392
1.72063
1.7084
1.69771
1.68854
1.68053
1.67467
1.67032
1.6696
1.66986
1.6712
1.67499
1.68112
1.6883
1.69516
1.69965
1.70333
1.7046
1.70591
1.70547
1.70432
1.70133
1.6994
1.69557
1.69329
1.68978
1.68705
1.68361
1.6805
1.6774
1.67473
1.67262
1.67057
1.6689
1.66801
1.66839
1.66949
1.67158
1.67642
1.68185
1.69358
1.70474
1.72125
1.73883
1.75685
1.77509
1.78767
1.79865
1.80127
2.06267
2.12447
2.19516
2.30276
2.37108
2.39279
2.38862
2.37752
2.34793
2.31468
2.2882
2.26488
2.24439
2.22619
2.20967
2.19386
2.17747
2.16018
2.14204
2.12335
2.10419
2.08456
2.06457
2.04416
2.02375
2.00347
1.98358
1.9643
1.94563
1.92786
1.91154
1.89656
1.88353
1.87132
1.86095
1.85361
1.84982
1.84858
1.84936
1.85204
1.85636
1.85886
1.85676
1.85382
1.84896
1.83953
1.8234
1.80597
1.78737
1.76879
1.75143
1.73512
1.71981
1.70659
1.69327
1.68312
1.67222
1.66476
1.65687
1.65273
1.64988
1.65008
1.65089
1.65346
1.659
1.66553
1.67291
1.67864
1.68297
1.6858
1.68673
1.68774
1.68705
1.68579
1.68323
1.68112
1.67852
1.67637
1.67434
1.67279
1.6715
1.67015
1.6688
1.66805
1.66856
1.66945
1.67164
1.67645
1.68255
1.69284
1.70529
1.71904
1.73591
1.75124
1.76695
1.77887
1.78705
1.79044
1.79132
1.79075
2.11877
2.21957
2.33638
2.39426
2.3981
2.38703
2.37223
2.34875
2.32251
2.29958
2.28014
2.26187
2.24343
2.22559
2.20898
2.19306
2.17712
2.16051
2.14293
2.12453
2.10541
2.08564
2.06546
2.04479
2.0241
2.00345
1.98298
1.96284
1.94301
1.92369
1.90503
1.88749
1.87113
1.85679
1.84296
1.8311
1.82116
1.81441
1.81108
1.81042
1.8112
1.81384
1.81735
1.82029
1.81852
1.81606
1.81177
1.80293
1.78839
1.77262
1.75566
1.73838
1.7217
1.70641
1.69155
1.67855
1.66672
1.65597
1.6473
1.63902
1.63372
1.62972
1.62936
1.62992
1.63202
1.63642
1.64308
1.65017
1.6572
1.66207
1.66635
1.66835
1.66955
1.67099
1.67067
1.66991
1.66863
1.66792
1.66784
1.66757
1.66727
1.66768
1.6683
1.66979
1.67266
1.6778
1.68434
1.69358
1.70586
1.71887
1.73339
1.74719
1.7596
1.76935
1.77548
1.77867
1.77776
1.77678
1.77529
1.77318
2.26773
2.379
2.42084
2.40897
2.39027
2.35355
2.33622
2.31118
2.28539
2.26534
2.25164
2.23903
2.22534
2.21139
2.19741
2.18282
2.16714
2.15024
2.13233
2.11417
2.09571
2.07692
2.05777
2.03803
2.01799
1.99756
1.97691
1.95632
1.93573
1.91536
1.89528
1.87592
1.8578
1.84112
1.82642
1.81272
1.80024
1.78922
1.77999
1.77434
1.77101
1.77094
1.77193
1.77478
1.77833
1.78178
1.78074
1.77929
1.77585
1.76818
1.75435
1.74027
1.72496
1.70939
1.69387
1.67899
1.66526
1.65152
1.64062
1.62955
1.62122
1.61451
1.61007
1.60889
1.60944
1.61111
1.61478
1.62084
1.62864
1.63566
1.64273
1.64719
1.65182
1.65444
1.65704
1.65897
1.66052
1.66158
1.6628
1.66397
1.66586
1.6691
1.67346
1.6788
1.68627
1.69639
1.70839
1.72088
1.73373
1.74567
1.75588
1.76392
1.76818
1.77042
1.7698
1.76847
1.76664
1.7644
1.7633
1.76158
2.50357
2.52215
2.48064
2.43038
2.38298
2.35213
2.32847
2.30775
2.28746
2.27178
2.25846
2.2425
2.22295
2.20202
2.18216
2.16432
2.14772
2.13215
2.11648
2.10008
2.08247
2.06341
2.04327
2.02275
2.00211
1.98171
1.96145
1.94127
1.92104
1.90123
1.88218
1.86415
1.84735
1.83137
1.81643
1.80193
1.78808
1.77433
1.7615
1.75057
1.74174
1.73649
1.73374
1.73402
1.73544
1.73854
1.742
1.74548
1.74547
1.7447
1.74167
1.73438
1.72164
1.70888
1.69463
1.67986
1.66508
1.65045
1.63681
1.6242
1.61263
1.60395
1.59563
1.59099
1.58876
1.58919
1.59082
1.5945
1.60002
1.60808
1.61662
1.62468
1.63216
1.63854
1.64435
1.64927
1.65441
1.65866
1.66309
1.66785
1.67352
1.68011
1.68941
1.70005
1.71215
1.72395
1.73576
1.74604
1.75468
1.761
1.7645
1.76602
1.7658
1.76466
1.76376
1.76248
1.76195
1.76137
1.76148
1.7598
2.70349
2.63095
2.54583
2.4914
2.42781
2.38559
2.35551
2.32671
2.30363
2.2862
2.26891
2.24828
2.22546
2.20355
2.18425
2.16767
2.15194
2.13511
2.11613
2.09533
2.07391
2.05281
2.03273
2.01341
1.99448
1.97546
1.95593
1.9361
1.91627
1.89701
1.87872
1.86134
1.84484
1.82862
1.81274
1.79688
1.78124
1.76639
1.75151
1.73808
1.72597
1.71664
1.70932
1.7055
1.70356
1.7041
1.70561
1.7082
1.71126
1.715
1.71574
1.71508
1.71212
1.70506
1.69299
1.68061
1.6669
1.65193
1.63752
1.62335
1.61004
1.59862
1.58918
1.58081
1.576
1.57297
1.5734
1.5751
1.57903
1.58469
1.59367
1.60406
1.61468
1.62594
1.63505
1.64549
1.65429
1.66287
1.67141
1.68145
1.69253
1.70433
1.71586
1.72762
1.73816
1.74711
1.75438
1.75946
1.76234
1.76398
1.76422
1.76416
1.76409
1.76446
1.76496
1.76553
1.76613
1.76705
1.76834
1.76689
2.66583
2.65088
2.59021
2.53637
2.50323
2.48148
2.45923
2.43023
2.39604
2.36172
2.32764
2.29328
2.26065
2.23251
2.20938
2.18892
2.16834
2.14613
2.12252
2.09864
2.07607
2.05532
2.0361
2.01767
1.99916
1.98008
1.96041
1.94079
1.9218
1.90403
1.88739
1.87138
1.85555
1.83916
1.82243
1.80535
1.7883
1.77186
1.75625
1.7416
1.72795
1.71605
1.70552
1.69743
1.69068
1.68728
1.68542
1.68609
1.68776
1.6906
1.69423
1.6978
1.69913
1.69812
1.69439
1.68658
1.67445
1.661
1.647
1.63241
1.61796
1.60469
1.59247
1.58279
1.57481
1.5702
1.56763
1.56814
1.57017
1.57503
1.58152
1.5926
1.60571
1.62115
1.63655
1.65034
1.66376
1.67771
1.69253
1.70607
1.71855
1.72992
1.73909
1.74638
1.75172
1.75513
1.75727
1.7588
1.75973
1.76084
1.76232
1.76421
1.76619
1.76852
1.77094
1.77315
1.77529
1.77605
1.77721
1.77549
2.80037
2.798
2.75801
2.71175
2.66602
2.61319
2.56154
2.51391
2.47039
2.42884
2.38857
2.3513
2.31854
2.29077
2.26681
2.24458
2.22208
2.19853
2.17403
2.14918
2.12431
2.10027
2.07677
2.05374
2.03062
2.00786
1.98562
1.96475
1.94552
1.92802
1.91177
1.89589
1.87965
1.86312
1.84661
1.83082
1.81497
1.79969
1.78431
1.76947
1.75469
1.74107
1.72808
1.71666
1.70654
1.69847
1.69207
1.68844
1.68701
1.68757
1.68933
1.69223
1.69516
1.69853
1.69806
1.69536
1.68983
1.68066
1.66702
1.65269
1.63822
1.62413
1.61076
1.59866
1.58784
1.58151
1.5757
1.57624
1.57713
1.57998
1.58585
1.59672
1.61051
1.62776
1.64585
1.66428
1.684
1.7022
1.71816
1.7312
1.74064
1.74725
1.7511
1.7526
1.75322
1.75351
1.75414
1.75548
1.75753
1.76034
1.76369
1.76773
1.77166
1.77568
1.77903
1.78099
1.78286
1.78271
1.78282
1.78101
2.80045
2.83906
2.81497
2.76655
2.68791
2.62204
2.57306
2.53523
2.50335
2.47381
2.44548
2.41849
2.39352
2.36956
2.34533
2.31913
2.29056
2.26043
2.22986
2.2001
2.17162
2.14457
2.11889
2.09419
2.07017
2.04771
2.02796
2.01112
1.99657
1.98294
1.96899
1.95386
1.93731
1.91988
1.90099
1.88089
1.85988
1.83953
1.82017
1.803
1.78744
1.77291
1.75919
1.74696
1.73608
1.72711
1.71928
1.7134
1.70879
1.70711
1.70724
1.70783
1.7089
1.71077
1.71263
1.71261
1.71146
1.70676
1.70023
1.69018
1.67605
1.66201
1.64848
1.63542
1.62329
1.61444
1.60648
1.60575
1.60605
1.60788
1.61345
1.62411
1.63839
1.6561
1.67522
1.69511
1.71315
1.72853
1.73979
1.74737
1.7515
1.75311
1.75354
1.75369
1.7539
1.75462
1.75637
1.75957
1.76326
1.76753
1.77284
1.77755
1.7826
1.78512
1.78825
1.78839
1.78836
1.78803
1.78724
1.78508
2.79609
2.83383
2.80726
2.7511
2.69561
2.65301
2.62846
2.60849
2.58883
2.56727
2.54164
2.51302
2.48254
2.45128
2.4192
2.38656
2.35395
2.32221
2.29261
2.26571
2.24165
2.21969
2.1995
2.18164
2.16577
2.15047
2.13395
2.1151
2.09372
2.06958
2.04343
2.01576
1.98704
1.95776
1.92861
1.90135
1.87599
1.85318
1.83286
1.81628
1.80326
1.79348
1.78562
1.77916
1.77293
1.76711
1.76147
1.75547
1.7487
1.74146
1.73367
1.7273
1.7224
1.71857
1.71447
1.71424
1.71488
1.71608
1.71588
1.71422
1.71046
1.70381
1.69606
1.68711
1.67749
1.67099
1.66663
1.66584
1.66662
1.67011
1.67904
1.68865
1.70092
1.71443
1.72729
1.7383
1.74717
1.75432
1.75898
1.76198
1.76369
1.76434
1.76469
1.76537
1.76685
1.76982
1.77363
1.77817
1.78312
1.78859
1.79313
1.79696
1.8003
1.80127
1.80186
1.80182
1.80134
1.79951
1.79813
1.79525
2.64014
2.68162
2.67608
2.67542
2.67589
2.67558
2.6742
2.67027
2.6568
2.62214
2.57922
2.53926
2.50261
2.46855
2.43688
2.40816
2.38305
2.36167
2.34353
2.32741
2.31186
2.29571
2.27766
2.25686
2.23324
2.20712
2.17878
2.14864
2.11743
2.08611
2.05571
2.0273
2.00187
1.98025
1.96224
1.9481
1.93711
1.92916
1.92173
1.91341
1.90197
1.88876
1.87319
1.85664
1.83864
1.82012
1.8018
1.78409
1.76778
1.75265
1.73879
1.72584
1.71537
1.70657
1.70102
1.69872
1.69976
1.70272
1.7079
1.71648
1.72251
1.7288
1.73066
1.73264
1.73392
1.73606
1.73843
1.74284
1.7466
1.75275
1.75785
1.76282
1.76742
1.77023
1.77194
1.77378
1.77487
1.77644
1.77869
1.78064
1.78378
1.78791
1.79333
1.79934
1.80643
1.81318
1.82062
1.82765
1.83383
1.83863
1.84233
1.84364
1.84343
1.84259
1.84143
1.83844
1.83604
1.83083
1.82825
1.82261
2.63104
2.65039
2.63984
2.64818
2.66059
2.67558
2.68015
2.67935
2.67053
2.63967
2.59361
2.55147
2.51604
2.48692
2.46309
2.44283
2.4248
2.4073
2.3894
2.37005
2.34903
2.32601
2.30135
2.27528
2.24848
2.22179
2.19593
2.17155
2.14931
2.1293
2.11204
2.09648
2.08261
2.06838
2.05402
2.03799
2.02091
2.00184
1.98184
1.96045
1.93869
1.91564
1.89259
1.86815
1.84522
1.8215
1.80081
1.78044
1.76338
1.749
1.73711
1.73026
1.72521
1.72537
1.72717
1.73159
1.73665
1.74117
1.74803
1.75597
1.76762
1.77901
1.79048
1.79935
1.80656
1.81152
1.81418
1.81465
1.81335
1.81014
1.80477
1.79971
1.79407
1.78905
1.78558
1.78544
1.78619
1.79038
1.79776
1.80903
1.82191
1.83647
1.85031
1.86481
1.8765
1.88755
1.89586
1.90158
1.90556
1.90651
1.9051
1.90264
1.89764
1.89319
1.88686
1.88022
1.87345
1.86577
1.86081
1.85359
2.64005
2.65076
2.64043
2.64924
2.66345
2.67681
2.68088
2.67982
2.67059
2.64118
2.59814
2.55859
2.52659
2.502
2.48227
2.46458
2.44689
2.42807
2.40785
2.38604
2.36295
2.33899
2.31486
2.2912
2.26872
2.24787
2.22879
2.21125
2.19496
2.17903
2.16325
2.14641
2.12881
2.10928
2.08866
2.06616
2.0429
2.01865
1.99444
1.97032
1.94722
1.92496
1.90452
1.88532
1.86809
1.85234
1.83814
1.82535
1.81377
1.80299
1.79369
1.7842
1.77703
1.76941
1.76431
1.76263
1.76164
1.76182
1.76389
1.77038
1.78262
1.79596
1.81242
1.82978
1.84573
1.86001
1.87013
1.87808
1.87724
1.8772
1.87598
1.87165
1.86582
1.86248
1.85995
1.86103
1.86406
1.86783
1.87348
1.88138
1.89338
1.9046
1.9159
1.9251
1.93228
1.93763
1.94024
1.94058
1.93963
1.93806
1.93385
1.92929
1.92599
1.92224
1.91894
1.91532
1.91147
1.9088
1.90559
1.90438
)
;

boundaryField
{
    inlet
    {
        type            fixedValue;
        value           uniform 1;
    }
    outlet
    {
        type            zeroGradient;
    }
    bottom
    {
        type            symmetryPlane;
    }
    top
    {
        type            symmetryPlane;
    }
    obstacle
    {
        type            zeroGradient;
    }
    defaultFaces
    {
        type            empty;
    }
}


// ************************************************************************* //
