/*--------------------------------*- C++ -*----------------------------------*\
| =========                 |                                                 |
| \\      /  F ield         | OpenFOAM: The Open Source CFD Toolbox           |
|  \\    /   O peration     | Version:  2412                                  |
|   \\  /    A nd           | Website:  www.openfoam.com                      |
|    \\/     M anipulation  |                                                 |
\*---------------------------------------------------------------------------*/
FoamFile
{
    version     2.0;
    format      ascii;
    arch        "LSB;label=32;scalar=64";
    class       volScalarField;
    location    "11.5";
    object      Ma;
}
// * * * * * * * * * * * * * * * * * * * * * * * * * * * * * * * * * * * * * //

dimensions      [0 0 0 0 0 0 0];

internalField   nonuniform List<scalar> 
7000
(
2.25283
0.987239
0.294917
0.337715
0.400254
0.440992
0.448879
0.444127
0.437392
0.43211
0.428864
0.426164
0.423109
0.419551
0.415611
0.411398
0.406917
0.402151
0.397096
0.391737
0.386061
0.380067
0.373748
0.367065
0.360027
0.352605
0.344765
0.336538
0.32781
0.318605
0.308953
0.298785
0.288096
0.276865
0.26505
0.252653
0.239645
0.225972
0.211599
0.196499
0.180456
0.163636
0.146314
0.128327
0.109695
0.0907504
0.0718415
0.0522302
0.0306381
0.0139274
2.25289
0.987326
0.29463
0.337451
0.400058
0.440859
0.448728
0.443977
0.437244
0.431967
0.428722
0.426021
0.422965
0.419403
0.415462
0.411246
0.406764
0.401998
0.396944
0.391586
0.385913
0.379924
0.37361
0.366931
0.359904
0.352487
0.344654
0.336438
0.32772
0.318525
0.308883
0.298725
0.288051
0.276838
0.265038
0.252655
0.239665
0.226017
0.211679
0.196629
0.180651
0.163911
0.146694
0.128843
0.110399
0.0917115
0.0731923
0.054327
0.0344574
0.0208783
2.25304
0.987561
0.294832
0.337524
0.400116
0.440913
0.448767
0.444018
0.437302
0.432044
0.428813
0.426123
0.423075
0.419523
0.415592
0.411387
0.406915
0.40216
0.397119
0.391775
0.386116
0.380144
0.373848
0.367188
0.360185
0.352792
0.344986
0.336802
0.328117
0.31896
0.309359
0.299245
0.288622
0.277469
0.265732
0.253417
0.240507
0.226952
0.212722
0.197807
0.18199
0.16544
0.148462
0.130927
0.112915
0.0948263
0.0771714
0.0597489
0.042634
0.0323708
2.25325
0.987959
0.295102
0.337566
0.400203
0.441052
0.448878
0.444135
0.437443
0.432214
0.429008
0.426336
0.423306
0.419772
0.41586
0.411675
0.407224
0.402491
0.397471
0.392153
0.386521
0.380579
0.374316
0.367692
0.360729
0.353381
0.345623
0.337492
0.328868
0.319776
0.310248
0.300214
0.289678
0.278624
0.266997
0.254803
0.242029
0.228627
0.214576
0.199874
0.184312
0.168059
0.151447
0.134383
0.116998
0.0997471
0.0832354
0.0675127
0.0530065
0.0449218
2.25356
0.988538
0.295464
0.337605
0.400303
0.441211
0.449005
0.444273
0.437616
0.432429
0.429257
0.426614
0.42361
0.420102
0.416218
0.412061
0.40764
0.402938
0.397953
0.39267
0.387079
0.38118
0.374966
0.368395
0.361492
0.35421
0.346524
0.338473
0.329937
0.320941
0.31152
0.301604
0.291199
0.280288
0.268821
0.256805
0.24423
0.231053
0.217256
0.20285
0.187636
0.17179
0.155673
0.139228
0.122632
0.106391
0.0911689
0.0771535
0.0648395
0.0582259
2.25397
0.989342
0.295776
0.337602
0.400426
0.441398
0.449147
0.444437
0.437833
0.4327
0.429574
0.426969
0.423999
0.420525
0.416677
0.412558
0.408177
0.403515
0.398574
0.39334
0.387801
0.38196
0.37581
0.369309
0.362484
0.355289
0.347698
0.339752
0.331336
0.322468
0.313187
0.30343
0.293199
0.282482
0.271228
0.259447
0.247136
0.234257
0.220801
0.206784
0.192015
0.176689
0.161192
0.145495
0.129822
0.114712
0.100841
0.0884507
0.0779314
0.0723808
2.2544
0.990408
0.296207
0.337707
0.400583
0.441565
0.449317
0.444649
0.43811
0.433039
0.429968
0.42741
0.424482
0.421051
0.417248
0.413176
0.408844
0.404234
0.399348
0.394175
0.388702
0.382933
0.376864
0.370453
0.363724
0.356641
0.34917
0.341356
0.333089
0.324381
0.315283
0.305725
0.29571
0.285237
0.274255
0.262774
0.250796
0.23829
0.225255
0.211725
0.197526
0.182829
0.168061
0.153228
0.138582
0.124671
0.112141
0.10122
0.0921807
0.0874493
2.25422
0.990913
0.296711
0.338081
0.400754
0.441681
0.449517
0.444912
0.438452
0.433453
0.430448
0.427945
0.425068
0.42169
0.417941
0.413927
0.409656
0.405109
0.40029
0.395191
0.3898
0.384118
0.378147
0.371848
0.365235
0.358287
0.350964
0.343312
0.335226
0.326716
0.317834
0.308523
0.29878
0.288597
0.27794
0.266827
0.255257
0.243208
0.230684
0.217728
0.204179
0.19022
0.176306
0.162443
0.148895
0.136213
0.124993
0.115419
0.107599
0.103528
2.25416
0.990936
0.298248
0.338139
0.400727
0.4418
0.449787
0.445251
0.438871
0.433956
0.431025
0.428585
0.425769
0.422454
0.41877
0.414824
0.410625
0.406154
0.401416
0.396405
0.391112
0.385535
0.379682
0.37351
0.367044
0.360254
0.353104
0.345647
0.337779
0.329506
0.320881
0.311858
0.302436
0.292609
0.282345
0.27166
0.26057
0.249058
0.237136
0.224855
0.212076
0.198943
0.185961
0.173159
0.160781
0.149343
0.139371
0.130995
0.124255
0.120714
2.25497
0.992379
0.299303
0.338316
0.400905
0.442093
0.450157
0.445675
0.439378
0.434556
0.431708
0.429341
0.426596
0.423353
0.419746
0.415881
0.411766
0.407385
0.402742
0.397835
0.392657
0.387204
0.381487
0.37547
0.369168
0.362567
0.355621
0.348391
0.340778
0.33278
0.324459
0.315776
0.306729
0.297316
0.287506
0.277324
0.266792
0.255903
0.244676
0.233165
0.221249
0.209076
0.197134
0.18546
0.174304
0.164127
0.155377
0.148135
0.142268
0.139246
2.25593
0.994022
0.300493
0.3385
0.401132
0.442477
0.450616
0.446188
0.439984
0.435265
0.43251
0.430224
0.427559
0.424402
0.420884
0.417112
0.413096
0.408818
0.404286
0.3995
0.394454
0.389144
0.383586
0.377745
0.371636
0.365253
0.358542
0.351572
0.344254
0.336575
0.328604
0.320311
0.311694
0.302759
0.293477
0.283871
0.273979
0.263798
0.253358
0.242727
0.231787
0.220647
0.209838
0.199381
0.189483
0.180585
0.173051
0.166887
0.16194
0.159306
2.25702
0.995915
0.301845
0.338673
0.401389
0.442933
0.451162
0.446796
0.440703
0.436096
0.43344
0.431245
0.428671
0.425613
0.422198
0.418532
0.41463
0.410472
0.406066
0.401418
0.396524
0.391377
0.386
0.380361
0.374472
0.368334
0.361893
0.35522
0.348236
0.34092
0.33335
0.325501
0.317375
0.308982
0.300298
0.291352
0.282184
0.272804
0.263248
0.253591
0.243757
0.233773
0.224202
0.215064
0.20653
0.198976
0.192695
0.187646
0.183462
0.181341
2.25827
0.998092
0.303379
0.33885
0.401673
0.443454
0.451796
0.447508
0.441543
0.437061
0.434512
0.432414
0.429946
0.426999
0.423703
0.42016
0.416385
0.412364
0.408102
0.403609
0.398886
0.393927
0.38875
0.383342
0.377698
0.37184
0.365701
0.359359
0.352758
0.345849
0.338725
0.33138
0.323806
0.316022
0.308012
0.299804
0.29145
0.282966
0.274399
0.265829
0.257217
0.248546
0.240317
0.232619
0.225533
0.219421
0.214488
0.210634
0.20744
0.205686
2.2597
1.00056
0.30511
0.339049
0.401994
0.444041
0.452526
0.448334
0.442521
0.43817
0.435735
0.433747
0.431396
0.428578
0.425416
0.422011
0.418382
0.414513
0.410413
0.406095
0.401563
0.396812
0.391863
0.386708
0.38134
0.375789
0.369994
0.364017
0.357836
0.35139
0.344762
0.337973
0.331019
0.323916
0.316654
0.309271
0.301824
0.294339
0.286872
0.279504
0.272261
0.265035
0.258293
0.252192
0.246776
0.242284
0.238892
0.236423
0.234254
0.233241
2.26128
1.00334
0.307049
0.33928
0.402364
0.444701
0.453368
0.449293
0.443649
0.439439
0.437122
0.435256
0.433039
0.430367
0.427358
0.424107
0.42064
0.41694
0.41302
0.408897
0.404575
0.400058
0.395357
0.390486
0.385418
0.380212
0.374789
0.36922
0.363501
0.357565
0.351489
0.345308
0.339034
0.332688
0.326255
0.319781
0.313333
0.306952
0.300707
0.294675
0.288941
0.283349
0.278299
0.274023
0.270495
0.268
0.266513
0.265824
0.265145
0.264788
2.26304
1.00641
0.309203
0.339556
0.402778
0.445447
0.45435
0.450411
0.444946
0.440879
0.438691
0.436962
0.434899
0.432391
0.429552
0.426473
0.42318
0.419669
0.415947
0.412034
0.407947
0.403682
0.399256
0.39469
0.389961
0.385115
0.380114
0.374984
0.369766
0.364394
0.35892
0.353405
0.347871
0.342348
0.336819
0.33135
0.326001
0.320837
0.315952
0.311404
0.30734
0.303583
0.300497
0.298346
0.297077
0.296855
0.297865
0.299673
0.301048
0.302375
2.26495
1.00977
0.311581
0.339857
0.403273
0.446323
0.455483
0.451696
0.446424
0.442511
0.440465
0.438892
0.437001
0.434676
0.432023
0.42913
0.426029
0.422722
0.419215
0.415535
0.411698
0.407713
0.403584
0.399349
0.394982
0.390541
0.385976
0.381337
0.37665
0.371887
0.36707
0.362276
0.357539
0.352912
0.348363
0.343987
0.339832
0.336003
0.332601
0.329696
0.327456
0.325862
0.324947
0.325345
0.326957
0.329925
0.334233
0.339734
0.344845
0.348522
2.26701
1.0134
0.314175
0.3402
0.403845
0.447343
0.456787
0.453181
0.448125
0.444377
0.44249
0.441094
0.439392
0.437261
0.434805
0.432111
0.429214
0.426121
0.422847
0.419417
0.415847
0.41216
0.408355
0.404473
0.400492
0.396478
0.392398
0.388265
0.384166
0.38004
0.375942
0.371904
0.368038
0.364349
0.360869
0.357666
0.354812
0.352421
0.350657
0.3496
0.349366
0.350108
0.35188
0.355301
0.360333
0.36735
0.376611
0.387744
0.399182
0.409778
2.2692
1.01729
0.316955
0.340577
0.404498
0.448534
0.458281
0.454894
0.450079
0.446514
0.444802
0.4436
0.4421
0.440175
0.437928
0.435445
0.432766
0.429907
0.426882
0.42372
0.42044
0.417067
0.413606
0.410101
0.406536
0.402965
0.399399
0.395819
0.392311
0.388883
0.385531
0.382321
0.379342
0.376661
0.37431
0.372346
0.370883
0.370065
0.369996
0.370864
0.372925
0.376362
0.381419
0.388418
0.397935
0.410477
0.426527
0.447272
0.471277
0.498442
2.27149
1.02138
0.319799
0.340953
0.405275
0.449928
0.460043
0.456931
0.452405
0.449041
0.447508
0.446494
0.445192
0.443466
0.441423
0.439152
0.436696
0.434075
0.43131
0.428428
0.425454
0.422411
0.419314
0.416199
0.413074
0.409974
0.406928
0.403942
0.40106
0.398328
0.395772
0.39342
0.391379
0.389749
0.388548
0.387896
0.387861
0.388625
0.390398
0.393457
0.398048
0.404367
0.412756
0.423962
0.438748
0.458311
0.484612
0.520685
0.571815
0.664461
2.27427
1.02635
0.323051
0.341398
0.406275
0.451778
0.462501
0.459819
0.455727
0.452636
0.451339
0.450578
0.449552
0.448112
0.446361
0.444399
0.442268
0.439993
0.437601
0.435122
0.432579
0.430004
0.427422
0.424863
0.422358
0.419921
0.417604
0.415438
0.413436
0.411687
0.41022
0.409051
0.408326
0.408131
0.408466
0.409521
0.411493
0.41459
0.419054
0.425012
0.432965
0.443323
0.456731
0.473878
0.496657
0.526863
0.568779
0.631334
0.730448
0.880296
2.27734
1.03184
0.327045
0.342443
0.408211
0.454986
0.466568
0.464362
0.460679
0.457713
0.45649
0.455855
0.45501
0.453778
0.452257
0.450551
0.448708
0.446751
0.444713
0.442617
0.440495
0.438375
0.436292
0.434278
0.43236
0.430574
0.428973
0.427584
0.426442
0.425643
0.425207
0.425175
0.425658
0.426718
0.428663
0.431549
0.435561
0.440679
0.447421
0.456027
0.467035
0.481081
0.498828
0.521688
0.550926
0.590368
0.643046
0.716704
0.829337
0.967167
2.27968
1.03608
0.330191
0.343489
0.410494
0.459057
0.471781
0.470171
0.466899
0.464004
0.462846
0.462358
0.461709
0.460695
0.459392
0.457927
0.456352
0.454696
0.452976
0.451239
0.449493
0.447795
0.44616
0.444645
0.443269
0.442076
0.441129
0.44044
0.44013
0.440185
0.440645
0.441605
0.443316
0.44588
0.44929
0.453783
0.459418
0.466663
0.475421
0.486555
0.50006
0.517348
0.538397
0.565027
0.598505
0.640794
0.696579
0.766338
0.86279
0.966676
2.28183
1.04004
0.334863
0.347271
0.415535
0.465879
0.479351
0.47769
0.474139
0.470926
0.469707
0.469342
0.468894
0.4681
0.467024
0.465819
0.464563
0.463259
0.461941
0.460597
0.459293
0.458024
0.456887
0.455863
0.455039
0.454398
0.454066
0.454016
0.454339
0.455036
0.456312
0.458341
0.461105
0.464702
0.469209
0.4749
0.481916
0.490556
0.501192
0.513916
0.52963
0.548378
0.571909
0.599781
0.634882
0.676391
0.728385
0.789878
0.867607
0.948286
2.27937
1.03562
0.338286
0.357535
0.42832
0.481087
0.494886
0.492279
0.487554
0.483447
0.481833
0.481286
0.480726
0.479841
0.478698
0.47748
0.476266
0.47506
0.473874
0.472711
0.471614
0.47061
0.469752
0.469071
0.468614
0.468424
0.46852
0.468936
0.46976
0.471219
0.473322
0.476081
0.479566
0.483945
0.489362
0.495882
0.503919
0.513401
0.525103
0.538699
0.555437
0.574739
0.598507
0.626164
0.659769
0.699126
0.745594
0.799726
0.86306
0.927214
2.28674
1.0309
0.365179
0.383925
0.45076
0.501641
0.514004
0.510436
0.504898
0.500539
0.498791
0.498025
0.497243
0.496199
0.49499
0.493749
0.492534
0.491348
0.490196
0.489085
0.488049
0.487125
0.486342
0.485767
0.485414
0.485308
0.485467
0.486102
0.487337
0.489087
0.491539
0.494604
0.498604
0.503409
0.50947
0.516571
0.52524
0.535332
0.547489
0.561617
0.57841
0.597814
0.620623
0.647081
0.677875
0.713641
0.754555
0.801289
0.854296
0.907547
1.87883
0.776582
0.279827
0.345138
0.416973
0.442844
0.444216
0.440681
0.437212
0.437119
0.439194
0.441918
0.444704
0.447455
0.450272
0.453124
0.456087
0.459014
0.461999
0.464906
0.467854
0.470739
0.473718
0.476592
0.479605
0.482556
0.485863
0.489248
0.492964
0.496897
0.501314
0.506151
0.511685
0.517917
0.525083
0.533293
0.542763
0.553623
0.566254
0.580695
0.597482
0.616586
0.638546
0.663521
0.691837
0.723963
0.75996
0.800102
0.844885
0.889363
1.87132
0.776547
0.290311
0.357283
0.427623
0.448604
0.445521
0.439043
0.433297
0.431177
0.430946
0.431199
0.431608
0.432235
0.433246
0.434616
0.436432
0.438568
0.441145
0.444023
0.447304
0.450884
0.454823
0.459124
0.46378
0.468745
0.474063
0.4798
0.485878
0.49239
0.499258
0.50667
0.514484
0.523021
0.532166
0.542166
0.553175
0.565261
0.57879
0.593785
0.610703
0.629564
0.650705
0.674307
0.700547
0.72967
0.761775
0.796801
0.835037
0.872564
1.87103
0.776235
0.294258
0.368022
0.443409
0.464984
0.460341
0.452
0.44483
0.441752
0.440647
0.439899
0.439134
0.438477
0.438069
0.437984
0.438198
0.438776
0.439692
0.44102
0.442777
0.445071
0.447844
0.451244
0.455153
0.459817
0.46501
0.471004
0.477539
0.484883
0.492817
0.501467
0.510797
0.520843
0.531705
0.543307
0.555865
0.569314
0.584016
0.599848
0.617206
0.636124
0.656816
0.679458
0.704029
0.730831
0.759726
0.790811
0.824129
0.856362
1.87247
0.780021
0.301245
0.370895
0.443792
0.466012
0.462517
0.455046
0.448358
0.445726
0.445081
0.444777
0.444396
0.444056
0.443878
0.443889
0.444073
0.444474
0.445104
0.446028
0.447211
0.448767
0.450686
0.453133
0.456053
0.459678
0.463886
0.468942
0.474692
0.481357
0.48889
0.497369
0.506801
0.517098
0.528415
0.540585
0.553831
0.567982
0.583307
0.599722
0.617295
0.636291
0.65654
0.678489
0.701842
0.726948
0.753455
0.781556
0.811249
0.839827
1.87502
0.786398
0.309501
0.364622
0.428283
0.451483
0.451154
0.44563
0.440258
0.438391
0.438393
0.438889
0.439399
0.439996
0.440743
0.441628
0.442667
0.443916
0.445329
0.446915
0.44868
0.450702
0.452984
0.455621
0.458616
0.462117
0.466084
0.470725
0.475963
0.481992
0.488855
0.496617
0.50539
0.51513
0.525959
0.537803
0.550769
0.564792
0.579863
0.596139
0.613415
0.631991
0.651624
0.672599
0.694778
0.718299
0.742997
0.768741
0.795782
0.821552
1.88377
0.793745
0.3137
0.352075
0.410565
0.441956
0.446835
0.442844
0.438107
0.435808
0.435553
0.436108
0.436801
0.437647
0.438604
0.439685
0.440936
0.4424
0.444078
0.445973
0.44809
0.450474
0.453131
0.456121
0.459443
0.463192
0.467367
0.472072
0.477322
0.483185
0.489775
0.49713
0.505351
0.514491
0.524635
0.535818
0.548031
0.561412
0.575795
0.591385
0.608001
0.625773
0.644597
0.664515
0.685485
0.707456
0.7304
0.754179
0.778943
0.802513
2.27642
1.13177
0.427468
0.405915
0.463916
0.513343
0.525299
0.520495
0.513506
0.507051
0.503111
0.500334
0.497919
0.495683
0.493401
0.491174
0.489134
0.487358
0.485882
0.484718
0.483878
0.483417
0.483356
0.483756
0.48464
0.486045
0.488052
0.490679
0.494016
0.498053
0.502875
0.508543
0.515038
0.522511
0.530924
0.540426
0.550967
0.562681
0.57546
0.589417
0.604525
0.620737
0.638083
0.656442
0.675821
0.696103
0.717214
0.739067
0.761723
0.783284
2.28853
1.15932
0.413834
0.38295
0.45498
0.517571
0.537416
0.537035
0.53276
0.528799
0.527116
0.526484
0.526158
0.525792
0.52502
0.524014
0.522942
0.52191
0.520936
0.520022
0.519222
0.518557
0.518082
0.517839
0.517877
0.518257
0.519062
0.520318
0.522186
0.524625
0.527801
0.531717
0.536521
0.542164
0.548726
0.556226
0.564693
0.574187
0.584775
0.596395
0.609163
0.623007
0.63799
0.654046
0.671113
0.689148
0.708035
0.727633
0.748001
0.767402
2.31237
1.20965
0.457314
0.389892
0.452062
0.509981
0.529872
0.531485
0.529837
0.528733
0.529216
0.530446
0.532187
0.533865
0.535114
0.53607
0.536922
0.537749
0.538557
0.53936
0.540162
0.540982
0.541847
0.542792
0.543857
0.545071
0.546471
0.548098
0.550029
0.552321
0.555054
0.558219
0.562043
0.56654
0.571812
0.577815
0.584685
0.592448
0.601199
0.61093
0.621685
0.633437
0.646163
0.659835
0.674424
0.689865
0.706138
0.723184
0.741065
0.758133
1.90393
0.810527
0.317477
0.3169
0.373964
0.416099
0.431951
0.437207
0.44118
0.445813
0.451604
0.458051
0.46501
0.471866
0.478227
0.484281
0.490167
0.495954
0.501619
0.507169
0.512592
0.517904
0.523115
0.528256
0.533338
0.538345
0.543332
0.548328
0.5533
0.55831
0.563479
0.568765
0.574202
0.579927
0.586051
0.59265
0.599772
0.607456
0.615787
0.624822
0.634534
0.645053
0.656288
0.668385
0.681199
0.694867
0.709167
0.724168
0.739823
0.754817
2.32223
1.2287
0.474753
0.39366
0.44519
0.497422
0.515309
0.515738
0.512483
0.509909
0.508534
0.508285
0.508681
0.509042
0.509346
0.509859
0.510708
0.511964
0.513638
0.515695
0.51818
0.521078
0.524365
0.528113
0.532231
0.53675
0.54158
0.546794
0.552286
0.558063
0.564104
0.570524
0.577148
0.58406
0.591167
0.598636
0.606471
0.614749
0.623454
0.632671
0.642345
0.652593
0.663356
0.674724
0.686651
0.699193
0.712296
0.725956
0.740119
0.753659
2.32907
1.24211
0.458234
0.374584
0.442704
0.507262
0.530425
0.53247
0.530232
0.528658
0.528633
0.529599
0.531126
0.532382
0.533137
0.533708
0.534258
0.534919
0.535749
0.53679
0.53808
0.539664
0.541536
0.54378
0.546381
0.549409
0.552852
0.556759
0.561099
0.565906
0.571122
0.57685
0.583
0.589617
0.596672
0.604141
0.612018
0.620291
0.62895
0.638045
0.647566
0.657544
0.667976
0.678887
0.69025
0.702089
0.714376
0.727087
0.740252
0.752772
2.3316
1.24749
0.461794
0.376331
0.445931
0.51249
0.536987
0.539546
0.537449
0.536033
0.536392
0.537743
0.539833
0.541837
0.543342
0.544618
0.545882
0.547209
0.548655
0.550215
0.55191
0.553775
0.555812
0.558067
0.56056
0.563325
0.566403
0.569815
0.573568
0.577721
0.582234
0.587219
0.592619
0.598491
0.604833
0.611635
0.618896
0.626638
0.634844
0.643513
0.652641
0.662212
0.672221
0.682645
0.693476
0.704688
0.716248
0.72815
0.740462
0.752196
2.33339
1.25438
0.489597
0.395564
0.452045
0.512056
0.537013
0.541559
0.541066
0.540845
0.54169
0.543494
0.54593
0.548187
0.550136
0.551909
0.55369
0.555523
0.557466
0.559519
0.561692
0.56401
0.566478
0.569106
0.571914
0.574908
0.578135
0.581613
0.585351
0.589405
0.593715
0.598369
0.60341
0.608811
0.614609
0.620838
0.627474
0.634565
0.642087
0.650055
0.658467
0.667312
0.676587
0.686278
0.696369
0.706844
0.717677
0.72885
0.74041
0.751441
1.9062
0.816362
0.334264
0.323175
0.374539
0.412755
0.42681
0.431399
0.435125
0.439828
0.445852
0.452771
0.460392
0.468115
0.475565
0.482822
0.489994
0.497088
0.504081
0.510973
0.517729
0.524419
0.531044
0.537593
0.544114
0.550587
0.557041
0.563525
0.569996
0.576538
0.583123
0.589754
0.5965
0.603374
0.610423
0.617695
0.625169
0.632918
0.640916
0.649206
0.657786
0.666687
0.67589
0.685428
0.695271
0.705444
0.715905
0.726656
0.737738
0.748294
2.32838
1.24505
0.4908
0.411474
0.472611
0.53549
0.559136
0.561126
0.556966
0.55277
0.54978
0.547607
0.546297
0.545322
0.544123
0.543014
0.542181
0.541862
0.541938
0.542602
0.543678
0.545239
0.547352
0.549944
0.553039
0.556607
0.560609
0.565083
0.569978
0.57528
0.580999
0.587028
0.593355
0.59998
0.606836
0.613976
0.621376
0.62903
0.636984
0.645202
0.653717
0.662516
0.671601
0.680983
0.690653
0.700613
0.710841
0.721317
0.732097
0.742339
2.3105
1.2035
0.486099
0.432689
0.493878
0.556081
0.578291
0.579453
0.575903
0.572451
0.571322
0.571251
0.571853
0.572609
0.572936
0.572987
0.573013
0.573153
0.573367
0.573668
0.574123
0.574767
0.575663
0.576868
0.578426
0.580353
0.582628
0.585309
0.588388
0.591854
0.595745
0.60006
0.604763
0.609888
0.615378
0.621246
0.627479
0.63407
0.641019
0.648318
0.65595
0.66392
0.672212
0.680817
0.689736
0.698956
0.708478
0.718269
0.728387
0.738042
1.88956
0.810575
0.357008
0.358721
0.40904
0.446578
0.456516
0.456713
0.456215
0.457755
0.462052
0.467817
0.474493
0.481645
0.488659
0.495364
0.501959
0.508552
0.515045
0.521426
0.527675
0.533778
0.539757
0.545621
0.551382
0.557115
0.56283
0.568548
0.574284
0.580043
0.585854
0.591767
0.597801
0.603996
0.610366
0.61692
0.623664
0.630622
0.637781
0.645174
0.652788
0.66066
0.668776
0.677165
0.685798
0.694703
0.703849
0.713258
0.722947
0.732185
1.87552
0.801788
0.357834
0.361014
0.400121
0.427991
0.434961
0.434067
0.432493
0.431938
0.433295
0.4358
0.439567
0.443979
0.448527
0.453284
0.458418
0.464056
0.470098
0.47654
0.483259
0.490153
0.497185
0.504325
0.511586
0.518991
0.526528
0.534065
0.541668
0.549216
0.556811
0.564397
0.572023
0.579727
0.58746
0.595304
0.603221
0.611209
0.619307
0.627522
0.635855
0.644352
0.653005
0.661834
0.670853
0.680039
0.689428
0.698978
0.708782
0.718105
1.88966
0.81242
0.361304
0.378281
0.431998
0.470538
0.478593
0.474318
0.468298
0.464219
0.46273
0.462416
0.463001
0.464147
0.465332
0.466596
0.468166
0.470154
0.472631
0.475626
0.479097
0.482999
0.487279
0.491939
0.497055
0.502626
0.508579
0.514868
0.521387
0.528216
0.535243
0.542539
0.550028
0.557705
0.565574
0.573532
0.581619
0.589801
0.598066
0.606485
0.615038
0.623748
0.632641
0.641679
0.650889
0.660255
0.669785
0.679489
0.689403
0.698834
2.35719
1.15384
0.494539
0.460188
0.524059
0.587193
0.609525
0.610282
0.605604
0.600226
0.596785
0.594183
0.591613
0.589203
0.586643
0.58374
0.580719
0.577757
0.574976
0.572454
0.570178
0.568177
0.566526
0.565257
0.564415
0.564138
0.56438
0.565321
0.566676
0.56866
0.571113
0.574137
0.577665
0.581677
0.586209
0.591128
0.596448
0.602152
0.608154
0.614507
0.621197
0.628171
0.635485
0.643076
0.650951
0.659104
0.667495
0.67614
0.685051
0.693558
1.89325
0.812365
0.359255
0.366864
0.417464
0.457433
0.470444
0.472333
0.472568
0.473196
0.476229
0.480547
0.485492
0.49106
0.4968
0.502425
0.507978
0.513483
0.518935
0.524255
0.529384
0.534366
0.539146
0.543818
0.548313
0.552784
0.557176
0.561616
0.566069
0.570513
0.575017
0.579606
0.584266
0.589159
0.594205
0.599446
0.60497
0.610597
0.616507
0.622583
0.628829
0.635371
0.642092
0.649141
0.656404
0.66391
0.671693
0.679614
0.687863
0.695681
1.89137
0.811169
0.360596
0.368541
0.417754
0.455409
0.46581
0.465255
0.462676
0.460337
0.46018
0.461353
0.463153
0.465701
0.468722
0.471937
0.475477
0.479459
0.483868
0.488656
0.493715
0.499064
0.504574
0.510303
0.516116
0.522111
0.528199
0.534365
0.540596
0.54684
0.553091
0.559416
0.565679
0.572123
0.578549
0.585083
0.59176
0.598392
0.605206
0.612026
0.618969
0.626036
0.633211
0.640585
0.648025
0.655667
0.663457
0.671373
0.67957
0.687345
2.35871
1.15583
0.498683
0.463633
0.528046
0.593557
0.617961
0.619444
0.615202
0.610217
0.607242
0.605456
0.603716
0.602102
0.600386
0.598291
0.595988
0.593669
0.591418
0.589342
0.58746
0.585924
0.584652
0.583756
0.583305
0.583221
0.583719
0.584725
0.58616
0.588196
0.590579
0.593492
0.596735
0.60039
0.604423
0.60876
0.613488
0.618469
0.623744
0.629258
0.635016
0.640987
0.647187
0.653617
0.660239
0.667085
0.674133
0.681364
0.688844
0.696015
1.87305
0.800843
0.363165
0.386191
0.441096
0.481929
0.493725
0.492907
0.49009
0.48877
0.49047
0.493655
0.497545
0.502024
0.506853
0.511763
0.516675
0.52161
0.526568
0.53151
0.536406
0.54124
0.546051
0.550752
0.555429
0.560048
0.5646
0.56924
0.573807
0.578535
0.583269
0.588097
0.593054
0.598043
0.6032
0.608457
0.613825
0.619389
0.625054
0.630875
0.6369
0.642994
0.649308
0.655751
0.662347
0.669154
0.676096
0.683267
0.690617
0.697685
1.84572
0.779302
0.35218
0.380785
0.42749
0.458467
0.468079
0.468703
0.467448
0.466718
0.467215
0.468218
0.469852
0.472217
0.475029
0.478185
0.481602
0.485253
0.489198
0.493437
0.497995
0.502848
0.507981
0.513365
0.518952
0.524651
0.530437
0.536339
0.542253
0.548284
0.554354
0.560455
0.566632
0.572787
0.578982
0.585234
0.591471
0.597848
0.604223
0.610744
0.617323
0.624013
0.630787
0.637608
0.644625
0.651645
0.658888
0.666278
0.673784
0.681063
1.83929
0.773782
0.349767
0.376962
0.422181
0.453094
0.463438
0.464924
0.464074
0.463116
0.463036
0.46336
0.464322
0.465973
0.468041
0.47039
0.472754
0.475171
0.477771
0.480634
0.483853
0.48744
0.491489
0.495956
0.500695
0.505683
0.510904
0.516325
0.521946
0.527773
0.533757
0.5399
0.546096
0.552427
0.558725
0.565142
0.571529
0.578055
0.584664
0.591339
0.598162
0.604989
0.611953
0.618938
0.626029
0.633158
0.640365
0.647638
0.655071
0.66213
1.86297
0.792384
0.359563
0.364671
0.413313
0.451685
0.464514
0.46619
0.465286
0.464
0.463596
0.463719
0.464562
0.46606
0.467944
0.469983
0.471975
0.474037
0.476271
0.478738
0.481475
0.484566
0.488082
0.491921
0.49603
0.500402
0.505042
0.509937
0.515065
0.520442
0.526019
0.531817
0.537707
0.543776
0.549882
0.556126
0.562405
0.568787
0.575333
0.581889
0.588638
0.595386
0.602259
0.609211
0.61617
0.62326
0.630279
0.637317
0.644492
0.651185
2.32692
1.23565
0.51227
0.443568
0.50125
0.565996
0.594724
0.599831
0.597811
0.595459
0.594244
0.594031
0.594263
0.594823
0.595216
0.595147
0.594837
0.594411
0.593944
0.593446
0.592954
0.592608
0.592401
0.592437
0.592699
0.593319
0.59414
0.595393
0.596901
0.59888
0.601147
0.603832
0.606846
0.61013
0.613819
0.61766
0.621874
0.626278
0.63092
0.635899
0.640949
0.646314
0.651797
0.657368
0.663247
0.669122
0.675206
0.681416
0.687652
0.693671
2.34112
1.2695
0.494344
0.413956
0.488016
0.566079
0.601074
0.6083
0.607389
0.605318
0.604546
0.604984
0.605796
0.607186
0.60862
0.609606
0.610374
0.611184
0.612118
0.613213
0.614431
0.615819
0.617319
0.619018
0.620836
0.622866
0.625019
0.627411
0.629993
0.632813
0.635893
0.639156
0.642685
0.646354
0.650208
0.654248
0.658368
0.662746
0.667194
0.671874
0.676698
0.681659
0.686803
0.692039
0.697439
0.702972
0.708651
0.714455
0.720437
0.726132
2.32954
1.24316
0.515369
0.444103
0.50234
0.568252
0.598691
0.605267
0.604588
0.602946
0.602406
0.602916
0.604017
0.605732
0.607433
0.608773
0.609986
0.611278
0.612705
0.614291
0.616032
0.617956
0.620051
0.622342
0.624809
0.627488
0.630353
0.633441
0.636731
0.640235
0.643926
0.647805
0.651803
0.655972
0.660174
0.664574
0.668975
0.673565
0.67822
0.682977
0.687901
0.692848
0.69798
0.703186
0.708504
0.714017
0.719621
0.72544
0.731413
0.73714
1.88634
0.813093
0.374333
0.369873
0.419989
0.461603
0.475022
0.475631
0.474126
0.472803
0.473436
0.475125
0.4777
0.480959
0.484089
0.487043
0.490136
0.493523
0.497264
0.501426
0.506001
0.510908
0.516087
0.52148
0.527056
0.532787
0.538621
0.544577
0.550655
0.556818
0.563024
0.569247
0.575442
0.581647
0.587797
0.593986
0.600083
0.606253
0.612394
0.618563
0.624774
0.630942
0.637208
0.643475
0.649847
0.656396
0.663058
0.670024
0.677201
0.684139
1.8691
0.801694
0.374046
0.387843
0.43253
0.464959
0.47343
0.472143
0.470148
0.468978
0.468907
0.469773
0.471259
0.473011
0.474658
0.476019
0.477331
0.478749
0.480378
0.48236
0.484811
0.487668
0.490879
0.494428
0.498316
0.502556
0.50712
0.512004
0.517258
0.522811
0.528589
0.53454
0.540631
0.546841
0.55313
0.559469
0.565833
0.572295
0.578838
0.585404
0.592032
0.598469
0.605055
0.611534
0.618172
0.624984
0.631826
0.639053
0.64622
0.65325
1.86915
0.803427
0.37608
0.402947
0.454035
0.489431
0.498329
0.495918
0.492
0.489796
0.489225
0.489568
0.490665
0.491961
0.493132
0.494388
0.495579
0.496757
0.498012
0.499393
0.501025
0.503013
0.505361
0.508046
0.51106
0.514396
0.518059
0.522048
0.526349
0.530999
0.535961
0.541189
0.546644
0.55229
0.558088
0.564018
0.570043
0.576181
0.582443
0.588774
0.595268
0.601587
0.608062
0.614394
0.620786
0.627302
0.633745
0.640559
0.647225
0.653759
1.18938
1.04888
0.503681
0.183346
0.0175795
0.0893887
0.135105
0.186179
0.213769
0.221396
0.213666
0.201682
0.191281
0.181698
0.17188
0.159552
0.144654
0.126886
0.106763
0.0849572
0.0620856
0.0388364
0.0188672
0.0190525
0.0424449
0.0664095
0.0907
0.11462
0.138212
0.161466
0.184366
0.206887
0.228985
0.25063
0.271381
0.291125
0.31063
0.330797
0.351134
0.370778
0.3897
0.407989
0.425725
0.44287
0.459508
0.475597
0.491189
0.506297
0.520868
0.534953
0.548534
0.561575
0.574095
0.586085
0.59751
0.608377
0.618662
0.628324
0.637357
0.645727
0.653403
0.660353
0.666602
0.672127
0.676896
0.68095
0.684365
0.687052
0.689218
0.690656
0.691744
0.692304
0.69264
0.69276
0.692916
0.692555
0.691645
0.690511
0.689594
0.688871
0.688385
0.688199
0.688196
0.688513
0.689112
0.689925
0.690981
0.692234
0.693622
0.695068
0.696685
0.698595
0.70086
0.703089
0.705381
0.707513
0.709743
0.711656
0.713615
0.717943
1.11926
1.03475
0.80916
0.560329
0.506192
0.440484
0.391951
0.354156
0.324856
0.305932
0.280088
0.25031
0.228336
0.218984
0.221164
0.228853
0.239042
0.251287
0.26496
0.27966
0.295032
0.310763
0.326446
0.342116
0.358472
0.375352
0.392563
0.4099
0.427248
0.444583
0.461873
0.479116
0.496176
0.513078
0.529537
0.545259
0.560674
0.576686
0.593312
0.609463
0.625029
0.64002
0.654604
0.66881
0.6826
0.696044
0.709004
0.721584
0.733703
0.745414
0.75672
0.767632
0.778103
0.788176
0.797737
0.806794
0.815323
0.823258
0.830675
0.837357
0.843516
0.848892
0.853558
0.857532
0.860698
0.863171
0.86498
0.866149
0.86672
0.866797
0.86643
0.865782
0.864973
0.864123
0.863279
0.862133
0.860418
0.858607
0.857038
0.855678
0.854599
0.853632
0.853109
0.852745
0.852836
0.853098
0.853823
0.854817
0.855988
0.8576
0.859152
0.861485
0.863676
0.866507
0.868989
0.872072
0.874489
0.877488
0.87944
0.884779
1.07311
1.07438
1.00821
0.904012
0.8334
0.78452
0.750074
0.721499
0.698058
0.680146
0.66721
0.653739
0.643208
0.637641
0.635616
0.635376
0.635997
0.637064
0.638735
0.64116
0.64448
0.648599
0.653377
0.65878
0.665109
0.672228
0.6801
0.688554
0.697574
0.70705
0.716877
0.72712
0.737722
0.748528
0.759195
0.769778
0.780435
0.791472
0.80311
0.814915
0.826431
0.837711
0.848772
0.859723
0.870549
0.88126
0.891833
0.902216
0.91243
0.92241
0.932157
0.941648
0.950819
0.959711
0.968255
0.976394
0.984193
0.991508
0.998315
1.00469
1.01045
1.01568
1.02033
1.0243
1.0277
1.03037
1.03234
1.03377
1.03459
1.03492
1.03465
1.03403
1.03312
1.03209
1.03083
1.02912
1.02691
1.02442
1.02202
1.01976
1.01764
1.01567
1.01385
1.01215
1.01061
1.00915
1.00795
1.00682
1.00583
1.00485
1.00397
1.00359
1.00367
1.00407
1.00463
1.00531
1.00596
1.00683
1.0073
1.01082
1.0459
1.082
1.08156
1.04934
1.00819
0.979185
0.961392
0.948917
0.938472
0.928392
0.920182
0.91374
0.907111
0.902425
0.900471
0.899843
0.899598
0.899052
0.898245
0.897376
0.896517
0.895837
0.895454
0.895404
0.895883
0.896922
0.898594
0.900811
0.903596
0.906858
0.91067
0.915009
0.919749
0.925017
0.930513
0.935944
0.941395
0.947359
0.954187
0.961615
0.969091
0.97651
0.984034
0.991658
0.999426
1.00732
1.01526
1.02321
1.03118
1.03914
1.04704
1.05495
1.06267
1.07034
1.07779
1.08505
1.0921
1.09885
1.10528
1.11127
1.11686
1.12194
1.12649
1.13055
1.13401
1.13688
1.13925
1.14095
1.1421
1.1428
1.14298
1.14285
1.14238
1.14204
1.14151
1.14058
1.13941
1.13801
1.13679
1.1355
1.13448
1.13344
1.13261
1.13188
1.13131
1.13095
1.13072
1.13068
1.13064
1.13068
1.13068
1.13095
1.1315
1.13195
1.13252
1.13288
1.13321
1.13351
1.13324
1.135
1.01926
1.06671
1.09149
1.09503
1.08631
1.07856
1.07521
1.07439
1.07415
1.0728
1.07041
1.06808
1.06694
1.0656
1.06391
1.06232
1.06085
1.05909
1.05669
1.05386
1.05061
1.04734
1.04405
1.04102
1.03839
1.03623
1.03465
1.03377
1.03326
1.03361
1.03442
1.03574
1.03763
1.04012
1.04288
1.04569
1.04863
1.05207
1.05647
1.06168
1.06711
1.07261
1.07818
1.08387
1.08977
1.09585
1.10209
1.10847
1.11488
1.12133
1.12782
1.13424
1.14071
1.14712
1.15344
1.15966
1.16565
1.17146
1.17699
1.18222
1.18717
1.1917
1.19585
1.19965
1.20293
1.20583
1.20832
1.21025
1.21177
1.21286
1.21342
1.21369
1.21385
1.21383
1.21352
1.21276
1.21159
1.21041
1.20906
1.20783
1.20657
1.2055
1.20453
1.20379
1.20318
1.20285
1.2027
1.20275
1.20284
1.20308
1.20346
1.20415
1.20504
1.20603
1.207
1.20794
1.20876
1.20944
1.20951
1.21148
0.988465
1.04131
1.07712
1.10033
1.11262
1.12047
1.12778
1.1354
1.1426
1.14817
1.15202
1.15398
1.15505
1.15561
1.15581
1.15507
1.15348
1.15146
1.14884
1.14565
1.14193
1.13792
1.13367
1.1295
1.12557
1.12194
1.1189
1.11632
1.11433
1.11284
1.11206
1.11156
1.11196
1.11286
1.11404
1.11528
1.11674
1.11877
1.12177
1.12559
1.12979
1.13419
1.13868
1.1434
1.14818
1.15321
1.15836
1.16367
1.16906
1.17451
1.17993
1.1854
1.19084
1.19628
1.2017
1.20701
1.21226
1.21731
1.22219
1.22687
1.23125
1.23544
1.23925
1.24274
1.2459
1.2486
1.25095
1.25289
1.25438
1.25545
1.25617
1.25662
1.25694
1.25709
1.25695
1.25635
1.25549
1.25455
1.25354
1.25258
1.25169
1.25091
1.25032
1.24982
1.24957
1.24948
1.24955
1.24972
1.24999
1.25035
1.25096
1.25188
1.25297
1.2542
1.25551
1.25678
1.25804
1.25901
1.2595
1.2618
0.959549
1.01034
1.05259
1.08494
1.10942
1.12809
1.14367
1.15755
1.1702
1.18087
1.18948
1.19569
1.19994
1.20232
1.20361
1.20455
1.20472
1.20343
1.20103
1.198
1.19449
1.19051
1.18625
1.18193
1.1776
1.17361
1.16994
1.16671
1.16405
1.16197
1.16029
1.1593
1.15862
1.15869
1.15891
1.15913
1.15972
1.16086
1.16285
1.16563
1.16882
1.17237
1.17613
1.18012
1.18431
1.18867
1.19325
1.19795
1.20285
1.20775
1.21277
1.21774
1.22272
1.22768
1.23255
1.23737
1.242
1.2465
1.25078
1.25484
1.2587
1.26227
1.26558
1.26859
1.27122
1.27354
1.2755
1.2771
1.27832
1.27922
1.2798
1.28027
1.28073
1.28096
1.28079
1.28032
1.27972
1.27906
1.27833
1.27762
1.27699
1.27649
1.2761
1.27598
1.27601
1.27625
1.27666
1.27711
1.2776
1.27822
1.27902
1.28001
1.28115
1.28238
1.28366
1.28494
1.28614
1.28714
1.2876
1.2899
0.932951
0.980324
1.02329
1.06094
1.09168
1.11696
1.13833
1.15719
1.17386
1.18836
1.20057
1.21023
1.21749
1.22247
1.22562
1.22759
1.22863
1.22912
1.22837
1.22614
1.2229
1.21921
1.21534
1.21119
1.20716
1.20317
1.19939
1.19604
1.19315
1.19072
1.18901
1.18757
1.18687
1.18638
1.18637
1.18621
1.18613
1.18695
1.18857
1.19078
1.19343
1.19636
1.19958
1.20303
1.20672
1.21069
1.21488
1.21931
1.22384
1.22846
1.23308
1.23769
1.24225
1.2468
1.25123
1.25561
1.25981
1.26388
1.26777
1.27144
1.27494
1.27818
1.28118
1.28391
1.28631
1.28839
1.2901
1.29144
1.29237
1.29294
1.29324
1.29354
1.2937
1.29366
1.29322
1.29268
1.29195
1.29132
1.29056
1.28999
1.28932
1.28898
1.28862
1.28862
1.2888
1.28921
1.28981
1.29044
1.29117
1.29207
1.29318
1.29452
1.29598
1.29755
1.29915
1.30076
1.30224
1.30339
1.30404
1.30636
0.908775
0.9521
0.994004
1.03316
1.06767
1.09748
1.12296
1.14515
1.16473
1.18199
1.19686
1.20926
1.21922
1.22664
1.23205
1.23571
1.23803
1.23936
1.23994
1.23972
1.2379
1.23474
1.23125
1.2275
1.22371
1.21999
1.21642
1.21315
1.21033
1.20794
1.20617
1.2047
1.20409
1.20358
1.2034
1.20321
1.20318
1.20398
1.20548
1.2074
1.20964
1.21222
1.21506
1.2182
1.22156
1.22523
1.22916
1.23333
1.23764
1.24202
1.24635
1.25066
1.25488
1.25907
1.26319
1.26724
1.27114
1.27492
1.2785
1.28187
1.28504
1.28794
1.29057
1.2929
1.29489
1.29654
1.29781
1.29873
1.29926
1.29946
1.29952
1.2996
1.29947
1.29916
1.29848
1.29784
1.29706
1.29642
1.29565
1.29511
1.29453
1.29417
1.29392
1.29395
1.29418
1.29465
1.29526
1.29594
1.29675
1.29774
1.29898
1.30042
1.30201
1.30375
1.30562
1.30738
1.3092
1.31054
1.31138
1.31385
0.88603
0.925746
0.965772
1.00485
1.0409
1.0731
1.10151
1.12645
1.14856
1.16801
1.18507
1.19965
1.21183
1.2217
1.22914
1.23476
1.23864
1.24121
1.24262
1.24314
1.24316
1.24182
1.23923
1.2359
1.23238
1.22891
1.22568
1.22268
1.22006
1.21772
1.21611
1.2148
1.21425
1.21384
1.21371
1.21352
1.21381
1.21478
1.21627
1.21808
1.22018
1.22257
1.22521
1.22809
1.23117
1.23447
1.23797
1.24168
1.24555
1.24955
1.25364
1.25772
1.26188
1.26595
1.27
1.27398
1.27782
1.28153
1.285
1.28824
1.29121
1.29383
1.29617
1.2981
1.29967
1.30092
1.30177
1.30224
1.3023
1.30214
1.30196
1.30165
1.30134
1.30062
1.29985
1.29903
1.29821
1.29748
1.29676
1.29618
1.29566
1.2953
1.29511
1.29514
1.29537
1.29585
1.29642
1.29703
1.29784
1.29887
1.30011
1.30154
1.30321
1.30493
1.30695
1.3088
1.31074
1.3123
1.31328
1.31599
0.863394
0.899977
0.938153
0.976579
1.0131
1.04679
1.07693
1.104
1.12799
1.14937
1.16825
1.18473
1.1989
1.21068
1.22034
1.22774
1.23342
1.23742
1.24019
1.24166
1.24228
1.24232
1.24148
1.23928
1.23631
1.23322
1.23028
1.22749
1.22512
1.22295
1.22145
1.22022
1.21966
1.21918
1.21897
1.21875
1.21926
1.22031
1.22178
1.22353
1.22555
1.22781
1.23029
1.23297
1.23585
1.23889
1.2421
1.24552
1.24909
1.25289
1.25678
1.26081
1.26489
1.26901
1.27315
1.27719
1.28115
1.28486
1.28832
1.29151
1.29427
1.29674
1.29881
1.30041
1.30175
1.30271
1.30328
1.30338
1.30324
1.30285
1.30254
1.30202
1.30136
1.30049
1.29957
1.29861
1.2977
1.29687
1.29609
1.29543
1.29485
1.29442
1.29419
1.29415
1.2943
1.29464
1.29509
1.29556
1.29617
1.29712
1.29832
1.29966
1.30124
1.30291
1.3049
1.3068
1.3088
1.31048
1.31155
1.31449
0.840833
0.87491
0.911129
0.948473
0.984926
1.01913
1.05061
1.07897
1.10462
1.12755
1.14801
1.16612
1.18194
1.19558
1.20699
1.21638
1.22369
1.22946
1.23365
1.23659
1.23839
1.23918
1.23929
1.23884
1.23716
1.23472
1.23206
1.2294
1.22714
1.22512
1.22371
1.22256
1.222
1.22143
1.22117
1.22102
1.22167
1.22282
1.22432
1.22608
1.22805
1.23022
1.23256
1.23505
1.23775
1.24058
1.24362
1.24682
1.25024
1.25389
1.25771
1.26173
1.26582
1.26993
1.27404
1.27798
1.2818
1.28536
1.28863
1.29164
1.29426
1.29658
1.29852
1.30015
1.30135
1.30226
1.30283
1.30298
1.3028
1.3026
1.30222
1.30166
1.30096
1.30006
1.2991
1.29816
1.29723
1.29644
1.29564
1.29504
1.29448
1.29414
1.2939
1.29391
1.29407
1.29437
1.29474
1.29516
1.29567
1.29651
1.29764
1.29891
1.3004
1.302
1.30391
1.30572
1.30775
1.30939
1.31052
1.31353
0.818604
0.850359
0.884689
0.920581
0.956257
0.990422
1.02224
1.05161
1.07825
1.10248
1.12426
1.14378
1.16115
1.17631
1.1896
1.20062
1.20986
1.21723
1.22303
1.2275
1.2306
1.23274
1.23374
1.23405
1.23385
1.23283
1.23112
1.22895
1.22692
1.22508
1.22376
1.22268
1.22205
1.22145
1.22106
1.22119
1.22195
1.22317
1.22476
1.22656
1.22848
1.23053
1.23275
1.23512
1.23763
1.24029
1.24313
1.24621
1.24953
1.25317
1.25704
1.26108
1.2652
1.26923
1.27322
1.27699
1.28057
1.28391
1.28693
1.28972
1.29217
1.29436
1.29624
1.29784
1.2991
1.30011
1.30073
1.30101
1.30124
1.30121
1.30103
1.30069
1.3002
1.29956
1.29879
1.29805
1.29725
1.29658
1.29589
1.29537
1.29485
1.29458
1.29434
1.29442
1.29461
1.29497
1.29531
1.29571
1.2964
1.29733
1.29847
1.29976
1.30131
1.30292
1.3049
1.30666
1.30867
1.31021
1.31132
1.31408
0.799609
0.828834
0.860905
0.894906
0.929136
0.962407
0.993978
1.02343
1.05063
1.0757
1.09839
1.11915
1.13773
1.1544
1.16904
1.18187
1.19269
1.20176
1.2092
1.21505
1.21969
1.22298
1.22526
1.2266
1.22707
1.22697
1.2264
1.22514
1.22353
1.22198
1.22075
1.2199
1.21941
1.2191
1.21907
1.21964
1.22078
1.22224
1.22397
1.22585
1.22779
1.22984
1.23202
1.23436
1.23684
1.23944
1.24225
1.2453
1.24868
1.2523
1.25615
1.26009
1.26403
1.26789
1.27159
1.27513
1.2784
1.28144
1.2842
1.28669
1.28893
1.29093
1.2927
1.2942
1.29556
1.29658
1.29737
1.29803
1.29846
1.29874
1.29885
1.29879
1.29856
1.29816
1.29762
1.29701
1.29637
1.29577
1.29522
1.29472
1.29423
1.29397
1.29378
1.29391
1.2942
1.29459
1.29508
1.29571
1.29661
1.29773
1.29905
1.30046
1.30211
1.30376
1.30568
1.30734
1.3092
1.31063
1.31155
1.31411
0.786912
0.813472
0.842981
0.87463
0.906886
0.938618
0.969162
0.998062
1.02518
1.05031
1.07366
1.09496
1.11455
1.13222
1.14821
1.16232
1.17474
1.18534
1.19429
1.20172
1.20771
1.21248
1.21604
1.21862
1.22024
1.22107
1.22125
1.22096
1.22037
1.21939
1.21846
1.21789
1.21751
1.21731
1.21757
1.21846
1.21978
1.22139
1.22325
1.22526
1.22734
1.22957
1.23193
1.23442
1.23702
1.23975
1.24271
1.24592
1.24934
1.25292
1.25651
1.26012
1.2636
1.267
1.27022
1.27328
1.27613
1.27873
1.28113
1.28328
1.28527
1.28704
1.28872
1.29014
1.29154
1.29256
1.29351
1.29437
1.29496
1.29538
1.29562
1.2957
1.2956
1.29531
1.29487
1.29435
1.2938
1.29327
1.29279
1.29233
1.2919
1.29162
1.29155
1.29172
1.29203
1.29243
1.29299
1.2937
1.29472
1.29585
1.29724
1.29857
1.30019
1.30172
1.30338
1.305
1.30652
1.30779
1.30849
1.31092
0.78016
0.804036
0.830956
0.860186
0.890337
0.920371
0.949574
0.977636
1.00421
1.02924
1.05261
1.07439
1.09444
1.11294
1.12977
1.14503
1.15871
1.17056
1.18109
1.18983
1.19736
1.20344
1.20835
1.21216
1.21484
1.21683
1.21792
1.21839
1.21853
1.21818
1.21773
1.21729
1.2171
1.21711
1.21776
1.21888
1.22037
1.22213
1.22405
1.22612
1.2284
1.23084
1.23341
1.23607
1.23886
1.24186
1.24507
1.24846
1.25187
1.25527
1.25847
1.26159
1.26446
1.26723
1.26981
1.27224
1.27454
1.27664
1.27862
1.28045
1.28215
1.2838
1.28528
1.2867
1.28796
1.28899
1.29003
1.29093
1.2915
1.29194
1.29224
1.29239
1.29236
1.29218
1.29186
1.29148
1.29108
1.29071
1.29038
1.29005
1.28977
1.28964
1.28974
1.28998
1.29035
1.29076
1.29141
1.29216
1.29323
1.29437
1.2956
1.29699
1.29833
1.29984
1.30127
1.30275
1.30407
1.30525
1.30579
1.3081
0.77644
0.798043
0.822608
0.849615
0.877796
0.906147
0.934051
0.961061
0.986968
1.01161
1.03484
1.05672
1.07706
1.09609
1.1135
1.1297
1.14415
1.15742
1.16884
1.17912
1.18774
1.19517
1.2013
1.20623
1.2102
1.21302
1.21529
1.21655
1.21743
1.21778
1.21797
1.21794
1.21822
1.21851
1.21933
1.22041
1.22192
1.22368
1.22571
1.22801
1.23054
1.23323
1.23606
1.23903
1.24214
1.24536
1.24863
1.25183
1.25489
1.25784
1.26064
1.26329
1.26574
1.26803
1.27016
1.27218
1.27411
1.27599
1.27778
1.27952
1.28114
1.28262
1.28397
1.28515
1.28613
1.28703
1.2878
1.28842
1.28875
1.28902
1.28924
1.28929
1.28917
1.28895
1.28869
1.28845
1.28821
1.28792
1.28764
1.28747
1.28739
1.28744
1.28767
1.28801
1.28841
1.28895
1.28963
1.29055
1.29147
1.29262
1.29369
1.29495
1.29608
1.2974
1.29856
1.29986
1.30092
1.30197
1.30234
1.30467
0.773883
0.793927
0.81676
0.841971
0.868421
0.895209
0.921793
0.947731
0.972854
0.996911
1.01985
1.04159
1.06206
1.08127
1.0992
1.11581
1.13117
1.1451
1.15764
1.16886
1.17863
1.18719
1.19437
1.20052
1.20532
1.20937
1.21231
1.21459
1.21627
1.21726
1.21818
1.21866
1.2192
1.21969
1.22061
1.22168
1.22314
1.22497
1.22722
1.2298
1.23262
1.23553
1.23852
1.24157
1.24465
1.24772
1.25069
1.25354
1.25626
1.25887
1.26143
1.26385
1.26618
1.26838
1.27048
1.2725
1.2745
1.2764
1.27823
1.2799
1.2814
1.28269
1.28374
1.28455
1.28524
1.28577
1.28608
1.28623
1.28628
1.28628
1.28623
1.28614
1.28603
1.28588
1.28578
1.28574
1.28572
1.28577
1.28588
1.28603
1.28625
1.28652
1.28682
1.28715
1.28752
1.28791
1.28836
1.28887
1.28942
1.29004
1.2908
1.29164
1.29254
1.29357
1.29459
1.29574
1.29671
1.29771
1.29801
1.30021
0.772041
0.79087
0.812336
0.836112
0.861144
0.886634
0.91204
0.937024
0.961344
0.984823
1.0074
1.0289
1.04937
1.06872
1.08693
1.10403
1.11997
1.13464
1.14807
1.16016
1.17093
1.1804
1.18865
1.19563
1.20156
1.20648
1.21048
1.21361
1.216
1.21781
1.21904
1.21993
1.22057
1.22134
1.22228
1.2234
1.22488
1.22679
1.22909
1.23171
1.23453
1.23741
1.24036
1.24335
1.24632
1.24919
1.25195
1.25461
1.25717
1.25965
1.26205
1.26438
1.26663
1.26886
1.27102
1.27311
1.2751
1.27695
1.27858
1.28001
1.28119
1.28211
1.28278
1.28336
1.2838
1.28406
1.28411
1.2841
1.28412
1.28417
1.28424
1.28431
1.28441
1.28457
1.28477
1.28503
1.28535
1.28574
1.28616
1.2866
1.28705
1.28751
1.28795
1.28837
1.28875
1.28913
1.2895
1.28987
1.29023
1.29064
1.29118
1.29192
1.29275
1.29365
1.29461
1.29573
1.29671
1.29785
1.29821
1.30048
0.770106
0.787908
0.808224
0.8308
0.854645
0.879038
0.903423
0.927549
0.951152
0.974111
0.996291
1.0176
1.038
1.05743
1.07587
1.09331
1.10972
1.12502
1.13914
1.15204
1.16368
1.17409
1.1833
1.19137
1.19835
1.2043
1.20929
1.21339
1.21666
1.21919
1.22109
1.22248
1.22357
1.22451
1.22544
1.2265
1.22782
1.22953
1.23167
1.23413
1.23677
1.23951
1.24229
1.24503
1.2477
1.2503
1.25284
1.25533
1.25775
1.26014
1.26249
1.26486
1.26719
1.26949
1.27172
1.27377
1.27563
1.27731
1.27866
1.2798
1.28064
1.28123
1.28174
1.28214
1.28234
1.28237
1.28231
1.28233
1.28241
1.28255
1.28274
1.28297
1.28326
1.28363
1.28405
1.28453
1.28507
1.28565
1.28626
1.28681
1.2873
1.28772
1.28807
1.28836
1.28858
1.28876
1.28891
1.28907
1.28927
1.28959
1.29007
1.29077
1.29154
1.2924
1.29333
1.29461
1.29574
1.29722
1.29767
1.30033
0.766157
0.783214
0.802692
0.824323
0.847246
0.870731
0.894293
0.91769
0.940706
0.963227
0.985073
1.0062
1.02654
1.04608
1.06475
1.08252
1.09934
1.11519
1.12994
1.14357
1.15604
1.16735
1.17751
1.18654
1.19452
1.20143
1.2074
1.21249
1.21672
1.22019
1.22297
1.22514
1.22681
1.22821
1.22952
1.2309
1.23241
1.23412
1.23603
1.23816
1.24043
1.24279
1.24517
1.24758
1.25001
1.25243
1.25488
1.2573
1.25973
1.26215
1.26451
1.26688
1.26911
1.27126
1.27323
1.27499
1.27657
1.27785
1.27891
1.27973
1.28025
1.28068
1.28105
1.28121
1.28117
1.28103
1.28095
1.28095
1.28102
1.28113
1.28135
1.28163
1.28195
1.28236
1.28287
1.28346
1.28414
1.28491
1.28563
1.28628
1.28684
1.28729
1.28765
1.2879
1.28807
1.28815
1.2882
1.28824
1.28833
1.28852
1.28884
1.28936
1.29001
1.29078
1.29154
1.29256
1.29355
1.29495
1.29541
1.29829
0.759722
0.776336
0.795282
0.816296
0.838531
0.861325
0.884239
0.907007
0.929473
0.95151
0.973044
0.993967
1.0142
1.03368
1.05241
1.07034
1.08747
1.10372
1.11901
1.13331
1.14656
1.15877
1.1699
1.17999
1.18901
1.19707
1.20414
1.21024
1.21546
1.21983
1.22342
1.22635
1.22879
1.23086
1.23269
1.23443
1.23617
1.238
1.23995
1.242
1.24417
1.24641
1.24868
1.25099
1.25327
1.25557
1.25783
1.26014
1.2624
1.26469
1.26691
1.2691
1.27118
1.27308
1.27482
1.27628
1.27747
1.27842
1.27903
1.27938
1.27965
1.27982
1.27975
1.27948
1.27915
1.27892
1.27881
1.27878
1.27885
1.27903
1.27929
1.27964
1.28012
1.28069
1.28138
1.28222
1.28319
1.28414
1.28506
1.28593
1.28667
1.28725
1.28768
1.28798
1.28814
1.28819
1.28817
1.28815
1.28817
1.28828
1.28851
1.2889
1.28942
1.2901
1.29075
1.29151
1.29224
1.29317
1.29339
1.29589
0.754508
0.770372
0.788585
0.808873
0.830391
0.852506
0.874809
0.897022
0.919011
0.94065
0.961874
0.982584
1.0027
1.02217
1.04094
1.05901
1.07633
1.09289
1.10859
1.12335
1.13713
1.1499
1.16167
1.17246
1.1823
1.19118
1.19912
1.20616
1.21231
1.21762
1.22215
1.226
1.22925
1.23201
1.23442
1.2366
1.23864
1.24062
1.2426
1.24462
1.24668
1.2488
1.25093
1.2531
1.25524
1.2574
1.25955
1.2617
1.26387
1.266
1.2681
1.2701
1.27197
1.27366
1.27506
1.27622
1.27709
1.27758
1.27782
1.27796
1.27796
1.27769
1.27718
1.27665
1.27628
1.27608
1.276
1.27605
1.27625
1.27656
1.27698
1.27754
1.27817
1.27893
1.27985
1.28091
1.28202
1.28306
1.28401
1.28492
1.28577
1.28642
1.2868
1.28704
1.28712
1.28709
1.28697
1.28685
1.28678
1.2868
1.28694
1.28722
1.28763
1.28819
1.28876
1.28936
1.2899
1.2905
1.29051
1.29269
0.747973
0.763264
0.780844
0.800521
0.82144
0.842917
0.864616
0.88637
0.907999
0.929359
0.950373
0.970955
0.991039
1.01055
1.02946
1.04772
1.06529
1.08214
1.09819
1.11337
1.12764
1.14099
1.15342
1.1649
1.17545
1.18508
1.19382
1.2017
1.20873
1.2149
1.22028
1.22491
1.22888
1.23227
1.23521
1.23778
1.24012
1.2423
1.24439
1.24645
1.2485
1.25056
1.25262
1.25467
1.2567
1.25875
1.26077
1.26281
1.26484
1.26682
1.26875
1.27053
1.27215
1.27352
1.27461
1.27544
1.27589
1.27609
1.27618
1.27612
1.27566
1.27505
1.27446
1.27397
1.27363
1.27348
1.27343
1.27355
1.27381
1.27417
1.27464
1.27515
1.27575
1.27654
1.27749
1.27857
1.27966
1.2807
1.28166
1.28254
1.28335
1.28406
1.28452
1.28467
1.28464
1.28447
1.28418
1.28387
1.28358
1.2834
1.28333
1.28342
1.28365
1.28404
1.28448
1.28497
1.28538
1.28579
1.28572
1.28791
0.734046
0.749514
0.767245
0.786847
0.807558
0.828823
0.850262
0.871638
0.892876
0.913977
0.934837
0.955361
0.975468
0.995089
1.0142
1.03275
1.05074
1.0681
1.08478
1.10062
1.11559
1.12965
1.14282
1.1551
1.16649
1.17701
1.18667
1.19544
1.20335
1.21047
1.2168
1.22234
1.22715
1.23134
1.23499
1.2382
1.24106
1.24365
1.24607
1.24836
1.25055
1.25267
1.25475
1.25679
1.25881
1.26079
1.26275
1.26468
1.26658
1.26843
1.27016
1.27173
1.27311
1.27413
1.27483
1.2752
1.27536
1.27527
1.27501
1.27423
1.27339
1.27259
1.27188
1.27127
1.27082
1.2705
1.27045
1.27054
1.27074
1.27101
1.27138
1.27177
1.27229
1.27304
1.27397
1.275
1.27604
1.2771
1.27815
1.27915
1.28002
1.28076
1.28138
1.28192
1.28218
1.28204
1.28167
1.28119
1.28064
1.28016
1.27978
1.27956
1.27947
1.27954
1.27971
1.28002
1.28024
1.28048
1.28033
1.28268
0.715097
0.730937
0.749018
0.768953
0.789865
0.811167
0.832675
0.854292
0.875771
0.896861
0.917591
0.938013
0.958075
0.977685
0.996845
1.01546
1.03355
1.05096
1.06777
1.08388
1.09931
1.11399
1.12788
1.141
1.15331
1.16485
1.17558
1.18549
1.19464
1.20292
1.21043
1.21712
1.2231
1.22843
1.23311
1.23734
1.24112
1.24448
1.24754
1.25035
1.25293
1.25533
1.25759
1.25971
1.2617
1.2636
1.26546
1.26726
1.2689
1.2704
1.27173
1.27281
1.27377
1.27421
1.27449
1.2745
1.27434
1.27378
1.27278
1.27184
1.27085
1.26989
1.26904
1.26829
1.26769
1.26735
1.26727
1.26743
1.26767
1.26798
1.26826
1.26854
1.26905
1.26976
1.27065
1.2716
1.27257
1.27356
1.27458
1.27561
1.2766
1.27747
1.27818
1.27873
1.27914
1.2795
1.27965
1.27947
1.27912
1.27876
1.27837
1.27805
1.27777
1.27759
1.27746
1.27749
1.27745
1.27754
1.27725
1.27964
0.708374
0.723049
0.74
0.758815
0.778733
0.79926
0.820071
0.840952
0.861805
0.882574
0.903214
0.923663
0.943862
0.963527
0.982457
1.00065
1.01829
1.03545
1.05215
1.06827
1.08373
1.09857
1.11268
1.12616
1.139
1.15118
1.16276
1.17364
1.18383
1.19326
1.20207
1.21013
1.21752
1.22431
1.23043
1.23603
1.24107
1.24547
1.24937
1.25284
1.25581
1.2583
1.26053
1.26266
1.26459
1.26624
1.26777
1.26922
1.27054
1.27168
1.2727
1.2734
1.27368
1.27401
1.27383
1.27345
1.27256
1.2715
1.27045
1.26937
1.26829
1.2673
1.26643
1.26574
1.26533
1.26514
1.26516
1.26539
1.26579
1.26611
1.26646
1.26672
1.26729
1.26794
1.2687
1.26943
1.27014
1.27088
1.27163
1.27237
1.27308
1.27374
1.27429
1.27471
1.27501
1.27527
1.27544
1.27548
1.27544
1.27542
1.27541
1.27546
1.27554
1.27566
1.27578
1.27595
1.27601
1.27607
1.2758
1.27814
0.709172
0.722664
0.738245
0.755594
0.77427
0.79371
0.813287
0.832651
0.852013
0.87171
0.891685
0.91152
0.931005
0.950196
0.969313
0.988198
1.00656
1.02407
1.04066
1.05648
1.07148
1.08601
1.09987
1.1134
1.12639
1.139
1.15114
1.16287
1.17405
1.18484
1.19503
1.2046
1.21359
1.22174
1.22907
1.23567
1.24135
1.24627
1.25069
1.25448
1.25764
1.2605
1.26305
1.26524
1.26711
1.26875
1.2701
1.2713
1.27231
1.27319
1.27363
1.27413
1.27433
1.27401
1.2735
1.27262
1.27163
1.27063
1.26952
1.26835
1.26719
1.26613
1.26519
1.26451
1.26406
1.26381
1.26381
1.264
1.26433
1.26452
1.26476
1.26492
1.26546
1.26603
1.26666
1.26722
1.26772
1.2682
1.26866
1.2691
1.26951
1.26991
1.2703
1.27064
1.27093
1.2712
1.27142
1.27161
1.2718
1.27203
1.27229
1.27258
1.27287
1.27319
1.2735
1.27374
1.27385
1.27388
1.27363
1.27589
0.700899
0.714392
0.729918
0.747224
0.765541
0.784386
0.803561
0.822925
0.842181
0.860998
0.879425
0.897763
0.916467
0.935365
0.954414
0.97307
0.991584
1.00957
1.02726
1.04421
1.06039
1.07593
1.09051
1.10481
1.11833
1.1317
1.14449
1.15696
1.16894
1.18038
1.19115
1.20134
1.21082
1.21955
1.2277
1.23503
1.24152
1.24745
1.25261
1.25689
1.26064
1.26387
1.26648
1.26855
1.27018
1.27158
1.27274
1.2739
1.27468
1.27542
1.27605
1.27611
1.2758
1.27527
1.27428
1.27324
1.27208
1.27081
1.26938
1.26795
1.26653
1.26519
1.26407
1.26314
1.2625
1.26213
1.26199
1.26208
1.26229
1.2624
1.26256
1.26275
1.26335
1.26399
1.26462
1.26517
1.26565
1.26607
1.26645
1.26673
1.26692
1.2671
1.26728
1.26746
1.26763
1.26782
1.26803
1.2683
1.26869
1.26914
1.26964
1.27022
1.2708
1.27133
1.27171
1.27192
1.27197
1.27194
1.27169
1.27357
0.708504
0.720965
0.735466
0.751628
0.768626
0.786049
0.803835
0.8219
0.840061
0.857988
0.875602
0.892823
0.90991
0.926909
0.944401
0.962055
0.980188
0.99806
1.01587
1.03315
1.04995
1.06627
1.08171
1.09694
1.11122
1.12536
1.13872
1.15184
1.1644
1.17645
1.18811
1.19903
1.20945
1.21913
1.22797
1.23598
1.2431
1.24941
1.25478
1.25948
1.26349
1.2668
1.26957
1.27193
1.27367
1.27524
1.27655
1.27764
1.27864
1.27914
1.27915
1.2789
1.27824
1.2771
1.27588
1.27441
1.27284
1.2711
1.26931
1.26749
1.2658
1.26421
1.26289
1.26184
1.26106
1.26063
1.26045
1.2605
1.26069
1.26079
1.26098
1.26136
1.26211
1.26296
1.26376
1.26445
1.26503
1.26552
1.26595
1.26624
1.26627
1.26619
1.26613
1.26612
1.26615
1.26621
1.26632
1.26647
1.26666
1.26695
1.26749
1.26813
1.26869
1.26911
1.26932
1.26938
1.26934
1.2692
1.26874
1.27001
0.710028
0.722205
0.736357
0.752232
0.768931
0.785773
0.802745
0.820016
0.837601
0.855091
0.872239
0.888919
0.905409
0.921749
0.938405
0.955192
0.972592
0.990108
1.00795
1.02547
1.04271
1.05952
1.07557
1.0914
1.10629
1.12106
1.13499
1.14864
1.16167
1.17421
1.18626
1.19763
1.20844
1.21853
1.22796
1.23673
1.24471
1.2519
1.25829
1.26387
1.26854
1.27251
1.27561
1.27803
1.27986
1.28129
1.28251
1.28358
1.28395
1.28386
1.2835
1.28248
1.28131
1.27973
1.278
1.27599
1.27393
1.27176
1.26958
1.26749
1.2655
1.26373
1.26221
1.26102
1.26017
1.25961
1.25941
1.25943
1.25954
1.25959
1.25967
1.26012
1.26086
1.26172
1.26252
1.26323
1.26384
1.26436
1.26483
1.26519
1.26532
1.2653
1.26528
1.2653
1.26534
1.26541
1.26551
1.26566
1.26582
1.26605
1.26643
1.26685
1.2671
1.26719
1.26717
1.26707
1.26675
1.26643
1.2655
1.26686
0.693666
0.706245
0.72101
0.737442
0.754717
0.772265
0.78988
0.807315
0.824599
0.84179
0.858973
0.876125
0.893371
0.910659
0.92831
0.946091
0.964244
0.982343
1.00061
1.01853
1.03624
1.0534
1.06993
1.08607
1.10133
1.1165
1.13086
1.1451
1.15882
1.17221
1.18519
1.19765
1.20964
1.22092
1.23147
1.2412
1.25007
1.25794
1.26492
1.27086
1.27593
1.27997
1.28323
1.28545
1.28705
1.28832
1.2894
1.28985
1.2898
1.28898
1.28779
1.28625
1.28436
1.28216
1.27978
1.27724
1.27465
1.27203
1.26949
1.26709
1.26488
1.26294
1.26133
1.26008
1.25915
1.25861
1.25842
1.25843
1.25852
1.25854
1.25861
1.25906
1.25971
1.26042
1.26102
1.26155
1.26204
1.26251
1.26298
1.26346
1.26397
1.26451
1.26509
1.2657
1.2663
1.26689
1.26749
1.26804
1.26842
1.2686
1.26867
1.26869
1.26854
1.26833
1.26766
1.26705
1.26584
1.26517
1.26366
1.26476
0.674496
0.687075
0.701783
0.718224
0.735751
0.753816
0.771882
0.789742
0.80739
0.825028
0.842747
0.860672
0.878938
0.897485
0.916465
0.935568
0.954918
0.974024
0.993095
1.0116
1.02975
1.04725
1.06425
1.08093
1.09693
1.11298
1.12832
1.14365
1.15844
1.1729
1.18689
1.20026
1.21304
1.22503
1.2362
1.24648
1.2558
1.26408
1.2714
1.2776
1.28283
1.28693
1.29014
1.29214
1.29346
1.29454
1.2952
1.29533
1.29459
1.29305
1.29124
1.28904
1.2865
1.28369
1.28073
1.2777
1.27465
1.2717
1.26891
1.26629
1.26397
1.26195
1.26026
1.25899
1.25809
1.25764
1.25754
1.25763
1.25772
1.25775
1.25785
1.25827
1.25876
1.25911
1.25946
1.25987
1.26027
1.26068
1.26116
1.26184
1.26276
1.26382
1.26499
1.26621
1.26743
1.2686
1.2696
1.27036
1.2708
1.27096
1.27096
1.2709
1.2704
1.26956
1.26775
1.26653
1.26441
1.26337
1.26127
1.26192
0.663005
0.674921
0.688622
0.704133
0.721123
0.73907
0.757658
0.776433
0.795197
0.813693
0.832136
0.850556
0.86923
0.88813
0.907361
0.926694
0.946164
0.965337
0.98442
1.00297
1.02149
1.0396
1.0576
1.07538
1.09271
1.11008
1.12668
1.14328
1.15906
1.17446
1.18919
1.20312
1.21643
1.22876
1.24026
1.2508
1.26035
1.26881
1.27634
1.28265
1.28799
1.29211
1.29527
1.29707
1.29815
1.29901
1.29933
1.29912
1.29768
1.29564
1.29316
1.29029
1.2871
1.28369
1.28022
1.27674
1.27332
1.27008
1.26707
1.26427
1.26186
1.25979
1.25812
1.25688
1.25601
1.25563
1.25558
1.25571
1.25574
1.25577
1.25591
1.25637
1.25689
1.25733
1.25783
1.25837
1.25891
1.25948
1.26018
1.26106
1.26208
1.26323
1.26446
1.26573
1.26699
1.26814
1.26911
1.2698
1.27017
1.27032
1.27034
1.2701
1.26905
1.26754
1.26516
1.26362
1.2612
1.26003
1.25756
1.2584
0.703891
0.713961
0.725676
0.73866
0.752429
0.766942
0.782215
0.798068
0.814351
0.83092
0.847682
0.864547
0.881557
0.898787
0.916229
0.933837
0.951573
0.969252
0.987148
1.00492
1.023
1.04095
1.05897
1.07688
1.09441
1.11193
1.1286
1.1453
1.16094
1.1764
1.19091
1.20482
1.21794
1.23026
1.24163
1.25229
1.26176
1.27034
1.27793
1.28425
1.28964
1.29374
1.29679
1.29838
1.29923
1.29981
1.29995
1.29927
1.29724
1.29468
1.2915
1.28808
1.28417
1.28034
1.27626
1.27247
1.26867
1.2652
1.26202
1.25908
1.25668
1.25453
1.25299
1.25179
1.25107
1.25073
1.25075
1.25097
1.2511
1.25119
1.25154
1.25227
1.25323
1.25422
1.25523
1.25629
1.25739
1.25845
1.25943
1.26038
1.26122
1.26181
1.26207
1.26214
1.26208
1.26201
1.26194
1.26196
1.2619
1.26183
1.26162
1.26135
1.26086
1.26037
1.25954
1.25889
1.25791
1.25725
1.25588
1.25774
0.735973
0.745564
0.756575
0.769026
0.782247
0.795516
0.808595
0.821864
0.835775
0.850462
0.865729
0.881372
0.897225
0.913222
0.929242
0.945431
0.961652
0.978201
0.994879
1.0118
1.02884
1.04591
1.06296
1.08
1.0967
1.11337
1.12939
1.14542
1.16051
1.17552
1.18966
1.20331
1.21626
1.22851
1.23983
1.25061
1.25997
1.26883
1.27635
1.28288
1.28826
1.29248
1.29545
1.29699
1.29769
1.29809
1.29811
1.2971
1.29473
1.29188
1.28834
1.28458
1.28046
1.27626
1.27207
1.26795
1.26403
1.26039
1.25704
1.25402
1.2515
1.24924
1.24757
1.24634
1.24542
1.24502
1.24498
1.2452
1.24534
1.24564
1.24633
1.24745
1.24887
1.25037
1.2519
1.25341
1.25492
1.25634
1.25752
1.25837
1.25887
1.25893
1.2586
1.25799
1.25728
1.25664
1.25616
1.2559
1.2558
1.25592
1.25612
1.25643
1.25667
1.2572
1.25759
1.25824
1.25849
1.25876
1.25829
1.26086
0.747052
0.756651
0.767723
0.780347
0.793816
0.807444
0.821097
0.834769
0.848369
0.861709
0.874935
0.88836
0.902377
0.917162
0.932657
0.948814
0.965236
0.981977
0.998628
1.01536
1.03192
1.04843
1.06471
1.08095
1.09682
1.11268
1.12805
1.14339
1.15814
1.1727
1.18672
1.20024
1.21319
1.22554
1.23695
1.24793
1.25755
1.26665
1.27443
1.28124
1.28685
1.29125
1.29438
1.29598
1.29668
1.2971
1.29712
1.296
1.29346
1.29033
1.28647
1.28235
1.27788
1.27332
1.26883
1.26441
1.2603
1.25645
1.25296
1.24991
1.24728
1.24506
1.2435
1.24226
1.24163
1.24137
1.24161
1.24196
1.24232
1.24287
1.2438
1.24512
1.24669
1.24832
1.24996
1.25158
1.25316
1.25469
1.25612
1.25735
1.25823
1.25866
1.25864
1.25826
1.25769
1.25711
1.25665
1.25634
1.25617
1.25622
1.25642
1.25666
1.25705
1.25797
1.25907
1.26009
1.26088
1.26113
1.26058
1.26255
0.696512
0.708797
0.722826
0.738423
0.754927
0.77166
0.788586
0.805358
0.821872
0.837792
0.853628
0.869507
0.885999
0.903052
0.920755
0.938852
0.957181
0.975486
0.993667
1.01167
1.02933
1.04691
1.06409
1.08113
1.09786
1.11434
1.13046
1.14628
1.16162
1.17659
1.191
1.20488
1.21813
1.23077
1.24256
1.25366
1.26386
1.27302
1.2813
1.28835
1.29431
1.29901
1.30237
1.30419
1.30495
1.30544
1.30546
1.30432
1.30168
1.29821
1.29413
1.28958
1.28475
1.27986
1.27504
1.27048
1.26625
1.26243
1.25907
1.25617
1.2538
1.2519
1.25047
1.24967
1.24895
1.24906
1.24923
1.24949
1.24954
1.2497
1.25017
1.25084
1.25155
1.25234
1.2533
1.25438
1.25547
1.25656
1.25779
1.25917
1.26055
1.26188
1.26308
1.26407
1.26478
1.26526
1.26558
1.26567
1.26541
1.26515
1.26473
1.26422
1.26356
1.26294
1.26207
1.26145
1.26065
1.25987
1.25856
1.25935
0.665283
0.676757
0.690122
0.705669
0.722724
0.740668
0.758988
0.777449
0.795822
0.81407
0.832384
0.850775
0.86957
0.888591
0.907976
0.927503
0.947138
0.966768
0.986277
1.00571
1.02484
1.04383
1.06244
1.08088
1.09875
1.11651
1.13349
1.15028
1.16634
1.18188
1.19687
1.21105
1.22472
1.23753
1.24959
1.26083
1.2712
1.2805
1.28894
1.29616
1.30228
1.30714
1.31066
1.31259
1.31343
1.31399
1.31404
1.3129
1.31016
1.30645
1.30205
1.29713
1.29187
1.28651
1.28127
1.27634
1.27185
1.26789
1.26446
1.26159
1.25934
1.25752
1.25619
1.25528
1.25481
1.25464
1.25479
1.25477
1.25474
1.2548
1.25517
1.25561
1.25584
1.25608
1.25647
1.25695
1.25743
1.25789
1.25847
1.25938
1.26065
1.2621
1.26366
1.26523
1.26665
1.2678
1.26849
1.2687
1.26863
1.26836
1.26741
1.26551
1.26322
1.26101
1.25867
1.25691
1.25502
1.25391
1.25197
1.25368
0.664668
0.674707
0.68616
0.699801
0.715133
0.73166
0.748744
0.766412
0.784387
0.802782
0.82153
0.840567
0.860078
0.879849
0.900063
0.920458
0.941085
0.961704
0.982337
1.00275
1.02298
1.04286
1.06237
1.08156
1.10003
1.11834
1.13568
1.15283
1.16909
1.18484
1.20001
1.21429
1.22812
1.241
1.25317
1.26444
1.2749
1.28421
1.29272
1.29998
1.30616
1.31108
1.31467
1.31666
1.31752
1.31812
1.31819
1.31707
1.31428
1.31051
1.306
1.30095
1.29555
1.29006
1.28469
1.27964
1.27502
1.27095
1.26744
1.26449
1.26216
1.26027
1.25886
1.25785
1.25724
1.25698
1.25697
1.25682
1.25665
1.25663
1.25694
1.25735
1.25753
1.25759
1.25779
1.2581
1.25841
1.25869
1.25908
1.25977
1.26086
1.26212
1.2635
1.26487
1.26612
1.26704
1.26753
1.26755
1.26739
1.26682
1.26525
1.26283
1.26026
1.25778
1.25533
1.25338
1.25165
1.25054
1.24914
1.25148
)
;

boundaryField
{
    inlet
    {
        type            calculated;
        value           uniform 3.00001;
    }
    outlet
    {
        type            calculated;
        value           nonuniform List<scalar> 
40
(
0.717943
0.884779
1.01082
1.135
1.21148
1.2618
1.2899
1.30636
1.31385
1.31599
1.31449
1.31353
1.31408
1.31411
1.31092
1.3081
1.30467
1.30021
1.30048
1.30033
1.29829
1.29589
1.29269
1.28791
1.28268
1.27964
1.27814
1.27589
1.27357
1.27001
1.26686
1.26476
1.26192
1.2584
1.25774
1.26086
1.26255
1.25935
1.25368
1.25148
)
;
    }
    bottom
    {
        type            symmetryPlane;
    }
    top
    {
        type            symmetryPlane;
    }
    obstacle
    {
        type            calculated;
        value           uniform 0;
    }
    defaultFaces
    {
        type            empty;
    }
}


// ************************************************************************* //
