/*--------------------------------*- C++ -*----------------------------------*\
| =========                 |                                                 |
| \\      /  F ield         | OpenFOAM: The Open Source CFD Toolbox           |
|  \\    /   O peration     | Version:  2412                                  |
|   \\  /    A nd           | Website:  www.openfoam.com                      |
|    \\/     M anipulation  |                                                 |
\*---------------------------------------------------------------------------*/
FoamFile
{
    version     2.0;
    format      ascii;
    arch        "LSB;label=32;scalar=64";
    class       volScalarField;
    location    "11.5";
    object      T;
}
// * * * * * * * * * * * * * * * * * * * * * * * * * * * * * * * * * * * * * //

dimensions      [0 0 0 1 0 0 0];

internalField   nonuniform List<scalar> 
7000
(
1.31812
2.64883
2.72575
2.67722
2.67199
2.65351
2.6491
2.65179
2.65485
2.65792
2.65965
2.66076
2.6619
2.66325
2.66473
2.6661
2.66755
2.66917
2.67084
2.67269
2.67478
2.67701
2.67931
2.68201
2.68473
2.68761
2.69085
2.69368
2.69752
2.70158
2.70501
2.70852
2.71161
2.71411
2.71618
2.71724
2.71751
2.71788
2.71902
2.72212
2.73049
2.73926
2.7455
2.7531
2.75884
2.76042
2.7631
2.77937
2.79422
2.8028
1.31816
2.64892
2.72616
2.67748
2.67191
2.65298
2.64895
2.65179
2.65495
2.65802
2.65975
2.66085
2.66197
2.66333
2.6648
2.66618
2.66764
2.66925
2.67093
2.67277
2.67487
2.67708
2.67939
2.68213
2.68478
2.68769
2.69095
2.69375
2.69758
2.70164
2.70509
2.70862
2.71166
2.71407
2.71614
2.71727
2.71756
2.71794
2.71905
2.72208
2.73039
2.73919
2.74543
2.75303
2.75873
2.76028
2.76293
2.77912
2.79376
2.80224
1.31814
2.64882
2.72607
2.67745
2.67186
2.65288
2.64889
2.65176
2.65491
2.65794
2.65964
2.66072
2.66183
2.6632
2.66466
2.66605
2.6675
2.66912
2.67079
2.67263
2.67473
2.67694
2.67924
2.68198
2.68461
2.68753
2.69078
2.69356
2.6974
2.70144
2.70489
2.70844
2.71146
2.71381
2.71588
2.71704
2.71736
2.71774
2.71881
2.72172
2.7299
2.73876
2.7451
2.75276
2.75849
2.76004
2.76268
2.77884
2.7935
2.80196
1.31808
2.64851
2.72611
2.67744
2.67147
2.65218
2.64858
2.65157
2.65477
2.65778
2.65943
2.66049
2.6616
2.66296
2.66443
2.66582
2.66727
2.66888
2.67056
2.67239
2.67448
2.67668
2.67897
2.68171
2.68431
2.68722
2.69046
2.69323
2.69704
2.70109
2.70451
2.70805
2.71107
2.71339
2.71544
2.71663
2.71695
2.71734
2.71838
2.72115
2.72915
2.73807
2.74445
2.75219
2.75798
2.75956
2.7622
2.77817
2.79277
2.80117
1.31802
2.64812
2.72617
2.67737
2.67096
2.65145
2.64831
2.65144
2.65465
2.65758
2.65917
2.66019
2.6613
2.66267
2.66414
2.66552
2.66697
2.66858
2.67025
2.67208
2.67416
2.67635
2.67863
2.68134
2.68393
2.68681
2.69003
2.69278
2.69658
2.7006
2.70401
2.70752
2.71052
2.71284
2.71488
2.71606
2.71638
2.71673
2.71773
2.72044
2.72828
2.73721
2.7436
2.75125
2.75706
2.75863
2.76118
2.77728
2.79212
2.80053
1.31797
2.64768
2.72667
2.67676
2.66962
2.65032
2.64804
2.65136
2.65452
2.65733
2.65882
2.65981
2.66091
2.66228
2.66376
2.66513
2.66658
2.66819
2.66986
2.67168
2.67374
2.67592
2.67817
2.68088
2.68344
2.68627
2.6895
2.69222
2.69594
2.69996
2.70338
2.70685
2.70981
2.71208
2.71412
2.71534
2.71567
2.71597
2.71684
2.71944
2.72726
2.7362
2.74253
2.75022
2.75616
2.75781
2.76023
2.77561
2.79059
2.79903
1.31806
2.64734
2.72726
2.67531
2.668
2.64972
2.64792
2.65128
2.65432
2.65698
2.65838
2.65932
2.66041
2.66179
2.66328
2.66465
2.66608
2.6677
2.66937
2.67116
2.67322
2.67539
2.6776
2.68027
2.68283
2.6856
2.6888
2.69151
2.69516
2.6992
2.70252
2.70596
2.70895
2.71118
2.71315
2.71435
2.71469
2.71502
2.71588
2.7182
2.7254
2.73438
2.74082
2.74858
2.75464
2.7563
2.75873
2.7743
2.78945
2.79797
1.31876
2.65013
2.72753
2.67177
2.66617
2.64981
2.64792
2.65117
2.65402
2.65653
2.65781
2.65872
2.65981
2.66119
2.66269
2.66406
2.66548
2.6671
2.66876
2.67055
2.67256
2.67473
2.67693
2.6795
2.68209
2.68479
2.68793
2.69062
2.69421
2.69821
2.70156
2.70486
2.70776
2.71007
2.71208
2.71323
2.71349
2.71372
2.71446
2.71668
2.7238
2.73279
2.7389
2.74647
2.75279
2.75461
2.75668
2.77127
2.78726
2.79557
1.31941
2.6587
2.72201
2.67075
2.66626
2.65024
2.64778
2.65089
2.65359
2.65595
2.65713
2.658
2.6591
2.66049
2.66199
2.66336
2.66476
2.66637
2.66803
2.6698
2.67178
2.67393
2.67608
2.67865
2.68115
2.68379
2.68693
2.68955
2.69304
2.697
2.70036
2.70362
2.70644
2.70865
2.71061
2.7118
2.71208
2.71224
2.71287
2.71485
2.72135
2.73072
2.73713
2.7445
2.75077
2.75271
2.75497
2.76948
2.78439
2.79388
1.31931
2.65809
2.72114
2.67065
2.66602
2.64988
2.64735
2.65045
2.65305
2.65525
2.65633
2.65717
2.65827
2.65966
2.66116
2.66252
2.66392
2.66551
2.66717
2.66892
2.67086
2.67299
2.67511
2.67759
2.68007
2.68262
2.68572
2.68829
2.69166
2.69559
2.69892
2.70209
2.70482
2.70697
2.70891
2.7101
2.71038
2.71047
2.71092
2.71268
2.7188
2.72773
2.73404
2.74143
2.74756
2.74931
2.75115
2.76485
2.78225
2.79024
1.31919
2.6573
2.7203
2.67063
2.66575
2.64938
2.64682
2.64992
2.65239
2.65442
2.65538
2.65621
2.65732
2.65871
2.6602
2.66156
2.66293
2.66452
2.66617
2.66789
2.66979
2.67188
2.67395
2.67637
2.6788
2.68125
2.68431
2.68684
2.69005
2.69391
2.69722
2.70031
2.70297
2.705
2.70685
2.70808
2.70836
2.7084
2.70868
2.70998
2.71545
2.72463
2.73094
2.73827
2.74498
2.74702
2.74868
2.76192
2.77743
2.78767
1.31907
2.65639
2.71938
2.67069
2.66548
2.64884
2.64623
2.64932
2.6516
2.65344
2.6543
2.65512
2.65625
2.65763
2.6591
2.66045
2.6618
2.66337
2.66501
2.6667
2.66854
2.67062
2.67262
2.67495
2.67733
2.67968
2.68266
2.68514
2.6882
2.69201
2.69524
2.69822
2.7008
2.70273
2.70447
2.70566
2.70593
2.70589
2.70603
2.70703
2.71141
2.72068
2.72696
2.73402
2.74052
2.74256
2.74377
2.75568
2.77394
2.78208
1.31893
2.65534
2.71832
2.67078
2.6652
2.6483
2.64558
2.6486
2.65065
2.65228
2.65308
2.65392
2.65505
2.65642
2.65786
2.65919
2.66052
2.66206
2.66369
2.66536
2.66714
2.66913
2.67114
2.67331
2.67566
2.67787
2.68078
2.68324
2.68603
2.68978
2.69302
2.69582
2.69829
2.70012
2.70174
2.70288
2.70312
2.703
2.70297
2.70356
2.70702
2.71562
2.72202
2.72874
2.73577
2.7381
2.73909
2.74972
2.76616
2.77801
1.31876
2.65414
2.71712
2.67087
2.66489
2.64776
2.64483
2.64775
2.64947
2.65097
2.65172
2.6526
2.65374
2.65505
2.65645
2.65776
2.65907
2.66058
2.66219
2.66383
2.66554
2.66748
2.66942
2.67148
2.67375
2.67585
2.67859
2.68109
2.68366
2.6872
2.69045
2.69314
2.69539
2.69708
2.69859
2.69963
2.69977
2.69955
2.6993
2.69953
2.70194
2.70985
2.71647
2.723
2.7295
2.73244
2.73339
2.74309
2.76094
2.7693
1.31858
2.65279
2.71576
2.67098
2.6645
2.64728
2.64394
2.64664
2.64806
2.64946
2.65026
2.65117
2.65229
2.65355
2.65487
2.65616
2.65744
2.65892
2.66052
2.66211
2.66378
2.66559
2.6675
2.66938
2.67165
2.67354
2.67618
2.67863
2.68099
2.68429
2.68747
2.69011
2.69219
2.69361
2.69493
2.69586
2.69594
2.69564
2.69513
2.69504
2.69647
2.70314
2.70965
2.71577
2.72242
2.72395
2.72416
2.7321
2.74905
2.7623
1.31839
2.65132
2.71421
2.67112
2.66417
2.64674
2.64273
2.64517
2.64639
2.64784
2.64871
2.64964
2.65071
2.65187
2.65311
2.65435
2.65564
2.65706
2.65863
2.66021
2.66177
2.66351
2.66533
2.6671
2.66919
2.67108
2.67341
2.67588
2.67806
2.68101
2.6841
2.68666
2.68858
2.68977
2.69093
2.69158
2.69155
2.69111
2.6902
2.68966
2.6901
2.69532
2.70115
2.70666
2.71359
2.71715
2.71615
2.72158
2.73963
2.74826
1.31818
2.64972
2.71236
2.67177
2.66356
2.64574
2.64118
2.64344
2.64458
2.64615
2.6471
2.64799
2.64897
2.65001
2.65115
2.65236
2.65363
2.65502
2.65655
2.65807
2.65958
2.66115
2.66292
2.66455
2.66653
2.66822
2.67047
2.67274
2.67485
2.67741
2.68032
2.68276
2.68457
2.68543
2.68637
2.68669
2.68657
2.68594
2.68472
2.68373
2.68344
2.68592
2.6926
2.69667
2.70126
2.70304
2.70269
2.70494
2.71864
2.73376
1.31796
2.64796
2.71033
2.67262
2.66279
2.64428
2.63931
2.64144
2.64266
2.64441
2.64541
2.64619
2.64703
2.64794
2.64899
2.65015
2.65141
2.65278
2.65425
2.6557
2.65716
2.65859
2.66022
2.66173
2.6636
2.66517
2.6671
2.66941
2.67118
2.67353
2.67601
2.67854
2.67996
2.68078
2.68122
2.68117
2.68083
2.68003
2.67811
2.67611
2.67527
2.67589
2.68057
2.68434
2.68923
2.69065
2.68669
2.68747
2.69956
2.70609
1.31772
2.64602
2.70818
2.67361
2.66177
2.64219
2.63714
2.63931
2.64075
2.64263
2.64359
2.64418
2.64486
2.64567
2.64661
2.64775
2.64899
2.65032
2.65172
2.65309
2.65446
2.65579
2.65728
2.65864
2.66031
2.66188
2.66344
2.66556
2.66738
2.66916
2.67137
2.67357
2.67509
2.67566
2.67561
2.67533
2.67472
2.67329
2.67154
2.66891
2.66627
2.66551
2.66642
2.66916
2.67048
2.66925
2.66564
2.65762
2.66041
2.6662
1.31744
2.6439
2.70612
2.67453
2.6598
2.63962
2.6349
2.63725
2.63885
2.64071
2.64151
2.64192
2.64244
2.64316
2.64406
2.64513
2.64635
2.64763
2.64895
2.65024
2.65149
2.65273
2.65406
2.65534
2.65677
2.65823
2.65966
2.66133
2.66305
2.66467
2.66631
2.66818
2.66952
2.66972
2.66948
2.66861
2.66762
2.66555
2.66303
2.65971
2.65573
2.65317
2.65308
2.65305
2.65239
2.64888
2.63783
2.62217
2.60743
2.55418
1.31725
2.64205
2.70254
2.67421
2.65697
2.63711
2.63258
2.635
2.6364
2.638
2.63857
2.63881
2.63918
2.6398
2.64063
2.6416
2.6427
2.64391
2.64511
2.64626
2.6474
2.64849
2.64959
2.65069
2.65177
2.65305
2.65428
2.65549
2.65699
2.65817
2.65928
2.66079
2.66161
2.6616
2.66118
2.6596
2.65788
2.65552
2.65119
2.64674
2.64077
2.63462
2.62862
2.6252
2.61794
2.6098
2.59286
2.55307
2.50121
2.39899
1.31726
2.64083
2.69579
2.67415
2.65449
2.63473
2.62965
2.63194
2.63291
2.63432
2.63483
2.63504
2.63535
2.63593
2.63668
2.63754
2.63851
2.63962
2.64067
2.64171
2.64268
2.64362
2.64452
2.64536
2.64627
2.64723
2.64806
2.64896
2.65001
2.65069
2.65142
2.6525
2.65249
2.6522
2.6513
2.64979
2.64634
2.64404
2.63962
2.63448
2.62774
2.6192
2.61082
2.59989
2.59025
2.56971
2.5466
2.50373
2.42217
2.33094
1.31727
2.63984
2.69044
2.67434
2.65279
2.6322
2.62614
2.62803
2.62881
2.63024
2.6308
2.63101
2.63129
2.63176
2.63245
2.63316
2.63403
2.63499
2.63603
2.63689
2.63782
2.63857
2.63938
2.64001
2.64072
2.64147
2.64204
2.64287
2.64312
2.64364
2.64381
2.64376
2.64342
2.64237
2.64094
2.63784
2.63459
2.62853
2.62418
2.61616
2.60982
2.59698
2.58672
2.57223
2.5561
2.53879
2.50509
2.47037
2.40061
2.32723
1.31719
2.63835
2.68678
2.67369
2.65044
2.62874
2.62192
2.62381
2.62457
2.62609
2.62666
2.62676
2.62693
2.62726
2.62772
2.62829
2.62887
2.62962
2.63025
2.63106
2.63166
2.6325
2.63289
2.63353
2.63389
2.63464
2.635
2.63591
2.63609
2.6364
2.63693
2.63681
2.63638
2.63524
2.63382
2.63086
2.62708
2.6218
2.61414
2.60707
2.59595
2.58609
2.56772
2.55354
2.52809
2.50899
2.4763
2.44206
2.39241
2.33463
1.31666
2.63781
2.69904
2.67074
2.64995
2.62615
2.61833
2.6209
2.62174
2.6236
2.62415
2.62415
2.62412
2.6242
2.62438
2.62461
2.62483
2.6251
2.62533
2.6256
2.62578
2.62594
2.62592
2.62585
2.62567
2.62543
2.62522
2.62478
2.62439
2.62373
2.62313
2.62224
2.62137
2.61989
2.61776
2.61588
2.61182
2.60842
2.60064
2.59504
2.58309
2.57479
2.55761
2.54263
2.51855
2.4935
2.46372
2.42768
2.38749
2.34426
1.30126
2.58249
2.69317
2.67829
2.65666
2.63274
2.62566
2.62862
2.62964
2.63134
2.63129
2.63098
2.63049
2.63005
2.62968
2.62932
2.62894
2.62859
2.62824
2.62793
2.6276
2.62721
2.62686
2.6263
2.6259
2.62521
2.62466
2.62391
2.62243
2.62127
2.61893
2.61724
2.61392
2.61155
2.60677
2.60329
2.5974
2.59246
2.58443
2.57682
2.56597
2.55565
2.54223
2.52731
2.50888
2.48561
2.45954
2.42729
2.3913
2.35357
1.72322
2.46034
2.72289
2.6989
2.68001
2.66807
2.66825
2.66931
2.67068
2.67078
2.66956
2.66823
2.66666
2.66517
2.6633
2.66177
2.65952
2.65789
2.65548
2.65369
2.65114
2.64909
2.64599
2.64412
2.64058
2.63825
2.634
2.63133
2.62762
2.62492
2.62136
2.61856
2.61468
2.6109
2.60613
2.60072
2.59416
2.587
2.57766
2.56796
2.55542
2.54279
2.52793
2.51197
2.49447
2.47376
2.45079
2.42428
2.39434
2.36285
1.73675
2.45109
2.71559
2.69194
2.67172
2.66178
2.66522
2.66657
2.66928
2.6702
2.67018
2.67
2.66954
2.66913
2.66817
2.66747
2.66593
2.66503
2.66318
2.66203
2.6602
2.65853
2.65645
2.65433
2.6518
2.64923
2.64667
2.64331
2.63991
2.63566
2.63161
2.62616
2.62158
2.61544
2.60987
2.60347
2.59598
2.5882
2.57836
2.56809
2.55528
2.54163
2.52619
2.50925
2.49101
2.47088
2.44905
2.42484
2.3987
2.37192
1.73356
2.45543
2.71638
2.69118
2.66745
2.65699
2.66163
2.6634
2.66646
2.66778
2.66815
2.66829
2.66833
2.66828
2.66807
2.66747
2.66697
2.66602
2.66527
2.66421
2.66342
2.66211
2.66101
2.6588
2.65722
2.65381
2.65158
2.64741
2.64426
2.63919
2.63473
2.62971
2.6246
2.61919
2.61262
2.60608
2.59823
2.59055
2.58063
2.57063
2.55825
2.54454
2.5291
2.51185
2.49395
2.47375
2.45304
2.43001
2.40618
2.38293
1.7375
2.44679
2.71038
2.68409
2.66318
2.65271
2.65674
2.65885
2.66206
2.66351
2.66405
2.66437
2.66473
2.66503
2.66519
2.66518
2.66503
2.6645
2.66411
2.66336
2.66283
2.6618
2.66104
2.65938
2.65817
2.65552
2.65365
2.65001
2.64695
2.64253
2.63773
2.63206
2.62566
2.61956
2.61239
2.60599
2.59824
2.59086
2.58161
2.57165
2.56091
2.54783
2.53442
2.51778
2.50074
2.4813
2.46198
2.44051
2.41858
2.39678
1.7486
2.42668
2.69619
2.67007
2.65697
2.6481
2.6491
2.652
2.65515
2.65636
2.65732
2.65759
2.65792
2.65813
2.65824
2.65823
2.65814
2.65783
2.65759
2.65713
2.65689
2.65641
2.65609
2.65534
2.65464
2.65294
2.65149
2.6486
2.64597
2.64227
2.63784
2.63276
2.6265
2.62005
2.61263
2.60531
2.59719
2.58894
2.58068
2.57099
2.56173
2.55036
2.539
2.52549
2.51096
2.49433
2.47628
2.4571
2.43658
2.4168
1.74432
2.41835
2.69049
2.66103
2.65593
2.64412
2.6441
2.64641
2.64931
2.65075
2.65224
2.65252
2.65294
2.65329
2.65358
2.6537
2.65369
2.65351
2.65327
2.65298
2.65281
2.65249
2.65224
2.65168
2.65114
2.64993
2.64858
2.64642
2.64391
2.641
2.63712
2.63263
2.62723
2.62117
2.61422
2.60657
2.59874
2.5897
2.58118
2.57135
2.56178
2.5512
2.54025
2.52834
2.51546
2.50155
2.48627
2.46989
2.45232
2.43495
1.35356
2.44429
2.66961
2.66084
2.63982
2.61673
2.60861
2.61268
2.61451
2.6172
2.61899
2.61985
2.62077
2.62153
2.62245
2.62337
2.62419
2.6248
2.62515
2.62533
2.62554
2.62558
2.62569
2.62558
2.62537
2.62508
2.62432
2.62337
2.62161
2.61965
2.61715
2.61402
2.61093
2.60683
2.60265
2.59744
2.59199
2.58521
2.57832
2.57034
2.56146
2.55208
2.54178
2.53121
2.51981
2.50784
2.49517
2.48152
2.46702
2.45252
1.35584
2.44882
2.67768
2.67085
2.64752
2.61719
2.60668
2.60713
2.60917
2.61116
2.61229
2.61251
2.61297
2.61324
2.61378
2.61439
2.61514
2.61576
2.61632
2.61691
2.61728
2.61756
2.61763
2.61756
2.61741
2.61702
2.61616
2.61519
2.61309
2.6109
2.6075
2.60349
2.59805
2.59228
2.58592
2.57928
2.57267
2.56603
2.55909
2.55274
2.54606
2.53956
2.53241
2.52461
2.51604
2.50628
2.49553
2.48412
2.47218
2.46058
1.34716
2.388
2.6518
2.66248
2.64246
2.6155
2.60487
2.60488
2.60546
2.60618
2.60589
2.60523
2.60457
2.60393
2.6035
2.60327
2.60309
2.60294
2.60288
2.60281
2.60276
2.60275
2.60272
2.60264
2.60244
2.60219
2.60195
2.60175
2.60129
2.6005
2.59911
2.59774
2.59489
2.59104
2.58575
2.5801
2.57356
2.56654
2.55879
2.55073
2.54216
2.53335
2.52441
2.51538
2.50639
2.49782
2.48902
2.47953
2.46929
2.45957
1.75107
2.37775
2.64958
2.64645
2.63417
2.62084
2.61658
2.61725
2.61754
2.61787
2.61761
2.61693
2.6161
2.6149
2.61393
2.61286
2.61183
2.61063
2.60944
2.60811
2.60681
2.60549
2.60415
2.6026
2.60095
2.59953
2.598
2.59625
2.5948
2.59346
2.59151
2.58973
2.58831
2.58646
2.58356
2.57944
2.57434
2.56865
2.56213
2.55473
2.54707
2.53844
2.52982
2.52028
2.51089
2.50041
2.49055
2.48048
2.47058
2.46101
1.34344
2.36831
2.64136
2.65754
2.64106
2.6146
2.6057
2.6033
2.60459
2.60459
2.60423
2.60382
2.60292
2.60196
2.60141
2.60066
2.60004
2.59936
2.59846
2.59775
2.5969
2.5961
2.59555
2.59443
2.59335
2.59177
2.59032
2.58816
2.58623
2.5843
2.58243
2.57944
2.57682
2.57392
2.57185
2.56933
2.56646
2.56262
2.55808
2.55239
2.54629
2.53915
2.53177
2.52368
2.51536
2.50639
2.49713
2.48723
2.47737
2.4678
1.34413
2.37696
2.64858
2.66444
2.64329
2.61305
2.60103
2.60029
2.6013
2.60194
2.60185
2.60125
2.60054
2.59955
2.59904
2.59841
2.59792
2.59729
2.59658
2.5957
2.59458
2.59313
2.59171
2.5899
2.5881
2.58591
2.58363
2.58094
2.57826
2.57529
2.57251
2.56893
2.56538
2.56143
2.55727
2.55299
2.54853
2.54404
2.53968
2.53509
2.53036
2.52529
2.51986
2.51386
2.50749
2.50057
2.49315
2.48505
2.47641
2.46811
1.34349
2.37282
2.64612
2.66264
2.64059
2.60958
2.59665
2.59589
2.59663
2.59754
2.59731
2.5966
2.59592
2.59492
2.59424
2.59362
2.59299
2.59253
2.59194
2.59137
2.59071
2.58981
2.58888
2.58773
2.58643
2.58491
2.58304
2.58084
2.57851
2.57568
2.5729
2.56935
2.56563
2.56136
2.55664
2.5516
2.54631
2.54064
2.53477
2.52868
2.52238
2.51594
2.50933
2.5026
2.49571
2.48867
2.48162
2.47444
2.46702
2.45988
1.34183
2.35065
2.62679
2.65259
2.63305
2.60468
2.59189
2.58992
2.59018
2.59034
2.58982
2.58903
2.58769
2.58645
2.58525
2.58438
2.58346
2.58275
2.58196
2.58116
2.58037
2.57949
2.5786
2.57777
2.57695
2.57625
2.57539
2.57434
2.57316
2.57146
2.56995
2.56793
2.56513
2.56193
2.5582
2.55382
2.54911
2.54378
2.53811
2.53201
2.52556
2.51885
2.51189
2.50473
2.49741
2.48995
2.4824
2.47472
2.46692
2.45953
1.76413
2.35227
2.61894
2.61653
2.60274
2.58872
2.58548
2.58639
2.58722
2.58763
2.58745
2.58757
2.5878
2.58774
2.58757
2.5872
2.58645
2.58552
2.58462
2.5836
2.58273
2.58142
2.57984
2.57831
2.57654
2.57492
2.57331
2.5714
2.56971
2.56762
2.56553
2.56359
2.56137
2.55894
2.55605
2.55247
2.54855
2.54389
2.53888
2.5334
2.52761
2.5214
2.51499
2.50823
2.50135
2.49415
2.48687
2.47937
2.47176
2.46452
1.34402
2.36121
2.63158
2.65161
2.63094
2.59849
2.58797
2.5856
2.58743
2.5876
2.5871
2.58582
2.58491
2.58346
2.58237
2.58103
2.58004
2.57819
2.57722
2.57528
2.57389
2.57255
2.57066
2.56896
2.56721
2.56554
2.56406
2.56217
2.5601
2.55767
2.55454
2.55148
2.54846
2.54534
2.54255
2.5395
2.53632
2.53303
2.52925
2.52524
2.52075
2.51589
2.51066
2.50502
2.49904
2.49266
2.48602
2.47914
2.47199
2.46524
1.34655
2.38128
2.63918
2.63996
2.6178
2.58707
2.57628
2.57657
2.5784
2.58001
2.57977
2.57929
2.57877
2.57856
2.5785
2.57826
2.57757
2.57621
2.57475
2.5734
2.57217
2.57123
2.57038
2.56936
2.56791
2.56606
2.56419
2.56187
2.55929
2.55661
2.55356
2.55017
2.54675
2.54296
2.53922
2.53534
2.53135
2.52723
2.52292
2.51839
2.51373
2.50884
2.50375
2.49849
2.49299
2.48731
2.48132
2.47516
2.46874
2.46257
1.78682
2.34019
2.60957
2.6055
2.59178
2.56711
2.56343
2.56453
2.56904
2.57311
2.57453
2.5745
2.57414
2.57406
2.57438
2.57559
2.57668
2.57689
2.57676
2.57636
2.57581
2.57528
2.57469
2.57409
2.57353
2.57245
2.57098
2.56916
2.56705
2.56483
2.56249
2.55977
2.55672
2.55317
2.54922
2.54496
2.54051
2.5358
2.53105
2.52608
2.52109
2.51585
2.51054
2.50491
2.49919
2.49318
2.48713
2.48081
2.47441
2.46832
1.8169
2.31275
2.59761
2.59581
2.58543
2.563
2.55725
2.55817
2.5618
2.56652
2.56714
2.56627
2.56363
2.56189
2.56172
2.56252
2.56348
2.56359
2.56325
2.56214
2.56083
2.55975
2.55893
2.55833
2.55751
2.55596
2.55365
2.55176
2.54959
2.54823
2.54668
2.5454
2.54393
2.54196
2.53998
2.53738
2.5346
2.53168
2.52836
2.52471
2.52083
2.51646
2.51185
2.50692
2.50166
2.49631
2.49064
2.48496
2.47899
2.47329
1.77847
2.34974
2.62664
2.60364
2.59552
2.57546
2.57003
2.5718
2.57535
2.57823
2.57857
2.57802
2.57588
2.57391
2.57296
2.57259
2.57232
2.57196
2.57108
2.56961
2.56779
2.56598
2.56456
2.5633
2.56122
2.55816
2.55466
2.55098
2.54789
2.54438
2.54133
2.53781
2.53436
2.53084
2.52707
2.52378
2.52051
2.51751
2.51485
2.51188
2.50878
2.50534
2.50135
2.49714
2.49251
2.48765
2.48257
2.47717
2.47154
2.46602
1.28136
2.46669
2.63005
2.63031
2.60591
2.57264
2.56174
2.56221
2.56532
2.5677
2.56836
2.56811
2.5675
2.56721
2.56715
2.56715
2.56708
2.56678
2.56597
2.56444
2.56272
2.5612
2.55975
2.55856
2.55762
2.55598
2.55435
2.55105
2.54864
2.54537
2.54261
2.53929
2.5359
2.53243
2.52838
2.52474
2.52115
2.51757
2.51453
2.51136
2.50799
2.50467
2.5008
2.49681
2.49255
2.48796
2.48321
2.47802
2.47254
2.46721
1.7803
2.34706
2.61132
2.59824
2.58625
2.57096
2.56738
2.56887
2.56942
2.57092
2.57063
2.57016
2.56995
2.57007
2.57057
2.57092
2.57093
2.5707
2.57008
2.56926
2.56858
2.56758
2.56688
2.5657
2.56491
2.56325
2.56149
2.55876
2.55571
2.55292
2.55015
2.5474
2.545
2.54172
2.53842
2.53491
2.53056
2.52701
2.52282
2.51904
2.51567
2.51168
2.50805
2.50353
2.49897
2.49413
2.48875
2.48385
2.47819
2.47318
1.78437
2.34434
2.60805
2.59517
2.5849
2.56751
2.56363
2.5644
2.56625
2.56778
2.56835
2.56775
2.56704
2.56681
2.56667
2.5666
2.56644
2.566
2.56537
2.56439
2.5637
2.5626
2.56194
2.56069
2.55982
2.55816
2.55642
2.55456
2.5525
2.5506
2.54879
2.54642
2.54475
2.54164
2.539
2.53581
2.53188
2.52893
2.52513
2.52207
2.51884
2.51552
2.51229
2.5085
2.50519
2.50135
2.4974
2.49352
2.48883
2.48454
1.28088
2.46417
2.62864
2.62743
2.60256
2.56483
2.55015
2.55049
2.55374
2.55745
2.55902
2.55899
2.55847
2.55736
2.55635
2.55585
2.5556
2.55538
2.55509
2.55432
2.55343
2.55159
2.55013
2.54861
2.54687
2.54598
2.54423
2.54226
2.54082
2.53836
2.53686
2.53445
2.53264
2.53051
2.52813
2.5259
2.52289
2.52011
2.51706
2.51407
2.511
2.508
2.50487
2.50153
2.49823
2.49466
2.49096
2.4872
2.48307
2.4789
1.80899
2.33682
2.60385
2.58243
2.57847
2.5655
2.55899
2.55907
2.55928
2.56108
2.56205
2.56339
2.56387
2.56393
2.56368
2.563
2.56255
2.56243
2.56238
2.56228
2.56205
2.56158
2.56046
2.55959
2.5582
2.55677
2.5556
2.55344
2.55193
2.54916
2.54675
2.54413
2.54113
2.5387
2.53573
2.53287
2.53009
2.52675
2.52366
2.52041
2.51666
2.5135
2.50977
2.50622
2.50267
2.49871
2.49493
2.49066
2.48648
2.48214
1.85936
2.30932
2.57751
2.56064
2.5612
2.55827
2.55233
2.54814
2.54596
2.54554
2.54665
2.54894
2.55052
2.55105
2.55061
2.54899
2.54763
2.54718
2.54725
2.54758
2.54773
2.5477
2.54738
2.54677
2.54579
2.545
2.54435
2.54332
2.54271
2.54144
2.54014
2.53879
2.53694
2.53545
2.53377
2.53175
2.53005
2.5274
2.52512
2.52205
2.51899
2.51559
2.51217
2.50906
2.50518
2.50212
2.49824
2.49418
2.49045
2.48598
1.87374
2.29835
2.56797
2.55534
2.55878
2.55684
2.55012
2.54366
2.54045
2.53986
2.54165
2.54502
2.54712
2.54755
2.54651
2.54363
2.54168
2.54111
2.54123
2.54155
2.54157
2.5413
2.54015
2.53841
2.53698
2.53595
2.53518
2.53467
2.53412
2.53316
2.532
2.5304
2.52913
2.52729
2.52632
2.52471
2.52375
2.52192
2.51968
2.51724
2.51391
2.51097
2.50738
2.50414
2.50059
2.49735
2.4941
2.49099
2.48751
2.48411
1.83794
2.31185
2.56809
2.56601
2.56353
2.55575
2.54677
2.54172
2.53997
2.54024
2.54278
2.54559
2.5465
2.54634
2.54446
2.54155
2.53997
2.53949
2.53941
2.53934
2.53915
2.53847
2.53692
2.53538
2.53432
2.53369
2.53328
2.53298
2.5327
2.53205
2.53131
2.52999
2.52912
2.52771
2.52689
2.52561
2.52468
2.52338
2.52112
2.51921
2.51603
2.51327
2.50986
2.50622
2.50296
2.49907
2.49617
2.49349
2.49021
2.48764
1.34227
2.35468
2.61544
2.62281
2.60074
2.56677
2.55077
2.54756
2.5487
2.54963
2.55041
2.55033
2.5501
2.54957
2.54848
2.54766
2.54652
2.54526
2.5439
2.5427
2.54174
2.54023
2.53874
2.53681
2.53505
2.5326
2.53108
2.52882
2.52745
2.52521
2.52366
2.52163
2.51976
2.51838
2.51617
2.51503
2.51295
2.51124
2.50932
2.50627
2.50404
2.50061
2.49743
2.49463
2.49049
2.48733
2.4835
2.47958
2.47635
2.4726
1.3418
2.35678
2.6284
2.64583
2.62016
2.57953
2.55918
2.55805
2.55954
2.56225
2.56341
2.56313
2.56233
2.56105
2.55953
2.55831
2.55752
2.55689
2.55628
2.55532
2.55422
2.55258
2.55098
2.54887
2.5471
2.54502
2.54353
2.54178
2.54024
2.53851
2.5364
2.53444
2.53193
2.52975
2.52746
2.52495
2.52298
2.52012
2.51772
2.51452
2.51116
2.50769
2.50376
2.50006
2.49608
2.49208
2.48798
2.48391
2.47967
2.47577
1.3419
2.3497
2.61095
2.62194
2.59973
2.56465
2.54799
2.54702
2.54846
2.55037
2.55091
2.55054
2.54959
2.54845
2.54713
2.54613
2.54545
2.54483
2.54415
2.54323
2.54212
2.5407
2.53922
2.53764
2.53627
2.5349
2.53371
2.53241
2.53109
2.52955
2.52787
2.52591
2.52408
2.52181
2.52009
2.51755
2.51563
2.51287
2.51018
2.50728
2.50369
2.50053
2.49667
2.493
2.48931
2.4851
2.48118
2.47674
2.47239
2.46818
1.80689
2.30824
2.58021
2.58055
2.57061
2.54556
2.53533
2.53534
2.53747
2.54322
2.54596
2.54622
2.54514
2.5418
2.53855
2.5367
2.53574
2.53521
2.53472
2.53366
2.532
2.53028
2.52882
2.52784
2.52745
2.52754
2.52797
2.52841
2.52861
2.52855
2.52837
2.52805
2.52777
2.5271
2.52653
2.5252
2.52422
2.52222
2.52016
2.51766
2.51468
2.5121
2.50894
2.50614
2.50305
2.49929
2.49557
2.49059
2.48548
2.48023
1.83284
2.2943
2.58091
2.57032
2.56527
2.54725
2.53817
2.53765
2.53874
2.54324
2.54708
2.54812
2.54774
2.54467
2.5404
2.53785
2.53648
2.53568
2.53505
2.5338
2.53125
2.52844
2.5261
2.52452
2.52378
2.52374
2.52416
2.5248
2.52503
2.52506
2.52517
2.52539
2.52561
2.52566
2.52561
2.52545
2.52507
2.52389
2.52204
2.5198
2.5168
2.51527
2.51237
2.51033
2.50708
2.50263
2.49832
2.49149
2.48594
2.47893
1.82159
2.31394
2.59428
2.5682
2.56497
2.55384
2.54789
2.54807
2.54805
2.54932
2.55167
2.55269
2.55335
2.55323
2.5516
2.54825
2.54544
2.54344
2.54189
2.54087
2.53971
2.53787
2.53569
2.53371
2.53223
2.53132
2.53102
2.53112
2.53144
2.53161
2.53165
2.53165
2.53161
2.53153
2.53143
2.53116
2.5308
2.52999
2.52847
2.52651
2.52318
2.52127
2.51799
2.5158
2.51302
2.50916
2.50584
2.49956
2.49453
2.48765
2.20667
2.37977
2.79955
2.90136
2.95005
2.90381
2.89892
2.89387
2.88796
2.88569
2.88612
2.88797
2.88827
2.88742
2.88622
2.88575
2.88496
2.88467
2.88476
2.88501
2.8848
2.8845
2.88396
2.88205
2.87844
2.87538
2.8719
2.86798
2.86355
2.85868
2.85347
2.84776
2.84194
2.83517
2.82896
2.82221
2.81448
2.80681
2.79858
2.79007
2.78148
2.7731
2.76439
2.75604
2.74729
2.73882
2.73021
2.72134
2.71289
2.70437
2.69594
2.68795
2.68013
2.67246
2.66511
2.65784
2.65069
2.64378
2.63695
2.63028
2.62385
2.61779
2.61179
2.60602
2.60076
2.5958
2.5908
2.58665
2.58209
2.57903
2.57512
2.57222
2.56906
2.56699
2.56406
2.56197
2.56001
2.55854
2.55693
2.55534
2.55371
2.55177
2.55052
2.54905
2.54758
2.54659
2.54584
2.5455
2.54541
2.54561
2.5459
2.54662
2.54722
2.5488
2.54973
2.5517
2.55287
2.55596
2.55713
2.56113
2.20592
2.28757
2.47864
2.65977
2.72619
2.77768
2.81149
2.84498
2.86212
2.88186
2.89494
2.90731
2.91867
2.92388
2.92333
2.92041
2.91244
2.89685
2.88083
2.86585
2.85228
2.83967
2.82702
2.81434
2.80168
2.78817
2.77406
2.76021
2.74715
2.73451
2.72207
2.70936
2.69753
2.6861
2.67508
2.66536
2.65598
2.64526
2.63221
2.62001
2.60883
2.5992
2.59016
2.58149
2.5734
2.56523
2.558
2.55091
2.54448
2.53833
2.53236
2.52646
2.52086
2.51518
2.51005
2.50525
2.50078
2.49687
2.49287
2.48992
2.48659
2.48428
2.48247
2.48098
2.48047
2.48033
2.48051
2.48099
2.4817
2.48229
2.48292
2.48322
2.48317
2.48298
2.48209
2.48088
2.48011
2.47882
2.47701
2.47502
2.47223
2.4697
2.46583
2.46237
2.45774
2.45366
2.4485
2.44336
2.43831
2.43152
2.4262
2.41839
2.41344
2.4059
2.40056
2.39216
2.38756
2.3801
2.37651
2.36669
2.24151
2.22992
2.29044
2.37586
2.4341
2.48293
2.51657
2.54919
2.57271
2.59465
2.60974
2.62338
2.6352
2.64157
2.64632
2.64865
2.64834
2.64738
2.64526
2.64164
2.6359
2.62895
2.6214
2.61358
2.60442
2.59501
2.58495
2.57477
2.56396
2.55283
2.54179
2.53006
2.51778
2.50594
2.49507
2.48322
2.47069
2.45868
2.44707
2.43547
2.42448
2.41399
2.40435
2.3951
2.38626
2.37763
2.36919
2.36112
2.35323
2.34575
2.33861
2.3318
2.32553
2.31947
2.31381
2.30868
2.30361
2.29911
2.29513
2.29117
2.28791
2.28488
2.28222
2.28024
2.27852
2.27775
2.27781
2.27817
2.27914
2.28034
2.28249
2.28472
2.28739
2.29037
2.29379
2.29773
2.30211
2.30697
2.31187
2.3167
2.32146
2.32611
2.33061
2.33519
2.33971
2.34458
2.349
2.35381
2.35837
2.3631
2.36793
2.37151
2.37411
2.37567
2.37648
2.37665
2.3766
2.37549
2.37462
2.36794
2.26701
2.23342
2.2299
2.25557
2.28719
2.31171
2.32809
2.34068
2.35202
2.3627
2.37199
2.38024
2.38714
2.39311
2.39675
2.39953
2.4012
2.40311
2.40482
2.40584
2.4067
2.40725
2.40727
2.40719
2.40666
2.40583
2.40438
2.40268
2.40053
2.39815
2.39506
2.39133
2.38754
2.3831
2.37833
2.37351
2.36892
2.36395
2.35859
2.35266
2.34659
2.34062
2.33429
2.32788
2.32124
2.31441
2.3076
2.30089
2.29413
2.28734
2.2807
2.27376
2.2673
2.26064
2.25432
2.24812
2.24199
2.23619
2.23059
2.22558
2.22085
2.21673
2.21321
2.21007
2.20761
2.20582
2.20437
2.20387
2.20397
2.20434
2.20533
2.2063
2.20807
2.20916
2.21031
2.21174
2.21278
2.21425
2.21517
2.21665
2.21743
2.21866
2.21951
2.22041
2.22119
2.22169
2.22228
2.22252
2.22302
2.22338
2.22431
2.22497
2.22544
2.22659
2.22732
2.22882
2.23017
2.23135
2.23353
2.23434
2.27776
2.2473
2.22777
2.22254
2.22994
2.23604
2.23862
2.24037
2.24133
2.24381
2.24679
2.25073
2.2533
2.25599
2.25875
2.26176
2.26477
2.26798
2.27193
2.2759
2.28048
2.28471
2.28924
2.29336
2.29706
2.30041
2.30314
2.30478
2.30683
2.307
2.30686
2.30637
2.30518
2.30322
2.30102
2.29844
2.29568
2.29247
2.28846
2.28363
2.27843
2.27312
2.26778
2.26239
2.25673
2.25091
2.2449
2.23871
2.23268
2.22677
2.22082
2.21521
2.20935
2.20367
2.19804
2.19254
2.18743
2.18245
2.17787
2.17359
2.16947
2.16588
2.16256
2.15938
2.15681
2.15438
2.15212
2.15059
2.1493
2.14832
2.14808
2.14813
2.14833
2.14893
2.14985
2.15129
2.1534
2.15534
2.1579
2.16022
2.1629
2.16524
2.16764
2.16969
2.17173
2.17326
2.17464
2.17564
2.17654
2.17712
2.17756
2.17763
2.17758
2.17747
2.17745
2.17748
2.17764
2.17802
2.17923
2.17921
2.29822
2.25908
2.23762
2.21873
2.20944
2.20333
2.19779
2.19224
2.18686
2.18343
2.18087
2.18043
2.18075
2.18153
2.18257
2.18421
2.18702
2.19037
2.19412
2.19825
2.20286
2.20754
2.21262
2.21756
2.22216
2.2267
2.23044
2.23403
2.23701
2.23976
2.24134
2.2436
2.24394
2.24389
2.24367
2.24312
2.24213
2.24039
2.23775
2.23433
2.2303
2.22578
2.22122
2.21622
2.21149
2.20632
2.20115
2.19583
2.19057
2.18537
2.18047
2.17552
2.17078
2.16599
2.1612
2.15663
2.152
2.14774
2.1436
2.13957
2.13594
2.13224
2.12897
2.1259
2.12299
2.12056
2.11827
2.11626
2.1147
2.11352
2.11251
2.11195
2.11184
2.11195
2.11228
2.11319
2.11451
2.11597
2.11771
2.11945
2.12123
2.12297
2.12452
2.12624
2.12764
2.12895
2.13024
2.1314
2.13226
2.1331
2.13356
2.13357
2.13346
2.13318
2.1327
2.13232
2.1317
2.13166
2.13187
2.131
2.31394
2.27961
2.24991
2.22907
2.21128
2.19701
2.185
2.17477
2.16516
2.15762
2.15132
2.14721
2.14459
2.14336
2.14342
2.14378
2.14441
2.14648
2.14954
2.153
2.15653
2.16057
2.16483
2.16905
2.17358
2.17759
2.18156
2.18528
2.18848
2.19118
2.19404
2.19593
2.1983
2.19941
2.20071
2.20198
2.20233
2.2021
2.2014
2.19991
2.19776
2.19476
2.19132
2.18746
2.18327
2.1789
2.17409
2.16923
2.16398
2.15894
2.15372
2.14878
2.14389
2.13909
2.13457
2.13013
2.12614
2.12232
2.11893
2.11583
2.11288
2.11031
2.10792
2.10574
2.10394
2.10227
2.10083
2.09957
2.09851
2.09749
2.09675
2.0961
2.09534
2.09492
2.09502
2.09537
2.09587
2.09652
2.09742
2.09845
2.09953
2.10054
2.10166
2.10246
2.10323
2.10386
2.10439
2.10496
2.10552
2.10596
2.10635
2.10665
2.10685
2.10703
2.10717
2.10731
2.10744
2.10774
2.10844
2.10793
2.32907
2.29623
2.26739
2.24101
2.2208
2.20378
2.18894
2.17491
2.16255
2.15194
2.14295
2.13611
2.13105
2.12777
2.12602
2.1249
2.12492
2.12514
2.12609
2.12849
2.13186
2.13535
2.1387
2.14266
2.14617
2.14992
2.15371
2.15709
2.16023
2.16326
2.16527
2.16787
2.16932
2.17153
2.17256
2.17414
2.17608
2.17644
2.17624
2.17565
2.17438
2.17271
2.17044
2.16778
2.16459
2.16073
2.15642
2.15151
2.14653
2.14142
2.13645
2.13166
2.12704
2.12249
2.11831
2.11418
2.1105
2.10706
2.10392
2.10113
2.09851
2.0962
2.09409
2.09219
2.09058
2.08922
2.08813
2.08731
2.08685
2.08654
2.08651
2.08639
2.08645
2.08656
2.08721
2.08765
2.08858
2.0891
2.09019
2.09086
2.09216
2.0928
2.094
2.09459
2.09511
2.09546
2.09561
2.09574
2.09573
2.09561
2.09534
2.09484
2.09427
2.09363
2.09305
2.09244
2.09203
2.09212
2.09246
2.09212
2.34451
2.31308
2.28395
2.25644
2.23268
2.2118
2.19442
2.17937
2.166
2.15396
2.14359
2.13486
2.12779
2.12295
2.11924
2.11701
2.11559
2.11486
2.11494
2.11527
2.11699
2.12011
2.12312
2.12643
2.12972
2.13305
2.13644
2.13964
2.14238
2.14503
2.14698
2.14934
2.15018
2.15193
2.15296
2.15414
2.15555
2.15596
2.15593
2.15568
2.15515
2.15414
2.15276
2.15075
2.1483
2.14506
2.14109
2.13651
2.13161
2.12658
2.12185
2.11722
2.1129
2.10869
2.10462
2.10069
2.0971
2.09371
2.09075
2.08816
2.08584
2.08398
2.08245
2.08125
2.08051
2.08004
2.07999
2.08015
2.08058
2.08121
2.08193
2.08236
2.08305
2.08367
2.08482
2.08554
2.08659
2.08718
2.08833
2.08899
2.0901
2.09091
2.09189
2.09255
2.09308
2.09342
2.09365
2.09373
2.09368
2.0935
2.09311
2.09246
2.09165
2.09065
2.08941
2.08855
2.0873
2.08692
2.08677
2.08609
2.36238
2.33139
2.30185
2.27337
2.2477
2.22506
2.20512
2.18797
2.17262
2.15932
2.14749
2.1376
2.12932
2.12257
2.11786
2.11411
2.11191
2.11057
2.10999
2.11029
2.11054
2.11209
2.11436
2.11728
2.12049
2.12373
2.12662
2.12946
2.13194
2.13464
2.13611
2.13795
2.13858
2.1397
2.14013
2.1411
2.1415
2.14149
2.14137
2.14107
2.14058
2.13981
2.13877
2.13738
2.13558
2.13333
2.13049
2.1271
2.12322
2.11897
2.11441
2.10985
2.10502
2.1004
2.09573
2.0912
2.08697
2.08298
2.07955
2.07662
2.07422
2.07258
2.07133
2.07085
2.07093
2.07128
2.07209
2.07327
2.07477
2.07633
2.0777
2.07917
2.08007
2.08167
2.08294
2.0841
2.08517
2.08604
2.08704
2.08786
2.08883
2.08972
2.09058
2.0913
2.09193
2.09232
2.09268
2.09306
2.09309
2.09299
2.0927
2.09219
2.09125
2.09043
2.08883
2.08783
2.08632
2.08538
2.0849
2.08354
2.38444
2.3549
2.32443
2.29436
2.26678
2.24135
2.21965
2.1999
2.18301
2.16797
2.15488
2.1436
2.13392
2.12624
2.11984
2.1155
2.11205
2.11016
2.10885
2.1087
2.10904
2.10961
2.11082
2.11325
2.11598
2.11879
2.12135
2.1241
2.1263
2.12886
2.13031
2.13208
2.13286
2.13408
2.13451
2.13559
2.13557
2.13553
2.13534
2.13496
2.1344
2.13372
2.1329
2.13191
2.13061
2.12894
2.12687
2.12411
2.12084
2.1168
2.11236
2.1074
2.10214
2.09665
2.09093
2.08542
2.07999
2.07519
2.07099
2.06743
2.06494
2.06303
2.06195
2.06186
2.06206
2.06275
2.06387
2.06561
2.0673
2.06935
2.07079
2.07249
2.07408
2.07584
2.07734
2.07877
2.08
2.0811
2.08225
2.08332
2.08444
2.08556
2.08659
2.08752
2.08846
2.08927
2.0899
2.09067
2.09139
2.09159
2.09151
2.09129
2.09066
2.09003
2.08855
2.08745
2.08585
2.08457
2.08384
2.08184
2.40651
2.37923
2.3501
2.31983
2.29048
2.26349
2.23874
2.21738
2.19806
2.18137
2.16683
2.15421
2.1435
2.13436
2.12721
2.12124
2.11719
2.11381
2.11181
2.11049
2.10998
2.11017
2.11075
2.11157
2.11375
2.11627
2.11885
2.12171
2.12403
2.12658
2.12813
2.13002
2.13089
2.13222
2.13273
2.13374
2.13364
2.13341
2.13287
2.13215
2.13145
2.13078
2.13014
2.12953
2.12859
2.1274
2.12563
2.12334
2.12028
2.11635
2.11171
2.10628
2.10046
2.09437
2.08814
2.08228
2.07661
2.07159
2.06727
2.06356
2.06077
2.05858
2.05718
2.05624
2.05608
2.05624
2.05666
2.05755
2.05885
2.05985
2.06104
2.06227
2.06348
2.06492
2.06623
2.06733
2.06841
2.06923
2.07027
2.07099
2.07195
2.07266
2.07357
2.07424
2.07501
2.07575
2.07639
2.07713
2.07803
2.07853
2.07854
2.07843
2.07801
2.07751
2.07619
2.07531
2.07356
2.07242
2.07154
2.06931
2.42823
2.40487
2.37835
2.34992
2.32108
2.2932
2.26773
2.24414
2.22359
2.20502
2.18894
2.17488
2.16257
2.15236
2.14321
2.13632
2.13032
2.12591
2.12257
2.1199
2.11853
2.11738
2.11739
2.11767
2.11815
2.11955
2.12122
2.12346
2.1255
2.12772
2.12921
2.1311
2.13222
2.13341
2.13436
2.13465
2.13439
2.13381
2.13264
2.13144
2.13057
2.12992
2.12937
2.12886
2.12827
2.12744
2.12613
2.12404
2.12105
2.11686
2.11179
2.10593
2.0996
2.09335
2.08705
2.08124
2.07583
2.07095
2.06683
2.06321
2.06029
2.05785
2.05592
2.05435
2.05329
2.05236
2.05186
2.05172
2.0513
2.0512
2.05109
2.05113
2.05125
2.05144
2.05183
2.05202
2.05245
2.05268
2.05323
2.05353
2.05421
2.05452
2.05526
2.05555
2.05596
2.05619
2.05663
2.05718
2.05733
2.05726
2.05701
2.05661
2.05571
2.05491
2.05316
2.05221
2.05033
2.04936
2.04845
2.0469
2.4407
2.42269
2.40102
2.37653
2.35079
2.32494
2.30001
2.27683
2.25561
2.23591
2.21899
2.20321
2.18975
2.17766
2.16747
2.15841
2.15119
2.14513
2.14024
2.13672
2.13372
2.13205
2.13086
2.13044
2.13063
2.13105
2.13204
2.13365
2.13533
2.13692
2.13823
2.13935
2.13974
2.13968
2.13937
2.13838
2.13681
2.1349
2.13274
2.13083
2.12945
2.12841
2.12761
2.12682
2.12604
2.12517
2.12375
2.12163
2.11833
2.11409
2.10895
2.10328
2.0974
2.09152
2.08594
2.08064
2.07595
2.0717
2.06805
2.06495
2.06224
2.0599
2.05777
2.05594
2.05398
2.05236
2.05076
2.04903
2.0475
2.04596
2.04453
2.0433
2.04225
2.04144
2.04091
2.04058
2.04042
2.0404
2.04046
2.04066
2.04116
2.04137
2.04183
2.0418
2.04171
2.04154
2.04122
2.04076
2.04001
2.03913
2.03797
2.03684
2.03526
2.03398
2.03204
2.03102
2.0293
2.02839
2.0278
2.02654
2.44231
2.42734
2.40973
2.38968
2.36813
2.34603
2.32397
2.30279
2.28255
2.26401
2.24633
2.23083
2.21617
2.20337
2.19149
2.18148
2.1724
2.16494
2.15867
2.15351
2.14947
2.14617
2.14385
2.14208
2.1411
2.14071
2.1407
2.14105
2.14152
2.14231
2.1428
2.14278
2.14248
2.14187
2.1406
2.13848
2.13593
2.13298
2.12989
2.12703
2.12469
2.12258
2.12073
2.11905
2.11755
2.11597
2.11391
2.11115
2.10772
2.10367
2.09946
2.09502
2.09076
2.08651
2.08255
2.07883
2.07547
2.07257
2.06995
2.06773
2.06558
2.06367
2.06147
2.05956
2.05704
2.05503
2.05265
2.05011
2.04786
2.04565
2.04368
2.04193
2.04046
2.03936
2.03864
2.03819
2.03798
2.03795
2.03801
2.03824
2.03873
2.03914
2.03932
2.03919
2.03892
2.03856
2.03787
2.03707
2.03581
2.03466
2.033
2.03179
2.02992
2.0286
2.02703
2.0257
2.02458
2.02378
2.02348
2.02203
2.44496
2.43051
2.41403
2.39583
2.37654
2.35669
2.337
2.31736
2.29861
2.28057
2.26369
2.24769
2.23317
2.21947
2.20715
2.19598
2.18567
2.1773
2.16907
2.16296
2.1571
2.15263
2.1489
2.14593
2.14413
2.14227
2.14145
2.14108
2.14051
2.14057
2.14045
2.14014
2.13914
2.13798
2.1355
2.13225
2.12849
2.12455
2.12079
2.11728
2.11387
2.11062
2.10767
2.10509
2.10267
2.10001
2.09702
2.09366
2.09033
2.08706
2.08435
2.08176
2.07976
2.07781
2.07616
2.07467
2.07323
2.07202
2.07076
2.06952
2.06819
2.06648
2.06476
2.06264
2.06033
2.0582
2.05564
2.05293
2.05071
2.04859
2.04665
2.04492
2.04353
2.04253
2.04189
2.04152
2.04137
2.04137
2.04146
2.04177
2.04226
2.04261
2.04256
2.04242
2.0421
2.04175
2.04087
2.04003
2.0386
2.03727
2.03588
2.03422
2.03294
2.0313
2.03006
2.02873
2.02778
2.02685
2.0266
2.02495
2.45232
2.43815
2.42223
2.40455
2.38583
2.36677
2.34765
2.32896
2.31068
2.29303
2.27637
2.26028
2.24563
2.23138
2.21885
2.2064
2.19605
2.18545
2.17725
2.16891
2.1625
2.15656
2.1517
2.14782
2.14431
2.14219
2.13966
2.1386
2.13724
2.13638
2.13512
2.13418
2.13205
2.13016
2.1269
2.1235
2.11935
2.1151
2.11065
2.10609
2.1015
2.09712
2.09303
2.08917
2.08546
2.08193
2.07869
2.07598
2.07389
2.07224
2.07104
2.07017
2.06969
2.06946
2.06939
2.06929
2.06907
2.06854
2.06779
2.06671
2.0655
2.06416
2.06272
2.0612
2.05977
2.0583
2.05669
2.05502
2.05391
2.05276
2.05159
2.05077
2.05038
2.05024
2.05023
2.05028
2.05048
2.05097
2.0517
2.0523
2.05286
2.05325
2.05331
2.05327
2.05311
2.05267
2.05203
2.0509
2.05003
2.04863
2.04766
2.04627
2.04544
2.04415
2.04348
2.04235
2.04186
2.04098
2.04084
2.03858
2.45399
2.44074
2.42564
2.40882
2.39107
2.37302
2.35477
2.33687
2.31911
2.30205
2.28556
2.2698
2.25497
2.24094
2.22777
2.21557
2.20402
2.19363
2.18414
2.17533
2.16785
2.16092
2.15535
2.1501
2.14651
2.14274
2.14029
2.13794
2.1358
2.13446
2.13212
2.13048
2.12824
2.12613
2.1228
2.11945
2.11542
2.11078
2.10544
2.09974
2.09401
2.08874
2.08397
2.0797
2.076
2.0729
2.0706
2.06901
2.068
2.06745
2.067
2.06681
2.06666
2.0666
2.06646
2.06612
2.06539
2.06446
2.06324
2.06202
2.06082
2.05976
2.05898
2.05847
2.05813
2.05792
2.05788
2.05799
2.05825
2.05855
2.05891
2.05932
2.05974
2.06028
2.06073
2.06108
2.0615
2.06187
2.06226
2.06272
2.06311
2.06349
2.06397
2.06444
2.06489
2.06542
2.06591
2.06635
2.06684
2.06722
2.0673
2.06724
2.06707
2.06659
2.0662
2.06532
2.06487
2.06391
2.0638
2.06157
2.44746
2.4358
2.42221
2.40672
2.39021
2.37316
2.35594
2.33874
2.32177
2.30525
2.28908
2.27374
2.25896
2.24492
2.23166
2.21898
2.2071
2.19609
2.18578
2.17654
2.16829
2.16109
2.1547
2.14947
2.14481
2.14081
2.13729
2.1345
2.13214
2.12997
2.12836
2.12684
2.12551
2.12337
2.12065
2.11755
2.11371
2.10899
2.10359
2.09782
2.09216
2.08699
2.08236
2.07826
2.07484
2.07227
2.07051
2.06938
2.06874
2.06838
2.06816
2.06795
2.06769
2.06711
2.06628
2.0652
2.0639
2.06254
2.06134
2.06026
2.05952
2.05911
2.05912
2.05925
2.05959
2.06007
2.06082
2.06171
2.06252
2.0632
2.06383
2.06447
2.06501
2.06542
2.06573
2.06601
2.06624
2.06645
2.0667
2.06701
2.06738
2.06783
2.0684
2.06912
2.07001
2.07099
2.07206
2.07321
2.07445
2.07562
2.07642
2.0767
2.07669
2.07649
2.07613
2.0752
2.0745
2.07293
2.07248
2.06987
2.44711
2.4354
2.42212
2.40705
2.39102
2.37433
2.35765
2.34082
2.32424
2.30787
2.29193
2.27657
2.26178
2.24765
2.23411
2.2212
2.2089
2.19732
2.1865
2.17664
2.16775
2.15978
2.15272
2.14644
2.14087
2.13595
2.13169
2.12805
2.12506
2.12267
2.12079
2.11938
2.11805
2.11664
2.11499
2.1129
2.11022
2.10662
2.10211
2.09718
2.09233
2.08778
2.08376
2.08049
2.07801
2.07622
2.07496
2.07409
2.07353
2.07305
2.07252
2.07166
2.07055
2.06907
2.06732
2.0656
2.06392
2.06228
2.06117
2.06024
2.05981
2.05983
2.05999
2.06044
2.0611
2.06194
2.06304
2.0641
2.06509
2.066
2.06681
2.06756
2.06814
2.06856
2.06893
2.06922
2.06952
2.06993
2.07039
2.07101
2.07187
2.07297
2.07431
2.0759
2.07768
2.07962
2.08166
2.08368
2.08557
2.08712
2.08812
2.0885
2.08855
2.08836
2.08784
2.0861
2.08474
2.08184
2.08084
2.07673
2.4523
2.44075
2.42766
2.41305
2.3973
2.38099
2.36459
2.348
2.33147
2.31498
2.29902
2.28346
2.26845
2.25381
2.23977
2.22628
2.2134
2.20114
2.18968
2.17904
2.1693
2.1604
2.1524
2.14521
2.13868
2.13301
2.12797
2.1234
2.11954
2.11624
2.11351
2.11131
2.10964
2.10811
2.10631
2.10409
2.10144
2.0984
2.09507
2.09155
2.0881
2.08496
2.08231
2.0801
2.07828
2.07683
2.07553
2.07452
2.07345
2.07233
2.0712
2.0697
2.06824
2.06655
2.06488
2.06331
2.06171
2.06049
2.05947
2.05873
2.05855
2.05861
2.05885
2.0594
2.06019
2.06132
2.06261
2.06393
2.06523
2.06657
2.06773
2.06877
2.06977
2.07048
2.07102
2.07165
2.07228
2.07273
2.07326
2.074
2.07506
2.07643
2.07811
2.08008
2.08232
2.08476
2.08731
2.08981
2.09213
2.09411
2.09561
2.09647
2.09684
2.09679
2.09658
2.09545
2.09425
2.09131
2.09009
2.08506
2.4537
2.44286
2.43054
2.41676
2.40198
2.38658
2.37093
2.35522
2.33946
2.32379
2.30821
2.29296
2.27822
2.26403
2.25027
2.23694
2.22395
2.21151
2.19959
2.18822
2.1775
2.16744
2.1581
2.14944
2.14159
2.13434
2.12786
2.12222
2.11733
2.11326
2.10989
2.1071
2.10462
2.1023
2.10001
2.09757
2.09489
2.09199
2.0889
2.0858
2.08279
2.08005
2.07763
2.07557
2.07397
2.07256
2.0715
2.07035
2.06937
2.06812
2.06689
2.06538
2.06377
2.06219
2.06052
2.05914
2.05799
2.05698
2.05656
2.05657
2.05673
2.05719
2.05801
2.05902
2.06034
2.06172
2.06315
2.06463
2.06607
2.0674
2.06861
2.06963
2.07022
2.07058
2.07096
2.07129
2.07135
2.07135
2.07139
2.07162
2.07223
2.07334
2.07486
2.07676
2.07906
2.08163
2.08438
2.08705
2.08954
2.09166
2.09338
2.09451
2.09515
2.09525
2.09521
2.09474
2.09413
2.09242
2.0918
2.08793
2.45201
2.44203
2.43046
2.41735
2.40323
2.3884
2.37319
2.35794
2.3426
2.32733
2.31213
2.2972
2.28267
2.26864
2.25509
2.2419
2.22914
2.21672
2.20475
2.19338
2.18266
2.17264
2.16324
2.1544
2.14609
2.13836
2.13127
2.12483
2.11904
2.11401
2.10964
2.10581
2.10243
2.09939
2.09652
2.09369
2.09089
2.0881
2.08532
2.08259
2.08
2.07763
2.07556
2.07375
2.0723
2.07102
2.06991
2.06885
2.06765
2.06645
2.06503
2.06359
2.06204
2.0605
2.05924
2.05809
2.05717
2.05687
2.0569
2.05709
2.05762
2.05852
2.05967
2.06103
2.06235
2.06351
2.06471
2.06583
2.06681
2.06771
2.06837
2.06855
2.06851
2.06834
2.06822
2.06799
2.06752
2.06713
2.06697
2.06699
2.06724
2.06799
2.06953
2.07151
2.07392
2.07661
2.07951
2.08232
2.08493
2.08715
2.08898
2.09027
2.09109
2.09137
2.09142
2.09123
2.09098
2.0901
2.08997
2.08719
2.45792
2.44808
2.43692
2.42392
2.40982
2.39535
2.38048
2.36505
2.34935
2.33372
2.31821
2.30294
2.288
2.27352
2.25946
2.24587
2.2327
2.21995
2.20772
2.19606
2.18501
2.17455
2.16462
2.1553
2.14652
2.13835
2.13073
2.12361
2.11711
2.11136
2.10632
2.10191
2.09808
2.09469
2.09163
2.08881
2.0861
2.08347
2.08092
2.07846
2.07615
2.07407
2.07225
2.07073
2.06949
2.06836
2.06742
2.0664
2.06535
2.06428
2.06307
2.06193
2.06074
2.05972
2.05891
2.05816
2.05792
2.05796
2.05813
2.05848
2.05943
2.06033
2.06132
2.06235
2.06336
2.06413
2.065
2.06571
2.06633
2.06692
2.06719
2.06716
2.06697
2.06669
2.06648
2.06598
2.06526
2.06459
2.06413
2.06395
2.06399
2.06431
2.06531
2.06723
2.06969
2.07255
2.07571
2.07889
2.08192
2.08456
2.08678
2.08846
2.08963
2.09022
2.09049
2.09046
2.09041
2.08986
2.08987
2.08718
2.46349
2.45393
2.44279
2.43067
2.41773
2.40413
2.39029
2.37651
2.36254
2.34797
2.33305
2.31804
2.30315
2.28851
2.27409
2.25987
2.24569
2.23174
2.218
2.2049
2.19241
2.18066
2.1695
2.1589
2.14891
2.13941
2.1305
2.12234
2.11489
2.10806
2.10188
2.09645
2.09175
2.08755
2.08383
2.08041
2.07728
2.07435
2.0716
2.06908
2.06685
2.06492
2.06331
2.06199
2.06092
2.06005
2.05935
2.0587
2.05806
2.05736
2.05673
2.05614
2.05552
2.05533
2.05541
2.05571
2.05609
2.05695
2.05773
2.05932
2.06064
2.06192
2.06315
2.06437
2.06544
2.06652
2.06716
2.06774
2.06836
2.06897
2.06913
2.06908
2.06886
2.06858
2.06819
2.06739
2.06636
2.06517
2.06394
2.06288
2.06218
2.06188
2.06188
2.06218
2.06322
2.06546
2.0684
2.07169
2.07516
2.07841
2.0813
2.08367
2.0856
2.08694
2.08787
2.08827
2.08861
2.08844
2.08867
2.08568
2.45605
2.44636
2.43503
2.42241
2.40951
2.39673
2.3834
2.36918
2.35495
2.34166
2.32878
2.31576
2.30263
2.28967
2.27673
2.26409
2.25156
2.23952
2.22755
2.21572
2.20374
2.19185
2.1801
2.16852
2.15727
2.14629
2.13573
2.12574
2.11619
2.10757
2.09958
2.09251
2.08607
2.08021
2.07507
2.07018
2.06572
2.06187
2.05839
2.05535
2.05288
2.05091
2.04945
2.04851
2.04803
2.04788
2.04791
2.04809
2.04858
2.04926
2.05011
2.05113
2.05185
2.05339
2.05459
2.05601
2.05738
2.05897
2.06111
2.06275
2.06441
2.06599
2.06741
2.06875
2.06996
2.07083
2.0713
2.0714
2.07159
2.0717
2.07164
2.07143
2.07091
2.07051
2.06981
2.06871
2.06735
2.06579
2.06411
2.06238
2.06072
2.05937
2.05852
2.05815
2.05812
2.05832
2.05908
2.06079
2.06308
2.06546
2.0679
2.07015
2.07231
2.0741
2.07572
2.07672
2.07773
2.07798
2.07871
2.07595
2.45733
2.44725
2.43552
2.4227
2.40919
2.39498
2.38032
2.36555
2.35068
2.33561
2.32022
2.30467
2.28919
2.27502
2.26284
2.25237
2.24243
2.23249
2.22232
2.21202
2.20183
2.19141
2.18113
2.17055
2.15976
2.14885
2.13775
2.12687
2.11626
2.10628
2.09651
2.08756
2.07913
2.07112
2.06394
2.05719
2.05111
2.0462
2.04219
2.03897
2.03699
2.03627
2.03622
2.0364
2.03703
2.03846
2.04016
2.04201
2.044
2.04619
2.04819
2.05048
2.05322
2.05499
2.05763
2.05974
2.06236
2.06483
2.06675
2.06847
2.07004
2.07128
2.07225
2.07296
2.07317
2.07312
2.07293
2.07247
2.07176
2.07136
2.07053
2.06998
2.06902
2.06856
2.0679
2.06709
2.06614
2.06504
2.06385
2.06265
2.06149
2.06045
2.0597
2.05933
2.05929
2.05936
2.05962
2.06024
2.0611
2.06194
2.06273
2.06338
2.06398
2.06442
2.0649
2.06515
2.06559
2.06576
2.06652
2.06434
2.46481
2.45554
2.44518
2.43389
2.42025
2.40501
2.39042
2.37751
2.36435
2.34871
2.33083
2.31288
2.29582
2.27918
2.26182
2.24443
2.22821
2.21447
2.20317
2.19347
2.18515
2.17655
2.16835
2.15906
2.14959
2.13932
2.12871
2.11756
2.10649
2.09504
2.08399
2.07348
2.06342
2.05471
2.0473
2.04102
2.03649
2.03329
2.0307
2.02925
2.02904
2.02922
2.02975
2.03095
2.03273
2.0349
2.03769
2.04064
2.04381
2.0468
2.05039
2.053
2.05571
2.0588
2.06119
2.06381
2.0661
2.06773
2.06921
2.07049
2.07159
2.07235
2.07297
2.07314
2.07307
2.07286
2.07237
2.07175
2.07104
2.07066
2.06982
2.06943
2.0686
2.06833
2.06795
2.06754
2.06715
2.06682
2.0665
2.06619
2.06591
2.06562
2.06532
2.06511
2.06496
2.06483
2.06477
2.06473
2.06464
2.06441
2.06409
2.06372
2.06332
2.06284
2.06239
2.06212
2.06214
2.06219
2.06294
2.06128
2.47615
2.46668
2.45566
2.44295
2.42945
2.41533
2.40027
2.38433
2.3688
2.35517
2.34277
2.32965
2.31337
2.29488
2.2745
2.25492
2.23496
2.21632
2.1979
2.18155
2.16714
2.15397
2.14315
2.13187
2.12212
2.11141
2.1014
2.09114
2.08128
2.07199
2.06364
2.05591
2.04916
2.04346
2.03813
2.03392
2.03089
2.02815
2.0264
2.02616
2.0264
2.02714
2.02875
2.03117
2.03418
2.03723
2.04051
2.04328
2.04663
2.04953
2.05185
2.05464
2.05728
2.05952
2.06227
2.06443
2.0662
2.06766
2.06912
2.07032
2.07142
2.07243
2.07306
2.07361
2.07382
2.07376
2.07352
2.07311
2.07265
2.07234
2.07164
2.07118
2.07034
2.06998
2.0696
2.06926
2.06904
2.06902
2.06912
2.06943
2.06995
2.07047
2.07095
2.07137
2.07171
2.07188
2.07184
2.07155
2.07081
2.06981
2.06862
2.06715
2.06565
2.0643
2.06339
2.06298
2.06296
2.06305
2.06384
2.0636
2.47119
2.46276
2.45226
2.44042
2.42853
2.41633
2.40268
2.38743
2.37136
2.35616
2.34206
2.32932
2.31637
2.30286
2.28596
2.26741
2.24586
2.22487
2.20355
2.18401
2.1659
2.14916
2.13521
2.12141
2.11057
2.0995
2.09052
2.08157
2.0737
2.0666
2.05963
2.05385
2.04824
2.04349
2.03975
2.03689
2.03505
2.03386
2.03385
2.03415
2.03492
2.03622
2.03771
2.03909
2.0412
2.04284
2.0447
2.04685
2.0485
2.05047
2.05256
2.05431
2.05636
2.05906
2.06115
2.06322
2.06488
2.06656
2.06808
2.06954
2.07074
2.07195
2.0728
2.07342
2.07386
2.07385
2.07369
2.07338
2.07295
2.07254
2.07173
2.07082
2.06969
2.06879
2.06795
2.06726
2.06683
2.06672
2.06682
2.0673
2.06851
2.07006
2.07149
2.0727
2.07367
2.07441
2.07494
2.07514
2.07507
2.07462
2.07343
2.07177
2.0703
2.0692
2.06869
2.06857
2.06869
2.06914
2.07055
2.07228
2.47422
2.46676
2.4573
2.44553
2.43332
2.42217
2.41053
2.39662
2.38013
2.36335
2.34768
2.33378
2.32018
2.3067
2.29104
2.27425
2.2542
2.23342
2.21112
2.19025
2.17065
2.15283
2.13803
2.12403
2.11348
2.10308
2.09537
2.08798
2.08203
2.0767
2.07176
2.06769
2.06372
2.06031
2.05696
2.05361
2.05054
2.04775
2.04524
2.04315
2.04186
2.0408
2.04062
2.04084
2.04129
2.04211
2.04324
2.04401
2.04563
2.0472
2.04839
2.05081
2.05286
2.05531
2.05737
2.05966
2.06153
2.06342
2.06524
2.06686
2.06847
2.06985
2.07108
2.072
2.07263
2.07312
2.07313
2.07307
2.07292
2.07267
2.0723
2.07141
2.07057
2.06978
2.06901
2.06835
2.06789
2.06773
2.06778
2.0681
2.06902
2.0704
2.07174
2.0729
2.07384
2.07458
2.07513
2.07541
2.07542
2.0752
2.07447
2.07354
2.07302
2.07291
2.07299
2.07323
2.07415
2.07512
2.07797
2.07929
2.47879
2.47115
2.46018
2.44747
2.4345
2.42218
2.41024
2.39925
2.3884
2.37703
2.36448
2.3509
2.33576
2.31959
2.30104
2.28158
2.2603
2.23944
2.21811
2.19873
2.18058
2.16494
2.15205
2.1406
2.13238
2.124
2.11791
2.11129
2.10535
2.09917
2.09274
2.08629
2.07949
2.07293
2.06656
2.06055
2.05499
2.05026
2.04596
2.04269
2.03989
2.03817
2.03677
2.03648
2.03658
2.03699
2.03747
2.03874
2.03979
2.04171
2.04391
2.04636
2.04903
2.05188
2.05461
2.05731
2.05981
2.06227
2.06453
2.06664
2.06865
2.07042
2.07192
2.07312
2.07415
2.07477
2.075
2.07519
2.07519
2.07509
2.07492
2.07427
2.07388
2.07358
2.07337
2.0732
2.07303
2.07286
2.07265
2.07228
2.07173
2.07098
2.07003
2.06889
2.06766
2.06636
2.06496
2.06362
2.06269
2.06244
2.06249
2.06266
2.06325
2.06395
2.066
2.06768
2.07151
2.07365
2.07824
2.08038
2.47692
2.46697
2.45371
2.43842
2.42206
2.40599
2.39234
2.38142
2.37248
2.36365
2.35397
2.34255
2.32869
2.31287
2.29457
2.27563
2.25563
2.23701
2.21884
2.20347
2.18966
2.17852
2.16908
2.16032
2.15338
2.1451
2.13823
2.12982
2.12174
2.11301
2.10402
2.09521
2.08625
2.0778
2.06979
2.06233
2.05561
2.0498
2.04461
2.04059
2.03722
2.03503
2.03335
2.03299
2.03312
2.03345
2.03436
2.03537
2.03703
2.03963
2.04221
2.04512
2.04829
2.05161
2.05488
2.05799
2.06097
2.06368
2.06615
2.06857
2.07063
2.07253
2.07427
2.0756
2.07668
2.07717
2.07731
2.07738
2.07738
2.07729
2.07714
2.07675
2.07698
2.07772
2.07824
2.07833
2.07828
2.0781
2.07757
2.07631
2.07414
2.07138
2.06818
2.06472
2.06116
2.05773
2.05474
2.05249
2.05118
2.05077
2.05083
2.0512
2.05282
2.05526
2.06078
2.06443
2.07127
2.0746
2.08096
2.0846
2.48002
2.46924
2.45603
2.43937
2.41895
2.39685
2.37457
2.35462
2.33776
2.32497
2.31442
2.30541
2.29602
2.28612
2.27502
2.26374
2.25202
2.24175
2.2317
2.2236
2.21495
2.20711
2.19845
2.18914
2.17992
2.16868
2.15849
2.14632
2.13519
2.12341
2.11198
2.10128
2.09059
2.08102
2.07202
2.06382
2.05649
2.05024
2.04449
2.04019
2.03644
2.03403
2.03218
2.0318
2.03196
2.03232
2.03345
2.03432
2.0367
2.03934
2.04232
2.04565
2.04924
2.05289
2.0563
2.05953
2.0626
2.0653
2.06772
2.0701
2.07207
2.07383
2.07534
2.07647
2.07743
2.07771
2.07778
2.0778
2.07799
2.07799
2.07791
2.07776
2.07813
2.0788
2.07906
2.07905
2.07894
2.0786
2.07781
2.07634
2.07427
2.07169
2.06875
2.06558
2.06238
2.05939
2.05692
2.05524
2.05443
2.05428
2.05451
2.05557
2.05887
2.06341
2.07072
2.07533
2.08306
2.08658
2.09378
2.09646
2.46655
2.459
2.44834
2.43627
2.42313
2.40737
2.38846
2.36786
2.34711
2.32767
2.31041
2.29586
2.28372
2.27341
2.26463
2.25718
2.25069
2.24542
2.23951
2.23392
2.22633
2.21816
2.20817
2.197
2.18552
2.17222
2.16035
2.14646
2.13469
2.12166
2.1102
2.09893
2.08839
2.07859
2.06982
2.06122
2.05421
2.04767
2.04192
2.03767
2.03383
2.03143
2.02966
2.02944
2.02965
2.03025
2.03109
2.03228
2.03507
2.03774
2.04117
2.04442
2.04841
2.05161
2.05529
2.05796
2.06086
2.06309
2.06505
2.06702
2.06824
2.06973
2.07037
2.07107
2.07136
2.0714
2.07133
2.07117
2.07116
2.07132
2.0712
2.07092
2.0707
2.07052
2.07024
2.06981
2.0693
2.06889
2.06876
2.06883
2.06921
2.07029
2.07234
2.07493
2.0778
2.08049
2.08293
2.08483
2.08664
2.08824
2.08999
2.09147
2.09335
2.09479
2.09696
2.09845
2.10104
2.10232
2.10514
2.10362
2.46886
2.46207
2.45398
2.44346
2.43189
2.42168
2.41315
2.4036
2.39053
2.3737
2.35494
2.33609
2.31852
2.30283
2.28963
2.27796
2.26808
2.25808
2.24841
2.23804
2.22704
2.21549
2.20326
2.19022
2.17753
2.16375
2.15133
2.13761
2.12604
2.11338
2.10236
2.09149
2.08134
2.07179
2.06344
2.05479
2.04859
2.04168
2.03664
2.03217
2.02869
2.02608
2.02454
2.02412
2.02427
2.02481
2.02521
2.02635
2.02879
2.03071
2.03346
2.03586
2.03859
2.04105
2.04329
2.04538
2.04719
2.04873
2.05017
2.05154
2.05248
2.05382
2.05458
2.05522
2.05616
2.05662
2.05713
2.05737
2.05787
2.05814
2.05805
2.05782
2.05748
2.0571
2.05679
2.0567
2.05679
2.05726
2.05852
2.06098
2.06457
2.06951
2.07564
2.08248
2.0894
2.09575
2.10118
2.10538
2.10856
2.11058
2.11166
2.11166
2.11132
2.10946
2.10759
2.10457
2.10273
2.10045
2.09966
2.09519
2.46101
2.45494
2.44788
2.43814
2.4271
2.41675
2.40674
2.39666
2.38697
2.37881
2.37147
2.36346
2.35291
2.33918
2.32289
2.30451
2.28608
2.26732
2.25001
2.23313
2.2176
2.20269
2.18895
2.17539
2.16314
2.15054
2.13932
2.12749
2.11697
2.10611
2.09595
2.0862
2.07688
2.06788
2.06016
2.05183
2.04574
2.03897
2.03392
2.02933
2.02577
2.02306
2.02129
2.02071
2.0207
2.02092
2.021
2.02196
2.02416
2.02595
2.02864
2.031
2.03372
2.03627
2.03855
2.0409
2.04286
2.04478
2.04663
2.04826
2.04991
2.05161
2.05263
2.05403
2.05485
2.05585
2.05634
2.05695
2.05764
2.05808
2.05824
2.05835
2.05835
2.05835
2.05842
2.05863
2.05901
2.05954
2.06041
2.06192
2.06445
2.06829
2.0734
2.07942
2.08573
2.09172
2.09692
2.10109
2.10429
2.10639
2.10728
2.10717
2.10612
2.10289
2.09852
2.09419
2.09052
2.0883
2.08776
2.08542
2.47063
2.46223
2.45337
2.44324
2.43226
2.4221
2.41144
2.40169
2.39305
2.38723
2.38117
2.37412
2.36314
2.34885
2.33119
2.31181
2.29175
2.27234
2.25398
2.23679
2.22131
2.20621
2.19265
2.17927
2.16663
2.15431
2.14248
2.13077
2.11972
2.1087
2.09831
2.08824
2.07864
2.06934
2.06091
2.05267
2.04518
2.03865
2.03243
2.02749
2.02328
2.02006
2.018
2.01705
2.01711
2.01741
2.01776
2.019
2.02164
2.02453
2.02781
2.0315
2.03536
2.03908
2.04268
2.04591
2.0488
2.05141
2.0537
2.05584
2.05771
2.05944
2.06112
2.06206
2.06412
2.06474
2.066
2.06729
2.06915
2.07084
2.07229
2.07398
2.07584
2.07737
2.07819
2.07842
2.07838
2.07809
2.07723
2.07571
2.07391
2.07205
2.07034
2.06907
2.06845
2.06838
2.06856
2.06914
2.07061
2.07194
2.07332
2.07452
2.07608
2.07716
2.07879
2.07963
2.08116
2.08239
2.0845
2.08641
2.46851
2.46221
2.45438
2.44177
2.42604
2.40937
2.39402
2.38075
2.37032
2.36237
2.35523
2.34847
2.33996
2.33051
2.31924
2.30717
2.29432
2.28105
2.26772
2.25393
2.24048
2.22648
2.21283
2.19851
2.18505
2.17049
2.15746
2.14359
2.13087
2.11845
2.10633
2.09537
2.0844
2.07448
2.06513
2.05642
2.04832
2.04139
2.03478
2.02945
2.02492
2.02145
2.01914
2.01805
2.01811
2.01844
2.01902
2.02051
2.02367
2.02741
2.03178
2.03668
2.04192
2.0472
2.05223
2.05674
2.06063
2.06384
2.06649
2.06859
2.07005
2.07143
2.07251
2.07347
2.07413
2.07493
2.07541
2.07651
2.07739
2.07808
2.07841
2.07924
2.08085
2.08231
2.0831
2.08328
2.08323
2.08296
2.08213
2.08011
2.07669
2.07244
2.06766
2.06271
2.05811
2.05431
2.05186
2.05078
2.05077
2.05141
2.05379
2.05891
2.0654
2.07149
2.0779
2.0826
2.0879
2.0904
2.09476
2.09386
2.47692
2.4702
2.46297
2.44956
2.43177
2.41215
2.39475
2.37931
2.36725
2.35735
2.34931
2.34273
2.3358
2.32894
2.32052
2.3113
2.30049
2.28885
2.27588
2.26239
2.24799
2.23328
2.21828
2.20276
2.18823
2.17251
2.15879
2.14405
2.13088
2.11789
2.10529
2.09403
2.08256
2.0725
2.06283
2.05408
2.04583
2.03897
2.0323
2.02702
2.02245
2.01897
2.01661
2.01546
2.01551
2.01582
2.01643
2.01796
2.02124
2.02515
2.02975
2.03492
2.04045
2.04598
2.05129
2.05605
2.06019
2.06357
2.0663
2.06844
2.06988
2.07115
2.07215
2.07302
2.07367
2.07425
2.07469
2.07558
2.07632
2.07664
2.07659
2.07695
2.07811
2.07954
2.08034
2.08055
2.08053
2.08031
2.0796
2.07782
2.0746
2.07056
2.066
2.06136
2.05699
2.05364
2.05149
2.05076
2.05097
2.05238
2.05641
2.06305
2.07037
2.07717
2.08379
2.08901
2.09361
2.09597
2.09832
2.09507
)
;

boundaryField
{
    inlet
    {
        type            fixedValue;
        value           uniform 1;
    }
    outlet
    {
        type            zeroGradient;
    }
    bottom
    {
        type            symmetryPlane;
    }
    top
    {
        type            symmetryPlane;
    }
    obstacle
    {
        type            zeroGradient;
    }
    defaultFaces
    {
        type            empty;
    }
}


// ************************************************************************* //
