/*--------------------------------*- C++ -*----------------------------------*\
| =========                 |                                                 |
| \\      /  F ield         | OpenFOAM: The Open Source CFD Toolbox           |
|  \\    /   O peration     | Version:  2412                                  |
|   \\  /    A nd           | Website:  www.openfoam.com                      |
|    \\/     M anipulation  |                                                 |
\*---------------------------------------------------------------------------*/
FoamFile
{
    version     2.0;
    format      ascii;
    arch        "LSB;label=32;scalar=64";
    class       volScalarField;
    location    "22.5";
    object      Ma;
}
// * * * * * * * * * * * * * * * * * * * * * * * * * * * * * * * * * * * * * //

dimensions      [0 0 0 0 0 0 0];

internalField   nonuniform List<scalar> 
7000
(
2.25601
0.99423
0.300564
0.338439
0.401064
0.442393
0.450601
0.446132
0.439777
0.434867
0.432021
0.429749
0.42715
0.424062
0.420591
0.416816
0.41275
0.408371
0.40366
0.398599
0.393178
0.38738
0.381194
0.374602
0.367589
0.360136
0.352227
0.343841
0.33496
0.325562
0.315628
0.305136
0.294066
0.282397
0.27011
0.257187
0.243613
0.229375
0.214467
0.198885
0.182635
0.165728
0.148191
0.130055
0.111369
0.0921936
0.0725916
0.0528476
0.0319235
0.0155246
2.25607
0.994291
0.300362
0.338274
0.400909
0.442245
0.450454
0.445987
0.439639
0.434736
0.431894
0.429626
0.42703
0.423946
0.42048
0.41671
0.412649
0.408276
0.403571
0.398518
0.393103
0.387314
0.381137
0.374554
0.367552
0.36011
0.352214
0.343841
0.334976
0.325594
0.315679
0.305207
0.294159
0.282514
0.270254
0.25736
0.243818
0.229616
0.214748
0.19921
0.183012
0.166166
0.148703
0.130661
0.112104
0.0931183
0.0738199
0.0546563
0.0351577
0.0220575
2.2562
0.994488
0.300494
0.338308
0.400939
0.442278
0.450487
0.446027
0.439696
0.434804
0.431977
0.429712
0.427128
0.42405
0.420597
0.416835
0.41279
0.408426
0.403739
0.398697
0.393304
0.387529
0.381376
0.374813
0.367838
0.360421
0.352558
0.344216
0.33539
0.326047
0.31618
0.305756
0.294766
0.283181
0.270992
0.258174
0.24472
0.230616
0.21586
0.200453
0.184405
0.167743
0.150501
0.132746
0.114566
0.0961176
0.0776346
0.0598404
0.0430414
0.0335726
2.25637
0.994794
0.300765
0.338386
0.40102
0.442378
0.45059
0.446144
0.439827
0.434963
0.432146
0.429901
0.427323
0.424268
0.420825
0.417089
0.413056
0.408723
0.404051
0.399043
0.393669
0.387935
0.381805
0.375289
0.368345
0.360983
0.353159
0.344883
0.336106
0.326841
0.317037
0.306706
0.295796
0.284324
0.272237
0.259555
0.246235
0.232298
0.217719
0.202525
0.186721
0.170348
0.153464
0.136149
0.118556
0.100897
0.0835513
0.0674581
0.0533033
0.0461809
2.25662
0.995225
0.301115
0.338455
0.401105
0.442499
0.45072
0.446295
0.439989
0.435167
0.43236
0.430148
0.427579
0.424558
0.42113
0.417433
0.413419
0.409127
0.404481
0.399519
0.394179
0.388496
0.382411
0.375953
0.369067
0.361771
0.35402
0.345821
0.337136
0.327962
0.318272
0.308049
0.297282
0.285941
0.274031
0.261512
0.248411
0.234685
0.220381
0.205467
0.190018
0.174039
0.157641
0.140922
0.124073
0.10741
0.0913726
0.0770299
0.0651089
0.0594948
2.25695
0.995797
0.301558
0.338527
0.401201
0.442644
0.450889
0.446465
0.440219
0.435402
0.432655
0.430441
0.427929
0.424909
0.421545
0.417852
0.413909
0.409627
0.405059
0.400115
0.394861
0.389206
0.383219
0.376801
0.370025
0.362787
0.355161
0.347041
0.338498
0.32943
0.319902
0.309821
0.29924
0.288084
0.276391
0.264113
0.251272
0.237854
0.223872
0.209362
0.194334
0.178895
0.163089
0.147118
0.131167
0.115613
0.100985
0.088298
0.0781884
0.0736203
2.25737
0.996524
0.302101
0.338602
0.401308
0.442822
0.451093
0.446697
0.44048
0.435713
0.432995
0.430825
0.428338
0.425368
0.422033
0.4184
0.41449
0.410278
0.405748
0.400886
0.395679
0.390122
0.384191
0.377892
0.371185
0.364089
0.35655
0.348599
0.340167
0.3313
0.321915
0.312071
0.301676
0.290798
0.279349
0.267397
0.254875
0.241847
0.228283
0.214248
0.199774
0.18494
0.169889
0.154752
0.139834
0.12548
0.112235
0.101079
0.0924452
0.0886257
2.25788
0.997415
0.302753
0.338683
0.401428
0.443032
0.451341
0.446978
0.440799
0.436088
0.433409
0.431288
0.42884
0.425922
0.422634
0.419061
0.415208
0.411063
0.406602
0.401817
0.396695
0.391228
0.385402
0.379207
0.372631
0.365656
0.358279
0.350472
0.342241
0.333547
0.324409
0.314775
0.304684
0.294068
0.282989
0.271369
0.259292
0.246694
0.233667
0.220193
0.206377
0.192284
0.17805
0.163897
0.150054
0.136959
0.125075
0.115264
0.107843
0.104623
2.2585
0.998485
0.303523
0.338771
0.401564
0.443278
0.451637
0.447307
0.441189
0.436529
0.433909
0.431834
0.429444
0.426579
0.423358
0.419846
0.416069
0.411997
0.407624
0.402928
0.397909
0.392549
0.386846
0.380783
0.374353
0.367541
0.360338
0.352732
0.344708
0.336262
0.327373
0.318047
0.308253
0.298018
0.287298
0.276152
0.264521
0.252504
0.240043
0.227277
0.21419
0.200958
0.187672
0.174548
0.161897
0.150029
0.139453
0.13089
0.124493
0.121716
2.25922
0.999744
0.30442
0.338869
0.401718
0.443567
0.451985
0.447708
0.441641
0.437061
0.434489
0.432488
0.430148
0.427363
0.424202
0.42078
0.417076
0.413106
0.408821
0.404243
0.399332
0.394111
0.388541
0.382641
0.376375
0.369758
0.362758
0.355385
0.347611
0.339446
0.330865
0.321878
0.312466
0.302639
0.292394
0.281739
0.270698
0.259277
0.247546
0.235514
0.223323
0.211002
0.198787
0.186795
0.175339
0.164785
0.15544
0.147991
0.142491
0.140146
2.26006
1.00121
0.305453
0.338977
0.401894
0.443899
0.452396
0.448164
0.44219
0.437668
0.435185
0.433236
0.430987
0.428263
0.425204
0.421856
0.418264
0.414384
0.410228
0.40576
0.401
0.395914
0.390521
0.384789
0.378733
0.372324
0.365573
0.358457
0.350983
0.343134
0.334914
0.326316
0.317341
0.307995
0.29828
0.288218
0.277818
0.267129
0.256174
0.24504
0.233782
0.222547
0.211439
0.200705
0.190518
0.181223
0.173165
0.166808
0.162135
0.160099
2.26102
1.00288
0.30663
0.339101
0.402094
0.444287
0.452872
0.448716
0.442812
0.438396
0.435974
0.434126
0.431941
0.429327
0.426344
0.423119
0.419618
0.415877
0.411833
0.407526
0.402902
0.398006
0.392782
0.387274
0.381426
0.375283
0.368791
0.361992
0.354837
0.347369
0.339544
0.331404
0.322916
0.314123
0.30501
0.295616
0.285958
0.276075
0.266029
0.25586
0.245698
0.2356
0.225772
0.216328
0.20754
0.199609
0.192764
0.18749
0.183631
0.182025
2.2621
1.00478
0.30796
0.339244
0.402324
0.444727
0.453425
0.449342
0.443555
0.439223
0.436906
0.435135
0.43306
0.430533
0.427673
0.424549
0.421189
0.417567
0.413686
0.409524
0.405092
0.400372
0.395377
0.390083
0.384509
0.378629
0.372464
0.365989
0.359228
0.352157
0.344807
0.337156
0.329243
0.321051
0.312633
0.303978
0.29516
0.286183
0.277142
0.268078
0.259098
0.250317
0.241832
0.233866
0.226515
0.220066
0.214646
0.210545
0.207569
0.206266
2.26331
1.0069
0.309444
0.339398
0.402596
0.445223
0.45406
0.450072
0.444404
0.440188
0.437967
0.436303
0.434329
0.431922
0.429176
0.426189
0.422961
0.419499
0.415773
0.411801
0.407555
0.403062
0.39829
0.39327
0.387967
0.382416
0.376582
0.370503
0.364147
0.357554
0.350701
0.343627
0.336325
0.328831
0.321162
0.313355
0.305451
0.2975
0.289566
0.281733
0.274079
0.266731
0.259806
0.253423
0.247781
0.24293
0.239023
0.236289
0.234367
0.233714
2.26464
1.00923
0.311083
0.339557
0.402922
0.445782
0.454789
0.450915
0.445381
0.441297
0.439181
0.437636
0.435774
0.4335
0.430883
0.428043
0.424966
0.421674
0.418129
0.414355
0.410329
0.406071
0.401567
0.396826
0.39185
0.386634
0.381197
0.375523
0.36965
0.363549
0.357283
0.35081
0.344218
0.337464
0.330652
0.323757
0.316886
0.310056
0.303366
0.296887
0.290718
0.284971
0.279766
0.275238
0.27148
0.268669
0.266695
0.265723
0.265192
0.265157
2.26611
1.01181
0.312886
0.339754
0.403286
0.446428
0.455633
0.451886
0.44653
0.442567
0.440587
0.43915
0.437433
0.43528
0.432826
0.430126
0.427234
0.424107
0.420779
0.417205
0.413434
0.40942
0.405219
0.400778
0.396162
0.391315
0.386308
0.381088
0.375727
0.370188
0.364532
0.358754
0.352897
0.346997
0.341077
0.335225
0.32945
0.323882
0.318545
0.313586
0.309076
0.305155
0.301927
0.299523
0.298082
0.297583
0.298079
0.299508
0.301153
0.302678
2.26769
1.0146
0.314847
0.339983
0.403706
0.447181
0.456615
0.45302
0.447866
0.444037
0.442198
0.440881
0.439314
0.4373
0.435014
0.432474
0.429772
0.426838
0.423729
0.42039
0.416877
0.41315
0.409255
0.405165
0.400913
0.396493
0.391925
0.387223
0.382395
0.377482
0.37248
0.367455
0.362405
0.357411
0.352494
0.347733
0.343201
0.33896
0.335151
0.331832
0.32918
0.327315
0.326394
0.326518
0.327918
0.330658
0.334524
0.339629
0.344729
0.348727
2.26937
1.0176
0.31695
0.340248
0.404194
0.448066
0.457765
0.454365
0.449411
0.44576
0.44404
0.442879
0.441442
0.439605
0.437465
0.435126
0.432595
0.429893
0.426992
0.423927
0.42067
0.417267
0.413687
0.409981
0.406118
0.402154
0.398064
0.393905
0.389667
0.385401
0.381125
0.37688
0.372721
0.36868
0.364852
0.361272
0.358066
0.35531
0.353124
0.351689
0.351064
0.35151
0.353203
0.356413
0.361332
0.368071
0.376903
0.387636
0.399371
0.409975
2.27114
1.02075
0.319174
0.340564
0.404775
0.449111
0.459123
0.455942
0.45122
0.447744
0.446156
0.445144
0.443858
0.442194
0.440231
0.438084
0.435762
0.433283
0.430635
0.427833
0.424882
0.421792
0.418582
0.415252
0.411836
0.408326
0.404774
0.401166
0.397573
0.393982
0.390481
0.387067
0.383838
0.380826
0.378124
0.375822
0.374001
0.372847
0.372426
0.372926
0.374591
0.377708
0.38263
0.389498
0.398925
0.411253
0.42695
0.44711
0.470993
0.4986
2.27296
1.02399
0.321454
0.340943
0.405484
0.450372
0.460767
0.45783
0.453395
0.450063
0.448622
0.447727
0.446613
0.445095
0.44333
0.441355
0.439262
0.436997
0.434621
0.432086
0.429458
0.426699
0.423873
0.42095
0.417989
0.414977
0.411966
0.408966
0.40602
0.403169
0.400447
0.397934
0.395654
0.393735
0.392208
0.391246
0.390887
0.391316
0.392701
0.395387
0.399593
0.40569
0.413895
0.425056
0.439623
0.459161
0.485086
0.520599
0.571931
0.664909
2.27504
1.02772
0.323984
0.341215
0.406282
0.45197
0.462919
0.460354
0.456268
0.453164
0.451881
0.451208
0.450309
0.449067
0.447548
0.445887
0.444081
0.442182
0.440153
0.438052
0.435844
0.433599
0.431281
0.428967
0.426622
0.424333
0.422068
0.419927
0.417887
0.416058
0.41444
0.413147
0.412219
0.411777
0.411919
0.412691
0.414253
0.417019
0.42121
0.426901
0.434593
0.444563
0.457835
0.474821
0.497608
0.527615
0.569598
0.631153
0.729831
0.881487
2.27725
1.0317
0.326994
0.342166
0.408012
0.454839
0.466508
0.464323
0.460556
0.457509
0.456269
0.455686
0.454948
0.453882
0.452583
0.451148
0.449624
0.448021
0.446353
0.444626
0.442866
0.441081
0.439307
0.437551
0.43586
0.43424
0.432758
0.431418
0.43031
0.429443
0.428935
0.428804
0.429168
0.43005
0.431687
0.434276
0.437989
0.442907
0.449472
0.457796
0.468596
0.482309
0.499816
0.522627
0.551797
0.59136
0.643918
0.718041
0.828988
0.967149
2.27853
1.03401
0.328866
0.343226
0.410176
0.458585
0.471233
0.469546
0.466106
0.463081
0.461876
0.461411
0.460838
0.459951
0.45884
0.457612
0.456322
0.454985
0.453617
0.452227
0.450842
0.449478
0.448169
0.446933
0.445811
0.44483
0.444039
0.443477
0.443207
0.443296
0.443754
0.444658
0.446243
0.448649
0.45187
0.456158
0.461593
0.468583
0.477199
0.488166
0.5015
0.518498
0.539216
0.565774
0.599049
0.641718
0.697377
0.767762
0.864177
0.967494
2.27969
1.03613
0.33218
0.346924
0.41504
0.464999
0.478243
0.476428
0.472638
0.469264
0.467985
0.467625
0.467214
0.466503
0.465598
0.4646
0.463595
0.462569
0.461557
0.460545
0.459582
0.458662
0.457839
0.457116
0.456551
0.456161
0.456016
0.456129
0.456546
0.457357
0.45873
0.460712
0.463361
0.46685
0.471243
0.476845
0.483684
0.492273
0.502623
0.515409
0.53089
0.549722
0.572843
0.600705
0.635329
0.677103
0.728933
0.790956
0.868878
0.949927
2.27613
1.02973
0.334321
0.356827
0.427463
0.479826
0.493329
0.49053
0.485528
0.48128
0.479622
0.479067
0.478494
0.477625
0.476565
0.475472
0.474408
0.473384
0.472408
0.471497
0.470671
0.469961
0.469383
0.468984
0.468789
0.468827
0.469098
0.469767
0.470846
0.472449
0.474544
0.477332
0.48078
0.485176
0.490486
0.497081
0.504982
0.514561
0.526089
0.539795
0.55636
0.575917
0.599485
0.627371
0.660597
0.70006
0.746342
0.800711
0.864217
0.928798
2.28205
1.02258
0.358774
0.382364
0.448483
0.498377
0.51029
0.506538
0.500796
0.496413
0.494711
0.494022
0.493323
0.492374
0.491308
0.490231
0.489199
0.488202
0.487265
0.486385
0.485608
0.484934
0.484421
0.484038
0.483908
0.484063
0.484609
0.485474
0.486865
0.488712
0.491263
0.494408
0.498493
0.503357
0.509468
0.516594
0.525362
0.535466
0.547714
0.56183
0.57865
0.598181
0.621064
0.647793
0.678653
0.714598
0.755569
0.802443
0.855637
0.909198
1.87634
0.772032
0.273292
0.34412
0.417746
0.441223
0.441133
0.437152
0.433509
0.433414
0.435589
0.438477
0.441478
0.444521
0.44766
0.450908
0.454227
0.45757
0.460908
0.464224
0.467499
0.470679
0.473822
0.476962
0.480155
0.483336
0.486627
0.489948
0.493571
0.49738
0.501682
0.506373
0.511807
0.517906
0.525028
0.533163
0.542614
0.553552
0.566091
0.580731
0.597307
0.616696
0.638465
0.663793
0.69207
0.724544
0.760531
0.801006
0.845815
0.890559
1.86891
0.77142
0.282194
0.355352
0.428329
0.447789
0.44332
0.435961
0.430303
0.428407
0.428319
0.428722
0.429322
0.430227
0.431574
0.433356
0.435614
0.438221
0.441298
0.444724
0.448609
0.452676
0.457153
0.461798
0.466831
0.471986
0.477525
0.483254
0.489346
0.495671
0.502403
0.509475
0.517035
0.525172
0.533969
0.543718
0.554319
0.566341
0.579533
0.594604
0.611252
0.630232
0.651273
0.675031
0.701369
0.730677
0.76299
0.798116
0.836519
0.874195
1.86795
0.770107
0.284327
0.365066
0.443615
0.463692
0.457509
0.448135
0.441128
0.438395
0.437496
0.436898
0.43631
0.435907
0.43582
0.43609
0.43672
0.437724
0.439256
0.44124
0.443728
0.446645
0.450163
0.454167
0.458799
0.463943
0.46967
0.475923
0.482714
0.490085
0.497961
0.50655
0.515638
0.525591
0.536011
0.547455
0.559513
0.572785
0.586954
0.602629
0.619556
0.638289
0.658706
0.681206
0.705741
0.732551
0.761592
0.792795
0.82641
0.858939
1.86943
0.773388
0.29012
0.367281
0.443686
0.464289
0.45907
0.450552
0.443973
0.441608
0.441133
0.440955
0.440738
0.440627
0.440712
0.441017
0.441605
0.442513
0.443701
0.445184
0.446987
0.449222
0.451862
0.455073
0.458759
0.463139
0.468052
0.473772
0.480045
0.487243
0.494988
0.503748
0.513053
0.523425
0.534436
0.54657
0.55948
0.57358
0.588576
0.604832
0.622194
0.640933
0.661019
0.682668
0.705851
0.730699
0.757147
0.785243
0.815032
0.843682
1.87254
0.780068
0.297802
0.361239
0.429062
0.450302
0.448019
0.441954
0.436345
0.43447
0.434507
0.435038
0.435625
0.43634
0.437232
0.438404
0.439864
0.441549
0.443419
0.445527
0.447871
0.450534
0.453492
0.456862
0.460599
0.464876
0.469592
0.475001
0.480928
0.4877
0.495079
0.503403
0.51244
0.522486
0.533355
0.545267
0.558091
0.572009
0.586947
0.603049
0.620275
0.638759
0.658404
0.679348
0.701468
0.724942
0.749552
0.775276
0.802292
0.82813
1.88112
0.786648
0.300052
0.349027
0.412192
0.441238
0.44421
0.439524
0.434372
0.43209
0.431845
0.432368
0.433087
0.434006
0.435103
0.436436
0.438032
0.439887
0.442001
0.444397
0.447072
0.450079
0.453389
0.457089
0.461126
0.465644
0.47055
0.476051
0.482011
0.488685
0.49593
0.503988
0.512755
0.522412
0.532898
0.544365
0.556741
0.57016
0.584555
0.600046
0.616561
0.634209
0.652909
0.672759
0.69366
0.715645
0.738569
0.762393
0.787211
0.810861
2.26311
1.10605
0.407225
0.39919
0.45937
0.508066
0.519358
0.514467
0.507544
0.501495
0.497979
0.495507
0.493395
0.491377
0.489349
0.487377
0.485652
0.484163
0.483015
0.482168
0.481739
0.48169
0.482144
0.483077
0.484558
0.486623
0.489307
0.492667
0.496708
0.501518
0.507076
0.513489
0.520733
0.528926
0.538021
0.548148
0.559236
0.571405
0.584579
0.598864
0.614154
0.630549
0.647925
0.666335
0.68569
0.70598
0.727106
0.748986
0.771699
0.793307
2.27253
1.12794
0.391701
0.377135
0.449999
0.510716
0.529116
0.528234
0.524011
0.520208
0.518766
0.51839
0.518374
0.518335
0.51792
0.517291
0.516619
0.51599
0.515422
0.514947
0.51458
0.514385
0.514383
0.514656
0.515238
0.516209
0.517605
0.519537
0.522001
0.525152
0.528939
0.533553
0.538912
0.545196
0.552335
0.560466
0.569561
0.579715
0.590913
0.603185
0.616558
0.630979
0.646477
0.662955
0.680384
0.698696
0.717798
0.737594
0.758152
0.777718
2.29745
1.17666
0.434281
0.384001
0.447096
0.503389
0.521868
0.522896
0.521071
0.519886
0.520305
0.521537
0.523332
0.525133
0.526541
0.527741
0.528865
0.530012
0.531161
0.532341
0.533528
0.534772
0.536065
0.537467
0.538981
0.540679
0.542576
0.544748
0.54724
0.550119
0.553452
0.557289
0.561731
0.566804
0.572632
0.579222
0.586694
0.595032
0.604338
0.614584
0.625817
0.638007
0.651183
0.665328
0.680415
0.696415
0.713229
0.730703
0.748926
0.766309
1.90075
0.805038
0.305824
0.31689
0.374005
0.41489
0.429172
0.432999
0.435822
0.439474
0.444406
0.450153
0.456591
0.463086
0.469264
0.475261
0.481227
0.48719
0.493135
0.49902
0.504844
0.510582
0.516257
0.521844
0.527381
0.532843
0.538299
0.543719
0.549197
0.554721
0.560365
0.566173
0.572209
0.578541
0.585219
0.592345
0.599943
0.608134
0.616907
0.626397
0.63656
0.647534
0.659229
0.671753
0.68499
0.698957
0.71359
0.728915
0.74493
0.760246
2.30596
1.1938
0.449624
0.386646
0.440669
0.492241
0.509242
0.509303
0.506157
0.50368
0.502422
0.502237
0.502692
0.503088
0.503412
0.503916
0.504741
0.506017
0.507713
0.509871
0.512445
0.515486
0.518948
0.522875
0.527188
0.531947
0.537032
0.542535
0.548295
0.554431
0.560816
0.567557
0.574536
0.581876
0.589468
0.597451
0.605741
0.614468
0.623573
0.633171
0.643229
0.653831
0.66496
0.676651
0.688911
0.701724
0.715096
0.728939
0.743341
0.757061
2.3112
1.20377
0.432924
0.369737
0.438378
0.500637
0.522091
0.523504
0.521285
0.519814
0.519942
0.521073
0.522803
0.524307
0.525332
0.526179
0.527013
0.527962
0.529037
0.530325
0.531834
0.533649
0.535756
0.538241
0.541089
0.544364
0.548059
0.552213
0.556826
0.56191
0.567466
0.57348
0.57996
0.586879
0.594271
0.602076
0.610346
0.619004
0.628131
0.637631
0.647608
0.657953
0.668789
0.679992
0.691683
0.703737
0.716249
0.729083
0.742364
0.754967
2.31392
1.2096
0.4371
0.371778
0.441505
0.50536
0.527737
0.529418
0.527254
0.525907
0.526379
0.527896
0.530166
0.532359
0.534078
0.535607
0.537134
0.538766
0.540497
0.542359
0.544347
0.546494
0.548815
0.551344
0.554112
0.557146
0.560487
0.564149
0.568184
0.572593
0.577433
0.582689
0.58842
0.594593
0.601262
0.608388
0.616014
0.624097
0.632665
0.641684
0.651162
0.661078
0.671419
0.682175
0.693308
0.704829
0.716669
0.728846
0.741349
0.753239
2.31691
1.21732
0.46347
0.387837
0.447103
0.506231
0.528791
0.532022
0.531144
0.530773
0.531666
0.533594
0.536133
0.538431
0.540457
0.542361
0.544319
0.54636
0.548538
0.550819
0.55325
0.555801
0.558526
0.561398
0.564475
0.567734
0.571237
0.574963
0.578976
0.583261
0.587879
0.592824
0.598145
0.603843
0.609947
0.616465
0.62341
0.630801
0.63863
0.64692
0.655638
0.664813
0.674396
0.684413
0.694801
0.705578
0.71667
0.728079
0.739822
0.750999
1.90563
0.81359
0.324724
0.323678
0.376479
0.414371
0.427259
0.430301
0.432592
0.435933
0.440704
0.446615
0.453342
0.46016
0.46687
0.47353
0.480264
0.487059
0.493924
0.500803
0.507701
0.51458
0.521456
0.528306
0.53515
0.541979
0.548818
0.555664
0.562543
0.569464
0.576446
0.583518
0.590692
0.59801
0.605478
0.613148
0.621015
0.629136
0.6375
0.646149
0.655073
0.6643
0.673813
0.683637
0.693747
0.704153
0.714829
0.725765
0.737011
0.747687
2.312
1.20863
0.464987
0.403508
0.466211
0.527396
0.549324
0.550252
0.546108
0.542276
0.540069
0.538697
0.538102
0.537706
0.536972
0.53625
0.535684
0.535531
0.535719
0.536407
0.53752
0.539133
0.541214
0.543803
0.546862
0.550419
0.554432
0.558928
0.563848
0.569217
0.574978
0.581139
0.587647
0.594514
0.601699
0.609208
0.617013
0.625116
0.633495
0.642161
0.651097
0.660311
0.669793
0.679539
0.689536
0.699772
0.710233
0.720897
0.731825
0.742188
2.29405
1.16961
0.460088
0.4227
0.485806
0.546203
0.566089
0.566128
0.562408
0.559171
0.558415
0.558818
0.559904
0.561168
0.56204
0.562679
0.56327
0.563928
0.564664
0.565487
0.566408
0.567472
0.568724
0.570208
0.571956
0.574014
0.576398
0.579141
0.582259
0.585774
0.589689
0.594027
0.598791
0.60399
0.609619
0.615678
0.622156
0.629045
0.636332
0.644001
0.652034
0.660413
0.669117
0.67813
0.687446
0.697032
0.706888
0.716975
0.727346
0.737199
1.88784
0.805076
0.340789
0.355368
0.406344
0.443123
0.452857
0.452686
0.45175
0.452602
0.455916
0.46054
0.46608
0.472145
0.478235
0.484356
0.490573
0.496894
0.50327
0.509658
0.51602
0.522346
0.528623
0.534853
0.541029
0.547163
0.553264
0.559355
0.565457
0.571601
0.577812
0.584112
0.590532
0.597093
0.603822
0.610736
0.617859
0.625201
0.632779
0.640596
0.648671
0.656998
0.66559
0.674426
0.683507
0.692821
0.702354
0.712094
0.722081
0.731575
1.87402
0.796329
0.339531
0.356663
0.398325
0.426966
0.43488
0.434834
0.433827
0.433315
0.434047
0.435681
0.438238
0.441446
0.444938
0.44877
0.453026
0.457744
0.462905
0.468488
0.474452
0.480775
0.487413
0.494342
0.501517
0.508915
0.516493
0.524232
0.532097
0.540074
0.548137
0.556298
0.564528
0.572849
0.581237
0.589723
0.59829
0.606968
0.615753
0.624651
0.633658
0.642794
0.652059
0.661465
0.67101
0.680703
0.69054
0.700514
0.710667
0.720279
1.88891
0.806051
0.345033
0.373653
0.430942
0.466896
0.473626
0.469572
0.46449
0.461387
0.460436
0.460406
0.460998
0.461962
0.463002
0.464175
0.465607
0.467367
0.469493
0.471996
0.474898
0.478209
0.481959
0.486141
0.490773
0.495838
0.501348
0.50727
0.513607
0.520323
0.527419
0.53485
0.542613
0.550666
0.558998
0.567566
0.576368
0.58536
0.594535
0.603882
0.613396
0.623054
0.632853
0.64277
0.652809
0.662949
0.673196
0.683528
0.694012
0.703906
2.34073
1.12431
0.469049
0.447576
0.513141
0.574883
0.595501
0.594892
0.589594
0.58429
0.58128
0.57937
0.577805
0.576434
0.57488
0.573147
0.571374
0.569661
0.568051
0.566573
0.56525
0.564118
0.563203
0.562554
0.562199
0.562189
0.562539
0.563312
0.564498
0.566137
0.568257
0.570867
0.573992
0.577612
0.581755
0.586389
0.591532
0.597147
0.603244
0.609775
0.616742
0.624098
0.631827
0.639921
0.648335
0.657054
0.666038
0.675275
0.684772
0.69383
1.88937
0.807241
0.346168
0.363475
0.415824
0.456084
0.468555
0.46956
0.469011
0.46899
0.471277
0.474795
0.479002
0.483736
0.48856
0.493372
0.498212
0.503141
0.508116
0.513127
0.518117
0.523094
0.528019
0.532918
0.53776
0.542583
0.547363
0.55214
0.556918
0.561725
0.566569
0.571485
0.57647
0.581577
0.586805
0.592206
0.597771
0.603553
0.609533
0.615769
0.622231
0.628968
0.635954
0.643199
0.650692
0.658444
0.666436
0.674664
0.683147
0.691253
1.8891
0.807388
0.34748
0.364542
0.416097
0.454588
0.465037
0.463973
0.461098
0.458538
0.458072
0.458913
0.460499
0.462705
0.465125
0.467715
0.470583
0.473811
0.477404
0.481347
0.485613
0.490185
0.495041
0.500162
0.505529
0.511114
0.516899
0.522858
0.528975
0.535246
0.541649
0.548183
0.554834
0.561595
0.568461
0.575426
0.582493
0.589663
0.59694
0.604324
0.611825
0.619439
0.627178
0.635037
0.643034
0.651158
0.659423
0.667815
0.676381
0.684515
2.34276
1.12799
0.472731
0.449641
0.516395
0.580635
0.603084
0.603187
0.598107
0.593038
0.590256
0.5887
0.587573
0.586722
0.585719
0.584554
0.583329
0.582204
0.581167
0.580309
0.57957
0.57906
0.578715
0.578655
0.578813
0.579294
0.580058
0.581146
0.582573
0.584348
0.586478
0.588962
0.591802
0.594994
0.59854
0.602436
0.606678
0.611256
0.616162
0.621389
0.626921
0.632751
0.638862
0.645247
0.651887
0.658778
0.665899
0.673242
0.680812
0.688053
1.88982
0.808783
0.353439
0.381417
0.439688
0.479637
0.489595
0.487914
0.484869
0.483484
0.48491
0.487585
0.490933
0.494767
0.498667
0.502617
0.50668
0.510908
0.515271
0.519754
0.524315
0.528949
0.533631
0.538362
0.543132
0.547936
0.552777
0.557654
0.562579
0.567553
0.572586
0.577693
0.582873
0.58815
0.593521
0.599007
0.604607
0.610338
0.616197
0.622199
0.628349
0.634654
0.641119
0.647744
0.654533
0.661488
0.668607
0.675879
0.683334
0.690433
1.87526
0.799752
0.351165
0.378106
0.427536
0.459447
0.467096
0.465966
0.464285
0.463571
0.464098
0.465296
0.467196
0.469481
0.471832
0.474314
0.477021
0.480005
0.483272
0.486822
0.490643
0.49473
0.499072
0.503664
0.508494
0.513552
0.518825
0.524299
0.529963
0.535802
0.541806
0.547955
0.554257
0.560689
0.567259
0.573945
0.58076
0.587686
0.594735
0.601891
0.609162
0.616532
0.624014
0.631593
0.639283
0.647067
0.654961
0.66295
0.671082
0.678782
1.87423
0.799385
0.351688
0.375353
0.422433
0.454101
0.462315
0.461853
0.460736
0.460117
0.460386
0.461211
0.462694
0.46453
0.466377
0.468279
0.470335
0.472591
0.475064
0.477754
0.48067
0.483817
0.487205
0.490833
0.494709
0.498831
0.503203
0.507821
0.512688
0.517796
0.523148
0.528735
0.534554
0.540594
0.546851
0.553311
0.559971
0.566814
0.573841
0.581037
0.588401
0.595923
0.6036
0.611417
0.619369
0.627445
0.635652
0.643982
0.652469
0.660526
1.88906
0.809115
0.354865
0.362662
0.413297
0.452095
0.463037
0.462624
0.460835
0.459588
0.459624
0.460435
0.461974
0.463877
0.465705
0.467512
0.469429
0.471521
0.473806
0.476281
0.478947
0.481805
0.484861
0.488117
0.491577
0.495242
0.499118
0.503204
0.507505
0.512021
0.516755
0.521706
0.526876
0.532264
0.537869
0.543688
0.54972
0.555962
0.562411
0.569061
0.575907
0.582942
0.590158
0.597552
0.605124
0.612867
0.62077
0.628823
0.637047
0.64487
2.31233
1.20467
0.485433
0.431481
0.492577
0.556807
0.582796
0.58629
0.583626
0.580894
0.579606
0.579291
0.57978
0.58061
0.581149
0.581439
0.581672
0.581954
0.582331
0.582798
0.583364
0.584028
0.584805
0.5857
0.58673
0.587899
0.589222
0.590703
0.592358
0.594189
0.596212
0.598428
0.600852
0.603484
0.606338
0.609413
0.612721
0.616258
0.620038
0.624053
0.628314
0.632812
0.637557
0.642538
0.647764
0.653218
0.658902
0.664795
0.670926
0.67682
2.32254
1.22877
0.466114
0.405371
0.481445
0.557506
0.588673
0.593352
0.590719
0.587857
0.586869
0.587322
0.588612
0.590427
0.592109
0.593506
0.594837
0.59625
0.597803
0.599483
0.601286
0.603197
0.605226
0.607366
0.609628
0.612005
0.614508
0.61713
0.619882
0.622757
0.625767
0.628906
0.632185
0.635599
0.63916
0.642861
0.646715
0.650715
0.654875
0.659187
0.663663
0.668297
0.673101
0.678068
0.683207
0.688506
0.693973
0.699594
0.705393
0.710932
2.31274
1.20618
0.486683
0.432545
0.494355
0.559813
0.586875
0.591025
0.588974
0.586862
0.586292
0.586949
0.588458
0.590448
0.592247
0.59384
0.595414
0.597097
0.598925
0.6009
0.603009
0.605254
0.607631
0.610149
0.612805
0.615606
0.618549
0.621639
0.624873
0.628257
0.631786
0.635466
0.639292
0.643271
0.647396
0.651675
0.6561
0.660679
0.665403
0.670283
0.675307
0.680485
0.685806
0.691281
0.696897
0.702664
0.708568
0.71462
0.720827
0.726766
1.88895
0.809181
0.356069
0.364308
0.416387
0.457006
0.469105
0.469123
0.467537
0.466522
0.467167
0.468793
0.471275
0.474231
0.477165
0.480131
0.483239
0.486567
0.490111
0.493872
0.497826
0.501981
0.506316
0.510842
0.515541
0.520423
0.525467
0.530685
0.536055
0.54159
0.547268
0.553102
0.559071
0.565188
0.571431
0.577815
0.584317
0.590953
0.597702
0.604578
0.611561
0.618666
0.625872
0.633195
0.640611
0.64814
0.655761
0.663495
0.671357
0.678845
1.87422
0.800021
0.355303
0.380477
0.428586
0.460133
0.467653
0.466486
0.464745
0.463863
0.46408
0.464932
0.466473
0.468354
0.470186
0.472037
0.474002
0.47614
0.478452
0.480946
0.48361
0.48646
0.489488
0.492707
0.496111
0.499711
0.5035
0.50749
0.511671
0.516054
0.520628
0.525405
0.530371
0.535538
0.540892
0.546443
0.552176
0.558101
0.564203
0.57049
0.576947
0.583581
0.590377
0.59734
0.604456
0.61173
0.619147
0.626714
0.63444
0.641802
1.87704
0.803106
0.359377
0.395145
0.451556
0.484559
0.490481
0.486949
0.482765
0.480818
0.480807
0.481603
0.483014
0.484679
0.486276
0.487898
0.489642
0.491554
0.493629
0.495867
0.498258
0.500812
0.503524
0.506404
0.509446
0.512661
0.516043
0.5196
0.523328
0.527234
0.531313
0.535573
0.540007
0.544623
0.549414
0.554387
0.559533
0.564861
0.570361
0.576039
0.581887
0.587909
0.594098
0.600456
0.606974
0.613655
0.620489
0.627475
0.63462
0.641432
1.19157
1.04893
0.497614
0.190566
0.0107299
0.108711
0.160168
0.20852
0.230126
0.234498
0.22282
0.211363
0.201046
0.191511
0.179475
0.165021
0.147689
0.127756
0.105935
0.0827922
0.0589696
0.0352581
0.0158664
0.0232608
0.0469943
0.0712875
0.0954377
0.119141
0.142462
0.165365
0.187868
0.209943
0.231581
0.252723
0.272734
0.291837
0.311376
0.33175
0.351715
0.370882
0.389396
0.407392
0.424912
0.441964
0.458539
0.474635
0.490244
0.505364
0.519987
0.53411
0.547719
0.560808
0.573361
0.585365
0.596797
0.607641
0.617867
0.627456
0.636371
0.644589
0.652072
0.658792
0.664713
0.66981
0.674053
0.677431
0.679931
0.68157
0.682358
0.682541
0.682371
0.681824
0.680513
0.678029
0.674664
0.671066
0.667399
0.663688
0.66001
0.656436
0.653077
0.649997
0.647274
0.644933
0.643015
0.641511
0.640431
0.63974
0.639424
0.639406
0.639574
0.63992
0.640565
0.641666
0.64306
0.644583
0.646137
0.647812
0.649454
0.654229
1.12194
1.03605
0.806201
0.54927
0.502308
0.431302
0.381353
0.340594
0.3103
0.29174
0.260407
0.230155
0.210585
0.208845
0.215981
0.226536
0.238996
0.252914
0.268045
0.283904
0.300284
0.316758
0.333085
0.349261
0.365996
0.382982
0.400147
0.417248
0.434347
0.45128
0.468134
0.484764
0.501263
0.517498
0.533157
0.548074
0.563074
0.578794
0.59466
0.609885
0.624606
0.638978
0.65306
0.666836
0.680293
0.69341
0.706184
0.718597
0.730648
0.742319
0.753606
0.764487
0.774954
0.784983
0.79456
0.803656
0.812254
0.820321
0.827835
0.834761
0.841073
0.846736
0.851725
0.856005
0.859558
0.862361
0.864412
0.865704
0.866278
0.866299
0.866011
0.865357
0.864024
0.861662
0.85846
0.854996
0.851454
0.847896
0.844388
0.841003
0.837828
0.834936
0.832386
0.830216
0.828446
0.82708
0.826114
0.825523
0.825302
0.825337
0.82552
0.825864
0.826439
0.827414
0.828631
0.829979
0.831305
0.832724
0.833918
0.837718
1.07465
1.07551
1.0081
0.899692
0.831197
0.780945
0.745018
0.714923
0.690104
0.672014
0.656925
0.642598
0.632599
0.627473
0.625956
0.626218
0.62773
0.630144
0.633533
0.637806
0.642925
0.648702
0.655066
0.661901
0.669457
0.677618
0.686387
0.695542
0.705112
0.714914
0.725025
0.735273
0.745762
0.756307
0.766692
0.776634
0.786706
0.797486
0.808851
0.819945
0.830753
0.84137
0.851887
0.862282
0.872559
0.882668
0.892612
0.902348
0.911884
0.921178
0.930239
0.939021
0.947529
0.955717
0.963585
0.971085
0.978212
0.984917
0.991193
0.996985
1.00229
1.00704
1.01125
1.01485
1.01784
1.02017
1.02187
1.02289
1.02325
1.02314
1.0228
1.02212
1.02082
1.01864
1.01569
1.01246
1.00912
1.00578
1.00251
0.999379
0.996454
0.99381
0.991486
0.989527
0.987938
0.986734
0.985895
0.985411
0.98526
0.985324
0.985493
0.985804
0.98631
0.987164
0.988207
0.989381
0.990493
0.991668
0.992451
0.995516
1.04738
1.08421
1.08319
1.04979
1.00815
0.979443
0.961083
0.947312
0.935058
0.923951
0.915065
0.907344
0.900398
0.895227
0.892635
0.89135
0.890341
0.889305
0.88832
0.88753
0.887078
0.887024
0.887386
0.888312
0.889836
0.891998
0.894841
0.898261
0.902251
0.90671
0.911661
0.91701
0.922808
0.928903
0.935045
0.941026
0.947233
0.954155
0.961863
0.969729
0.977518
0.985233
0.992978
1.00073
1.00853
1.0163
1.02406
1.03174
1.03936
1.04684
1.05423
1.06143
1.06848
1.0753
1.08192
1.08825
1.09431
1.10003
1.10543
1.11041
1.11501
1.11913
1.12279
1.12592
1.12854
1.13056
1.13201
1.13285
1.13306
1.13288
1.1325
1.13181
1.13052
1.12849
1.12581
1.12282
1.11967
1.11653
1.11344
1.11053
1.10782
1.10539
1.10326
1.10149
1.10005
1.09899
1.09825
1.09786
1.09776
1.09784
1.09799
1.09826
1.09873
1.0995
1.1004
1.10143
1.10238
1.10337
1.10387
1.10649
1.02105
1.06893
1.09379
1.09723
1.08815
1.08051
1.07674
1.07515
1.0735
1.07077
1.06708
1.06411
1.06193
1.059
1.0555
1.05266
1.04993
1.04698
1.04377
1.04041
1.03705
1.03387
1.03099
1.02856
1.02665
1.0254
1.0248
1.02488
1.02565
1.02698
1.02892
1.03139
1.03445
1.03791
1.04153
1.04514
1.04907
1.05374
1.05926
1.06516
1.07118
1.07724
1.08339
1.08962
1.09596
1.10236
1.10883
1.11531
1.1218
1.12824
1.13464
1.14094
1.14714
1.15318
1.15906
1.16473
1.17017
1.17534
1.18022
1.18475
1.18893
1.19269
1.19603
1.19889
1.20127
1.2031
1.20442
1.20508
1.20519
1.20499
1.20461
1.20389
1.2026
1.20065
1.19821
1.19543
1.19245
1.18944
1.1865
1.18374
1.18118
1.17892
1.17694
1.1753
1.17399
1.17302
1.17237
1.17205
1.17198
1.17206
1.17221
1.17249
1.17296
1.1737
1.1745
1.17547
1.17632
1.17719
1.17754
1.17998
0.99069
1.04432
1.08048
1.10362
1.11576
1.12353
1.13042
1.13736
1.14329
1.14759
1.14978
1.15009
1.14961
1.1492
1.14782
1.14509
1.14175
1.13814
1.13443
1.1303
1.12606
1.12165
1.11747
1.11346
1.10999
1.10698
1.1047
1.103
1.10208
1.10171
1.10206
1.103
1.10458
1.10661
1.10881
1.11111
1.11378
1.1172
1.12146
1.12617
1.13116
1.13631
1.14157
1.14696
1.15246
1.15807
1.16377
1.16954
1.17536
1.18118
1.18699
1.19275
1.19844
1.20401
1.20945
1.21471
1.21978
1.2246
1.22915
1.2334
1.23731
1.24084
1.24397
1.24664
1.24886
1.25056
1.25172
1.25224
1.25227
1.25208
1.25168
1.25093
1.24961
1.24771
1.24539
1.24276
1.23992
1.23703
1.23419
1.23153
1.22908
1.22691
1.22503
1.22348
1.22226
1.22136
1.22076
1.22048
1.22044
1.22052
1.22067
1.22099
1.22147
1.2222
1.22295
1.22388
1.22467
1.22547
1.22573
1.22808
0.961103
1.01297
1.05596
1.08904
1.11387
1.13238
1.14759
1.16081
1.17241
1.18182
1.18891
1.19344
1.19587
1.19656
1.19668
1.19601
1.19377
1.19038
1.18657
1.1824
1.17793
1.1733
1.16864
1.1641
1.15985
1.15603
1.1528
1.15017
1.14824
1.14694
1.14634
1.14634
1.14707
1.14824
1.14957
1.15106
1.15297
1.15563
1.15908
1.16304
1.16735
1.17191
1.17663
1.18149
1.18648
1.19159
1.1968
1.20211
1.20749
1.21291
1.21833
1.22374
1.22908
1.23435
1.23948
1.24447
1.24927
1.25386
1.25818
1.26222
1.26593
1.26929
1.27225
1.27479
1.27686
1.27842
1.27945
1.27985
1.27981
1.27962
1.27921
1.27839
1.27701
1.27512
1.27287
1.27034
1.26762
1.26482
1.26208
1.25949
1.25711
1.25501
1.25321
1.25172
1.25054
1.24967
1.2491
1.24885
1.24884
1.24892
1.24908
1.24943
1.24993
1.25066
1.25139
1.25229
1.25304
1.25379
1.254
1.2563
0.935023
0.982724
1.02657
1.06454
1.09595
1.12135
1.14282
1.16115
1.177
1.19031
1.20115
1.20915
1.21468
1.2178
1.21925
1.21956
1.21938
1.21787
1.21491
1.21103
1.20675
1.20238
1.19785
1.19337
1.189
1.18497
1.18135
1.17832
1.17587
1.1741
1.17297
1.17251
1.17275
1.17346
1.1743
1.17534
1.17685
1.1791
1.18209
1.18559
1.18949
1.19369
1.19809
1.20266
1.20736
1.21218
1.21711
1.22215
1.22726
1.23242
1.2376
1.24277
1.24789
1.25294
1.25788
1.26267
1.26728
1.27168
1.27583
1.2797
1.28325
1.28645
1.28926
1.29164
1.29355
1.29498
1.29586
1.29615
1.29607
1.29586
1.29541
1.2945
1.29304
1.29114
1.28894
1.28649
1.28388
1.2812
1.27856
1.27604
1.27373
1.27167
1.26989
1.26843
1.26727
1.26642
1.26587
1.26565
1.26565
1.26573
1.2659
1.26627
1.26679
1.26753
1.26826
1.26914
1.26986
1.27057
1.27075
1.27302
0.911739
0.95536
0.997653
1.03722
1.07191
1.10187
1.12713
1.14897
1.16789
1.18427
1.19789
1.20893
1.21716
1.22302
1.22657
1.22856
1.22926
1.22935
1.22846
1.22613
1.22257
1.21869
1.21452
1.21038
1.20625
1.20241
1.19881
1.19573
1.19309
1.19114
1.18975
1.18907
1.18905
1.1895
1.19007
1.19087
1.19218
1.19422
1.19695
1.20017
1.2038
1.20774
1.21194
1.21631
1.22084
1.22549
1.23025
1.2351
1.24003
1.24501
1.25001
1.25499
1.25994
1.26482
1.26958
1.2742
1.27864
1.28287
1.28686
1.29056
1.29394
1.29697
1.29961
1.30182
1.30359
1.30486
1.3056
1.30579
1.30569
1.30545
1.30492
1.30391
1.30237
1.30049
1.29832
1.29595
1.29345
1.29089
1.28836
1.28594
1.2837
1.28169
1.27996
1.27851
1.27737
1.27654
1.276
1.27579
1.2758
1.27588
1.27606
1.27644
1.27697
1.27772
1.27844
1.27931
1.28001
1.28069
1.28083
1.2831
0.890175
0.929801
0.969849
1.00894
1.045
1.07713
1.10531
1.12987
1.15135
1.16996
1.18591
1.19923
1.21
1.21826
1.22421
1.22816
1.23061
1.23165
1.23187
1.23148
1.23001
1.22734
1.22377
1.22005
1.21634
1.21282
1.20949
1.20654
1.20399
1.20201
1.20056
1.19978
1.19964
1.19991
1.20032
1.20099
1.2022
1.20412
1.20666
1.20966
1.21305
1.21676
1.22075
1.22494
1.2293
1.23379
1.23839
1.24308
1.24784
1.25265
1.25747
1.26229
1.26706
1.27176
1.27636
1.2808
1.28508
1.28914
1.29294
1.29646
1.29967
1.30252
1.30498
1.30703
1.30863
1.30976
1.31033
1.31043
1.31031
1.31003
1.30942
1.30832
1.30673
1.30484
1.30273
1.30044
1.29807
1.29565
1.29326
1.29096
1.28882
1.28688
1.28519
1.28377
1.28264
1.28181
1.28127
1.28107
1.28108
1.28115
1.28132
1.2817
1.28223
1.28298
1.2837
1.28455
1.28523
1.28587
1.28598
1.28825
0.870044
0.906463
0.944222
0.982165
1.01825
1.05136
1.08103
1.10739
1.13063
1.15111
1.16891
1.18424
1.19707
1.20759
1.21571
1.22181
1.22609
1.22893
1.23044
1.23101
1.23083
1.22997
1.22799
1.22511
1.22198
1.21881
1.2158
1.21305
1.21066
1.20872
1.20727
1.2064
1.20612
1.2062
1.20643
1.20697
1.20806
1.20986
1.21223
1.21501
1.21818
1.22167
1.22546
1.22947
1.23369
1.23805
1.24252
1.24708
1.25171
1.25637
1.26105
1.2657
1.27032
1.27485
1.27928
1.28356
1.28765
1.29152
1.29514
1.29847
1.30149
1.30414
1.30642
1.30829
1.30971
1.31066
1.31107
1.31108
1.31095
1.31063
1.30994
1.30874
1.30712
1.30524
1.3032
1.30103
1.29881
1.29656
1.29434
1.2922
1.29018
1.28834
1.28671
1.28533
1.28422
1.2834
1.28287
1.28265
1.28265
1.28272
1.28289
1.28325
1.28377
1.2845
1.28521
1.28604
1.2867
1.28731
1.2874
1.28967
0.849314
0.883326
0.919193
0.955935
0.991635
1.02507
1.05562
1.08317
1.10781
1.12972
1.1491
1.16604
1.18067
1.193
1.20323
1.21129
1.21751
1.22207
1.22525
1.22723
1.22814
1.22821
1.22774
1.22645
1.22434
1.22166
1.21892
1.21632
1.21408
1.2122
1.2108
1.2099
1.20956
1.20948
1.20962
1.2101
1.21116
1.21291
1.21515
1.21777
1.22076
1.22406
1.22768
1.23154
1.23563
1.23986
1.24422
1.24866
1.25316
1.25768
1.26222
1.26672
1.27118
1.27554
1.2798
1.28388
1.28779
1.29147
1.2949
1.29802
1.30085
1.3033
1.30539
1.30706
1.3083
1.30906
1.30933
1.30929
1.30913
1.30875
1.30796
1.30668
1.30506
1.30324
1.3013
1.29928
1.29722
1.29516
1.29312
1.29114
1.28926
1.28753
1.28598
1.28466
1.28358
1.28277
1.28223
1.282
1.28198
1.28204
1.2822
1.28254
1.28303
1.28373
1.28442
1.28522
1.28586
1.28643
1.2865
1.28879
0.828659
0.860381
0.894361
0.929678
0.964589
0.997804
1.02869
1.05693
1.08256
1.1056
1.12626
1.14458
1.16074
1.17472
1.18671
1.19659
1.20461
1.21088
1.21568
1.21912
1.22143
1.22272
1.22307
1.2228
1.22205
1.22056
1.21855
1.21631
1.21421
1.21247
1.21111
1.21027
1.20985
1.2097
1.2097
1.21019
1.21125
1.2129
1.21501
1.21744
1.22025
1.22337
1.22683
1.23053
1.23447
1.23856
1.24281
1.24712
1.2515
1.25589
1.26028
1.26462
1.26893
1.27311
1.27718
1.28107
1.28479
1.28825
1.29148
1.2944
1.29701
1.29924
1.30112
1.30257
1.30362
1.30417
1.30434
1.30427
1.30406
1.30359
1.30268
1.30135
1.29977
1.29805
1.29624
1.29439
1.29251
1.29064
1.28879
1.28699
1.28527
1.28366
1.28221
1.28096
1.27992
1.27913
1.27858
1.27833
1.27828
1.27834
1.27847
1.27877
1.27923
1.2799
1.28055
1.28133
1.28193
1.28247
1.28252
1.28482
0.810025
0.839366
0.871254
0.904816
0.938456
0.970922
1.00157
1.02999
1.05613
1.07994
1.10154
1.12097
1.13837
1.15375
1.16725
1.17877
1.18845
1.19639
1.20279
1.20776
1.2115
1.21411
1.21577
1.21655
1.21665
1.21617
1.21531
1.21395
1.21231
1.21072
1.20951
1.2087
1.20837
1.20815
1.20826
1.20888
1.21004
1.21173
1.21379
1.21619
1.21893
1.222
1.22537
1.229
1.23286
1.23688
1.24103
1.24525
1.24953
1.2538
1.25806
1.26225
1.26638
1.27037
1.27423
1.27791
1.28139
1.28463
1.2876
1.29027
1.29262
1.2946
1.29622
1.29744
1.29825
1.29859
1.29864
1.29854
1.29827
1.29768
1.29666
1.29531
1.29381
1.29222
1.29058
1.28893
1.28726
1.2856
1.28395
1.28234
1.2808
1.27935
1.27803
1.27688
1.2759
1.27515
1.27461
1.27434
1.27428
1.27432
1.27443
1.2747
1.27511
1.27573
1.27634
1.27707
1.27763
1.27813
1.27815
1.28045
0.795344
0.822065
0.851536
0.882954
0.91483
0.94601
0.975825
1.00388
1.03
1.05413
1.07627
1.09648
1.1148
1.13128
1.14598
1.15897
1.17018
1.17972
1.18769
1.19424
1.19949
1.20358
1.20662
1.20875
1.21006
1.21068
1.21079
1.21049
1.20996
1.20925
1.20846
1.20807
1.20793
1.208
1.20837
1.20923
1.21059
1.21231
1.21438
1.21678
1.2195
1.22253
1.22584
1.2294
1.23316
1.23708
1.24112
1.24524
1.24938
1.25352
1.25762
1.26165
1.26557
1.26936
1.27298
1.27643
1.27965
1.28263
1.28533
1.28772
1.28979
1.29151
1.29285
1.29381
1.29437
1.29454
1.2945
1.29435
1.29399
1.29325
1.29213
1.29084
1.28946
1.28805
1.28661
1.28517
1.28372
1.28227
1.28085
1.27945
1.27811
1.27684
1.27567
1.27464
1.27375
1.27305
1.27254
1.27225
1.27217
1.2722
1.27229
1.2725
1.27286
1.27342
1.27399
1.27466
1.27518
1.27562
1.27561
1.27791
0.786024
0.810083
0.836982
0.866065
0.895909
0.925483
0.954094
0.981374
1.00708
1.03112
1.05345
1.07409
1.09305
1.11039
1.12611
1.1403
1.15286
1.16387
1.17337
1.1815
1.18831
1.19396
1.1985
1.2021
1.2048
1.20676
1.20805
1.20885
1.20923
1.20931
1.20922
1.2092
1.2093
1.20965
1.2103
1.2113
1.21267
1.21439
1.21645
1.21882
1.22151
1.22447
1.2277
1.23114
1.23479
1.23858
1.24248
1.24644
1.25044
1.2544
1.25832
1.26214
1.26585
1.2694
1.27279
1.27597
1.27893
1.28162
1.28403
1.28613
1.28791
1.28933
1.2904
1.29109
1.29141
1.29144
1.29136
1.29112
1.2906
1.28972
1.2886
1.28741
1.2862
1.28498
1.28375
1.28252
1.28129
1.28007
1.27886
1.27767
1.27653
1.27545
1.27445
1.27355
1.27276
1.27212
1.27163
1.27133
1.27123
1.27125
1.27131
1.27147
1.27176
1.27226
1.27277
1.27338
1.27384
1.27422
1.27417
1.27648
0.7802
0.801942
0.826504
0.853347
0.881212
0.909119
0.93644
0.962767
0.987878
1.01161
1.03393
1.05477
1.07418
1.09212
1.10866
1.12381
1.13753
1.1498
1.1607
1.17024
1.17852
1.18559
1.19157
1.19653
1.20058
1.20379
1.20624
1.20807
1.20941
1.21032
1.21096
1.21147
1.212
1.21266
1.21353
1.21466
1.21608
1.21782
1.21988
1.22224
1.22487
1.22776
1.23088
1.23422
1.23772
1.24137
1.2451
1.2489
1.2527
1.25648
1.26018
1.26378
1.26724
1.27055
1.27365
1.27655
1.2792
1.28159
1.28368
1.28547
1.28692
1.28805
1.28881
1.28924
1.28935
1.2893
1.28914
1.28875
1.28804
1.28707
1.28604
1.285
1.28397
1.28295
1.28193
1.28091
1.2799
1.27889
1.2779
1.27693
1.276
1.27511
1.27428
1.27352
1.27284
1.27227
1.27182
1.27152
1.27139
1.27139
1.27143
1.27155
1.27177
1.27218
1.27263
1.27317
1.27356
1.27387
1.27378
1.27609
0.77617
0.796171
0.818826
0.843728
0.869766
0.896058
0.922042
0.947326
0.971686
0.994959
1.01706
1.03794
1.05757
1.07595
1.09309
1.109
1.12365
1.13701
1.14908
1.1599
1.16951
1.17795
1.18531
1.19162
1.19697
1.2014
1.20504
1.20795
1.21028
1.21205
1.21346
1.21459
1.21562
1.21663
1.21776
1.21905
1.22058
1.22235
1.22441
1.22672
1.2293
1.2321
1.23512
1.23831
1.24167
1.24513
1.2487
1.25228
1.25589
1.25943
1.26291
1.26625
1.26947
1.27248
1.27532
1.2779
1.28025
1.2823
1.28408
1.28552
1.28666
1.28745
1.28795
1.28809
1.28807
1.28794
1.28763
1.28702
1.28615
1.28524
1.28434
1.28347
1.28262
1.2818
1.28098
1.28017
1.27937
1.27858
1.27781
1.27706
1.27634
1.27566
1.275
1.27438
1.27382
1.27333
1.27292
1.27263
1.27248
1.27246
1.27249
1.27257
1.27273
1.27305
1.27342
1.27387
1.27419
1.27442
1.27428
1.27661
0.773158
0.791838
0.813031
0.836407
0.86096
0.885904
0.910687
0.935001
0.958598
0.981355
1.00314
1.02393
1.04366
1.06232
1.0799
1.09639
1.11179
1.12605
1.13912
1.15106
1.16183
1.17152
1.18009
1.18766
1.19422
1.19989
1.20467
1.20869
1.21199
1.21471
1.2169
1.21874
1.22029
1.22174
1.22314
1.22464
1.22626
1.2281
1.23012
1.2324
1.23487
1.23758
1.24045
1.2435
1.24667
1.24996
1.25329
1.25668
1.26002
1.26334
1.26654
1.26963
1.27254
1.27528
1.27779
1.28008
1.28208
1.28382
1.28523
1.28636
1.28715
1.28766
1.28783
1.28782
1.28771
1.28741
1.28683
1.28602
1.28519
1.28439
1.28364
1.28294
1.28227
1.28163
1.28101
1.2804
1.27981
1.27924
1.27869
1.27817
1.27767
1.27718
1.27669
1.27623
1.27578
1.27537
1.27502
1.27475
1.27458
1.27453
1.27455
1.2746
1.2747
1.27492
1.27521
1.27558
1.27581
1.27597
1.27579
1.27811
0.769811
0.787592
0.807738
0.829956
0.853336
0.877161
0.900978
0.92445
0.947398
0.969656
0.991151
1.01179
1.03156
1.05039
1.06831
1.08525
1.10127
1.11623
1.13017
1.14303
1.15483
1.16557
1.17528
1.18397
1.19171
1.19848
1.20439
1.20943
1.21374
1.21735
1.22035
1.22283
1.22495
1.2268
1.22853
1.2302
1.23194
1.23378
1.23579
1.23796
1.24034
1.24289
1.24561
1.24846
1.25145
1.2545
1.25761
1.26073
1.26384
1.26686
1.2698
1.27258
1.27522
1.27764
1.27985
1.28179
1.28348
1.28486
1.28596
1.28673
1.28722
1.28739
1.28739
1.28726
1.28694
1.28635
1.28556
1.28476
1.28402
1.28334
1.28273
1.28218
1.28168
1.28121
1.28076
1.28034
1.27995
1.27958
1.27924
1.27893
1.27863
1.27832
1.278
1.27766
1.27732
1.277
1.2767
1.27645
1.27628
1.2762
1.27619
1.27622
1.27627
1.27641
1.2766
1.27687
1.27703
1.27711
1.2769
1.27922
0.765678
0.782746
0.802111
0.823467
0.845979
0.868949
0.891962
0.914753
0.937134
0.95898
0.980187
1.0007
1.02045
1.03943
1.05758
1.07491
1.09139
1.10696
1.12157
1.13523
1.14788
1.15957
1.17024
1.17994
1.18865
1.19644
1.20328
1.20928
1.21443
1.21886
1.2226
1.22575
1.22843
1.23075
1.23281
1.23472
1.23658
1.23848
1.24046
1.24257
1.24482
1.24723
1.24977
1.25244
1.25519
1.25802
1.26088
1.26373
1.26655
1.26929
1.27192
1.27441
1.27671
1.27882
1.28069
1.28231
1.28364
1.28468
1.28541
1.28586
1.28601
1.28597
1.28582
1.28544
1.28479
1.28397
1.28317
1.28245
1.2818
1.28124
1.28076
1.28036
1.28001
1.2797
1.27943
1.2792
1.279
1.27884
1.27872
1.27862
1.27851
1.27837
1.2782
1.278
1.27778
1.27753
1.2773
1.27709
1.27692
1.27682
1.27678
1.27679
1.27681
1.27686
1.27697
1.27712
1.27719
1.2772
1.27697
1.27927
0.759656
0.776205
0.794956
0.815654
0.837481
0.859799
0.882203
0.90445
0.926378
0.947869
0.968843
0.989223
1.00897
1.02804
1.0464
1.06401
1.08088
1.09693
1.11214
1.12645
1.13986
1.15233
1.16387
1.17446
1.18413
1.19284
1.20067
1.20758
1.21368
1.21897
1.22356
1.22746
1.23078
1.23361
1.2361
1.23832
1.2404
1.24241
1.24444
1.24651
1.24868
1.25095
1.25333
1.2558
1.25834
1.26092
1.26352
1.26609
1.26861
1.27103
1.27334
1.27549
1.27747
1.27923
1.28076
1.28201
1.28298
1.28364
1.28402
1.28413
1.28406
1.28385
1.28334
1.28258
1.28172
1.28089
1.28014
1.27948
1.27891
1.27846
1.27811
1.27785
1.27765
1.27751
1.27739
1.27735
1.27736
1.2774
1.2775
1.27762
1.27769
1.27771
1.27769
1.27763
1.27754
1.27739
1.27722
1.27706
1.2769
1.27679
1.27672
1.2767
1.27669
1.2767
1.27672
1.27674
1.27673
1.27669
1.27637
1.2786
0.75392
0.769848
0.787972
0.808005
0.82914
0.850783
0.872553
0.894239
0.915686
0.936801
0.957493
0.977707
0.997383
1.01649
1.03498
1.05283
1.07
1.08647
1.10218
1.11708
1.13116
1.14438
1.15673
1.1682
1.17876
1.18842
1.19718
1.20507
1.21207
1.21828
1.22369
1.22838
1.23241
1.23589
1.23887
1.2415
1.24384
1.24603
1.24812
1.2502
1.25229
1.25444
1.25664
1.25892
1.26122
1.26355
1.26587
1.26814
1.27034
1.27244
1.2744
1.27622
1.27784
1.27925
1.2804
1.28128
1.28186
1.28215
1.2822
1.28209
1.28178
1.28112
1.28021
1.27927
1.27838
1.27757
1.27685
1.27625
1.27578
1.27543
1.27521
1.27508
1.27502
1.27502
1.27505
1.27516
1.27539
1.2757
1.276
1.27628
1.27651
1.27668
1.27679
1.27685
1.27685
1.27682
1.27675
1.27664
1.27651
1.27639
1.27629
1.27623
1.27618
1.27614
1.2761
1.27605
1.27594
1.27579
1.27534
1.27746
0.747683
0.763125
0.780701
0.800174
0.820745
0.841829
0.863079
0.884293
0.905349
0.926144
0.946613
0.966679
0.986307
1.00543
1.02404
1.04207
1.05951
1.07632
1.09246
1.10786
1.12252
1.13638
1.14944
1.16164
1.17299
1.18345
1.19304
1.20172
1.20953
1.21647
1.22262
1.22799
1.23265
1.23666
1.24011
1.24311
1.24573
1.2481
1.25028
1.25237
1.2544
1.25643
1.25846
1.26052
1.26258
1.26463
1.26664
1.2686
1.27046
1.27222
1.27384
1.2753
1.27656
1.27761
1.27837
1.27888
1.27908
1.27907
1.27891
1.27845
1.27766
1.27665
1.27561
1.27462
1.27371
1.27291
1.27222
1.27169
1.27131
1.27109
1.27099
1.27098
1.27099
1.27108
1.27131
1.27168
1.27212
1.2726
1.27305
1.27346
1.27384
1.27415
1.2744
1.27459
1.2747
1.27475
1.27475
1.27471
1.27463
1.27454
1.27441
1.27431
1.27421
1.27413
1.27402
1.2739
1.2737
1.27346
1.27289
1.27494
0.736538
0.752078
0.769685
0.789049
0.809422
0.830237
0.851207
0.872142
0.892958
0.913552
0.933883
0.953868
0.973481
0.992656
1.01138
1.02958
1.04727
1.06438
1.08087
1.09666
1.11177
1.12612
1.13971
1.1525
1.16448
1.1756
1.18591
1.19535
1.20396
1.2117
1.21865
1.22478
1.23016
1.23481
1.23886
1.24232
1.24535
1.24798
1.25036
1.25252
1.25457
1.2565
1.25842
1.26027
1.26211
1.26387
1.2656
1.2672
1.26874
1.27012
1.2714
1.27248
1.27339
1.27402
1.27441
1.27452
1.27446
1.27418
1.2735
1.2725
1.2714
1.27027
1.26915
1.26811
1.26716
1.26635
1.2657
1.26524
1.26497
1.26488
1.26488
1.26492
1.26504
1.26533
1.2658
1.26638
1.26698
1.26761
1.26821
1.26879
1.26932
1.26979
1.27018
1.27051
1.27074
1.2709
1.27097
1.27098
1.27095
1.27089
1.27079
1.27066
1.27051
1.27038
1.2702
1.27002
1.26973
1.26942
1.26875
1.27073
0.720758
0.736757
0.754765
0.774392
0.794878
0.815704
0.836622
0.857478
0.878206
0.898726
0.919005
0.938975
0.958611
0.977858
0.996695
1.01508
1.03299
1.05038
1.06723
1.08347
1.09907
1.11399
1.12822
1.1417
1.15442
1.16635
1.17747
1.18776
1.19722
1.20583
1.21363
1.2206
1.2268
1.23223
1.23698
1.24108
1.24465
1.24771
1.25042
1.25279
1.25495
1.2569
1.25875
1.26045
1.26207
1.26357
1.26498
1.26624
1.26741
1.26842
1.26931
1.26999
1.27048
1.27067
1.27067
1.2705
1.26998
1.2691
1.26793
1.26667
1.26539
1.26414
1.26293
1.26181
1.26083
1.26003
1.25943
1.25907
1.25892
1.25892
1.25896
1.2591
1.2594
1.25991
1.26058
1.26132
1.26209
1.26287
1.26364
1.26438
1.26507
1.2657
1.26624
1.2667
1.26707
1.26734
1.26751
1.26759
1.26759
1.26756
1.2675
1.26738
1.26719
1.267
1.26675
1.2665
1.26612
1.26573
1.26496
1.26687
0.709499
0.72479
0.742172
0.761259
0.781296
0.801755
0.822367
0.842985
0.863524
0.88392
0.904114
0.924061
0.94371
0.963029
0.981972
1.00052
1.01862
1.03627
1.05345
1.0701
1.08618
1.10165
1.11647
1.13062
1.14406
1.15678
1.16872
1.17988
1.19023
1.19976
1.20845
1.21634
1.2234
1.22967
1.23518
1.23998
1.24412
1.24769
1.25074
1.25337
1.25565
1.25764
1.2594
1.26096
1.26235
1.26356
1.26463
1.26555
1.26635
1.26701
1.26751
1.2678
1.26787
1.2678
1.26746
1.26668
1.26557
1.26429
1.2629
1.26145
1.26001
1.25861
1.25731
1.25614
1.25516
1.25439
1.25388
1.25362
1.25357
1.25361
1.25372
1.25399
1.25448
1.25518
1.256
1.25687
1.25779
1.25871
1.25963
1.26051
1.26134
1.2621
1.26279
1.26336
1.26385
1.26422
1.26449
1.26464
1.26468
1.26466
1.26462
1.26452
1.26433
1.26409
1.26377
1.26345
1.26299
1.26253
1.26168
1.26354
0.705297
0.719228
0.735329
0.75325
0.772245
0.791805
0.811645
0.831622
0.851632
0.871612
0.891486
0.911208
0.930713
0.949968
0.968918
0.987541
1.00579
1.02365
1.0411
1.05809
1.07457
1.0905
1.10585
1.12058
1.13465
1.14804
1.1607
1.17261
1.18373
1.19406
1.20355
1.21222
1.22005
1.22706
1.23324
1.23866
1.24332
1.24734
1.25074
1.25364
1.25606
1.25811
1.2598
1.26123
1.26237
1.2633
1.26401
1.26458
1.265
1.26528
1.26537
1.26532
1.26505
1.26439
1.26335
1.26205
1.26059
1.25902
1.2574
1.25574
1.25412
1.25259
1.25121
1.25002
1.24905
1.24835
1.24792
1.24777
1.24779
1.24787
1.24807
1.24848
1.24916
1.25002
1.25097
1.25199
1.25304
1.25411
1.25517
1.25619
1.25716
1.25806
1.25887
1.25958
1.26018
1.26066
1.26102
1.26125
1.26134
1.26134
1.2613
1.26122
1.26104
1.26078
1.26039
1.25999
1.25944
1.25892
1.25798
1.25978
0.698513
0.712243
0.727959
0.745384
0.763838
0.782855
0.802178
0.821678
0.841272
0.860891
0.880479
0.899976
0.919333
0.938498
0.957435
0.976096
0.994456
1.01247
1.03014
1.0474
1.06423
1.08056
1.09637
1.11161
1.12624
1.14023
1.15354
1.16614
1.17798
1.18904
1.1993
1.20872
1.21731
1.22503
1.23193
1.238
1.24329
1.24783
1.25167
1.25488
1.25752
1.25966
1.26135
1.26265
1.26359
1.26421
1.2646
1.26481
1.26487
1.26481
1.26458
1.26402
1.26306
1.26176
1.26025
1.25858
1.25678
1.2549
1.25299
1.25112
1.24932
1.24768
1.24623
1.24503
1.2441
1.24345
1.24313
1.24306
1.24311
1.24325
1.24356
1.24413
1.24497
1.24594
1.24702
1.24816
1.24934
1.25053
1.25171
1.25286
1.25396
1.25498
1.25591
1.25674
1.25745
1.25803
1.25848
1.25878
1.25893
1.25895
1.25892
1.25884
1.25867
1.25839
1.25795
1.25748
1.25685
1.25625
1.25523
1.25697
0.700621
0.713121
0.727629
0.74392
0.761325
0.779376
0.797825
0.816541
0.835448
0.854474
0.873564
0.892654
0.911696
0.930631
0.949421
0.968016
0.986384
1.00448
1.02229
1.03975
1.05684
1.0735
1.08968
1.10534
1.12045
1.13494
1.14881
1.16198
1.17444
1.18613
1.19704
1.20712
1.21637
1.22476
1.23229
1.23895
1.24477
1.24977
1.254
1.2575
1.26035
1.26258
1.26427
1.26545
1.26617
1.26649
1.26657
1.26651
1.26633
1.26589
1.26505
1.26379
1.26227
1.26052
1.25859
1.25652
1.25435
1.25215
1.24997
1.24788
1.24594
1.24422
1.24273
1.24154
1.24064
1.24007
1.23983
1.23983
1.23991
1.24011
1.24054
1.24125
1.2422
1.24329
1.24447
1.24572
1.247
1.2483
1.2496
1.25086
1.25206
1.25319
1.25423
1.25516
1.25597
1.25664
1.25717
1.25755
1.25776
1.2578
1.25778
1.25771
1.25753
1.25724
1.25676
1.25624
1.25552
1.25486
1.25375
1.25543
0.70268
0.714793
0.728847
0.744569
0.761361
0.778785
0.796624
0.814756
0.833126
0.851663
0.870327
0.889049
0.907795
0.926496
0.945125
0.963616
0.98195
1.00006
1.01793
1.03549
1.05271
1.06952
1.08589
1.10177
1.11712
1.1319
1.14607
1.15958
1.17241
1.18451
1.19584
1.20637
1.21608
1.22494
1.23295
1.24007
1.24633
1.25173
1.25631
1.26009
1.26313
1.26546
1.26714
1.26821
1.26869
1.26875
1.26866
1.2684
1.26784
1.26683
1.26538
1.26363
1.26165
1.25947
1.25713
1.25468
1.25217
1.24969
1.2473
1.24506
1.24303
1.24126
1.23977
1.2386
1.23776
1.23727
1.23712
1.23716
1.23727
1.23754
1.23808
1.23892
1.23996
1.24112
1.24238
1.24371
1.24508
1.24647
1.24784
1.24918
1.25048
1.25169
1.25281
1.25383
1.25472
1.25546
1.25606
1.25649
1.25675
1.25682
1.2568
1.25673
1.25657
1.25627
1.25576
1.25518
1.2544
1.25368
1.25249
1.25411
0.692068
0.705019
0.719789
0.736069
0.753258
0.770944
0.78896
0.8072
0.825631
0.844193
0.862862
0.881579
0.900315
0.919014
0.937652
0.956171
0.974551
0.992732
1.0107
1.02836
1.0457
1.06265
1.07919
1.09526
1.11083
1.12585
1.14031
1.15412
1.1673
1.17976
1.1915
1.20244
1.21261
1.22192
1.23039
1.23795
1.24465
1.25044
1.25538
1.25944
1.2627
1.26514
1.26686
1.26781
1.2681
1.26801
1.26779
1.26729
1.26628
1.26472
1.2628
1.2606
1.25817
1.25556
1.25282
1.25002
1.24723
1.24453
1.24197
1.23962
1.23753
1.23574
1.23427
1.23314
1.23237
1.23197
1.23189
1.23195
1.23211
1.23246
1.23311
1.23406
1.23517
1.23642
1.23775
1.23917
1.24061
1.24209
1.24354
1.24498
1.24635
1.24766
1.24887
1.24997
1.25094
1.25177
1.25243
1.25293
1.25324
1.25335
1.25332
1.25326
1.25311
1.25281
1.25228
1.25166
1.25082
1.25005
1.24879
1.25037
0.674525
0.688194
0.703666
0.720572
0.7383
0.756458
0.77488
0.793477
0.812219
0.831056
0.849965
0.868897
0.887827
0.906703
0.9255
0.944174
0.962696
0.981025
0.99914
1.01699
1.03453
1.05171
1.06851
1.08486
1.10077
1.11617
1.13104
1.14532
1.159
1.17199
1.18431
1.19586
1.20664
1.21659
1.22569
1.23389
1.2412
1.24756
1.25301
1.25752
1.26113
1.26382
1.26567
1.26658
1.26678
1.26663
1.26626
1.26546
1.26402
1.262
1.25962
1.25695
1.25407
1.25104
1.24793
1.24483
1.24178
1.23889
1.23619
1.23376
1.23163
1.22983
1.22839
1.22731
1.2266
1.22629
1.22627
1.22635
1.22655
1.227
1.22775
1.2288
1.23
1.23134
1.23277
1.23427
1.23582
1.23739
1.23895
1.24049
1.24197
1.24338
1.24469
1.2459
1.24696
1.24788
1.24863
1.2492
1.24957
1.24972
1.24971
1.24965
1.24951
1.24922
1.24868
1.24802
1.24713
1.24631
1.24498
1.24653
0.658578
0.672156
0.687571
0.704476
0.722251
0.740507
0.759052
0.777794
0.796677
0.815663
0.834716
0.853797
0.872872
0.8919
0.910851
0.929681
0.948363
0.966853
0.985152
1.00328
1.02116
1.03874
1.05601
1.07291
1.0894
1.10545
1.121
1.13601
1.15043
1.16422
1.17732
1.1897
1.20129
1.21206
1.22195
1.23094
1.23897
1.24603
1.25209
1.25714
1.26118
1.26421
1.26623
1.26717
1.26731
1.26712
1.26661
1.26553
1.26371
1.26124
1.2584
1.25528
1.25197
1.24853
1.24508
1.24167
1.2384
1.23532
1.23252
1.23001
1.22785
1.22605
1.22464
1.22361
1.22296
1.22273
1.22275
1.22285
1.22311
1.22364
1.22452
1.22565
1.22695
1.22837
1.2299
1.23151
1.23316
1.23484
1.23651
1.23816
1.23975
1.24128
1.2427
1.24401
1.24518
1.24619
1.24703
1.24768
1.24812
1.24831
1.24832
1.24828
1.24814
1.24785
1.24729
1.2466
1.24566
1.2448
1.24342
1.24493
0.687157
0.697653
0.710089
0.724238
0.739585
0.755675
0.772324
0.789379
0.806813
0.824527
0.842515
0.860676
0.879007
0.897409
0.915886
0.934338
0.952781
0.971132
0.989376
1.00746
1.02542
1.04314
1.06062
1.07776
1.09457
1.11094
1.12686
1.14225
1.1571
1.1713
1.18486
1.19767
1.20972
1.22093
1.23127
1.24067
1.24912
1.25655
1.26297
1.26831
1.2726
1.27578
1.2779
1.27877
1.27882
1.27858
1.27793
1.27656
1.27431
1.27139
1.26806
1.26445
1.26066
1.2568
1.25295
1.24922
1.24568
1.2424
1.23944
1.23683
1.23461
1.2328
1.23138
1.23038
1.22978
1.22959
1.22963
1.22976
1.23006
1.23069
1.23164
1.23282
1.23417
1.23565
1.23724
1.2389
1.24061
1.24236
1.24409
1.2458
1.24746
1.24905
1.25054
1.25191
1.25314
1.25421
1.2551
1.2558
1.25628
1.2565
1.25653
1.25649
1.25634
1.25605
1.25547
1.25475
1.25376
1.25285
1.2514
1.25284
0.720518
0.730154
0.741518
0.754515
0.768667
0.783584
0.799075
0.815026
0.831401
0.848142
0.865222
0.882578
0.900174
0.917947
0.935861
0.953854
0.971889
0.989902
1.00787
1.0257
1.04339
1.06086
1.07809
1.095
1.11157
1.12772
1.14344
1.15865
1.17333
1.18739
1.20083
1.21355
1.22554
1.23671
1.24706
1.25647
1.26498
1.27246
1.27895
1.28434
1.28869
1.29189
1.294
1.29476
1.29472
1.29441
1.29363
1.292
1.28939
1.2861
1.28234
1.27832
1.27412
1.2699
1.26573
1.26175
1.258
1.25458
1.25152
1.24887
1.24662
1.24481
1.2434
1.24244
1.24189
1.24174
1.24178
1.24194
1.24229
1.24296
1.24395
1.24515
1.24651
1.248
1.2496
1.25127
1.25299
1.25474
1.25648
1.2582
1.25987
1.26147
1.26297
1.26436
1.2656
1.26669
1.2676
1.26832
1.26881
1.26905
1.26908
1.26903
1.26889
1.26859
1.268
1.26725
1.26623
1.26527
1.26378
1.26516
0.737029
0.747204
0.759015
0.772367
0.78673
0.801771
0.817266
0.833175
0.849421
0.866019
0.882889
0.900042
0.917389
0.934938
0.952593
0.970365
0.988154
1.00597
1.02371
1.04133
1.05873
1.07593
1.09283
1.10944
1.12566
1.14151
1.15689
1.17181
1.18617
1.19999
1.21315
1.22569
1.23746
1.24851
1.25871
1.26807
1.27649
1.28397
1.29041
1.29584
1.30016
1.30338
1.30542
1.30615
1.30601
1.30564
1.30478
1.30299
1.30015
1.2966
1.29259
1.2883
1.28386
1.27942
1.27509
1.27098
1.26715
1.26369
1.26062
1.25797
1.25576
1.25399
1.25264
1.25172
1.25124
1.25112
1.25118
1.25136
1.25175
1.25245
1.25345
1.25466
1.25602
1.25751
1.25909
1.26076
1.26247
1.2642
1.26593
1.26764
1.2693
1.27089
1.27239
1.27377
1.27502
1.27611
1.27703
1.27775
1.27825
1.2785
1.27853
1.27848
1.27834
1.27804
1.27744
1.27669
1.27565
1.27469
1.27316
1.27452
0.691889
0.704661
0.719044
0.734818
0.751383
0.768423
0.785721
0.803261
0.820962
0.838858
0.856871
0.875029
0.893245
0.911541
0.929826
0.948125
0.96634
0.984498
1.0025
1.0204
1.03808
1.05557
1.07275
1.08965
1.10616
1.12232
1.138
1.15324
1.16792
1.18207
1.19556
1.20844
1.22055
1.23194
1.24246
1.25216
1.26089
1.26869
1.2754
1.2811
1.28561
1.28902
1.29115
1.29193
1.29178
1.29139
1.29049
1.28863
1.28568
1.28198
1.27782
1.27338
1.26882
1.26428
1.25989
1.25574
1.25193
1.24848
1.24546
1.24287
1.24073
1.23902
1.23774
1.23688
1.23647
1.23639
1.23647
1.23666
1.23708
1.23783
1.23889
1.24013
1.24153
1.24306
1.24468
1.24638
1.24814
1.24991
1.25169
1.25345
1.25516
1.25679
1.25834
1.25977
1.26106
1.26219
1.26314
1.2639
1.26443
1.2647
1.26475
1.26469
1.26455
1.26426
1.26368
1.26293
1.26189
1.26093
1.25942
1.26081
0.654694
0.667515
0.682125
0.698223
0.715189
0.732667
0.750459
0.768511
0.786763
0.805202
0.823774
0.842465
0.861217
0.880016
0.898802
0.917561
0.936236
0.954815
0.973243
0.991506
1.00957
1.02742
1.045
1.06229
1.07923
1.09579
1.11191
1.12756
1.14267
1.15723
1.17116
1.18442
1.19695
1.20872
1.21963
1.22968
1.23876
1.24685
1.25387
1.2598
1.26455
1.26809
1.27035
1.27115
1.27103
1.27063
1.26969
1.26774
1.26464
1.26076
1.25642
1.25179
1.24707
1.24238
1.23787
1.23363
1.22974
1.22625
1.2232
1.2206
1.21846
1.21676
1.2155
1.21467
1.21428
1.21422
1.21431
1.21452
1.21496
1.21575
1.21684
1.21814
1.21958
1.22115
1.22282
1.22457
1.22637
1.2282
1.23004
1.23185
1.23361
1.23531
1.2369
1.23838
1.23972
1.2409
1.24189
1.24268
1.24324
1.24353
1.24359
1.24354
1.24341
1.24312
1.24253
1.24177
1.24072
1.23975
1.23823
1.23964
0.65334
0.665244
0.678955
0.69421
0.710414
0.727202
0.74439
0.761912
0.779712
0.797765
0.816021
0.834453
0.853009
0.87166
0.890353
0.909061
0.927732
0.94634
0.964834
0.983191
1.00136
1.01932
1.03701
1.0544
1.07145
1.08811
1.10434
1.1201
1.13533
1.14999
1.16403
1.1774
1.19005
1.20192
1.21294
1.22309
1.23228
1.24046
1.24758
1.25358
1.2584
1.262
1.26429
1.26511
1.26499
1.26458
1.26361
1.26158
1.25837
1.25434
1.24982
1.24504
1.24015
1.23531
1.23065
1.22629
1.22229
1.21872
1.21559
1.21294
1.21075
1.20902
1.20774
1.20689
1.20649
1.20644
1.20652
1.20673
1.20719
1.20799
1.2091
1.21041
1.21187
1.21345
1.21513
1.2169
1.21872
1.22057
1.22241
1.22425
1.22603
1.22774
1.22935
1.23085
1.2322
1.23339
1.2344
1.2352
1.23577
1.23607
1.23613
1.23608
1.23595
1.23566
1.23506
1.23428
1.23321
1.23222
1.23068
1.23208
)
;

boundaryField
{
    inlet
    {
        type            calculated;
        value           uniform 3.00001;
    }
    outlet
    {
        type            calculated;
        value           nonuniform List<scalar> 
40
(
0.654229
0.837718
0.995516
1.10649
1.17998
1.22808
1.2563
1.27302
1.2831
1.28825
1.28967
1.28879
1.28482
1.28045
1.27791
1.27648
1.27609
1.27661
1.27811
1.27922
1.27927
1.2786
1.27746
1.27494
1.27073
1.26687
1.26354
1.25978
1.25697
1.25543
1.25411
1.25037
1.24653
1.24493
1.25284
1.26516
1.27452
1.26081
1.23964
1.23208
)
;
    }
    bottom
    {
        type            symmetryPlane;
    }
    top
    {
        type            symmetryPlane;
    }
    obstacle
    {
        type            calculated;
        value           uniform 0;
    }
    defaultFaces
    {
        type            empty;
    }
}


// ************************************************************************* //
