/*--------------------------------*- C++ -*----------------------------------*\
| =========                 |                                                 |
| \\      /  F ield         | OpenFOAM: The Open Source CFD Toolbox           |
|  \\    /   O peration     | Version:  2412                                  |
|   \\  /    A nd           | Website:  www.openfoam.com                      |
|    \\/     M anipulation  |                                                 |
\*---------------------------------------------------------------------------*/
FoamFile
{
    version     2.0;
    format      ascii;
    arch        "LSB;label=32;scalar=64";
    class       volScalarField;
    location    "23.5";
    object      Ma;
}
// * * * * * * * * * * * * * * * * * * * * * * * * * * * * * * * * * * * * * //

dimensions      [0 0 0 0 0 0 0];

internalField   nonuniform List<scalar> 
7000
(
2.256
0.994206
0.300548
0.338439
0.401063
0.442391
0.450598
0.446128
0.439774
0.434864
0.432018
0.429746
0.427147
0.424059
0.420588
0.416813
0.412747
0.408368
0.403657
0.398597
0.393175
0.387378
0.381192
0.3746
0.367587
0.360134
0.352225
0.343838
0.334958
0.32556
0.315626
0.305134
0.294064
0.282395
0.270109
0.257185
0.243612
0.229374
0.214466
0.198883
0.182634
0.165728
0.14819
0.130054
0.111369
0.0921931
0.0725912
0.0528473
0.0319233
0.0155245
2.25605
0.994267
0.300346
0.338273
0.400908
0.442243
0.450451
0.445984
0.439636
0.434733
0.431892
0.429623
0.427027
0.423944
0.420477
0.416707
0.412646
0.408273
0.403569
0.398515
0.393101
0.387312
0.381134
0.374552
0.367549
0.360108
0.352212
0.343839
0.334974
0.325592
0.315677
0.305205
0.294158
0.282512
0.270253
0.257359
0.243817
0.229615
0.214747
0.199209
0.183011
0.166165
0.148702
0.130661
0.112103
0.0931178
0.0738195
0.0546561
0.0351575
0.0220574
2.25618
0.994465
0.300479
0.338308
0.400938
0.442276
0.450484
0.446024
0.439693
0.434801
0.431974
0.429709
0.427125
0.424047
0.420594
0.416832
0.412787
0.408424
0.403737
0.398695
0.393301
0.387527
0.381373
0.37481
0.367836
0.360419
0.352556
0.344214
0.335388
0.326045
0.316178
0.305754
0.294764
0.28318
0.27099
0.258173
0.244719
0.230615
0.215859
0.200452
0.184404
0.167742
0.1505
0.132745
0.114566
0.0961172
0.0776342
0.0598401
0.0430411
0.0335724
2.25636
0.99477
0.30075
0.338386
0.401019
0.442375
0.450587
0.446141
0.439824
0.43496
0.432143
0.429898
0.42732
0.424265
0.420823
0.417086
0.413054
0.40872
0.404048
0.399041
0.393666
0.387932
0.381803
0.375287
0.368343
0.360981
0.353157
0.344881
0.336104
0.32684
0.317035
0.306704
0.295795
0.284322
0.272236
0.259554
0.246234
0.232297
0.217718
0.202524
0.18672
0.170347
0.153463
0.136149
0.118555
0.100897
0.083551
0.0674578
0.0533031
0.0461807
2.25661
0.995201
0.301099
0.338455
0.401104
0.442496
0.450717
0.446291
0.439986
0.435164
0.432358
0.430145
0.427576
0.424555
0.421128
0.41743
0.413417
0.409124
0.404479
0.399517
0.394176
0.388494
0.382409
0.375951
0.369064
0.361769
0.354018
0.345819
0.337134
0.32796
0.31827
0.308047
0.29728
0.285939
0.274029
0.261511
0.24841
0.234683
0.22038
0.205466
0.190017
0.174038
0.15764
0.140922
0.124073
0.107409
0.0913722
0.0770296
0.0651086
0.0594946
2.25693
0.995774
0.301542
0.338527
0.4012
0.442641
0.450886
0.446462
0.440216
0.435399
0.432652
0.430438
0.427926
0.424906
0.421542
0.417849
0.413906
0.409625
0.405056
0.400112
0.394858
0.389203
0.383216
0.376799
0.370023
0.362785
0.355158
0.347038
0.338496
0.329428
0.3199
0.309819
0.299238
0.288082
0.27639
0.264111
0.25127
0.237853
0.223871
0.20936
0.194333
0.178894
0.163089
0.147117
0.131166
0.115613
0.100984
0.0882977
0.0781881
0.07362
2.25735
0.9965
0.302086
0.338602
0.401307
0.442819
0.45109
0.446694
0.440477
0.435711
0.432992
0.430822
0.428335
0.425365
0.42203
0.418397
0.414487
0.410275
0.405745
0.400884
0.395676
0.39012
0.384189
0.377889
0.371183
0.364087
0.356548
0.348597
0.340165
0.331298
0.321913
0.31207
0.301675
0.290797
0.279347
0.267396
0.254873
0.241845
0.228282
0.214247
0.199773
0.18494
0.169888
0.154752
0.139834
0.125479
0.112235
0.101078
0.0924449
0.0886254
2.25787
0.997392
0.302737
0.338683
0.401427
0.44303
0.451338
0.446975
0.440796
0.436086
0.433406
0.431285
0.428837
0.425919
0.422632
0.419058
0.415205
0.41106
0.406599
0.401815
0.396692
0.391225
0.3854
0.379204
0.372628
0.365654
0.358277
0.35047
0.342239
0.333545
0.324407
0.314773
0.304683
0.294066
0.282987
0.271368
0.259291
0.246692
0.233666
0.220192
0.206376
0.192283
0.17805
0.163896
0.150054
0.136958
0.125075
0.115263
0.107843
0.104623
2.25848
0.998461
0.303507
0.338771
0.401563
0.443275
0.451634
0.447304
0.441186
0.436526
0.433906
0.431831
0.429441
0.426576
0.423355
0.419843
0.416066
0.411994
0.407622
0.402925
0.397907
0.392547
0.386844
0.38078
0.374351
0.367539
0.360336
0.35273
0.344706
0.33626
0.327372
0.318045
0.308251
0.298017
0.287297
0.276151
0.26452
0.252502
0.240042
0.227276
0.214189
0.200957
0.187671
0.174547
0.161896
0.150028
0.139453
0.130889
0.124493
0.121716
2.25921
0.999721
0.304404
0.338868
0.401717
0.443564
0.451982
0.447705
0.441638
0.437058
0.434487
0.432485
0.430145
0.42736
0.424199
0.420777
0.417073
0.413103
0.408819
0.40424
0.39933
0.394108
0.388539
0.382639
0.376373
0.369756
0.362755
0.355383
0.347609
0.339444
0.330864
0.321876
0.312464
0.302637
0.292393
0.281738
0.270697
0.259275
0.247545
0.235513
0.223322
0.211001
0.198786
0.186794
0.175338
0.164784
0.155439
0.147991
0.14249
0.140145
2.26005
1.00118
0.305437
0.338977
0.401893
0.443896
0.452393
0.448161
0.442187
0.437665
0.435182
0.433233
0.430985
0.428261
0.425201
0.421853
0.418261
0.414381
0.410226
0.405757
0.400997
0.395912
0.390519
0.384787
0.378731
0.372322
0.365571
0.358455
0.350981
0.343132
0.334912
0.326314
0.31734
0.307993
0.298278
0.288216
0.277817
0.267127
0.256173
0.245039
0.233781
0.222546
0.211438
0.200704
0.190518
0.181223
0.173165
0.166807
0.162134
0.160099
2.26101
1.00286
0.306615
0.339101
0.402093
0.444284
0.452869
0.448713
0.442809
0.438393
0.435971
0.434123
0.431938
0.429325
0.426341
0.423116
0.419615
0.415874
0.41183
0.407523
0.4029
0.398004
0.392779
0.387272
0.381424
0.375281
0.368788
0.36199
0.354835
0.347367
0.339542
0.331402
0.322915
0.314121
0.305008
0.295614
0.285957
0.276073
0.266028
0.255858
0.245697
0.235599
0.225772
0.216328
0.207539
0.199608
0.192763
0.187489
0.183631
0.182024
2.26209
1.00475
0.307945
0.339243
0.402323
0.444724
0.453422
0.449338
0.443552
0.43922
0.436903
0.435132
0.433057
0.43053
0.42767
0.424546
0.421186
0.417564
0.413683
0.409521
0.40509
0.400369
0.395374
0.390081
0.384507
0.378627
0.372462
0.365987
0.359226
0.352155
0.344805
0.337154
0.329241
0.321049
0.312631
0.303976
0.295158
0.286181
0.277141
0.268076
0.259097
0.250316
0.24183
0.233865
0.226515
0.220065
0.214645
0.210545
0.207568
0.206265
2.2633
1.00687
0.309428
0.339398
0.402595
0.445221
0.454057
0.450069
0.444401
0.440185
0.437964
0.4363
0.434326
0.43192
0.429173
0.426187
0.422958
0.419497
0.41577
0.411798
0.407552
0.403059
0.398288
0.393267
0.387965
0.382414
0.37658
0.3705
0.364145
0.357552
0.350699
0.343625
0.336323
0.32883
0.321161
0.313353
0.305449
0.297499
0.289565
0.281731
0.274077
0.26673
0.259805
0.253422
0.24778
0.242929
0.239022
0.236288
0.234366
0.233713
2.26463
1.00921
0.311067
0.339557
0.40292
0.44578
0.454786
0.450912
0.445378
0.441294
0.439178
0.437633
0.435771
0.433497
0.43088
0.428041
0.424963
0.421671
0.418126
0.414352
0.410326
0.406068
0.401564
0.396824
0.391847
0.386632
0.381195
0.375521
0.369648
0.363547
0.357281
0.350808
0.344216
0.337462
0.33065
0.323756
0.316885
0.310055
0.303364
0.296885
0.290717
0.284969
0.279764
0.275237
0.271479
0.268668
0.266694
0.265722
0.265191
0.265156
2.26609
1.01178
0.312871
0.339754
0.403285
0.446425
0.45563
0.451882
0.446527
0.442564
0.440584
0.439147
0.43743
0.435277
0.432823
0.430123
0.427231
0.424104
0.420776
0.417202
0.413432
0.409417
0.405217
0.400776
0.39616
0.391313
0.386305
0.381086
0.375725
0.370186
0.36453
0.358752
0.352895
0.346995
0.341075
0.335223
0.329448
0.323881
0.318544
0.313585
0.309075
0.305153
0.301926
0.299522
0.298081
0.297581
0.298078
0.299507
0.301152
0.302677
2.26767
1.01458
0.314832
0.339983
0.403704
0.447178
0.456612
0.453017
0.447863
0.444034
0.442195
0.440878
0.439311
0.437297
0.435011
0.432471
0.429769
0.426835
0.423726
0.420387
0.416874
0.413147
0.409252
0.405162
0.400911
0.396491
0.391922
0.387221
0.382393
0.37748
0.372478
0.367453
0.362403
0.357409
0.352492
0.347731
0.343199
0.338958
0.33515
0.33183
0.329179
0.327314
0.326392
0.326517
0.327917
0.330657
0.334523
0.339628
0.344727
0.348726
2.26936
1.01757
0.316935
0.340248
0.404193
0.448064
0.457762
0.454362
0.449408
0.445757
0.444037
0.442876
0.441439
0.439602
0.437462
0.435123
0.432592
0.42989
0.42699
0.423924
0.420668
0.417264
0.413685
0.409978
0.406116
0.402152
0.398062
0.393902
0.389664
0.385399
0.381123
0.376878
0.372719
0.368678
0.36485
0.36127
0.358064
0.355309
0.353122
0.351687
0.351062
0.351509
0.353201
0.356411
0.36133
0.36807
0.376901
0.387634
0.39937
0.409973
2.27113
1.02073
0.319159
0.340563
0.404773
0.449109
0.459119
0.455939
0.451217
0.447741
0.446153
0.445141
0.443855
0.44219
0.440227
0.438081
0.435759
0.43328
0.430632
0.42783
0.424879
0.42179
0.41858
0.415249
0.411833
0.408323
0.404771
0.401163
0.397571
0.39398
0.390479
0.387065
0.383836
0.380823
0.378122
0.37582
0.373999
0.372845
0.372424
0.372925
0.374589
0.377707
0.382629
0.389496
0.398924
0.411252
0.426948
0.447108
0.470991
0.498598
2.27295
1.02397
0.321439
0.340942
0.405482
0.45037
0.460764
0.457827
0.453392
0.45006
0.448619
0.447724
0.44661
0.445092
0.443327
0.441352
0.439259
0.436994
0.434618
0.432083
0.429455
0.426696
0.42387
0.420947
0.417987
0.414974
0.411964
0.408963
0.406018
0.403167
0.400445
0.397931
0.395652
0.393733
0.392206
0.391244
0.390885
0.391314
0.392699
0.395385
0.399591
0.405688
0.413894
0.425054
0.439621
0.459159
0.485084
0.520597
0.571929
0.664907
2.27503
1.0277
0.32397
0.341215
0.406282
0.451968
0.462916
0.460352
0.456265
0.453161
0.451879
0.451206
0.450307
0.449065
0.447546
0.445885
0.444079
0.44218
0.440151
0.438049
0.435841
0.433596
0.431278
0.428965
0.426619
0.42433
0.422066
0.419924
0.417885
0.416056
0.414438
0.413145
0.412217
0.411774
0.411917
0.412689
0.414251
0.417017
0.421208
0.426899
0.43459
0.444561
0.457832
0.474819
0.497605
0.527613
0.569595
0.63115
0.729828
0.881482
2.27723
1.03168
0.326981
0.342166
0.408012
0.454837
0.466506
0.464321
0.460553
0.457507
0.456267
0.455684
0.454945
0.45388
0.452581
0.451146
0.449622
0.448019
0.44635
0.444623
0.442863
0.441079
0.439305
0.437549
0.435858
0.434238
0.432755
0.431416
0.430308
0.42944
0.428933
0.428802
0.429166
0.430048
0.431685
0.434273
0.437987
0.442904
0.44947
0.457794
0.468593
0.482307
0.499814
0.522624
0.551795
0.591358
0.643915
0.718037
0.828983
0.967141
2.27852
1.03399
0.328853
0.343226
0.410175
0.458583
0.471231
0.469544
0.466104
0.463078
0.461874
0.461409
0.460836
0.459949
0.458838
0.45761
0.45632
0.454983
0.453614
0.452225
0.45084
0.449476
0.448167
0.446931
0.445809
0.444828
0.444037
0.443475
0.443205
0.443294
0.443752
0.444656
0.446241
0.448646
0.451868
0.456156
0.461591
0.468581
0.477196
0.488164
0.501497
0.518495
0.539213
0.565771
0.599045
0.641715
0.697373
0.767757
0.864172
0.967485
2.27968
1.03611
0.332167
0.346924
0.415039
0.464997
0.478241
0.476425
0.472635
0.469262
0.467983
0.467622
0.467212
0.466501
0.465595
0.464598
0.463592
0.462566
0.461554
0.460543
0.45958
0.45866
0.457837
0.457114
0.456549
0.456159
0.456014
0.456127
0.456544
0.457355
0.458728
0.46071
0.463359
0.466848
0.471241
0.476843
0.483682
0.492271
0.50262
0.515407
0.530888
0.54972
0.57284
0.600702
0.635326
0.677098
0.728929
0.79095
0.868872
0.949916
2.27611
1.02971
0.334307
0.356825
0.427461
0.479823
0.493325
0.490526
0.485524
0.481276
0.479618
0.479063
0.47849
0.477621
0.476561
0.475468
0.474405
0.473381
0.472405
0.471494
0.470668
0.469959
0.46938
0.468982
0.468786
0.468824
0.469096
0.469764
0.470844
0.472447
0.474541
0.477329
0.480777
0.485173
0.490484
0.497078
0.504979
0.514559
0.526086
0.539792
0.556357
0.575913
0.599483
0.627367
0.660594
0.700055
0.746337
0.800705
0.86421
0.928789
2.28204
1.02256
0.358759
0.382361
0.44848
0.498373
0.510285
0.506533
0.50079
0.496408
0.494706
0.494017
0.493318
0.492369
0.491303
0.490226
0.489195
0.488198
0.487261
0.48638
0.485604
0.48493
0.484418
0.484034
0.483905
0.48406
0.484606
0.485471
0.486862
0.488709
0.49126
0.494406
0.49849
0.503355
0.509466
0.516592
0.52536
0.535463
0.547711
0.561827
0.578648
0.598177
0.621061
0.647789
0.678649
0.714593
0.755564
0.802437
0.85563
0.909189
1.87634
0.772024
0.273279
0.344119
0.41775
0.441224
0.441131
0.437151
0.433507
0.433413
0.435587
0.438476
0.441476
0.444519
0.447658
0.450906
0.454225
0.457567
0.460906
0.464222
0.467497
0.470676
0.473819
0.47696
0.480152
0.483333
0.486624
0.489945
0.493568
0.497377
0.50168
0.50637
0.511805
0.517902
0.525025
0.53316
0.542611
0.553549
0.566088
0.580728
0.597304
0.616692
0.638461
0.663788
0.692065
0.724539
0.760526
0.800999
0.845807
0.890551
1.8689
0.771413
0.282182
0.35535
0.428332
0.44779
0.443319
0.435959
0.430301
0.428406
0.428318
0.428721
0.429322
0.430226
0.431574
0.433355
0.435613
0.43822
0.441297
0.444723
0.448607
0.452674
0.457151
0.461796
0.466829
0.471984
0.477523
0.483251
0.489343
0.495668
0.502401
0.509472
0.517033
0.525169
0.533966
0.543714
0.554316
0.566338
0.57953
0.594601
0.611249
0.630228
0.651269
0.675026
0.701364
0.730672
0.762985
0.798109
0.836511
0.874187
1.86794
0.7701
0.284315
0.365064
0.443617
0.463692
0.457507
0.448132
0.441126
0.438394
0.437494
0.436896
0.436308
0.435906
0.435819
0.436089
0.436719
0.437722
0.439255
0.441239
0.443727
0.446644
0.450162
0.454165
0.458798
0.463942
0.469669
0.475921
0.482713
0.490083
0.497959
0.506547
0.515636
0.525589
0.536009
0.547452
0.55951
0.572782
0.586951
0.602626
0.619552
0.638285
0.658701
0.681201
0.705736
0.732545
0.761587
0.792789
0.826402
0.858931
1.86943
0.773382
0.290109
0.367278
0.443687
0.464289
0.459068
0.450549
0.44397
0.441606
0.441131
0.440953
0.440736
0.440625
0.44071
0.441016
0.441604
0.442512
0.4437
0.445182
0.446986
0.44922
0.451861
0.455072
0.458758
0.463138
0.46805
0.473771
0.480044
0.487241
0.494986
0.503746
0.513051
0.523422
0.534434
0.546567
0.559477
0.573577
0.588573
0.604828
0.62219
0.640929
0.661015
0.682664
0.705846
0.730694
0.757141
0.785236
0.815024
0.843674
1.87254
0.780063
0.297792
0.361237
0.429064
0.450303
0.448019
0.441953
0.436344
0.434469
0.434507
0.435037
0.435625
0.436339
0.437231
0.438403
0.439864
0.441548
0.443419
0.445526
0.44787
0.450533
0.453491
0.456861
0.460598
0.464875
0.469591
0.475
0.480927
0.487699
0.495078
0.503401
0.512439
0.522484
0.533353
0.545264
0.558089
0.572006
0.586944
0.603046
0.620271
0.638756
0.6584
0.679343
0.701464
0.724937
0.749546
0.77527
0.802286
0.828123
1.88112
0.786643
0.300042
0.349026
0.412195
0.441239
0.44421
0.439523
0.434371
0.432089
0.431845
0.432367
0.433086
0.434006
0.435102
0.436435
0.438031
0.439887
0.442001
0.444397
0.447072
0.450079
0.453389
0.457089
0.461126
0.465643
0.470549
0.47605
0.482011
0.488684
0.495929
0.503987
0.512753
0.52241
0.532897
0.544363
0.556739
0.570158
0.584552
0.600043
0.616558
0.634206
0.652905
0.672755
0.693655
0.71564
0.738563
0.762387
0.787205
0.810854
2.2631
1.10603
0.407209
0.399185
0.459367
0.508062
0.519353
0.514462
0.507539
0.50149
0.497974
0.495502
0.493391
0.491373
0.489345
0.487373
0.485649
0.48416
0.483012
0.482165
0.481737
0.481688
0.482142
0.483075
0.484556
0.486621
0.489305
0.492666
0.496706
0.501516
0.507074
0.513488
0.520731
0.528924
0.538019
0.548146
0.559234
0.571403
0.584577
0.598861
0.614151
0.630546
0.647922
0.666331
0.685686
0.705975
0.727101
0.74898
0.771692
0.793301
2.27251
1.12792
0.391686
0.377131
0.449996
0.510712
0.52911
0.528228
0.524006
0.520202
0.51876
0.518385
0.518369
0.51833
0.517915
0.517286
0.516614
0.515985
0.515417
0.514942
0.514575
0.514381
0.514379
0.514652
0.515235
0.516206
0.517602
0.519534
0.521998
0.525149
0.528936
0.533551
0.538909
0.545194
0.552333
0.560463
0.569558
0.579712
0.59091
0.603182
0.616554
0.630976
0.646474
0.662951
0.68038
0.698692
0.717793
0.737589
0.758146
0.777712
2.29744
1.17664
0.434266
0.383998
0.447093
0.503385
0.521863
0.522891
0.521066
0.519881
0.5203
0.521532
0.523327
0.525128
0.526536
0.527736
0.52886
0.530007
0.531156
0.532337
0.533523
0.534767
0.53606
0.537463
0.538977
0.540674
0.542572
0.544744
0.547236
0.550115
0.553448
0.557286
0.561727
0.566801
0.572629
0.579219
0.586691
0.595029
0.604335
0.614581
0.625813
0.638003
0.651179
0.665324
0.680411
0.696411
0.713224
0.730698
0.74892
0.766303
1.90075
0.805034
0.305817
0.31689
0.374006
0.414891
0.429172
0.432999
0.435822
0.439474
0.444405
0.450152
0.45659
0.463085
0.469263
0.47526
0.481225
0.487188
0.493133
0.499018
0.504841
0.510579
0.516254
0.521841
0.527378
0.53284
0.538296
0.543716
0.549193
0.554718
0.560362
0.56617
0.572206
0.578537
0.585216
0.592341
0.599939
0.608131
0.616903
0.626394
0.636556
0.64753
0.659225
0.671749
0.684985
0.698952
0.713585
0.72891
0.744925
0.76024
2.30595
1.19378
0.449609
0.386643
0.440666
0.492238
0.509239
0.509299
0.506153
0.503676
0.502418
0.502233
0.502689
0.503084
0.503408
0.503913
0.504738
0.506014
0.50771
0.509868
0.512441
0.515483
0.518945
0.522871
0.527185
0.531944
0.537028
0.542531
0.548291
0.554428
0.560813
0.567553
0.574533
0.581872
0.589464
0.597447
0.605737
0.614464
0.623569
0.633167
0.643225
0.653827
0.664956
0.676647
0.688907
0.701719
0.715091
0.728934
0.743336
0.757055
2.31119
1.20375
0.432909
0.369735
0.438376
0.500634
0.522087
0.523499
0.52128
0.519809
0.519937
0.521068
0.522798
0.524303
0.525327
0.526175
0.527009
0.527958
0.529033
0.530321
0.53183
0.533645
0.535752
0.538237
0.541085
0.544361
0.548055
0.55221
0.556822
0.561906
0.567462
0.573476
0.579956
0.586875
0.594267
0.602072
0.610342
0.619
0.628126
0.637627
0.647603
0.657948
0.668784
0.679988
0.691678
0.703732
0.716244
0.729078
0.742359
0.754961
2.31391
1.20958
0.437086
0.371776
0.441503
0.505356
0.527733
0.529413
0.52725
0.525902
0.526374
0.527891
0.530161
0.532355
0.534074
0.535603
0.537129
0.538761
0.540493
0.542355
0.544343
0.54649
0.548811
0.55134
0.554108
0.557141
0.560482
0.564145
0.56818
0.572589
0.577429
0.582685
0.588415
0.594589
0.601258
0.608384
0.61601
0.624092
0.632661
0.641679
0.651158
0.661073
0.671414
0.68217
0.693303
0.704823
0.716664
0.72884
0.741343
0.753233
2.3169
1.2173
0.463456
0.387833
0.4471
0.506227
0.528786
0.532017
0.531139
0.530769
0.531661
0.533589
0.536128
0.538426
0.540453
0.542356
0.544314
0.546356
0.548533
0.550814
0.553245
0.555796
0.558521
0.561393
0.564471
0.56773
0.571232
0.574959
0.578972
0.583257
0.587874
0.59282
0.59814
0.603838
0.609942
0.61646
0.623405
0.630797
0.638626
0.646915
0.655633
0.664808
0.674391
0.684408
0.694796
0.705572
0.716665
0.728073
0.739816
0.750993
1.90563
0.813587
0.324718
0.323678
0.37648
0.414372
0.427259
0.430302
0.432593
0.435933
0.440704
0.446615
0.453342
0.46016
0.466869
0.47353
0.480263
0.487058
0.493923
0.500801
0.507699
0.514578
0.521454
0.528303
0.535148
0.541976
0.548815
0.555661
0.562539
0.569461
0.576442
0.583514
0.590688
0.598006
0.605474
0.613144
0.621011
0.629132
0.637496
0.646144
0.655068
0.664295
0.673808
0.683632
0.693742
0.704148
0.714823
0.725759
0.737005
0.747681
2.312
1.20861
0.464974
0.403504
0.466207
0.527392
0.549319
0.550246
0.546102
0.54227
0.540063
0.538691
0.538097
0.5377
0.536967
0.536245
0.535679
0.535526
0.535715
0.536402
0.537516
0.539129
0.54121
0.543799
0.546858
0.550415
0.554428
0.558924
0.563844
0.569213
0.574974
0.581135
0.587643
0.59451
0.601695
0.609204
0.617008
0.625111
0.633491
0.642156
0.651093
0.660307
0.669788
0.679534
0.689531
0.699766
0.710228
0.720891
0.731819
0.742182
2.29404
1.1696
0.460076
0.422694
0.485802
0.546198
0.566083
0.566122
0.562402
0.559165
0.558409
0.558812
0.559898
0.561162
0.562034
0.562673
0.563265
0.563923
0.564658
0.565482
0.566403
0.567466
0.568719
0.570202
0.571951
0.574009
0.576393
0.579136
0.582254
0.585769
0.589685
0.594023
0.598787
0.603985
0.609615
0.615673
0.622151
0.62904
0.636327
0.643996
0.65203
0.660408
0.669112
0.678124
0.68744
0.697027
0.706883
0.716969
0.72734
0.737192
1.88783
0.805074
0.340782
0.355366
0.406343
0.443122
0.452857
0.452686
0.45175
0.452602
0.455915
0.460539
0.466079
0.472144
0.478234
0.484355
0.490572
0.496893
0.503268
0.509656
0.516018
0.522344
0.528621
0.53485
0.541026
0.54716
0.553261
0.559352
0.565453
0.571597
0.577809
0.584108
0.590528
0.597089
0.603818
0.610732
0.617855
0.625197
0.632775
0.640591
0.648666
0.656993
0.665585
0.674421
0.683502
0.692816
0.702348
0.712088
0.722076
0.731569
1.87402
0.796328
0.339526
0.356662
0.398325
0.426966
0.434881
0.434834
0.433827
0.433315
0.434048
0.435682
0.438239
0.441447
0.444939
0.448771
0.453027
0.457745
0.462906
0.468488
0.474453
0.480775
0.487413
0.494341
0.501517
0.508914
0.516492
0.524231
0.532095
0.540072
0.548136
0.556296
0.564526
0.572846
0.581234
0.58972
0.598287
0.606965
0.615749
0.624647
0.633654
0.64279
0.652055
0.661461
0.671006
0.680699
0.690535
0.700509
0.710661
0.720273
1.88891
0.806049
0.345026
0.37365
0.430941
0.466895
0.473624
0.46957
0.464488
0.461386
0.460434
0.460404
0.460996
0.461961
0.463001
0.464174
0.465606
0.467367
0.469493
0.471995
0.474898
0.478209
0.481959
0.486141
0.490772
0.495838
0.501348
0.50727
0.513607
0.520322
0.527419
0.534849
0.542612
0.550664
0.558996
0.567565
0.576366
0.585358
0.594532
0.603879
0.613393
0.623051
0.63285
0.642767
0.652806
0.662945
0.673192
0.683524
0.694008
0.703902
2.34073
1.12429
0.469037
0.44757
0.513136
0.574876
0.595494
0.594885
0.589586
0.584283
0.581272
0.579363
0.577798
0.576427
0.574873
0.57314
0.571367
0.569654
0.568045
0.566567
0.565244
0.564112
0.563198
0.562549
0.562194
0.562184
0.562535
0.563308
0.564494
0.566133
0.568254
0.570864
0.573989
0.577609
0.581752
0.586386
0.591529
0.597144
0.603241
0.609772
0.616739
0.624095
0.631823
0.639917
0.648331
0.65705
0.666034
0.675271
0.684768
0.693826
1.88937
0.807239
0.346163
0.363473
0.415823
0.456083
0.468554
0.469559
0.46901
0.468988
0.471276
0.474793
0.479001
0.483735
0.488559
0.49337
0.49821
0.503139
0.508114
0.513125
0.518115
0.523092
0.528016
0.532915
0.537757
0.54258
0.54736
0.552137
0.556915
0.561722
0.566566
0.571482
0.576466
0.581574
0.586802
0.592203
0.597767
0.603549
0.60953
0.615766
0.622228
0.628965
0.63595
0.643195
0.650688
0.65844
0.666432
0.674661
0.683143
0.691249
1.8891
0.807387
0.347474
0.36454
0.416096
0.454587
0.465036
0.463971
0.461096
0.458537
0.458071
0.458912
0.460498
0.462705
0.465124
0.467714
0.470582
0.473811
0.477404
0.481347
0.485613
0.490184
0.49504
0.500162
0.505528
0.511113
0.516898
0.522857
0.528973
0.535245
0.541648
0.548181
0.554832
0.561593
0.568459
0.575424
0.582491
0.58966
0.596937
0.604321
0.611822
0.619436
0.627175
0.635034
0.643031
0.651154
0.65942
0.667811
0.676377
0.684511
2.34275
1.12798
0.47272
0.449636
0.51639
0.580629
0.603077
0.603179
0.5981
0.593031
0.590248
0.588693
0.587566
0.586715
0.585712
0.584547
0.583322
0.582198
0.581161
0.580303
0.579564
0.579053
0.578709
0.578649
0.578807
0.579288
0.580053
0.581141
0.582568
0.584343
0.586473
0.588957
0.591797
0.59499
0.598536
0.602432
0.606674
0.611252
0.616158
0.621385
0.626917
0.632747
0.638858
0.645243
0.651883
0.658774
0.665895
0.673238
0.680808
0.688049
1.88982
0.808781
0.353433
0.381414
0.439687
0.479635
0.489593
0.487912
0.484867
0.483482
0.484908
0.487583
0.490931
0.494765
0.498665
0.502615
0.506678
0.510906
0.515269
0.519751
0.524313
0.528946
0.533629
0.538359
0.543129
0.547933
0.552774
0.557651
0.562576
0.56755
0.572583
0.577689
0.58287
0.588146
0.593517
0.599004
0.604603
0.610334
0.616193
0.622195
0.628345
0.63465
0.641115
0.64774
0.654529
0.661483
0.668602
0.675875
0.68333
0.690429
1.87526
0.799752
0.351159
0.378103
0.427535
0.459447
0.467095
0.465965
0.464284
0.46357
0.464097
0.465295
0.467195
0.46948
0.471832
0.474313
0.47702
0.480004
0.483272
0.486821
0.490643
0.494729
0.499072
0.503664
0.508494
0.513552
0.518824
0.524299
0.529962
0.535801
0.541804
0.547954
0.554256
0.560687
0.567257
0.573943
0.580758
0.587684
0.594733
0.601888
0.609159
0.616529
0.624011
0.63159
0.639279
0.647064
0.654957
0.662946
0.671078
0.678778
1.87423
0.799385
0.351684
0.375351
0.422433
0.454101
0.462314
0.461852
0.460735
0.460116
0.460385
0.46121
0.462693
0.464529
0.466377
0.468279
0.470335
0.472591
0.475064
0.477754
0.480671
0.483818
0.487205
0.490833
0.494709
0.498831
0.503204
0.507822
0.512689
0.517797
0.523149
0.528735
0.534554
0.540594
0.546851
0.553311
0.559971
0.566813
0.57384
0.581036
0.5884
0.595921
0.603599
0.611416
0.619367
0.627443
0.63565
0.64398
0.652466
0.660524
1.88906
0.809114
0.35486
0.36266
0.413296
0.452094
0.463036
0.462622
0.460834
0.459587
0.459623
0.460433
0.461973
0.463876
0.465703
0.46751
0.469428
0.47152
0.473805
0.47628
0.478946
0.481804
0.484861
0.488116
0.491576
0.495241
0.499117
0.503203
0.507505
0.51202
0.516754
0.521705
0.526876
0.532263
0.537868
0.543687
0.54972
0.555962
0.562411
0.56906
0.575906
0.582941
0.590157
0.597551
0.605123
0.612866
0.620768
0.628821
0.637046
0.644868
2.31232
1.20466
0.485423
0.431476
0.492573
0.556802
0.582791
0.586284
0.58362
0.580888
0.5796
0.579285
0.579774
0.580604
0.581143
0.581433
0.581666
0.581948
0.582325
0.582792
0.583358
0.584022
0.584799
0.585694
0.586724
0.587893
0.589216
0.590698
0.592353
0.594184
0.596207
0.598422
0.600847
0.603479
0.606333
0.609408
0.612716
0.616253
0.620033
0.624048
0.62831
0.632808
0.637553
0.642533
0.647759
0.653213
0.658898
0.664791
0.670922
0.676816
2.32253
1.22876
0.466104
0.405368
0.481442
0.557502
0.588667
0.593346
0.590713
0.58785
0.586862
0.587315
0.588606
0.590421
0.592103
0.5935
0.594831
0.596244
0.597797
0.599477
0.60128
0.603191
0.60522
0.60736
0.609622
0.611999
0.614502
0.617124
0.619876
0.622751
0.625761
0.6289
0.632179
0.635593
0.639153
0.642855
0.646708
0.650709
0.654868
0.659181
0.663657
0.668291
0.673095
0.678062
0.6832
0.6885
0.693967
0.699588
0.705386
0.710926
2.31273
1.20617
0.48667
0.432539
0.494353
0.559809
0.58687
0.59102
0.588969
0.586856
0.586287
0.586944
0.588453
0.590442
0.592241
0.593835
0.595408
0.597091
0.59892
0.600895
0.603004
0.605248
0.607626
0.610143
0.612799
0.615601
0.618543
0.621634
0.624868
0.628252
0.63178
0.635461
0.639287
0.643266
0.64739
0.651669
0.656094
0.660673
0.665398
0.670277
0.675301
0.680479
0.6858
0.691275
0.696891
0.702658
0.708563
0.714614
0.720821
0.72676
1.88895
0.809181
0.356064
0.364306
0.416386
0.457005
0.469104
0.469121
0.467535
0.466521
0.467165
0.468792
0.471274
0.47423
0.477164
0.48013
0.483238
0.486566
0.49011
0.493871
0.497825
0.50198
0.506315
0.510841
0.51554
0.520422
0.525466
0.530684
0.536054
0.541589
0.547267
0.553101
0.55907
0.565186
0.57143
0.577813
0.584315
0.590951
0.5977
0.604576
0.611558
0.618664
0.625869
0.633192
0.640608
0.648137
0.655757
0.663492
0.671354
0.678841
1.87422
0.800022
0.355299
0.380474
0.428586
0.460132
0.467652
0.466485
0.464744
0.463862
0.464079
0.464931
0.466472
0.468353
0.470186
0.472037
0.474001
0.47614
0.478451
0.480945
0.48361
0.48646
0.489487
0.492707
0.49611
0.499711
0.5035
0.50749
0.511671
0.516054
0.520628
0.525405
0.530372
0.535538
0.540893
0.546443
0.552177
0.558102
0.564204
0.57049
0.576947
0.583581
0.590377
0.59734
0.604456
0.61173
0.619147
0.626714
0.634439
0.641801
1.87704
0.803105
0.359371
0.395142
0.451554
0.484557
0.490479
0.486947
0.482763
0.480816
0.480805
0.481601
0.483011
0.484677
0.486274
0.487896
0.48964
0.491552
0.493627
0.495865
0.498257
0.500811
0.503523
0.506402
0.509445
0.512659
0.516041
0.519598
0.523326
0.527233
0.531312
0.535572
0.540006
0.544622
0.549413
0.554385
0.559532
0.564859
0.570359
0.576037
0.581885
0.587908
0.594096
0.600454
0.606972
0.613653
0.620487
0.627473
0.634618
0.64143
1.19155
1.04888
0.49757
0.190557
0.0107917
0.108721
0.160209
0.208556
0.230155
0.234521
0.222833
0.211371
0.20105
0.191515
0.179479
0.165025
0.147694
0.12776
0.105939
0.0827961
0.0589737
0.0352611
0.0158694
0.0232581
0.0469848
0.0712818
0.0954267
0.119131
0.14245
0.165352
0.187853
0.209927
0.231562
0.252704
0.272713
0.291815
0.311353
0.331725
0.351688
0.370854
0.389366
0.407361
0.424878
0.441929
0.458501
0.474595
0.490201
0.505319
0.519938
0.534058
0.547663
0.56075
0.573298
0.585298
0.596725
0.607564
0.617785
0.627368
0.636276
0.644488
0.651962
0.658676
0.664587
0.669676
0.673909
0.677278
0.679767
0.681397
0.682176
0.682353
0.682178
0.681624
0.680299
0.677802
0.674429
0.670825
0.667151
0.663436
0.659751
0.656174
0.65281
0.649728
0.647
0.644657
0.642735
0.641228
0.640143
0.63945
0.639127
0.639105
0.639267
0.639608
0.640248
0.641343
0.642732
0.64425
0.6458
0.647472
0.649113
0.653888
1.12193
1.03602
0.806155
0.549232
0.502257
0.431273
0.381344
0.340594
0.31031
0.291751
0.260404
0.230141
0.210569
0.208826
0.215963
0.226516
0.238975
0.252891
0.26802
0.283877
0.300255
0.316727
0.333052
0.349226
0.365958
0.382942
0.400105
0.417204
0.4343
0.451231
0.468083
0.484712
0.501209
0.517442
0.533099
0.548014
0.563013
0.578731
0.594595
0.609819
0.624537
0.638907
0.652987
0.666761
0.680216
0.693331
0.706101
0.718512
0.730559
0.742228
0.753511
0.76439
0.774852
0.784878
0.794449
0.803542
0.812133
0.820196
0.827703
0.834624
0.840928
0.846585
0.851565
0.855838
0.859382
0.862177
0.864217
0.865502
0.866065
0.866081
0.865788
0.865126
0.863783
0.861407
0.858195
0.854724
0.851176
0.847612
0.844099
0.840709
0.83753
0.834633
0.83208
0.829905
0.828131
0.826761
0.825791
0.825194
0.824968
0.824998
0.825177
0.825515
0.826085
0.827054
0.828266
0.829609
0.830931
0.832347
0.833539
0.837339
1.07464
1.07548
1.00807
0.899647
0.831172
0.780904
0.744982
0.714888
0.69007
0.671979
0.656881
0.642549
0.63255
0.62742
0.625901
0.626159
0.627666
0.630075
0.633459
0.637728
0.642844
0.648617
0.654979
0.661812
0.669367
0.677526
0.686295
0.695449
0.70502
0.714821
0.724933
0.735181
0.74567
0.756215
0.7666
0.776542
0.786615
0.797395
0.80876
0.819854
0.830662
0.841278
0.851795
0.86219
0.872466
0.882574
0.892517
0.902251
0.911786
0.921078
0.930137
0.938917
0.947423
0.955608
0.963473
0.970969
0.978093
0.984793
0.991064
0.996852
1.00215
1.0069
1.0111
1.01469
1.01767
1.02
1.02169
1.0227
1.02306
1.02294
1.02259
1.02191
1.0206
1.0184
1.01545
1.01221
1.00886
1.00552
1.00224
0.999107
0.996177
0.993529
0.991202
0.989239
0.987646
0.986437
0.985595
0.985104
0.984949
0.985008
0.985174
0.98548
0.985981
0.98683
0.987869
0.989038
0.990148
0.99132
0.992101
0.995165
1.04737
1.08419
1.08316
1.04976
1.00813
0.979418
0.961061
0.947288
0.93503
0.923919
0.91503
0.907301
0.900348
0.895175
0.892583
0.891296
0.890286
0.889249
0.888262
0.887473
0.887021
0.886967
0.887331
0.888258
0.889784
0.891948
0.894792
0.898215
0.902207
0.906668
0.911621
0.916972
0.922771
0.928868
0.935011
0.940993
0.947202
0.954125
0.961834
0.9697
0.97749
0.985206
0.992951
1.00071
1.0085
1.01628
1.02403
1.03171
1.03933
1.04681
1.05419
1.0614
1.06844
1.07526
1.08188
1.0882
1.09426
1.09998
1.10537
1.11035
1.11494
1.11906
1.12272
1.12584
1.12845
1.13046
1.13191
1.13274
1.13295
1.13276
1.13238
1.13168
1.13039
1.12835
1.12566
1.12266
1.11951
1.11636
1.11327
1.11035
1.10764
1.10521
1.10308
1.1013
1.09986
1.09879
1.09805
1.09766
1.09755
1.09763
1.09778
1.09805
1.09851
1.09928
1.10017
1.10121
1.10216
1.10314
1.10364
1.10626
1.02104
1.06891
1.09377
1.0972
1.08813
1.08049
1.07672
1.07513
1.07347
1.07074
1.06705
1.06408
1.06189
1.05896
1.05546
1.05262
1.04989
1.04694
1.04373
1.04037
1.03701
1.03383
1.03095
1.02852
1.02661
1.02536
1.02476
1.02484
1.02561
1.02694
1.02888
1.03135
1.03441
1.03788
1.04149
1.0451
1.04903
1.0537
1.05922
1.06512
1.07114
1.0772
1.08335
1.08958
1.09592
1.10232
1.10879
1.11526
1.12175
1.12819
1.13459
1.14089
1.14708
1.15312
1.159
1.16466
1.17011
1.17526
1.18014
1.18466
1.18884
1.1926
1.19594
1.19879
1.20116
1.20299
1.2043
1.20495
1.20506
1.20485
1.20447
1.20375
1.20244
1.20049
1.19804
1.19525
1.19227
1.18926
1.18631
1.18354
1.18099
1.17872
1.17674
1.1751
1.17379
1.17281
1.17216
1.17183
1.17176
1.17184
1.17199
1.17227
1.17274
1.17347
1.17427
1.17523
1.17608
1.17695
1.1773
1.17974
0.990679
1.0443
1.08046
1.10361
1.11574
1.12351
1.1304
1.13735
1.14327
1.14757
1.14975
1.15006
1.14958
1.14917
1.14778
1.14505
1.14172
1.13811
1.13439
1.13027
1.12603
1.12162
1.11743
1.11343
1.10996
1.10694
1.10467
1.10298
1.10205
1.10168
1.10203
1.10297
1.10455
1.10658
1.10879
1.11108
1.11375
1.11718
1.12143
1.12615
1.13114
1.13628
1.14155
1.14693
1.15243
1.15804
1.16374
1.16951
1.17532
1.18115
1.18696
1.19271
1.1984
1.20397
1.20941
1.21466
1.21973
1.22454
1.2291
1.23334
1.23724
1.24077
1.24389
1.24656
1.24878
1.25047
1.25162
1.25213
1.25217
1.25197
1.25157
1.25081
1.24948
1.24757
1.24525
1.24261
1.23977
1.23687
1.23404
1.23136
1.22891
1.22674
1.22487
1.22331
1.22208
1.22118
1.22058
1.2203
1.22026
1.22034
1.22049
1.22081
1.22128
1.22201
1.22276
1.22368
1.22447
1.22526
1.22553
1.22787
0.961093
1.01295
1.05595
1.08902
1.11385
1.13236
1.14757
1.16079
1.1724
1.1818
1.18889
1.19342
1.19585
1.19654
1.19665
1.19598
1.19374
1.19035
1.18654
1.18237
1.1779
1.17327
1.16861
1.16407
1.15983
1.15601
1.15277
1.15015
1.14821
1.14691
1.14632
1.14632
1.14704
1.14822
1.14955
1.15104
1.15295
1.15561
1.15906
1.16302
1.16733
1.17189
1.17661
1.18147
1.18645
1.19156
1.19677
1.20209
1.20746
1.21288
1.2183
1.2237
1.22905
1.23431
1.23944
1.24443
1.24923
1.25381
1.25813
1.26217
1.26587
1.26922
1.27218
1.27472
1.27678
1.27834
1.27935
1.27975
1.27971
1.27951
1.2791
1.27828
1.27689
1.27499
1.27273
1.2702
1.26747
1.26468
1.26193
1.25933
1.25696
1.25485
1.25305
1.25156
1.25037
1.2495
1.24893
1.24869
1.24867
1.24875
1.24891
1.24925
1.24975
1.25048
1.25121
1.2521
1.25285
1.2536
1.25381
1.2561
0.935013
0.982713
1.02656
1.06452
1.09594
1.12133
1.14281
1.16114
1.17699
1.1903
1.20113
1.20913
1.21466
1.21778
1.21922
1.21954
1.21936
1.21785
1.21488
1.211
1.20673
1.20235
1.19783
1.19335
1.18897
1.18494
1.18133
1.17829
1.17585
1.17408
1.17295
1.17249
1.17273
1.17344
1.17428
1.17533
1.17683
1.17908
1.18207
1.18558
1.18947
1.19367
1.19807
1.20264
1.20733
1.21216
1.21709
1.22212
1.22723
1.23239
1.23757
1.24274
1.24786
1.25291
1.25784
1.26263
1.26723
1.27163
1.27578
1.27965
1.28319
1.28639
1.28919
1.29156
1.29347
1.29489
1.29577
1.29606
1.29597
1.29576
1.2953
1.29439
1.29292
1.29102
1.28881
1.28636
1.28374
1.28106
1.27842
1.27589
1.27358
1.27152
1.26974
1.26828
1.26712
1.26627
1.26572
1.26549
1.26549
1.26557
1.26574
1.2661
1.26662
1.26736
1.26808
1.26896
1.26969
1.27039
1.27056
1.27284
0.911729
0.955349
0.997641
1.0372
1.0719
1.10186
1.12712
1.14896
1.16788
1.18426
1.19788
1.20891
1.21714
1.223
1.22655
1.22854
1.22924
1.22933
1.22844
1.2261
1.22254
1.21866
1.21449
1.21035
1.20623
1.20239
1.19879
1.1957
1.19307
1.19112
1.18973
1.18905
1.18903
1.18948
1.19005
1.19085
1.19216
1.1942
1.19693
1.20015
1.20378
1.20772
1.21192
1.21629
1.22082
1.22547
1.23023
1.23508
1.24
1.24498
1.24998
1.25496
1.25991
1.26478
1.26954
1.27416
1.2786
1.28282
1.28681
1.29051
1.29388
1.29691
1.29954
1.30175
1.30351
1.30478
1.30551
1.3057
1.3056
1.30535
1.30482
1.3038
1.30226
1.30037
1.2982
1.29583
1.29332
1.29076
1.28822
1.2858
1.28356
1.28155
1.27981
1.27837
1.27722
1.27639
1.27585
1.27564
1.27565
1.27573
1.2759
1.27628
1.2768
1.27755
1.27827
1.27913
1.27984
1.28051
1.28065
1.28292
0.890166
0.929791
0.969838
1.00893
1.04498
1.07711
1.10529
1.12986
1.15133
1.16994
1.1859
1.19921
1.20998
1.21824
1.22419
1.22813
1.23058
1.23162
1.23184
1.23145
1.22998
1.22731
1.22375
1.22002
1.21632
1.21279
1.20947
1.20652
1.20397
1.20198
1.20054
1.19976
1.19962
1.1999
1.2003
1.20098
1.20218
1.2041
1.20665
1.20964
1.21303
1.21675
1.22073
1.22492
1.22928
1.23377
1.23837
1.24306
1.24782
1.25262
1.25745
1.26226
1.26703
1.27173
1.27632
1.28077
1.28504
1.28909
1.2929
1.29641
1.29961
1.30246
1.30492
1.30696
1.30856
1.30968
1.31024
1.31034
1.31022
1.30994
1.30933
1.30821
1.30662
1.30473
1.30261
1.30032
1.29794
1.29552
1.29313
1.29083
1.28868
1.28674
1.28505
1.28362
1.2825
1.28166
1.28113
1.28092
1.28093
1.281
1.28117
1.28154
1.28207
1.28281
1.28353
1.28438
1.28506
1.28569
1.28581
1.28807
0.870035
0.906453
0.944212
0.982154
1.01824
1.05135
1.08101
1.10738
1.13062
1.15109
1.16889
1.18423
1.19706
1.20757
1.21569
1.22179
1.22607
1.22891
1.23042
1.23099
1.2308
1.22995
1.22797
1.22509
1.22196
1.21878
1.21577
1.21303
1.21064
1.2087
1.20725
1.20638
1.2061
1.20618
1.20642
1.20695
1.20805
1.20985
1.21221
1.21499
1.21816
1.22165
1.22544
1.22946
1.23367
1.23803
1.2425
1.24706
1.25168
1.25634
1.26102
1.26567
1.27029
1.27482
1.27924
1.28352
1.28761
1.29148
1.29509
1.29842
1.30143
1.30409
1.30636
1.30822
1.30964
1.31059
1.31099
1.311
1.31087
1.31054
1.30984
1.30864
1.30702
1.30513
1.30308
1.30091
1.29869
1.29643
1.29421
1.29207
1.29005
1.2882
1.28657
1.28519
1.28408
1.28325
1.28272
1.2825
1.2825
1.28257
1.28273
1.2831
1.28361
1.28434
1.28504
1.28587
1.28653
1.28713
1.28722
1.28949
0.849306
0.883318
0.919184
0.955925
0.991625
1.02505
1.05561
1.08315
1.1078
1.1297
1.14909
1.16603
1.18065
1.19299
1.20321
1.21128
1.21749
1.22205
1.22523
1.2272
1.22812
1.22819
1.22771
1.22643
1.22432
1.22163
1.21889
1.21629
1.21406
1.21217
1.21078
1.20988
1.20954
1.20946
1.2096
1.21008
1.21115
1.2129
1.21514
1.21775
1.22074
1.22405
1.22767
1.23153
1.23561
1.23984
1.2442
1.24864
1.25314
1.25766
1.26219
1.26669
1.27115
1.2755
1.27976
1.28385
1.28775
1.29142
1.29485
1.29798
1.3008
1.30325
1.30533
1.30699
1.30823
1.30899
1.30925
1.30921
1.30905
1.30867
1.30787
1.30658
1.30496
1.30314
1.30118
1.29916
1.2971
1.29503
1.29299
1.29101
1.28913
1.2874
1.28584
1.28452
1.28344
1.28262
1.28208
1.28185
1.28183
1.28189
1.28204
1.28238
1.28287
1.28357
1.28425
1.28505
1.28568
1.28626
1.28632
1.28861
0.828652
0.860373
0.894352
0.929669
0.964579
0.997793
1.02868
1.05692
1.08255
1.10559
1.12625
1.14457
1.16072
1.1747
1.18669
1.19657
1.20459
1.21086
1.21566
1.2191
1.22141
1.2227
1.22305
1.22277
1.22202
1.22054
1.21853
1.21628
1.21419
1.21244
1.21109
1.21025
1.20983
1.20968
1.20968
1.21017
1.21123
1.21289
1.21499
1.21743
1.22024
1.22336
1.22681
1.23051
1.23445
1.23855
1.24279
1.2471
1.25148
1.25586
1.26026
1.2646
1.2689
1.27308
1.27715
1.28103
1.28475
1.28821
1.29144
1.29435
1.29696
1.29919
1.30106
1.30251
1.30355
1.3041
1.30426
1.30419
1.30398
1.30351
1.30259
1.30125
1.29967
1.29795
1.29613
1.29428
1.29239
1.29052
1.28867
1.28686
1.28514
1.28353
1.28207
1.28082
1.27977
1.27898
1.27843
1.27818
1.27813
1.27818
1.27832
1.27862
1.27907
1.27974
1.28038
1.28116
1.28176
1.28229
1.28234
1.28464
0.810018
0.839359
0.871246
0.904808
0.938447
0.970912
1.00156
1.02998
1.05612
1.07993
1.10153
1.12096
1.13835
1.15374
1.16724
1.17875
1.18844
1.19638
1.20277
1.20774
1.21148
1.21409
1.21575
1.21652
1.21663
1.21615
1.21528
1.21392
1.21228
1.2107
1.20949
1.20868
1.20835
1.20813
1.20824
1.20886
1.21003
1.21172
1.21378
1.21617
1.21892
1.22198
1.22535
1.22898
1.23284
1.23686
1.24101
1.24523
1.24951
1.25378
1.25803
1.26223
1.26635
1.27034
1.2742
1.27787
1.28135
1.28458
1.28756
1.29022
1.29257
1.29455
1.29616
1.29737
1.29818
1.29852
1.29856
1.29846
1.29819
1.2976
1.29657
1.29522
1.29371
1.29212
1.29048
1.28881
1.28714
1.28548
1.28383
1.28222
1.28067
1.27922
1.2779
1.27674
1.27576
1.275
1.27447
1.27419
1.27412
1.27416
1.27428
1.27454
1.27494
1.27556
1.27617
1.2769
1.27745
1.27795
1.27796
1.28027
0.795337
0.822058
0.851529
0.882946
0.914822
0.946001
0.975816
1.00387
1.02999
1.05412
1.07626
1.09647
1.11478
1.13127
1.14597
1.15896
1.17016
1.1797
1.18767
1.19422
1.19947
1.20356
1.2066
1.20872
1.21004
1.21065
1.21076
1.21046
1.20993
1.20922
1.20843
1.20804
1.20791
1.20798
1.20835
1.20921
1.21057
1.2123
1.21436
1.21676
1.21948
1.22251
1.22582
1.22938
1.23314
1.23706
1.2411
1.24522
1.24936
1.2535
1.25759
1.26162
1.26553
1.26932
1.27295
1.27639
1.27961
1.28258
1.28528
1.28767
1.28974
1.29145
1.29279
1.29375
1.2943
1.29447
1.29443
1.29428
1.29391
1.29316
1.29204
1.29075
1.28937
1.28795
1.28651
1.28506
1.2836
1.28216
1.28073
1.27933
1.27798
1.2767
1.27554
1.2745
1.27361
1.2729
1.27239
1.2721
1.27201
1.27204
1.27213
1.27234
1.27269
1.27325
1.27381
1.27448
1.27499
1.27543
1.27542
1.27772
0.786018
0.810077
0.836975
0.866057
0.895901
0.925474
0.954084
0.981365
1.00707
1.03111
1.05344
1.07408
1.09304
1.11037
1.12609
1.14028
1.15284
1.16385
1.17336
1.18148
1.18829
1.19394
1.19848
1.20207
1.20478
1.20673
1.20803
1.20883
1.2092
1.20929
1.2092
1.20917
1.20927
1.20962
1.21028
1.21128
1.21265
1.21437
1.21643
1.2188
1.22149
1.22445
1.22768
1.23112
1.23477
1.23855
1.24246
1.24642
1.25041
1.25437
1.25829
1.26211
1.26582
1.26937
1.27276
1.27593
1.27888
1.28157
1.28399
1.28608
1.28785
1.28927
1.29034
1.29103
1.29134
1.29137
1.29129
1.29105
1.29052
1.28963
1.28851
1.28732
1.28611
1.28488
1.28365
1.28242
1.28118
1.27995
1.27874
1.27755
1.2764
1.27532
1.27431
1.2734
1.27262
1.27197
1.27148
1.27117
1.27107
1.27109
1.27115
1.2713
1.27159
1.27208
1.27259
1.2732
1.27365
1.27403
1.27398
1.27629
0.780194
0.801936
0.826497
0.85334
0.881204
0.909111
0.936431
0.962758
0.987868
1.0116
1.03392
1.05476
1.07416
1.09211
1.10865
1.1238
1.13751
1.14979
1.16068
1.17022
1.1785
1.18557
1.19155
1.19651
1.20055
1.20377
1.20622
1.20804
1.20938
1.2103
1.21093
1.21145
1.21197
1.21264
1.21351
1.21464
1.21606
1.2178
1.21985
1.22222
1.22485
1.22774
1.23086
1.2342
1.2377
1.24134
1.24508
1.24887
1.25267
1.25645
1.26015
1.26375
1.26721
1.27051
1.27361
1.27651
1.27916
1.28154
1.28363
1.28542
1.28687
1.28799
1.28875
1.28918
1.28928
1.28923
1.28907
1.28867
1.28796
1.28699
1.28596
1.28492
1.28388
1.28285
1.28183
1.28081
1.27979
1.27878
1.27778
1.27681
1.27587
1.27498
1.27414
1.27338
1.2727
1.27212
1.27167
1.27136
1.27123
1.27123
1.27127
1.27138
1.2716
1.272
1.27245
1.27298
1.27337
1.27367
1.27358
1.2759
0.776164
0.796165
0.818819
0.843722
0.869759
0.89605
0.922033
0.947318
0.971677
0.994949
1.01705
1.03793
1.05756
1.07594
1.09308
1.10899
1.12364
1.137
1.14907
1.15988
1.16949
1.17793
1.18529
1.19159
1.19694
1.20137
1.20501
1.20793
1.21025
1.21203
1.21344
1.21457
1.2156
1.21661
1.21774
1.21902
1.22055
1.22233
1.22439
1.2267
1.22928
1.23207
1.2351
1.23829
1.24165
1.24511
1.24867
1.25225
1.25586
1.2594
1.26288
1.26622
1.26943
1.27244
1.27528
1.27785
1.2802
1.28225
1.28403
1.28547
1.28661
1.2874
1.28789
1.28803
1.288
1.28788
1.28756
1.28694
1.28607
1.28516
1.28425
1.28338
1.28253
1.2817
1.28088
1.28007
1.27926
1.27847
1.27769
1.27694
1.27622
1.27553
1.27486
1.27424
1.27367
1.27318
1.27277
1.27247
1.27232
1.27229
1.27232
1.2724
1.27255
1.27287
1.27323
1.27368
1.274
1.27422
1.27409
1.27641
0.773151
0.791832
0.813025
0.8364
0.860953
0.885896
0.910679
0.934993
0.95859
0.981346
1.00314
1.02392
1.04365
1.06231
1.07988
1.09638
1.11178
1.12603
1.13911
1.15104
1.16182
1.1715
1.18007
1.18764
1.1942
1.19987
1.20465
1.20866
1.21196
1.21469
1.21688
1.21871
1.22026
1.22171
1.22312
1.22462
1.22624
1.22807
1.2301
1.23238
1.23485
1.23756
1.24043
1.24348
1.24664
1.24994
1.25327
1.25665
1.25999
1.26331
1.2665
1.2696
1.2725
1.27525
1.27775
1.28004
1.28203
1.28377
1.28518
1.28631
1.2871
1.2876
1.28777
1.28776
1.28765
1.28734
1.28676
1.28595
1.28511
1.28431
1.28356
1.28285
1.28218
1.28154
1.28091
1.2803
1.27971
1.27913
1.27858
1.27805
1.27754
1.27705
1.27656
1.27609
1.27563
1.27522
1.27486
1.27459
1.27442
1.27436
1.27438
1.27442
1.27452
1.27474
1.27502
1.27539
1.27562
1.27577
1.27559
1.27791
0.769805
0.787586
0.807731
0.82995
0.853329
0.877153
0.90097
0.924442
0.94739
0.969647
0.991142
1.01178
1.03155
1.05038
1.0683
1.08524
1.10125
1.11622
1.13016
1.14301
1.15482
1.16555
1.17526
1.18395
1.19169
1.19846
1.20437
1.2094
1.21372
1.21732
1.22032
1.22281
1.22493
1.22678
1.2285
1.23018
1.23192
1.23375
1.23577
1.23794
1.24032
1.24286
1.24559
1.24844
1.25142
1.25447
1.25759
1.2607
1.26381
1.26683
1.26977
1.27255
1.27518
1.2776
1.27981
1.28175
1.28344
1.28481
1.28591
1.28668
1.28717
1.28734
1.28733
1.2872
1.28688
1.28629
1.28549
1.28469
1.28395
1.28327
1.28266
1.2821
1.28159
1.28112
1.28067
1.28025
1.27985
1.27948
1.27913
1.27882
1.27851
1.27819
1.27786
1.27752
1.27718
1.27685
1.27654
1.27629
1.27611
1.27603
1.27602
1.27604
1.2761
1.27622
1.27641
1.27668
1.27683
1.2769
1.2767
1.27901
0.765672
0.782739
0.802104
0.82346
0.845972
0.868942
0.891955
0.914745
0.937126
0.958972
0.980177
1.00069
1.02044
1.03942
1.05757
1.0749
1.09137
1.10695
1.12156
1.13522
1.14787
1.15955
1.17022
1.17992
1.18863
1.19642
1.20326
1.20925
1.21441
1.21883
1.22257
1.22573
1.22841
1.23072
1.23278
1.2347
1.23656
1.23846
1.24043
1.24255
1.2448
1.24721
1.24974
1.25241
1.25517
1.25799
1.26085
1.26371
1.26652
1.26926
1.27189
1.27437
1.27668
1.27879
1.28065
1.28227
1.2836
1.28463
1.28536
1.28581
1.28596
1.28592
1.28576
1.28538
1.28473
1.28391
1.28311
1.28238
1.28173
1.28117
1.28068
1.28028
1.27992
1.27962
1.27934
1.2791
1.2789
1.27873
1.27861
1.27851
1.27839
1.27825
1.27807
1.27786
1.27763
1.27738
1.27714
1.27692
1.27675
1.27664
1.2766
1.27661
1.27663
1.27668
1.27678
1.27693
1.27698
1.277
1.27677
1.27906
0.759649
0.776198
0.794949
0.815647
0.837473
0.859791
0.882195
0.904442
0.92637
0.947861
0.968834
0.989214
1.00896
1.02803
1.04639
1.064
1.08087
1.09692
1.11213
1.12643
1.13984
1.15231
1.16386
1.17444
1.18411
1.19282
1.20064
1.20756
1.21365
1.21894
1.22353
1.22743
1.23076
1.23359
1.23607
1.23829
1.24038
1.24238
1.24441
1.24648
1.24866
1.25092
1.25331
1.25577
1.25831
1.26089
1.26349
1.26606
1.26858
1.271
1.27331
1.27546
1.27744
1.27919
1.28072
1.28196
1.28293
1.28359
1.28397
1.28408
1.28401
1.28379
1.28328
1.28252
1.28166
1.28083
1.28007
1.27941
1.27884
1.27839
1.27804
1.27777
1.27757
1.27742
1.2773
1.27726
1.27726
1.2773
1.27739
1.27751
1.27757
1.27759
1.27756
1.2775
1.27739
1.27724
1.27707
1.2769
1.27674
1.27662
1.27655
1.27651
1.2765
1.27651
1.27653
1.27654
1.27652
1.27648
1.27616
1.27839
0.753913
0.769842
0.787966
0.807998
0.829133
0.850776
0.872546
0.894231
0.915678
0.936792
0.957484
0.977698
0.997374
1.01648
1.03497
1.05282
1.06998
1.08646
1.10216
1.11707
1.13114
1.14437
1.15671
1.16818
1.17874
1.1884
1.19716
1.20505
1.21205
1.21825
1.22366
1.22836
1.23238
1.23586
1.23884
1.24147
1.24381
1.246
1.24809
1.25017
1.25226
1.25441
1.25662
1.25889
1.26119
1.26352
1.26584
1.26811
1.27031
1.2724
1.27437
1.27619
1.27781
1.27921
1.28036
1.28124
1.28182
1.2821
1.28215
1.28204
1.28173
1.28107
1.28015
1.27922
1.27832
1.27751
1.27679
1.27619
1.27571
1.27536
1.27514
1.27501
1.27494
1.27493
1.27496
1.27507
1.2753
1.2756
1.2759
1.27617
1.27639
1.27656
1.27666
1.27672
1.27671
1.27667
1.2766
1.27648
1.27634
1.27622
1.27612
1.27605
1.27599
1.27595
1.2759
1.27585
1.27574
1.27558
1.27512
1.27725
0.747676
0.763119
0.780695
0.800167
0.820738
0.841821
0.863072
0.884286
0.905341
0.926135
0.946604
0.96667
0.986297
1.00542
1.02403
1.04206
1.0595
1.07631
1.09245
1.10785
1.12251
1.13637
1.14942
1.16162
1.17297
1.18343
1.19302
1.20169
1.2095
1.21644
1.22259
1.22796
1.23262
1.23663
1.24008
1.24308
1.24571
1.24807
1.25026
1.25234
1.25437
1.2564
1.25843
1.26049
1.26255
1.2646
1.26661
1.26857
1.27043
1.27219
1.2738
1.27527
1.27652
1.27757
1.27833
1.27884
1.27904
1.27903
1.27886
1.2784
1.2776
1.27659
1.27555
1.27457
1.27365
1.27285
1.27216
1.27162
1.27124
1.27102
1.27092
1.2709
1.27092
1.27101
1.27123
1.27159
1.27203
1.2725
1.27294
1.27336
1.27372
1.27403
1.27428
1.27445
1.27456
1.27461
1.27459
1.27455
1.27447
1.27436
1.27423
1.27412
1.27402
1.27393
1.27382
1.2737
1.27349
1.27325
1.27267
1.27472
0.736533
0.752072
0.769679
0.789042
0.809415
0.83023
0.8512
0.872134
0.89295
0.913544
0.933874
0.953859
0.973472
0.992646
1.01136
1.02957
1.04726
1.06437
1.08085
1.09665
1.11175
1.1261
1.1397
1.15248
1.16446
1.17558
1.18589
1.19533
1.20394
1.21168
1.21863
1.22475
1.23014
1.23478
1.23883
1.24229
1.24532
1.24795
1.25034
1.25249
1.25454
1.25647
1.25839
1.26024
1.26208
1.26384
1.26557
1.26717
1.26871
1.27009
1.27137
1.27244
1.27335
1.27398
1.27437
1.27447
1.27442
1.27413
1.27345
1.27245
1.27135
1.27021
1.2691
1.26805
1.2671
1.26629
1.26564
1.26518
1.26491
1.26481
1.26481
1.26485
1.26497
1.26526
1.26572
1.26629
1.2669
1.26751
1.26812
1.26869
1.26921
1.26967
1.27006
1.27037
1.2706
1.27075
1.27082
1.27082
1.27078
1.27072
1.27061
1.27048
1.27032
1.27018
1.27
1.26981
1.26952
1.2692
1.26852
1.2705
0.720752
0.736752
0.754759
0.774386
0.794872
0.815697
0.836615
0.85747
0.878198
0.898719
0.918997
0.938966
0.958602
0.977848
0.996686
1.01507
1.03297
1.05037
1.06722
1.08345
1.09906
1.11398
1.1282
1.14168
1.1544
1.16633
1.17745
1.18774
1.1972
1.20581
1.21361
1.22058
1.22677
1.2322
1.23696
1.24105
1.24462
1.24768
1.25039
1.25276
1.25492
1.25687
1.25872
1.26042
1.26204
1.26353
1.26494
1.26621
1.26738
1.26839
1.26928
1.26995
1.27044
1.27063
1.27063
1.27046
1.26994
1.26905
1.26788
1.26662
1.26534
1.26408
1.26287
1.26176
1.26077
1.25997
1.25938
1.25901
1.25886
1.25885
1.2589
1.25903
1.25933
1.25984
1.2605
1.26123
1.262
1.26278
1.26354
1.26428
1.26496
1.26558
1.26612
1.26657
1.26693
1.26719
1.26735
1.26743
1.26742
1.26739
1.26732
1.2672
1.267
1.2668
1.26655
1.26629
1.26591
1.26551
1.26473
1.26664
0.709494
0.724785
0.742167
0.761253
0.78129
0.801749
0.82236
0.842978
0.863517
0.883913
0.904106
0.924053
0.943701
0.96302
0.981963
1.00051
1.01861
1.03626
1.05344
1.07009
1.08616
1.10163
1.11645
1.13061
1.14405
1.15676
1.1687
1.17986
1.19021
1.19974
1.20843
1.21631
1.22337
1.22964
1.23515
1.23995
1.24409
1.24766
1.25071
1.25334
1.25562
1.25761
1.25937
1.26093
1.26231
1.26353
1.26459
1.26552
1.26631
1.26697
1.26748
1.26776
1.26783
1.26776
1.26742
1.26664
1.26552
1.26424
1.26285
1.2614
1.25996
1.25856
1.25726
1.25609
1.2551
1.25434
1.25382
1.25356
1.25351
1.25355
1.25366
1.25392
1.25441
1.2551
1.25592
1.25679
1.2577
1.25862
1.25953
1.2604
1.26123
1.26198
1.26266
1.26323
1.26372
1.26408
1.26434
1.26447
1.26451
1.26449
1.26444
1.26434
1.26414
1.26389
1.26356
1.26323
1.26277
1.26231
1.26145
1.2633
0.705293
0.719223
0.735324
0.753245
0.77224
0.7918
0.811639
0.831616
0.851626
0.871605
0.891478
0.9112
0.930705
0.949959
0.968909
0.987532
1.00578
1.02364
1.04109
1.05808
1.07456
1.09049
1.10584
1.12057
1.13464
1.14803
1.16068
1.17259
1.18371
1.19403
1.20352
1.21219
1.22002
1.22704
1.23321
1.23863
1.24329
1.24731
1.25071
1.25361
1.25602
1.25807
1.25977
1.26119
1.26234
1.26327
1.26398
1.26455
1.26496
1.26525
1.26533
1.26528
1.26501
1.26435
1.26331
1.262
1.26054
1.25897
1.25735
1.25569
1.25408
1.25254
1.25116
1.24996
1.249
1.24829
1.24786
1.24772
1.24774
1.24781
1.248
1.24842
1.24909
1.24994
1.25089
1.2519
1.25296
1.25402
1.25507
1.25609
1.25705
1.25794
1.25875
1.25945
1.26005
1.26052
1.26087
1.26109
1.26117
1.26116
1.26112
1.26104
1.26085
1.26057
1.26017
1.25977
1.25921
1.25868
1.25774
1.25954
0.698509
0.712238
0.727954
0.745379
0.763833
0.78285
0.802173
0.821672
0.841265
0.860885
0.880472
0.899968
0.919325
0.93849
0.957426
0.976086
0.994446
1.01246
1.03013
1.04739
1.06422
1.08055
1.09635
1.11159
1.12623
1.14021
1.15352
1.16612
1.17796
1.18902
1.19927
1.2087
1.21728
1.225
1.2319
1.23797
1.24326
1.2478
1.25164
1.25484
1.25748
1.25962
1.26132
1.26261
1.26355
1.26418
1.26456
1.26477
1.26483
1.26477
1.26454
1.26398
1.26302
1.26172
1.26021
1.25853
1.25673
1.25486
1.25295
1.25107
1.24927
1.24763
1.24618
1.24498
1.24405
1.2434
1.24307
1.243
1.24305
1.24319
1.2435
1.24407
1.2449
1.24587
1.24694
1.24808
1.24925
1.25044
1.25162
1.25276
1.25385
1.25486
1.25579
1.25661
1.25731
1.25788
1.25832
1.25862
1.25876
1.25877
1.25874
1.25866
1.25847
1.25818
1.25773
1.25726
1.25662
1.25602
1.25499
1.25673
0.700617
0.713116
0.727624
0.743916
0.76132
0.77937
0.79782
0.816536
0.835442
0.854468
0.873558
0.892647
0.911688
0.930623
0.949413
0.968007
0.986375
1.00447
1.02228
1.03974
1.05683
1.07348
1.08967
1.10533
1.12043
1.13493
1.14879
1.16196
1.17442
1.18611
1.19702
1.2071
1.21635
1.22473
1.23226
1.23892
1.24474
1.24974
1.25397
1.25747
1.26031
1.26255
1.26423
1.26541
1.26613
1.26646
1.26653
1.26647
1.26629
1.26585
1.26501
1.26375
1.26223
1.26048
1.25854
1.25647
1.2543
1.2521
1.24992
1.24783
1.2459
1.24417
1.24268
1.24149
1.24059
1.24001
1.23978
1.23978
1.23985
1.24005
1.24047
1.24119
1.24214
1.24322
1.24439
1.24564
1.24692
1.24822
1.2495
1.25076
1.25196
1.25308
1.25411
1.25504
1.25584
1.2565
1.25702
1.25739
1.25758
1.25762
1.25759
1.25752
1.25734
1.25703
1.25654
1.25601
1.25529
1.25462
1.25351
1.25518
0.702675
0.714789
0.728842
0.744564
0.761356
0.778779
0.796618
0.81475
0.83312
0.851656
0.87032
0.889042
0.907788
0.926488
0.945117
0.963607
0.981941
1.00005
1.01792
1.03548
1.0527
1.06951
1.08588
1.10176
1.11711
1.13188
1.14605
1.15956
1.17239
1.18448
1.19582
1.20634
1.21605
1.22492
1.23292
1.24004
1.2463
1.2517
1.25628
1.26006
1.26309
1.26542
1.2671
1.26817
1.26865
1.26871
1.26862
1.26836
1.2678
1.26679
1.26533
1.26359
1.26161
1.25943
1.25708
1.25463
1.25213
1.24965
1.24726
1.24502
1.24299
1.24121
1.23972
1.23855
1.23771
1.23722
1.23707
1.23711
1.23722
1.23748
1.23802
1.23886
1.23989
1.24105
1.24231
1.24363
1.245
1.24638
1.24775
1.24909
1.25037
1.25158
1.2527
1.2537
1.25458
1.25532
1.25591
1.25633
1.25658
1.25664
1.25662
1.25654
1.25637
1.25606
1.25554
1.25496
1.25417
1.25344
1.25225
1.25387
0.692064
0.705014
0.719785
0.736064
0.753253
0.770939
0.788954
0.807194
0.825625
0.844187
0.862856
0.881572
0.900308
0.919006
0.937643
0.956162
0.974542
0.992723
1.01069
1.02835
1.04569
1.06264
1.07918
1.09524
1.11082
1.12584
1.14029
1.1541
1.16728
1.17973
1.19147
1.20242
1.21258
1.22189
1.23036
1.23792
1.24462
1.25041
1.25535
1.2594
1.26266
1.26511
1.26682
1.26778
1.26806
1.26797
1.26775
1.26725
1.26624
1.26468
1.26276
1.26056
1.25813
1.25552
1.25278
1.24998
1.24719
1.24448
1.24193
1.23958
1.23749
1.23569
1.23422
1.23309
1.23232
1.23192
1.23184
1.2319
1.23206
1.23241
1.23305
1.23399
1.2351
1.23635
1.23768
1.23909
1.24053
1.242
1.24345
1.24488
1.24625
1.24755
1.24875
1.24985
1.25081
1.25163
1.25228
1.25277
1.25307
1.25317
1.25314
1.25307
1.25291
1.2526
1.25206
1.25143
1.25059
1.24981
1.24855
1.25012
0.674522
0.688191
0.703662
0.720568
0.738296
0.756453
0.774875
0.793472
0.812213
0.831051
0.849959
0.868891
0.88782
0.906696
0.925493
0.944165
0.962687
0.981016
0.99913
1.01698
1.03452
1.05169
1.06849
1.08485
1.10076
1.11616
1.13103
1.1453
1.15898
1.17197
1.18428
1.19583
1.20662
1.21656
1.22567
1.23386
1.24117
1.24753
1.25298
1.25748
1.26109
1.26379
1.26563
1.26654
1.26674
1.26659
1.26622
1.26542
1.26398
1.26196
1.25957
1.25691
1.25403
1.251
1.24789
1.24478
1.24174
1.23884
1.23615
1.23371
1.23158
1.22979
1.22834
1.22726
1.22655
1.22624
1.22622
1.2263
1.2265
1.22694
1.2277
1.22874
1.22994
1.23127
1.23269
1.2342
1.23574
1.23731
1.23886
1.24039
1.24187
1.24327
1.24458
1.24577
1.24683
1.24774
1.24848
1.24904
1.2494
1.24954
1.24952
1.24946
1.24931
1.24901
1.24845
1.24779
1.24689
1.24606
1.24474
1.24627
0.658576
0.672154
0.687568
0.704473
0.722248
0.740503
0.759048
0.777789
0.796673
0.815658
0.834711
0.853791
0.872866
0.891893
0.910844
0.929673
0.948355
0.966845
0.985143
1.00327
1.02115
1.03873
1.056
1.0729
1.08939
1.10543
1.12098
1.13599
1.15041
1.1642
1.1773
1.18968
1.20127
1.21203
1.22193
1.23091
1.23894
1.246
1.25206
1.25711
1.26114
1.26417
1.26619
1.26713
1.26726
1.26707
1.26657
1.26549
1.26366
1.2612
1.25836
1.25523
1.25192
1.24849
1.24504
1.24163
1.23836
1.23528
1.23247
1.22996
1.22781
1.22601
1.2246
1.22356
1.22292
1.22268
1.2227
1.2228
1.22305
1.22359
1.22446
1.22559
1.22688
1.22831
1.22983
1.23143
1.23308
1.23475
1.23642
1.23806
1.23965
1.24117
1.24258
1.24388
1.24504
1.24605
1.24688
1.24752
1.24794
1.24812
1.24813
1.24808
1.24793
1.24763
1.24707
1.24637
1.24542
1.24455
1.24317
1.24467
0.687153
0.697649
0.710085
0.724233
0.739581
0.75567
0.772319
0.789374
0.806808
0.824522
0.842509
0.860669
0.879001
0.897402
0.915879
0.93433
0.952772
0.971123
0.989367
1.00745
1.02541
1.04313
1.06061
1.07775
1.09455
1.11092
1.12685
1.14224
1.15708
1.17128
1.18484
1.19765
1.2097
1.2209
1.23124
1.24064
1.24909
1.25652
1.26293
1.26827
1.27256
1.27574
1.27785
1.27873
1.27877
1.27853
1.27788
1.27651
1.27426
1.27135
1.26801
1.2644
1.26061
1.25675
1.2529
1.24917
1.24563
1.24235
1.23939
1.23679
1.23457
1.23275
1.23134
1.23033
1.22973
1.22954
1.22958
1.22971
1.23001
1.23063
1.23159
1.23276
1.2341
1.23558
1.23716
1.23883
1.24053
1.24227
1.244
1.24571
1.24736
1.24894
1.25042
1.25179
1.25301
1.25407
1.25495
1.25564
1.25611
1.25632
1.25634
1.25629
1.25614
1.25583
1.25525
1.25452
1.25352
1.2526
1.25115
1.25258
0.720512
0.730148
0.741512
0.754509
0.768661
0.783578
0.799069
0.815019
0.831394
0.848135
0.865215
0.88257
0.900166
0.917939
0.935852
0.953845
0.971879
0.989892
1.00786
1.02569
1.04338
1.06085
1.07807
1.09498
1.11155
1.12771
1.14343
1.15863
1.17331
1.18737
1.20081
1.21353
1.22552
1.23669
1.24703
1.25644
1.26494
1.27242
1.27891
1.2843
1.28865
1.29184
1.29395
1.29472
1.29467
1.29436
1.29359
1.29196
1.28934
1.28605
1.2823
1.27827
1.27407
1.26985
1.26568
1.2617
1.25795
1.25454
1.25147
1.24882
1.24657
1.24476
1.24336
1.24239
1.24184
1.24169
1.24173
1.24189
1.24224
1.24291
1.24389
1.24509
1.24644
1.24793
1.24953
1.2512
1.25291
1.25465
1.25639
1.2581
1.25977
1.26136
1.26285
1.26423
1.26547
1.26655
1.26745
1.26816
1.26864
1.26887
1.26889
1.26884
1.26869
1.26838
1.26777
1.26702
1.26599
1.26503
1.26353
1.2649
0.737023
0.747198
0.759009
0.772361
0.786724
0.801765
0.81726
0.833169
0.849414
0.866011
0.882881
0.900034
0.917381
0.934929
0.952584
0.970355
0.988145
1.00596
1.0237
1.04132
1.05872
1.07591
1.09281
1.10942
1.12564
1.1415
1.15687
1.17179
1.18615
1.19997
1.21313
1.22566
1.23744
1.24848
1.25868
1.26804
1.27645
1.28394
1.29038
1.29581
1.30012
1.30334
1.30538
1.30611
1.30596
1.30559
1.30473
1.30294
1.3001
1.29655
1.29255
1.28825
1.28382
1.27938
1.27505
1.27093
1.26711
1.26364
1.26057
1.25793
1.25571
1.25394
1.25259
1.25167
1.25119
1.25107
1.25113
1.25131
1.25169
1.25239
1.2534
1.2546
1.25595
1.25744
1.25902
1.26068
1.26239
1.26412
1.26584
1.26755
1.2692
1.27079
1.27228
1.27366
1.27489
1.27598
1.27688
1.27759
1.27808
1.27832
1.27834
1.27828
1.27814
1.27783
1.27722
1.27646
1.27541
1.27444
1.27291
1.27427
0.691885
0.704657
0.719039
0.734813
0.751378
0.768418
0.785716
0.803255
0.820956
0.838851
0.856864
0.875022
0.893237
0.911533
0.929818
0.948116
0.966331
0.984488
1.00249
1.02039
1.03807
1.05556
1.07273
1.08963
1.10614
1.1223
1.13798
1.15322
1.1679
1.18205
1.19554
1.20841
1.22052
1.23191
1.24244
1.25214
1.26086
1.26865
1.27536
1.28106
1.28557
1.28898
1.2911
1.29188
1.29174
1.29134
1.29044
1.28858
1.28563
1.28193
1.27777
1.27333
1.26877
1.26424
1.25985
1.2557
1.25188
1.24844
1.24542
1.24283
1.24069
1.23898
1.2377
1.23684
1.23642
1.23634
1.23642
1.23661
1.23703
1.23778
1.23883
1.24007
1.24147
1.24299
1.24461
1.24631
1.24806
1.24983
1.2516
1.25335
1.25506
1.25669
1.25823
1.25965
1.26093
1.26205
1.263
1.26374
1.26426
1.26451
1.26455
1.2645
1.26435
1.26405
1.26346
1.2627
1.26165
1.26069
1.25916
1.26055
0.654693
0.667514
0.682123
0.698221
0.715187
0.732665
0.750456
0.768508
0.786759
0.805198
0.823769
0.84246
0.861212
0.88001
0.898795
0.917555
0.936229
0.954807
0.973235
0.991497
1.00956
1.02741
1.04499
1.06228
1.07922
1.09578
1.11189
1.12754
1.14266
1.15721
1.17114
1.1844
1.19693
1.20869
1.21961
1.22965
1.23873
1.24682
1.25384
1.25976
1.26451
1.26805
1.2703
1.27111
1.27099
1.27059
1.26964
1.26769
1.2646
1.26071
1.25637
1.25175
1.24702
1.24234
1.23783
1.23358
1.2297
1.22621
1.22316
1.22056
1.21842
1.21672
1.21546
1.21462
1.21423
1.21417
1.21426
1.21447
1.21491
1.2157
1.21679
1.21808
1.21952
1.22108
1.22275
1.2245
1.22629
1.22812
1.22995
1.23176
1.23351
1.2352
1.23679
1.23826
1.23959
1.24076
1.24174
1.24252
1.24307
1.24335
1.2434
1.24334
1.2432
1.2429
1.24231
1.24153
1.24047
1.2395
1.23797
1.23937
0.653338
0.665241
0.678953
0.694208
0.710411
0.727199
0.744387
0.761908
0.779708
0.79776
0.816016
0.834448
0.853003
0.871654
0.890347
0.909055
0.927725
0.946332
0.964826
0.983182
1.00135
1.01931
1.03699
1.05439
1.07143
1.0881
1.10432
1.12008
1.13531
1.14997
1.16401
1.17738
1.19002
1.20189
1.21292
1.22306
1.23225
1.24043
1.24754
1.25355
1.25836
1.26196
1.26424
1.26506
1.26494
1.26453
1.26356
1.26154
1.25832
1.25429
1.24978
1.24499
1.2401
1.23526
1.23061
1.22625
1.22225
1.21868
1.21555
1.2129
1.21071
1.20898
1.2077
1.20685
1.20645
1.20639
1.20647
1.20668
1.20714
1.20794
1.20905
1.21035
1.21181
1.21339
1.21507
1.21683
1.21864
1.22048
1.22233
1.22415
1.22593
1.22763
1.22924
1.23073
1.23207
1.23326
1.23425
1.23504
1.2356
1.23589
1.23594
1.23589
1.23575
1.23545
1.23484
1.23405
1.23296
1.23197
1.23042
1.23182
)
;

boundaryField
{
    inlet
    {
        type            calculated;
        value           uniform 3.00001;
    }
    outlet
    {
        type            calculated;
        value           nonuniform List<scalar> 
40
(
0.653888
0.837339
0.995165
1.10626
1.17974
1.22787
1.2561
1.27284
1.28292
1.28807
1.28949
1.28861
1.28464
1.28027
1.27772
1.27629
1.2759
1.27641
1.27791
1.27901
1.27906
1.27839
1.27725
1.27472
1.2705
1.26664
1.2633
1.25954
1.25673
1.25518
1.25387
1.25012
1.24627
1.24467
1.25258
1.2649
1.27427
1.26055
1.23937
1.23182
)
;
    }
    bottom
    {
        type            symmetryPlane;
    }
    top
    {
        type            symmetryPlane;
    }
    obstacle
    {
        type            calculated;
        value           uniform 0;
    }
    defaultFaces
    {
        type            empty;
    }
}


// ************************************************************************* //
