/*--------------------------------*- C++ -*----------------------------------*\
| =========                 |                                                 |
| \\      /  F ield         | OpenFOAM: The Open Source CFD Toolbox           |
|  \\    /   O peration     | Version:  2412                                  |
|   \\  /    A nd           | Website:  www.openfoam.com                      |
|    \\/     M anipulation  |                                                 |
\*---------------------------------------------------------------------------*/
FoamFile
{
    version     2.0;
    format      ascii;
    arch        "LSB;label=32;scalar=64";
    class       volScalarField;
    location    "6.5";
    object      Ma;
}
// * * * * * * * * * * * * * * * * * * * * * * * * * * * * * * * * * * * * * //

dimensions      [0 0 0 0 0 0 0];

internalField   nonuniform List<scalar> 
7000
(
3.00001
3.00001
3
3.00003
2.99995
3.00042
2.99908
2.99866
2.98451
2.99238
2.92328
3.11873
2.81063
2.40292
1.54307
0.803426
0.322882
0.378263
0.438256
0.466206
0.464809
0.451335
0.430419
0.410828
0.395138
0.380417
0.36609
0.351653
0.336292
0.321172
0.306601
0.292659
0.280092
0.268445
0.255929
0.241716
0.227741
0.213803
0.199945
0.186383
0.171571
0.155332
0.138667
0.122663
0.106329
0.0889223
0.0707823
0.0520972
0.031554
0.0151112
3
3
2.99999
3
2.99992
3.00037
2.9989
2.9986
2.98514
2.99254
2.92278
3.11905
2.81142
2.40398
1.54413
0.803983
0.322926
0.378264
0.438159
0.466035
0.464544
0.450904
0.429893
0.410406
0.394905
0.380604
0.366953
0.353398
0.339104
0.324956
0.311078
0.297391
0.284702
0.272774
0.26005
0.245698
0.231708
0.218027
0.204481
0.191368
0.176855
0.160451
0.142957
0.125608
0.107866
0.0894207
0.0709899
0.052895
0.0339266
0.0206564
3
3
2.99997
2.99997
2.9998
3.00015
2.99838
2.99832
2.98528
2.99328
2.92345
3.11972
2.81252
2.40525
1.54572
0.805251
0.323233
0.37853
0.438289
0.466227
0.464866
0.451352
0.430456
0.411061
0.395509
0.38104
0.367144
0.353119
0.338323
0.323792
0.309689
0.296031
0.283624
0.27209
0.259813
0.245982
0.232495
0.21932
0.206244
0.193616
0.179585
0.163548
0.146199
0.128757
0.110879
0.0924501
0.0744403
0.0574092
0.0407821
0.0308841
3
3
2.99995
2.99995
2.99966
2.99958
2.99778
2.9967
2.98484
2.9936
2.92522
3.12187
2.81454
2.40675
1.54798
0.807347
0.324144
0.379249
0.438625
0.466638
0.465453
0.452135
0.431483
0.412425
0.39719
0.383049
0.369585
0.355829
0.341185
0.326758
0.312672
0.298939
0.286395
0.274632
0.262072
0.248018
0.234423
0.221291
0.208375
0.196069
0.182487
0.166944
0.150038
0.13298
0.115508
0.097586
0.0803284
0.0645039
0.0499991
0.0421972
3
3
2.99995
2.99994
2.99963
2.99957
2.99772
2.99688
2.98605
2.99423
2.92521
3.12365
2.8175
2.40977
1.55191
0.810468
0.325261
0.379981
0.438753
0.466859
0.465723
0.452337
0.431685
0.412666
0.397437
0.383381
0.370086
0.356513
0.342136
0.328002
0.314182
0.300671
0.288299
0.276669
0.264232
0.250281
0.236823
0.223907
0.211244
0.199291
0.186199
0.171233
0.154927
0.138481
0.121698
0.104559
0.0882357
0.0736082
0.0608141
0.0543008
3
2.99999
2.99995
2.99993
2.99963
2.99956
2.99774
2.99692
2.98652
2.99494
2.92661
3.12547
2.82073
2.4129
1.55711
0.815278
0.327196
0.381111
0.438968
0.467212
0.466182
0.452709
0.432138
0.41318
0.397873
0.383719
0.370325
0.356663
0.342296
0.328253
0.314576
0.301307
0.289258
0.278015
0.266065
0.25257
0.239565
0.227141
0.214927
0.203456
0.190956
0.17664
0.161011
0.145286
0.129355
0.113173
0.097884
0.0844184
0.0729917
0.0673224
3
3
2.99995
2.99994
2.99964
2.99957
2.99786
2.99709
2.98728
2.99584
2.92774
3.12852
2.82441
2.41561
1.56332
0.821166
0.32986
0.382823
0.439397
0.467815
0.467007
0.453601
0.433215
0.41443
0.399145
0.384981
0.371552
0.357691
0.343231
0.329198
0.315594
0.302508
0.290758
0.279895
0.268435
0.255453
0.242978
0.231145
0.219465
0.208566
0.196759
0.18318
0.168306
0.15337
0.138396
0.123279
0.109085
0.0967228
0.0864274
0.0813522
3
3
2.99995
2.99995
2.99966
2.99959
2.99798
2.99727
2.98787
2.9968
2.9294
3.131
2.82795
2.41926
1.57221
0.828392
0.334052
0.385387
0.440122
0.468628
0.468174
0.454967
0.434886
0.416395
0.401288
0.3873
0.374045
0.360142
0.345591
0.331485
0.317802
0.304755
0.293184
0.282583
0.271512
0.259014
0.247084
0.235889
0.224805
0.214554
0.203532
0.190792
0.176779
0.162731
0.148798
0.134814
0.121728
0.110441
0.101098
0.0964952
3
3
2.99995
2.99995
2.99969
2.99963
2.99818
2.99751
2.9889
2.99754
2.93094
3.13235
2.83207
2.42717
1.58447
0.836193
0.339697
0.388687
0.440665
0.469098
0.468994
0.456018
0.436178
0.417914
0.403132
0.389547
0.376724
0.363212
0.349012
0.335175
0.321659
0.308744
0.297315
0.286854
0.276022
0.26384
0.252289
0.241633
0.231121
0.221524
0.211324
0.199503
0.186457
0.173397
0.160576
0.147777
0.135819
0.125553
0.11709
0.112851
3
3
2.99996
2.99996
2.99973
2.99965
2.99836
2.99768
2.98965
2.99848
2.93309
3.13301
2.8368
2.43715
1.60035
0.848812
0.346099
0.391853
0.441717
0.470321
0.470586
0.457657
0.437945
0.419993
0.405508
0.392407
0.380141
0.367047
0.353338
0.339951
0.326739
0.314095
0.302891
0.292595
0.281991
0.270099
0.258849
0.248638
0.238655
0.229692
0.220356
0.209517
0.197502
0.185485
0.17383
0.16225
0.151429
0.14218
0.134501
0.130622
3
3
2.99997
2.99997
2.9998
2.99984
2.99879
2.99882
2.9906
3.00001
2.93568
3.13327
2.84172
2.44826
1.61799
0.864862
0.354522
0.394383
0.442457
0.471782
0.472395
0.459447
0.439699
0.421897
0.407648
0.395142
0.383466
0.370814
0.357699
0.344898
0.332147
0.320001
0.30923
0.299284
0.289088
0.277622
0.266754
0.257048
0.247614
0.239285
0.230845
0.221031
0.210103
0.199199
0.188735
0.178403
0.168721
0.160458
0.153592
0.149997
3
3
2.99997
2.99997
2.99979
2.99973
2.99867
2.9982
2.99118
3.0009
2.93868
3.13409
2.84797
2.46167
1.6391
0.884274
0.365638
0.395945
0.443674
0.473913
0.474798
0.461589
0.441877
0.424279
0.410267
0.398365
0.386793
0.374309
0.361663
0.34942
0.337203
0.325789
0.315709
0.306393
0.296912
0.286166
0.27588
0.266816
0.258052
0.250451
0.24301
0.234286
0.224478
0.214716
0.20549
0.196437
0.187936
0.180704
0.174598
0.171382
3
3
2.99998
2.99998
2.99983
2.99977
2.99894
2.9986
2.99276
3.00212
2.94168
3.13408
2.85453
2.47693
1.66317
0.90733
0.378295
0.396971
0.445451
0.476224
0.477162
0.463579
0.443913
0.426472
0.412787
0.401333
0.389831
0.377643
0.365579
0.353999
0.342496
0.331933
0.322682
0.314162
0.305624
0.295822
0.286244
0.277951
0.270023
0.263284
0.25699
0.249479
0.240888
0.232282
0.224332
0.216637
0.209371
0.203276
0.198071
0.195153
3
3
2.99999
2.99998
2.99986
2.99982
2.99913
2.99893
2.99377
3.00355
2.94511
3.13404
2.86148
2.49357
1.69008
0.933882
0.392746
0.399065
0.447533
0.478837
0.479752
0.46578
0.446204
0.428893
0.415495
0.404349
0.393128
0.381518
0.370249
0.359501
0.348894
0.339288
0.330906
0.323209
0.315659
0.306883
0.298047
0.290573
0.283609
0.277852
0.272876
0.266724
0.259471
0.252168
0.24562
0.239394
0.233537
0.228728
0.224532
0.22216
3.00001
3.00001
3
2.99999
2.99992
2.99986
2.99941
2.99926
2.99525
3.00471
2.94857
3.13348
2.86901
2.51212
1.72007
0.963774
0.408615
0.401334
0.448984
0.480802
0.481508
0.467131
0.447787
0.430889
0.418248
0.407649
0.396968
0.386258
0.37606
0.366317
0.356752
0.348222
0.340731
0.333839
0.327197
0.319401
0.311393
0.3048
0.298927
0.294262
0.290759
0.286163
0.280461
0.274627
0.269658
0.265155
0.260965
0.257876
0.255
0.25327
3.00001
3.00001
3
3
2.99994
2.99991
2.99956
2.99962
2.99684
3.00566
2.95259
3.13294
2.87699
2.53189
1.75282
0.996591
0.42551
0.403447
0.450056
0.482249
0.482639
0.467854
0.448865
0.433126
0.422052
0.412174
0.40229
0.392704
0.383686
0.374852
0.366442
0.359007
0.35241
0.346328
0.340579
0.333794
0.326541
0.320772
0.316107
0.312579
0.310558
0.307809
0.303988
0.299905
0.29687
0.294529
0.292589
0.291602
0.290985
0.290479
3.00001
3.00001
3.00001
3.00002
3.00001
3.00003
2.99981
3.00022
2.99786
3.00685
2.95661
3.13174
2.8851
2.55277
1.78878
1.03283
0.444046
0.40586
0.4507
0.482609
0.482325
0.467488
0.44943
0.435701
0.426295
0.417727
0.409281
0.401134
0.393187
0.385526
0.378468
0.37211
0.366411
0.361119
0.35618
0.350314
0.343861
0.338918
0.335406
0.332956
0.332403
0.331745
0.330154
0.328479
0.327755
0.328171
0.329255
0.331722
0.334386
0.336351
3.00001
3.00002
3.00002
3.00004
3.00006
3.0002
3.00022
3.00082
2.99904
3.00801
2.96111
3.12976
2.89375
2.57478
1.82934
1.07379
0.463462
0.406953
0.449241
0.480338
0.479921
0.46624
0.450504
0.439314
0.431455
0.424551
0.417866
0.411119
0.404682
0.398702
0.393059
0.387856
0.383085
0.378567
0.374377
0.369367
0.363603
0.359379
0.356907
0.355516
0.35636
0.35809
0.359295
0.360466
0.362627
0.36675
0.372285
0.379938
0.389318
0.397458
3.00001
3.00002
3.00002
3.00006
3.00007
3.00029
3.0005
3.00162
3.0006
3.00911
2.96567
3.12674
2.90374
2.59769
1.87371
1.11727
0.479744
0.406443
0.446268
0.476561
0.476762
0.464955
0.452107
0.44331
0.437691
0.433075
0.428281
0.423485
0.419148
0.414978
0.410835
0.406821
0.402957
0.399147
0.395568
0.391276
0.3861
0.382397
0.380651
0.380308
0.382565
0.38716
0.391469
0.395948
0.401978
0.411142
0.423228
0.439806
0.460772
0.485863
3.00001
3.00001
3.00001
3.00004
3.00006
3.00021
3.00046
3.00179
3.00154
3.01315
2.97593
3.14415
2.91562
2.63719
1.93951
1.18033
0.492847
0.405293
0.443193
0.473045
0.474666
0.466082
0.456835
0.450931
0.447729
0.445097
0.442294
0.43977
0.437338
0.434735
0.431867
0.428844
0.425725
0.422473
0.419329
0.415673
0.41104
0.407549
0.406269
0.407209
0.411075
0.418212
0.425639
0.433954
0.444997
0.460775
0.482509
0.513596
0.561964
0.651382
3.00001
3.00001
3
3
2.99998
2.99999
2.99997
3.0004
2.99974
3.00494
2.99088
3.07178
2.92752
2.76932
2.03613
1.27258
0.507311
0.404942
0.442318
0.475552
0.482236
0.478933
0.474383
0.470868
0.468982
0.468145
0.467536
0.46681
0.465715
0.464131
0.462002
0.459498
0.456761
0.453846
0.45108
0.448053
0.444237
0.441533
0.441928
0.445252
0.451133
0.461412
0.473851
0.487818
0.506161
0.531792
0.568735
0.625185
0.718371
0.864497
3.00001
3
3
2.99997
2.99997
2.99986
2.99976
2.99921
2.9988
2.99543
2.98702
2.97472
2.91911
2.65224
2.19293
1.39951
0.59252
0.421776
0.451021
0.483287
0.496277
0.499706
0.499229
0.496664
0.494677
0.494218
0.494175
0.493594
0.492215
0.49007
0.487334
0.484339
0.481329
0.47862
0.476412
0.474366
0.472221
0.472101
0.475263
0.48103
0.488984
0.501917
0.519691
0.539644
0.564578
0.598387
0.645544
0.712371
0.816311
0.941298
3.00001
3
3
2.99997
2.99996
2.9998
2.99972
2.99881
2.99833
2.99346
2.98974
2.96723
2.92767
2.82002
2.36127
1.62743
0.705608
0.440621
0.45672
0.489063
0.515338
0.524405
0.525534
0.523467
0.519936
0.517496
0.515497
0.51309
0.51012
0.506707
0.503164
0.499914
0.497352
0.495665
0.494769
0.494459
0.495357
0.498635
0.504627
0.51298
0.523528
0.538688
0.560257
0.585265
0.614898
0.652334
0.701423
0.764209
0.851529
0.941672
3.00001
3
3
2.99998
2.99997
2.99987
2.99978
2.99912
2.99869
2.99435
2.99075
2.96445
2.94778
2.77263
2.53886
1.85865
0.870131
0.506139
0.463712
0.493849
0.530366
0.544877
0.545981
0.541449
0.534901
0.529507
0.525489
0.521766
0.517941
0.514123
0.510704
0.508207
0.506906
0.506606
0.507421
0.509866
0.514097
0.520379
0.528961
0.539741
0.552888
0.569909
0.593042
0.620974
0.652666
0.68981
0.735748
0.789127
0.859278
0.926343
3.00001
3
3
2.99999
2.99995
2.99996
2.99975
2.99937
2.99877
2.99632
2.99277
2.97941
2.94698
2.84925
2.6189
2.03521
1.11739
0.629642
0.464273
0.490745
0.534376
0.55505
0.555168
0.547415
0.538802
0.532005
0.526896
0.52258
0.518859
0.515814
0.513637
0.512537
0.512653
0.514151
0.517523
0.522618
0.529152
0.537723
0.548473
0.561266
0.576397
0.594659
0.618113
0.645828
0.678143
0.713192
0.754907
0.801115
0.856583
0.911765
3.00001
3
2.99999
2.99999
2.99992
2.99991
2.99949
2.99943
2.99721
2.99634
2.98721
2.99145
2.95406
2.96368
2.71952
2.22708
1.36735
0.743705
0.441256
0.473969
0.526037
0.550583
0.552042
0.544202
0.536583
0.530583
0.526322
0.523014
0.52038
0.518501
0.51747
0.517359
0.518671
0.5217
0.526459
0.532832
0.540963
0.551227
0.563454
0.577605
0.593945
0.613276
0.636672
0.663298
0.69357
0.727061
0.763998
0.805313
0.851354
0.896865
3.00001
3.00001
3
3
2.99997
2.99997
2.99985
2.99979
2.99897
2.99815
2.9937
2.98554
2.95485
2.9347
2.71663
2.34499
1.54215
0.6402
0.382155
0.431781
0.485649
0.513712
0.521264
0.520582
0.519022
0.518031
0.517621
0.517588
0.517971
0.518633
0.519739
0.521574
0.52445
0.528841
0.5348
0.542333
0.551686
0.562984
0.576055
0.590989
0.608357
0.628646
0.651167
0.67636
0.704249
0.735039
0.768648
0.80504
0.844281
0.88338
3.00001
3.00001
3
3
2.99998
2.99997
2.99985
2.99977
2.99901
2.9984
2.99471
2.98869
2.9642
2.9394
2.7319
2.49858
1.79031
0.799646
0.461456
0.446196
0.475814
0.503094
0.513432
0.516086
0.516947
0.51797
0.519511
0.521947
0.524644
0.527072
0.529546
0.532487
0.536264
0.541297
0.547743
0.555902
0.565937
0.577602
0.59091
0.606076
0.623287
0.642677
0.663807
0.687071
0.712557
0.740153
0.769904
0.802141
0.83571
0.869248
3.00001
3.00001
3
3
2.99998
2.99997
2.99989
2.99974
2.99924
2.99863
2.99532
2.99213
2.96861
2.95093
2.82227
2.59902
1.9865
1.04084
0.595461
0.464777
0.483597
0.51665
0.53945
0.547872
0.549175
0.549032
0.549251
0.550122
0.551235
0.552306
0.553581
0.555227
0.557686
0.561481
0.566743
0.573751
0.582933
0.594248
0.607104
0.621576
0.637528
0.655311
0.674552
0.695385
0.717964
0.742633
0.769061
0.797878
0.827269
0.85613
3.00001
3
3
3
2.99999
2.99996
2.99991
2.99978
2.99929
2.99898
2.99588
2.99381
2.97994
2.95695
2.86929
2.71287
2.20002
1.34868
0.742228
0.469714
0.493454
0.538379
0.572158
0.581861
0.57948
0.576104
0.574253
0.57399
0.574404
0.575012
0.575856
0.577196
0.579207
0.582144
0.58645
0.592244
0.599918
0.609917
0.62162
0.63471
0.649361
0.665159
0.682551
0.701114
0.72124
0.743891
0.766855
0.792114
0.818082
0.842745
3.00001
3.00001
3
2.99999
2.99999
2.99993
2.99991
2.99952
2.99945
2.9971
2.99601
2.98297
2.99025
2.91855
3.1129
2.79316
2.3691
1.51408
0.814029
0.412527
0.457298
0.516972
0.561948
0.575905
0.575928
0.573972
0.573742
0.57553
0.578061
0.580692
0.583398
0.586386
0.589903
0.593823
0.598505
0.604447
0.611546
0.620269
0.631281
0.643612
0.657261
0.671662
0.687313
0.704366
0.722151
0.742226
0.761999
0.78351
0.80643
0.827791
3.00001
3.00001
3.00001
3
3
2.99996
2.99995
2.99971
2.99965
2.99836
2.9978
2.99019
2.99879
2.93629
3.13108
2.8411
2.46225
1.64162
0.891406
0.416022
0.451801
0.50495
0.548708
0.563066
0.564502
0.564277
0.565941
0.569089
0.572809
0.576771
0.580931
0.585512
0.59059
0.595732
0.601215
0.607823
0.615413
0.623755
0.633653
0.645624
0.659064
0.673127
0.688138
0.704494
0.720958
0.738441
0.756324
0.775115
0.795287
0.814262
3.00001
3.00001
3.00001
3
3
2.99997
2.99996
2.99982
2.99974
2.999
2.99841
2.99392
2.99
2.96279
2.93723
2.77108
2.52737
1.86421
0.86593
0.467919
0.428896
0.474608
0.517077
0.536749
0.543947
0.547868
0.552147
0.557038
0.562185
0.56742
0.572887
0.578719
0.585056
0.591699
0.598561
0.60614
0.614509
0.623441
0.633347
0.645064
0.65848
0.67259
0.687226
0.702549
0.717913
0.734076
0.75083
0.768047
0.786301
0.803557
3.00001
3.00001
3.00001
3
3
2.99998
2.99997
2.99984
2.99982
2.99912
2.99889
2.99537
2.99167
2.97373
2.94538
2.83339
2.60284
2.0181
1.05135
0.589372
0.452413
0.482042
0.520661
0.545867
0.55571
0.558875
0.561206
0.564247
0.567904
0.571838
0.575931
0.58051
0.585879
0.592064
0.598996
0.60673
0.615297
0.624447
0.634414
0.645754
0.658345
0.671573
0.685114
0.699184
0.71366
0.72897
0.744745
0.761252
0.778062
0.794212
3.00001
3.00001
3.00001
3
3
2.99998
2.99998
2.99988
2.99984
2.99938
2.99895
2.99669
2.99345
2.98014
2.9564
2.87853
2.68101
2.19916
1.30412
0.716751
0.472029
0.497562
0.543831
0.579859
0.591285
0.591438
0.589493
0.588612
0.588827
0.589748
0.59099
0.592666
0.595219
0.598889
0.60361
0.609683
0.617252
0.62585
0.635357
0.64584
0.657013
0.668913
0.681487
0.694831
0.708597
0.723226
0.738164
0.75398
0.769882
0.785203
3.00001
3.00001
3.00001
3.00001
3.00001
3
3
3
3.00001
2.99999
3.00012
2.99968
3.0007
2.9973
3.0188
2.97071
2.81547
2.13982
1.38195
0.568835
0.383014
0.430089
0.491024
0.531413
0.550094
0.558347
0.564175
0.569598
0.57513
0.580758
0.585519
0.589235
0.593068
0.597395
0.602103
0.608033
0.615709
0.624126
0.63328
0.643195
0.653777
0.665041
0.67678
0.689313
0.702086
0.715959
0.729826
0.744834
0.760004
0.774471
3.00001
3.00001
3.00001
3
2.99999
2.99999
2.99992
2.9999
2.99953
2.99936
2.99729
2.99571
2.98403
2.98484
2.91818
3.01853
2.77951
2.39538
1.53374
0.84069
0.470776
0.473702
0.511048
0.544019
0.554662
0.555847
0.557006
0.559764
0.564128
0.570097
0.576088
0.580551
0.584705
0.589448
0.594931
0.600886
0.608579
0.618504
0.628708
0.638979
0.649699
0.660974
0.672662
0.685008
0.69752
0.710798
0.724133
0.738002
0.752257
0.76564
3.00001
3.00001
3.00001
3.00001
3
3
2.99997
2.99997
2.99979
2.99973
2.99874
2.99835
2.99201
3.00112
2.94166
3.1301
2.85449
2.48333
1.68508
0.942768
0.446722
0.451098
0.50083
0.543258
0.556387
0.556618
0.555965
0.556398
0.558664
0.562895
0.568279
0.572744
0.576735
0.581652
0.587549
0.594009
0.601601
0.611292
0.622293
0.633697
0.645362
0.657209
0.669282
0.681767
0.694366
0.707397
0.720457
0.733841
0.747245
0.75994
3.00001
3.00001
3.00001
3.00001
3
3
2.99999
2.99998
2.9999
2.99984
2.9994
2.99924
2.99595
3.00398
2.95216
3.12751
2.87809
2.54151
1.781
1.02813
0.460357
0.432363
0.484236
0.530632
0.545454
0.546129
0.54422
0.543671
0.545176
0.549733
0.556065
0.562093
0.568016
0.574252
0.581508
0.589402
0.598054
0.608026
0.619393
0.631189
0.643292
0.655622
0.668047
0.680668
0.693381
0.706274
0.719117
0.732028
0.7447
0.756635
3.00001
3.00001
3.00001
3.00001
3.00001
3.00001
3.00001
3.00002
3.00001
3.00004
2.99991
3.0004
2.99847
3.00708
2.96213
3.12644
2.89651
2.60076
1.85806
1.09932
0.477477
0.4086
0.460031
0.509344
0.528088
0.530252
0.528934
0.52907
0.531748
0.537478
0.54504
0.553205
0.561563
0.570139
0.578736
0.587893
0.597943
0.60848
0.61972
0.631734
0.643986
0.656325
0.668684
0.681102
0.693494
0.7059
0.718151
0.730373
0.742202
0.753243
3.00001
3.00001
3.00001
3.00001
3
3
2.99999
2.99998
2.99988
2.99985
2.9993
2.99905
2.99591
2.99347
2.97344
2.95733
2.8439
2.61614
2.02594
1.04444
0.553266
0.419339
0.466528
0.517304
0.54287
0.546972
0.543826
0.541323
0.541591
0.54567
0.551616
0.558227
0.565347
0.573309
0.581916
0.590738
0.600238
0.610587
0.621616
0.632831
0.644196
0.655783
0.667267
0.678656
0.689965
0.701557
0.712981
0.724612
0.735644
0.746027
3.00001
3.00001
3.00001
3.00001
3.00001
3
3
2.99999
2.99997
2.99996
2.99996
3.00036
3.00047
3.0068
2.9993
3.08315
2.92993
2.77841
1.99572
1.20752
0.442813
0.361096
0.42219
0.484223
0.514159
0.526317
0.531009
0.534732
0.539641
0.545849
0.553808
0.561906
0.569438
0.576976
0.585029
0.593487
0.602246
0.611764
0.621706
0.632028
0.642672
0.653333
0.663985
0.674596
0.684873
0.69507
0.704979
0.715428
0.725845
0.735919
3.00001
3.00001
3.00001
3.00001
3.00001
3
3
2.99996
2.99996
2.99981
2.99969
2.99927
2.99835
2.99987
2.99628
3.04304
2.93438
2.76741
2.03546
1.24608
0.440872
0.326012
0.389016
0.458066
0.492815
0.511264
0.523192
0.532918
0.541885
0.550801
0.559024
0.566589
0.573955
0.581074
0.588348
0.59599
0.604052
0.61252
0.621491
0.630877
0.640255
0.649557
0.658889
0.668218
0.677458
0.686645
0.695682
0.705038
0.714952
0.72457
3.00001
3.00001
3.00001
3.00001
3.00001
3
3
2.99994
2.99994
2.99956
2.99952
2.99757
2.99684
2.98873
2.98987
2.9474
3.00061
2.68416
2.13711
1.23461
0.647339
0.368307
0.417815
0.487273
0.522857
0.535673
0.540946
0.545605
0.551452
0.557924
0.563979
0.569604
0.575229
0.581089
0.587191
0.593778
0.601108
0.609112
0.617565
0.62624
0.635097
0.644046
0.652835
0.661441
0.669936
0.67838
0.686909
0.695546
0.704629
0.713722
3.00001
3.00001
3.00001
3.00001
3.00001
3
3
2.99996
2.99995
2.99967
2.99963
2.99761
2.99673
2.98414
2.99303
2.91656
3.11528
2.77277
2.29573
1.39654
0.709256
0.323783
0.401431
0.485194
0.521199
0.529578
0.530622
0.532614
0.537209
0.543739
0.551376
0.558807
0.565998
0.573639
0.581516
0.589362
0.597327
0.605641
0.614052
0.622447
0.630808
0.639218
0.64757
0.655864
0.66407
0.672243
0.680439
0.688666
0.697219
0.705555
3.00001
3.00001
3.00001
3.00001
3.00001
3
3
2.99998
2.99996
2.99976
2.99972
2.99822
2.99761
2.98784
2.99738
2.92522
3.13059
2.79847
2.35958
1.46573
0.746196
0.310563
0.391294
0.470553
0.50568
0.51451
0.515903
0.5181
0.523266
0.531165
0.54102
0.551074
0.560925
0.571073
0.581279
0.591159
0.600671
0.609919
0.618428
0.626296
0.633834
0.641007
0.647986
0.655029
0.662288
0.669798
0.677326
0.68512
0.693053
0.700649
3.00001
3.00001
3.00001
3.00001
3.00001
3
3
2.99999
2.99994
2.99983
2.99975
2.9989
2.99917
2.99518
2.99099
2.96447
2.94781
2.80363
2.28071
1.47672
0.529998
0.268529
0.358679
0.438307
0.475457
0.491689
0.499889
0.507421
0.516771
0.527587
0.539074
0.550031
0.560855
0.571834
0.58257
0.592731
0.602232
0.611037
0.619266
0.626416
0.632151
0.637623
0.643432
0.649595
0.655764
0.662689
0.670928
0.679659
0.688144
0.696341
3.00001
3.00001
3.00001
3.00001
3.00001
3.00001
3.00001
3
2.99999
2.9999
2.99985
2.99905
2.99889
2.99206
3.00216
2.93459
3.13908
2.82241
2.41084
1.53915
0.798043
0.324555
0.379706
0.439312
0.476094
0.487993
0.492549
0.498337
0.507531
0.519761
0.533307
0.546646
0.559283
0.571099
0.582136
0.592271
0.601408
0.609592
0.617112
0.623887
0.629063
0.633384
0.638126
0.643469
0.649307
0.655475
0.662688
0.67184
0.681473
0.690393
3.00001
3.00001
3.00001
3.00001
3.00001
3.00001
3.00001
3.00001
3.00001
2.99998
2.99998
2.99968
2.99974
2.9951
3.00546
2.94318
3.14233
2.84345
2.45065
1.60439
0.832758
0.308467
0.366469
0.427058
0.470591
0.48376
0.485432
0.489077
0.498121
0.510809
0.524507
0.538336
0.551687
0.563934
0.575087
0.585321
0.594966
0.60415
0.612378
0.619157
0.624857
0.630072
0.634722
0.639526
0.644968
0.650897
0.657669
0.666059
0.675465
0.684185
3.00001
3.00001
3.00001
3.00001
3.00001
3.00001
2.99999
2.99999
2.99992
2.99991
2.99952
2.99945
2.99764
2.9963
2.99022
2.97345
2.9425
2.77876
2.46355
1.68857
0.640473
0.302508
0.357788
0.423802
0.476177
0.498163
0.502423
0.503252
0.507073
0.513466
0.521172
0.529769
0.538987
0.548693
0.558605
0.568427
0.578073
0.587313
0.596043
0.604386
0.612267
0.619627
0.626643
0.63381
0.640816
0.648021
0.6556
0.663929
0.672892
0.681672
3.00001
3.00001
3.00001
3.00001
3.00001
3.00001
3
3
3
3.00002
3.00009
3.00017
3.00119
2.99952
3.00987
2.95392
3.15321
2.85844
2.48028
1.66012
0.864295
0.313435
0.343881
0.411049
0.472734
0.498011
0.503964
0.506417
0.51063
0.516311
0.522662
0.529536
0.536917
0.544643
0.553073
0.562356
0.571505
0.58025
0.58854
0.596578
0.60449
0.612532
0.620724
0.629092
0.637468
0.646126
0.654802
0.663963
0.67309
0.681915
3.00001
3.00001
3.00001
3.00001
3.00001
3.00001
3
3
2.99999
2.99998
3.00001
2.99999
3.00081
3.00001
3.01204
2.96882
3.16396
2.86932
2.51549
1.72392
0.912254
0.294872
0.321739
0.39454
0.460361
0.48894
0.499232
0.506867
0.515596
0.524752
0.532717
0.538839
0.54438
0.549971
0.555486
0.561429
0.569475
0.57815
0.586166
0.593843
0.601581
0.609691
0.618211
0.627194
0.636434
0.646036
0.655635
0.665599
0.675254
0.68451
3.00001
3.00001
3.00001
3.00001
3.00001
3.00001
3
3
2.99998
2.99996
2.99991
2.99981
2.99999
2.9995
3.00573
2.98251
3.12522
2.86455
2.58862
1.79606
0.969666
0.305223
0.305725
0.380976
0.452093
0.485989
0.501126
0.512329
0.523082
0.533159
0.540921
0.54539
0.548504
0.551357
0.554132
0.557474
0.563947
0.572232
0.580474
0.589055
0.597966
0.607275
0.61703
0.627272
0.637867
0.648741
0.659566
0.670377
0.680711
0.690391
3.00001
3.00001
3.00001
3.00001
3.00001
3.00001
3
3
2.99998
2.99996
2.9999
2.99974
2.99983
2.99931
3.00424
2.98857
3.09349
2.8844
2.65967
1.84821
1.01441
0.333936
0.289193
0.368683
0.445554
0.479339
0.492197
0.501527
0.511434
0.5216
0.52979
0.534757
0.538464
0.541869
0.544748
0.548812
0.556711
0.565602
0.574486
0.583759
0.593626
0.60416
0.615304
0.626893
0.638736
0.650648
0.662374
0.673627
0.684142
0.693541
3.00001
3.00001
3.00001
3.00001
3.00001
3.00001
3
2.99999
2.99993
2.99992
2.99954
2.99951
2.99755
2.99721
2.98794
2.98324
2.92903
2.92954
2.62302
1.97064
0.990267
0.500536
0.31512
0.394493
0.479274
0.509815
0.511348
0.507392
0.50627
0.506277
0.506884
0.508415
0.509827
0.512809
0.51824
0.525357
0.534463
0.544793
0.55532
0.56638
0.578101
0.590383
0.603011
0.615764
0.628409
0.640644
0.65224
0.663135
0.673359
0.682455
3.00001
3.00001
3.00001
3.00001
3.00001
3.00001
3
2.99999
2.99993
2.99992
2.99951
2.99949
2.99735
2.99684
2.98772
2.98319
2.94829
2.8735
2.69135
2.08444
1.116
0.556825
0.311168
0.399219
0.488989
0.518452
0.513748
0.503515
0.496974
0.493041
0.49084
0.490835
0.493556
0.497733
0.503379
0.511504
0.521193
0.531741
0.542744
0.553473
0.564559
0.577553
0.590955
0.603486
0.615234
0.626258
0.636641
0.646508
0.656045
0.664914
3.00001
3.00001
3.00001
3.00001
3.00001
3.00001
2.99999
2.99999
2.99994
2.99993
2.99963
2.99958
2.99797
2.99743
2.98932
2.98839
2.94472
2.86986
2.65292
2.00337
1.01304
0.520522
0.356942
0.41873
0.487572
0.513985
0.509899
0.499912
0.495981
0.495271
0.496965
0.5008
0.506703
0.514794
0.523212
0.531498
0.540499
0.549698
0.55871
0.567087
0.574346
0.582172
0.592111
0.602029
0.611361
0.620419
0.629257
0.638067
0.646911
0.655661
3.00001
3.00001
3.00001
3.00001
3.00001
3.00001
3
3.00001
3
2.99999
2.99994
3.0001
2.99966
3.00092
3.00904
2.98896
3.1248
2.8915
2.67156
1.89672
1.09991
0.390189
0.324542
0.382763
0.438786
0.458527
0.460431
0.460932
0.464034
0.469285
0.476332
0.484526
0.493101
0.502486
0.513953
0.525191
0.535156
0.544067
0.552188
0.559909
0.567143
0.574335
0.581814
0.589592
0.597783
0.606192
0.614891
0.624647
0.63474
0.644985
3.00001
3.00001
3.00001
3.00001
3.00001
3.00001
3
3
3
2.99998
3
3
3.00095
3.00059
3.01111
2.97783
3.14799
2.89222
2.60714
1.87187
1.08896
0.406208
0.351964
0.40323
0.453866
0.470529
0.472301
0.472248
0.471954
0.473635
0.478662
0.485697
0.49286
0.502575
0.514423
0.524856
0.534168
0.542844
0.551088
0.559128
0.567402
0.574847
0.580542
0.586235
0.592644
0.599889
0.607872
0.616139
0.625133
0.635493
3.00001
3.00001
3.00001
3.00001
3.00001
3.00001
3.00001
3.00001
3.00001
3.00002
3.00012
3.00011
3.00168
3.00106
3.01372
2.9766
3.15342
2.89967
2.59327
1.85467
1.07054
0.402352
0.358876
0.414291
0.463452
0.476128
0.474416
0.471593
0.469776
0.470925
0.475406
0.482549
0.490299
0.500646
0.513185
0.524669
0.535236
0.545152
0.554379
0.562828
0.570919
0.57825
0.583171
0.58691
0.591586
0.597368
0.604113
0.61129
0.619741
0.630144
1.14116
0.846366
0.414641
0.175724
0.121181
0.224636
0.266462
0.286297
0.286146
0.271823
0.262149
0.253104
0.24517
0.235362
0.221734
0.20482
0.185036
0.163145
0.139836
0.115596
0.0908559
0.066051
0.0413836
0.0200673
0.0176504
0.0401183
0.0640558
0.0879595
0.111412
0.134237
0.15673
0.178382
0.199284
0.218942
0.238329
0.258737
0.279337
0.298749
0.317815
0.336118
0.354182
0.371753
0.389054
0.405846
0.422402
0.438461
0.454438
0.469937
0.48537
0.500392
0.515392
0.529983
0.544554
0.558771
0.572928
0.586762
0.600527
0.613935
0.627301
0.640284
0.653194
0.665777
0.678195
0.69036
0.702293
0.713998
0.725462
0.736692
0.747686
0.758437
0.768933
0.77919
0.789157
0.798871
0.808261
0.817349
0.82608
0.834432
0.842367
0.849823
0.856762
0.863099
0.868695
0.873533
0.877247
0.879917
0.881965
0.883857
0.884946
0.884904
0.882775
0.879425
0.874937
0.870214
0.864686
0.859619
0.854471
0.850899
0.848113
0.853531
1.07059
0.911946
0.702611
0.504989
0.451038
0.385022
0.322055
0.271993
0.237002
0.191887
0.158547
0.139615
0.134106
0.141962
0.152425
0.165209
0.18089
0.199073
0.217639
0.236452
0.255345
0.274334
0.293166
0.311865
0.330028
0.348363
0.366758
0.385339
0.403774
0.422167
0.440282
0.458161
0.475493
0.492056
0.507824
0.523959
0.540508
0.556493
0.571797
0.586559
0.601048
0.6151
0.628817
0.642109
0.654994
0.667612
0.679773
0.691794
0.703407
0.714962
0.726161
0.73742
0.748273
0.759319
0.769887
0.780783
0.791127
0.80192
0.812094
0.822701
0.832712
0.843123
0.852918
0.863092
0.87261
0.882494
0.891705
0.901241
0.910144
0.919285
0.927876
0.936574
0.94483
0.953028
0.960885
0.968523
0.975874
0.982882
0.989562
0.995834
1.00163
1.00697
1.01161
1.01559
1.01864
1.02059
1.02211
1.02343
1.02413
1.02382
1.02164
1.01857
1.01413
1.00973
1.00418
0.999348
0.993926
0.990318
0.986684
0.990851
1.03059
0.998176
0.917496
0.838121
0.781141
0.735635
0.696295
0.660138
0.632572
0.608229
0.587847
0.574038
0.566123
0.563538
0.563712
0.566604
0.571461
0.57777
0.585136
0.593303
0.602072
0.611258
0.620819
0.63064
0.640527
0.650468
0.660532
0.670765
0.681113
0.691938
0.703691
0.715809
0.727584
0.738748
0.748899
0.759375
0.770435
0.781985
0.79302
0.804108
0.815088
0.826324
0.837593
0.849054
0.860445
0.871826
0.883062
0.894229
0.905125
0.915939
0.92643
0.936829
0.946893
0.956841
0.966439
0.975897
0.985046
0.994021
1.00277
1.01135
1.01979
1.02806
1.03621
1.04421
1.05206
1.0598
1.06735
1.07482
1.08208
1.08927
1.09627
1.10317
1.10988
1.11648
1.12286
1.1291
1.13508
1.14086
1.14633
1.15149
1.15628
1.16064
1.16447
1.16769
1.17014
1.17159
1.17269
1.17375
1.17423
1.17389
1.17214
1.16968
1.16605
1.16242
1.15777
1.15378
1.14922
1.14623
1.14281
1.14648
1.00923
1.02721
1.01059
0.982053
0.956171
0.934393
0.914965
0.896238
0.87832
0.862573
0.849585
0.839107
0.833834
0.831614
0.830397
0.829938
0.830132
0.831018
0.832531
0.834693
0.837579
0.841198
0.845537
0.850456
0.855896
0.861829
0.868217
0.875026
0.88216
0.889469
0.896901
0.904418
0.911693
0.917949
0.923585
0.92933
0.93593
0.943331
0.950733
0.958041
0.965371
0.97264
0.980193
0.988357
0.997202
1.00607
1.01543
1.02487
1.03461
1.04431
1.05404
1.06367
1.07318
1.08255
1.09176
1.10083
1.10977
1.11859
1.12733
1.13592
1.1444
1.1527
1.16087
1.16881
1.1766
1.18416
1.19154
1.1987
1.20566
1.21242
1.21899
1.22532
1.2315
1.23742
1.24316
1.24865
1.25389
1.25891
1.26358
1.26799
1.27202
1.27564
1.27886
1.2814
1.28332
1.2843
1.28496
1.28551
1.28557
1.28499
1.28299
1.28071
1.27707
1.2737
1.26906
1.26521
1.26038
1.25718
1.25288
1.25543
0.985889
1.02507
1.03865
1.04195
1.03952
1.03704
1.03339
1.02803
1.02083
1.01259
1.00569
1.00111
0.998243
0.995626
0.993181
0.99112
0.98919
0.987305
0.985625
0.984435
0.983734
0.983551
0.984305
0.985553
0.987404
0.990049
0.993349
0.997359
1.00201
1.00703
1.01238
1.01811
1.02408
1.0299
1.03552
1.04126
1.04751
1.05442
1.06132
1.06805
1.07476
1.08153
1.08847
1.0954
1.10248
1.10946
1.11651
1.1235
1.13058
1.13778
1.14511
1.15263
1.16026
1.16807
1.17596
1.18395
1.19197
1.20003
1.20806
1.2161
1.22407
1.23201
1.23987
1.24764
1.25532
1.26287
1.2703
1.27756
1.28467
1.29161
1.29836
1.30491
1.31123
1.31735
1.32321
1.32881
1.33412
1.33915
1.34377
1.34814
1.35204
1.35551
1.3586
1.36101
1.36279
1.36373
1.3644
1.36493
1.36495
1.36444
1.36268
1.36076
1.3576
1.35468
1.35045
1.34691
1.34214
1.33878
1.33391
1.33523
0.963492
1.00401
1.03539
1.05597
1.07093
1.08164
1.09016
1.09447
1.09655
1.09541
1.09316
1.09064
1.08888
1.08759
1.08592
1.08375
1.08157
1.07925
1.07683
1.07457
1.07265
1.07108
1.07012
1.06958
1.06966
1.07032
1.07164
1.07366
1.07632
1.07968
1.08367
1.08813
1.09273
1.09716
1.10141
1.10604
1.11123
1.11711
1.12334
1.1296
1.13587
1.14222
1.14872
1.15533
1.16206
1.16897
1.17595
1.18306
1.19015
1.19733
1.20455
1.21186
1.21926
1.22676
1.23435
1.24205
1.24981
1.25764
1.2655
1.27339
1.28125
1.28909
1.29685
1.30453
1.31213
1.31958
1.32692
1.3341
1.34113
1.34799
1.35466
1.36112
1.36741
1.37346
1.37928
1.38484
1.39015
1.39511
1.39983
1.40407
1.40799
1.41141
1.41434
1.41673
1.41832
1.41924
1.41984
1.42031
1.42017
1.4196
1.41786
1.41613
1.41325
1.41068
1.40688
1.40373
1.39932
1.3961
1.39115
1.39198
0.941448
0.982057
1.01705
1.04827
1.07378
1.09395
1.11025
1.12245
1.13071
1.13546
1.13737
1.1381
1.13747
1.13685
1.13643
1.13558
1.13369
1.13149
1.12907
1.12663
1.12432
1.12222
1.12044
1.11917
1.1185
1.1185
1.1193
1.12063
1.12245
1.12499
1.12821
1.13186
1.13552
1.13886
1.14183
1.14523
1.14926
1.15405
1.1596
1.16548
1.17146
1.17764
1.18409
1.19065
1.19735
1.20408
1.21088
1.21767
1.22451
1.23139
1.23838
1.24547
1.2527
1.26006
1.26754
1.27516
1.28286
1.29069
1.29855
1.30647
1.31443
1.32235
1.33028
1.33815
1.34595
1.35367
1.36129
1.36877
1.3761
1.38329
1.39025
1.39704
1.40353
1.40977
1.41573
1.42131
1.42666
1.43152
1.43611
1.4402
1.4439
1.44709
1.44976
1.45193
1.45331
1.45416
1.45477
1.45525
1.45516
1.45473
1.45338
1.4521
1.44998
1.4481
1.44528
1.44288
1.43945
1.43687
1.43245
1.43341
0.92081
0.958927
0.99472
1.02881
1.06022
1.08712
1.10951
1.12712
1.14058
1.14994
1.15597
1.15919
1.16075
1.16106
1.16082
1.16089
1.16067
1.15953
1.15779
1.15582
1.15374
1.15156
1.14965
1.14824
1.14761
1.14823
1.14911
1.15047
1.15238
1.15453
1.15696
1.15955
1.16189
1.16344
1.16524
1.16773
1.17094
1.17509
1.18013
1.18557
1.19126
1.19731
1.20362
1.21012
1.21671
1.22346
1.23029
1.23724
1.24431
1.25148
1.25884
1.26635
1.27404
1.2819
1.28989
1.29802
1.30626
1.31455
1.32288
1.33119
1.33945
1.34768
1.35578
1.36384
1.37171
1.37953
1.38714
1.39464
1.4019
1.40897
1.41583
1.42239
1.42876
1.43477
1.44055
1.44594
1.45102
1.45573
1.46
1.46391
1.46728
1.47028
1.47266
1.47464
1.47586
1.47669
1.47732
1.47786
1.47788
1.47765
1.47675
1.47593
1.47457
1.47335
1.47157
1.46997
1.46766
1.46585
1.4623
1.46359
0.901868
0.937422
0.972083
1.00583
1.0382
1.06814
1.09442
1.11654
1.13431
1.14785
1.15767
1.16445
1.16856
1.17058
1.17157
1.17203
1.17221
1.17218
1.17175
1.17021
1.16831
1.16656
1.16511
1.16457
1.16568
1.16749
1.16922
1.17043
1.17185
1.17322
1.17481
1.17638
1.17715
1.17776
1.17899
1.18096
1.18382
1.18768
1.1923
1.1973
1.20279
1.20876
1.215
1.22148
1.2282
1.23514
1.24229
1.24966
1.25723
1.26504
1.273
1.28113
1.28942
1.29784
1.30642
1.31508
1.32377
1.33247
1.34111
1.3497
1.35817
1.36652
1.37472
1.38276
1.39064
1.39833
1.40589
1.41323
1.42044
1.42738
1.43416
1.44066
1.44691
1.45288
1.45848
1.46381
1.46868
1.47323
1.47727
1.48094
1.48408
1.48681
1.48901
1.49082
1.49201
1.49289
1.49369
1.49438
1.49473
1.49478
1.49456
1.49429
1.49375
1.4933
1.49247
1.4918
1.49053
1.4895
1.48689
1.48873
0.883214
0.91613
0.949156
0.981452
1.01252
1.04243
1.07014
1.09515
1.11668
1.13462
1.14862
1.159
1.16658
1.17128
1.17419
1.17619
1.17711
1.17678
1.17585
1.17499
1.17465
1.17402
1.17403
1.17623
1.1792
1.18129
1.18254
1.18325
1.18411
1.18498
1.18594
1.18622
1.18619
1.18673
1.18771
1.18965
1.1928
1.19659
1.20086
1.20581
1.21143
1.21749
1.22394
1.23071
1.2378
1.24518
1.25283
1.26071
1.2688
1.27708
1.28553
1.29415
1.30286
1.31159
1.32029
1.32888
1.33738
1.34575
1.354
1.36214
1.37013
1.37803
1.38579
1.39344
1.40101
1.40841
1.41575
1.4229
1.42993
1.43678
1.44342
1.44988
1.45604
1.46196
1.46755
1.4728
1.47767
1.48212
1.48611
1.48968
1.49271
1.49534
1.49744
1.49918
1.50042
1.50135
1.50225
1.50305
1.50358
1.50396
1.50417
1.50444
1.50456
1.50478
1.5048
1.50488
1.5045
1.50425
1.50243
1.50474
0.863125
0.893392
0.924652
0.955904
0.986466
1.01614
1.04458
1.07142
1.09578
1.11678
1.13418
1.14826
1.15877
1.16579
1.17086
1.17448
1.17582
1.17561
1.17576
1.17664
1.17772
1.17926
1.18303
1.18685
1.18949
1.1909
1.19141
1.19151
1.19177
1.19185
1.19192
1.19218
1.1924
1.19333
1.19547
1.19828
1.2016
1.2056
1.21027
1.21549
1.2212
1.22737
1.23391
1.24079
1.24799
1.25546
1.26316
1.27106
1.27908
1.28719
1.29534
1.30354
1.31175
1.31991
1.32803
1.33606
1.34408
1.352
1.35992
1.3677
1.37548
1.38311
1.39071
1.39817
1.40558
1.41287
1.42008
1.42715
1.43408
1.44086
1.4474
1.45377
1.4598
1.46559
1.47099
1.47607
1.48071
1.48494
1.48872
1.49204
1.49493
1.49735
1.4994
1.50109
1.50241
1.50355
1.50462
1.50561
1.50652
1.50737
1.50821
1.50905
1.50991
1.51078
1.51162
1.51238
1.51283
1.51309
1.51227
1.51498
0.845303
0.872641
0.902153
0.932643
0.963017
0.992657
1.02142
1.04895
1.0744
1.09716
1.11706
1.13353
1.14579
1.15465
1.16163
1.16584
1.16779
1.17004
1.17306
1.17603
1.17979
1.18532
1.19006
1.19328
1.19533
1.19639
1.19668
1.19682
1.19725
1.19776
1.19847
1.19959
1.20104
1.2031
1.20579
1.20884
1.21211
1.21561
1.21942
1.22366
1.22841
1.23371
1.23957
1.24601
1.25294
1.26026
1.26788
1.2757
1.28364
1.29164
1.29963
1.30766
1.31568
1.32373
1.33171
1.33965
1.34744
1.35515
1.36272
1.37018
1.37751
1.38471
1.39183
1.39882
1.4058
1.41272
1.41962
1.42648
1.43328
1.44
1.44656
1.45297
1.4591
1.46495
1.47043
1.47553
1.48017
1.48434
1.48806
1.49126
1.49404
1.4964
1.49837
1.50006
1.5015
1.50275
1.50397
1.50516
1.50638
1.50765
1.50896
1.51034
1.51186
1.51331
1.5149
1.51632
1.51749
1.51835
1.51886
1.52181
0.831745
0.85656
0.883781
0.91274
0.942104
0.971392
1.00026
1.02794
1.05347
1.07659
1.0972
1.11415
1.12714
1.13766
1.1461
1.15237
1.15826
1.16381
1.16914
1.17561
1.18241
1.1881
1.19242
1.19569
1.19823
1.20023
1.20171
1.20298
1.2045
1.20624
1.20806
1.20993
1.21181
1.21372
1.21559
1.21749
1.21942
1.2219
1.22479
1.2282
1.23232
1.23712
1.24257
1.24875
1.25559
1.26293
1.2706
1.27847
1.28644
1.29446
1.3025
1.31054
1.31855
1.32644
1.33413
1.34151
1.34855
1.35531
1.36187
1.36833
1.37466
1.38088
1.38705
1.39323
1.39961
1.4064
1.41348
1.42059
1.4278
1.43488
1.44185
1.44856
1.45496
1.461
1.4666
1.47174
1.47638
1.4805
1.48415
1.48728
1.49002
1.49234
1.49442
1.49616
1.49785
1.49936
1.50091
1.50249
1.50416
1.50601
1.50786
1.50991
1.51198
1.51416
1.51638
1.51858
1.52064
1.52216
1.52314
1.52625
0.820174
0.8429
0.86807
0.89511
0.923349
0.952157
0.980654
1.00782
1.03287
1.05555
1.07579
1.09332
1.10825
1.12076
1.13139
1.14071
1.14925
1.15774
1.16606
1.174
1.18098
1.18667
1.19178
1.19642
1.20035
1.20373
1.20702
1.21019
1.21288
1.21491
1.21648
1.21786
1.21925
1.22069
1.22203
1.22315
1.22436
1.2262
1.22874
1.23172
1.23519
1.23926
1.2443
1.25054
1.25758
1.26518
1.27309
1.28113
1.2892
1.29723
1.30514
1.31282
1.32016
1.3271
1.33367
1.33999
1.34618
1.35235
1.35852
1.36468
1.37084
1.37706
1.38353
1.39041
1.39741
1.40461
1.41184
1.41916
1.4264
1.43352
1.44045
1.44709
1.45338
1.45925
1.46465
1.46956
1.47395
1.47783
1.48126
1.48421
1.48684
1.48913
1.49124
1.49311
1.49501
1.49682
1.49872
1.50074
1.50283
1.50525
1.50762
1.5103
1.51292
1.51571
1.51845
1.5212
1.52382
1.526
1.52741
1.53039
0.809854
0.831262
0.85475
0.879758
0.905954
0.933596
0.960874
0.987085
1.01194
1.03513
1.05631
1.07516
1.09164
1.10602
1.11877
1.13045
1.14123
1.1511
1.16015
1.16815
1.17548
1.18269
1.18966
1.19623
1.2023
1.20756
1.21184
1.21534
1.21812
1.22015
1.22172
1.22318
1.22457
1.22573
1.22638
1.22699
1.22802
1.22967
1.23201
1.23476
1.238
1.24202
1.24732
1.2538
1.26098
1.26862
1.27649
1.28444
1.29229
1.29988
1.30709
1.31388
1.32031
1.32651
1.33259
1.33866
1.34474
1.35081
1.35688
1.36306
1.36947
1.3762
1.38317
1.39038
1.39771
1.40514
1.41256
1.41994
1.42716
1.43418
1.4409
1.44724
1.45316
1.45861
1.46358
1.46806
1.47201
1.47552
1.47856
1.4813
1.4837
1.48597
1.48801
1.4901
1.49212
1.49431
1.49648
1.499
1.50147
1.50439
1.50718
1.51037
1.51334
1.51668
1.51978
1.52314
1.52615
1.52921
1.53107
1.53425
0.79833
0.819052
0.841261
0.864664
0.888809
0.914257
0.940987
0.96758
0.993255
1.01747
1.03968
1.0597
1.07751
1.09333
1.10746
1.11993
1.13092
1.14082
1.15021
1.1597
1.16931
1.17874
1.18778
1.19607
1.20324
1.20935
1.2143
1.21808
1.22078
1.22294
1.22481
1.22633
1.22754
1.22866
1.22966
1.23079
1.23239
1.23445
1.23678
1.23952
1.24307
1.24807
1.2543
1.26112
1.26823
1.27539
1.2825
1.28949
1.29629
1.30283
1.30905
1.315
1.32083
1.32662
1.33242
1.33823
1.34405
1.34988
1.35583
1.3622
1.36908
1.37629
1.38371
1.39133
1.39899
1.40663
1.41412
1.42135
1.42825
1.43476
1.44082
1.44647
1.45156
1.45622
1.4603
1.46399
1.46719
1.47015
1.47271
1.47523
1.47744
1.47974
1.48184
1.4842
1.48641
1.48902
1.4915
1.49449
1.4973
1.50071
1.50382
1.50755
1.5109
1.51485
1.51838
1.52242
1.52595
1.52989
1.53219
1.53563
0.787783
0.807387
0.828739
0.851192
0.874569
0.899432
0.925462
0.951709
0.97735
1.00179
1.02453
1.04522
1.06373
1.07994
1.09405
1.1066
1.11812
1.12921
1.14076
1.15261
1.16417
1.17539
1.18576
1.19482
1.20258
1.20901
1.21422
1.21856
1.22238
1.22554
1.22809
1.23028
1.23224
1.23391
1.23534
1.23686
1.23865
1.24065
1.2429
1.24584
1.25002
1.25525
1.26115
1.26749
1.27405
1.28064
1.28719
1.29365
1.29996
1.30601
1.31175
1.31728
1.32276
1.32823
1.3337
1.33922
1.34472
1.35021
1.35592
1.36223
1.36925
1.37663
1.38423
1.39196
1.39959
1.40704
1.41415
1.42086
1.42708
1.43278
1.43792
1.44249
1.44668
1.45034
1.45374
1.4567
1.45946
1.46189
1.4642
1.46641
1.46851
1.47073
1.4729
1.47537
1.47781
1.48066
1.48347
1.48682
1.48999
1.49381
1.49732
1.50156
1.50539
1.50994
1.51401
1.51874
1.52276
1.52747
1.53027
1.53435
0.780587
0.798678
0.818502
0.839866
0.862781
0.887334
0.91281
0.938276
0.963121
0.986882
1.00914
1.02955
1.04778
1.06393
1.07854
1.09222
1.10553
1.11903
1.13259
1.14612
1.1592
1.17135
1.18243
1.19227
1.20091
1.2085
1.21505
1.2207
1.22584
1.23033
1.23386
1.23657
1.23887
1.24071
1.24191
1.24288
1.24421
1.24604
1.24812
1.25075
1.25455
1.25965
1.2654
1.27162
1.27807
1.28457
1.29101
1.29737
1.30359
1.30959
1.31524
1.3206
1.32584
1.33095
1.3359
1.34093
1.34603
1.35113
1.35623
1.36166
1.36799
1.37514
1.38251
1.38999
1.39734
1.40448
1.41121
1.41735
1.42294
1.4279
1.43226
1.43617
1.43948
1.44214
1.44447
1.4465
1.44816
1.44962
1.45107
1.45253
1.45415
1.45603
1.45818
1.46054
1.46316
1.46635
1.46972
1.47388
1.47783
1.48259
1.48705
1.49226
1.49705
1.50251
1.50738
1.51293
1.51763
1.52311
1.52647
1.53109
0.775286
0.791826
0.810023
0.829685
0.851318
0.875788
0.901031
0.92599
0.950141
0.973199
0.994957
1.015
1.03313
1.04957
1.06495
1.07978
1.09459
1.10955
1.12449
1.13917
1.15321
1.16636
1.17842
1.1894
1.19926
1.208
1.21564
1.22255
1.22873
1.23391
1.23781
1.24092
1.24351
1.24536
1.24639
1.24725
1.24848
1.25023
1.25227
1.25482
1.25851
1.26357
1.26924
1.27532
1.28159
1.2879
1.29413
1.30026
1.30624
1.31197
1.31734
1.32241
1.32735
1.33208
1.33666
1.34134
1.34607
1.35081
1.35554
1.36065
1.36671
1.37352
1.38047
1.38741
1.39421
1.40073
1.40672
1.41211
1.41701
1.42128
1.42469
1.42737
1.42972
1.43167
1.43302
1.43396
1.4348
1.43558
1.43652
1.43776
1.43957
1.44177
1.44422
1.44723
1.45076
1.4551
1.45923
1.46431
1.46888
1.4744
1.4793
1.485
1.49013
1.49592
1.50118
1.50695
1.51206
1.51757
1.52126
1.52566
0.770236
0.785015
0.801316
0.819197
0.839382
0.86363
0.889197
0.914097
0.938056
0.960838
0.982333
1.00239
1.0208
1.03759
1.0533
1.06869
1.08415
1.09983
1.11563
1.13129
1.14651
1.16088
1.17421
1.1864
1.19737
1.20703
1.21562
1.22339
1.23029
1.23593
1.2403
1.2438
1.24647
1.24801
1.24915
1.25043
1.25204
1.25393
1.25603
1.25883
1.2629
1.26785
1.27328
1.27903
1.28487
1.29067
1.29638
1.30198
1.3074
1.31253
1.31736
1.32206
1.32673
1.33138
1.33599
1.34056
1.3451
1.34984
1.35514
1.361
1.36709
1.37331
1.37948
1.38534
1.39091
1.39594
1.40041
1.40444
1.40781
1.41042
1.41267
1.41456
1.41595
1.41711
1.41823
1.41937
1.42071
1.42233
1.42423
1.42626
1.42876
1.43152
1.435
1.43877
1.4428
1.44737
1.45167
1.45687
1.4614
1.46705
1.47173
1.47757
1.48234
1.48816
1.49301
1.49877
1.50353
1.50882
1.51238
1.5164
0.762013
0.775805
0.791343
0.808551
0.828408
0.852533
0.877942
0.902817
0.926703
0.949385
0.970806
0.990884
1.00951
1.02671
1.0427
1.05794
1.0731
1.08932
1.10624
1.12298
1.13918
1.15464
1.16895
1.18174
1.19305
1.20311
1.21193
1.21958
1.22635
1.23218
1.23706
1.24129
1.24514
1.24838
1.25101
1.25349
1.25617
1.25921
1.26269
1.26661
1.27081
1.27513
1.27946
1.28376
1.28796
1.29199
1.296
1.30013
1.3044
1.3088
1.31331
1.31791
1.32271
1.32783
1.33342
1.3394
1.34561
1.35191
1.35809
1.36401
1.36946
1.3744
1.37878
1.38269
1.38603
1.38878
1.39123
1.39332
1.39507
1.39668
1.3983
1.39991
1.40164
1.40349
1.40574
1.4078
1.41038
1.41273
1.41577
1.41858
1.42203
1.42512
1.42879
1.43211
1.43601
1.43983
1.44394
1.44827
1.45246
1.45721
1.46134
1.46606
1.47027
1.4753
1.4798
1.4853
1.49001
1.49595
1.49978
1.50492
0.752048
0.766158
0.781545
0.798776
0.818654
0.842008
0.86685
0.891554
0.91539
0.938042
0.959296
0.978953
0.997039
1.01401
1.03038
1.04685
1.06425
1.08197
1.09968
1.11706
1.13362
1.1489
1.16271
1.17502
1.18601
1.19593
1.20503
1.21338
1.22117
1.2285
1.2351
1.24085
1.2459
1.25046
1.25466
1.25866
1.26282
1.26724
1.27154
1.27539
1.27884
1.28203
1.28514
1.28832
1.29139
1.29413
1.29712
1.30059
1.30449
1.30862
1.31282
1.31721
1.32234
1.3287
1.33546
1.34226
1.34888
1.35508
1.3607
1.36565
1.3699
1.37339
1.37627
1.37882
1.38098
1.38256
1.38364
1.38455
1.38545
1.38652
1.3878
1.38929
1.39147
1.39425
1.39717
1.4002
1.40326
1.40629
1.40923
1.41209
1.41487
1.41772
1.42067
1.42367
1.4266
1.42953
1.4326
1.43573
1.43902
1.44245
1.44622
1.45046
1.45548
1.46108
1.46677
1.47331
1.47903
1.48587
1.49013
1.49583
0.740967
0.756366
0.772863
0.791187
0.81148
0.833251
0.855707
0.878499
0.901061
0.922903
0.943746
0.963609
0.982736
1.00139
1.01988
1.03846
1.05726
1.07605
1.09445
1.11201
1.12847
1.14362
1.15741
1.17001
1.1816
1.19217
1.20194
1.21117
1.21982
1.22772
1.23498
1.24184
1.24824
1.25418
1.25959
1.2645
1.269
1.27309
1.27666
1.27982
1.28275
1.28563
1.28859
1.29143
1.29393
1.29656
1.29958
1.30302
1.30682
1.31077
1.31512
1.32046
1.32658
1.33282
1.339
1.34494
1.3505
1.35555
1.36004
1.36397
1.36726
1.3699
1.37218
1.37408
1.37541
1.37626
1.37686
1.37747
1.3783
1.37931
1.38056
1.38253
1.38494
1.38749
1.39011
1.39269
1.39517
1.39755
1.39996
1.40239
1.40479
1.40713
1.40942
1.41169
1.41365
1.41591
1.41876
1.42187
1.42546
1.42944
1.43451
1.43935
1.44566
1.45119
1.45789
1.46393
1.47048
1.47669
1.48154
1.48664
0.730058
0.746429
0.764217
0.78343
0.80374
0.824753
0.845857
0.866525
0.887162
0.908109
0.929256
0.950313
0.971111
0.991599
1.01181
1.03172
1.05122
1.07018
1.08842
1.10579
1.12212
1.13739
1.15163
1.16484
1.17718
1.18875
1.19952
1.20955
1.21892
1.22791
1.23643
1.24423
1.25112
1.25709
1.26239
1.26726
1.27173
1.27571
1.27914
1.28214
1.28495
1.28776
1.29042
1.29306
1.296
1.29929
1.30276
1.30645
1.31068
1.3156
1.32071
1.32593
1.33117
1.33628
1.3411
1.34555
1.3497
1.35347
1.35684
1.35973
1.36208
1.36412
1.36578
1.36713
1.3683
1.3694
1.37046
1.37157
1.37284
1.3741
1.37538
1.37681
1.37841
1.3801
1.38166
1.38306
1.38444
1.38598
1.38768
1.38936
1.39102
1.39271
1.39484
1.39731
1.40009
1.40342
1.40694
1.41117
1.41568
1.42049
1.42591
1.43117
1.43727
1.44283
1.4493
1.45477
1.46122
1.46611
1.47107
1.47432
0.720769
0.736605
0.754595
0.774207
0.794758
0.815527
0.83597
0.856139
0.876446
0.897209
0.918441
0.939918
0.961344
0.982492
1.0032
1.0234
1.04292
1.06158
1.07942
1.09661
1.11319
1.12919
1.14451
1.159
1.17258
1.18528
1.19716
1.20826
1.21859
1.22807
1.23679
1.24474
1.25205
1.25854
1.26412
1.26896
1.27319
1.27697
1.28043
1.2836
1.28657
1.28949
1.29246
1.29558
1.29904
1.3029
1.30693
1.31109
1.31541
1.31989
1.32441
1.3289
1.33324
1.33736
1.34125
1.3448
1.34797
1.3508
1.35328
1.35545
1.35734
1.35896
1.36035
1.36158
1.36271
1.36379
1.36477
1.36572
1.36676
1.36774
1.36853
1.36927
1.37004
1.37079
1.37147
1.3722
1.37297
1.37393
1.37533
1.37697
1.37889
1.3812
1.38383
1.38694
1.39042
1.39436
1.39855
1.40316
1.40784
1.41285
1.41784
1.42303
1.42813
1.43324
1.43832
1.44324
1.44827
1.45277
1.45659
1.4594
0.714414
0.72822
0.744704
0.763892
0.784699
0.805927
0.826896
0.84745
0.867868
0.888447
0.909318
0.930426
0.951582
0.972513
0.99294
1.0126
1.03163
1.05024
1.06858
1.08663
1.10426
1.12127
1.13756
1.15307
1.16768
1.18126
1.19388
1.20565
1.21669
1.22684
1.23608
1.24441
1.25198
1.25883
1.26508
1.27073
1.27578
1.28032
1.28447
1.28826
1.29174
1.29505
1.29824
1.30132
1.30435
1.30746
1.31072
1.3142
1.31787
1.32169
1.32566
1.32972
1.33378
1.33774
1.34147
1.34489
1.34797
1.35056
1.35262
1.35438
1.35576
1.35672
1.35734
1.35771
1.35796
1.35822
1.35855
1.35886
1.35929
1.35985
1.36041
1.36111
1.3619
1.36262
1.36335
1.36418
1.36514
1.36628
1.36766
1.36928
1.37121
1.37341
1.37614
1.37914
1.38276
1.38661
1.39085
1.39531
1.39979
1.4046
1.40905
1.41396
1.4184
1.42335
1.42785
1.43275
1.43721
1.44179
1.4453
1.4484
0.709989
0.723394
0.739102
0.756919
0.776616
0.797461
0.818482
0.839162
0.859635
0.880155
0.900884
0.921772
0.942643
0.963283
0.98361
1.0036
1.02329
1.04265
1.06161
1.08014
1.09816
1.11551
1.13201
1.14752
1.16213
1.17589
1.18874
1.20059
1.21166
1.2221
1.2321
1.24156
1.25063
1.25915
1.26701
1.27417
1.28063
1.28658
1.29196
1.29641
1.2999
1.3029
1.30566
1.30793
1.30975
1.31165
1.31385
1.3164
1.31909
1.32198
1.32543
1.32961
1.33396
1.33831
1.34249
1.34626
1.34947
1.35192
1.35362
1.35493
1.35573
1.35573
1.35507
1.3542
1.35332
1.35248
1.35174
1.35114
1.35096
1.35117
1.35214
1.35351
1.3548
1.35591
1.35692
1.35805
1.35937
1.36066
1.36193
1.36328
1.36497
1.36688
1.36918
1.37171
1.37489
1.37833
1.38253
1.38688
1.3915
1.39652
1.40113
1.40629
1.41082
1.41579
1.42019
1.42499
1.42921
1.43349
1.43669
1.43908
0.705398
0.720033
0.735988
0.753505
0.772194
0.791195
0.810395
0.830311
0.850747
0.871611
0.892764
0.913985
0.935185
0.956269
0.97713
0.997667
1.01781
1.03757
1.05694
1.07587
1.09422
1.11176
1.1283
1.14364
1.15768
1.17051
1.18249
1.1941
1.20556
1.21695
1.22822
1.23913
1.2496
1.2595
1.26867
1.27701
1.28459
1.29136
1.29711
1.30164
1.30519
1.30831
1.31093
1.31271
1.31406
1.31553
1.31732
1.3195
1.32191
1.32449
1.32771
1.33183
1.33605
1.34016
1.34395
1.34724
1.34982
1.35159
1.35272
1.35347
1.35355
1.35277
1.3516
1.35026
1.34878
1.34725
1.34607
1.34544
1.34518
1.34542
1.34646
1.34785
1.34909
1.35019
1.35125
1.35247
1.3538
1.35507
1.35625
1.35729
1.35881
1.36065
1.36276
1.36522
1.36834
1.37198
1.37631
1.38071
1.38556
1.39042
1.39522
1.4002
1.40465
1.40937
1.41358
1.41802
1.4219
1.42591
1.42875
1.43111
0.699751
0.715444
0.732283
0.750045
0.768267
0.786572
0.804878
0.823061
0.841809
0.862671
0.884863
0.906958
0.928783
0.950282
0.971447
0.992204
1.01256
1.03249
1.05201
1.07108
1.08948
1.10696
1.12325
1.13823
1.15207
1.16515
1.17792
1.1905
1.20286
1.2151
1.22716
1.23889
1.25016
1.2608
1.27065
1.27968
1.28785
1.29501
1.30075
1.30512
1.30879
1.31185
1.31404
1.31589
1.31772
1.31968
1.32188
1.3242
1.32676
1.32999
1.33367
1.3374
1.34098
1.34418
1.3468
1.34874
1.35001
1.35086
1.35124
1.35089
1.34975
1.34853
1.34687
1.34515
1.3436
1.34245
1.34178
1.34137
1.34139
1.34196
1.34265
1.34365
1.34445
1.34515
1.34592
1.34685
1.34781
1.34856
1.34954
1.35104
1.35278
1.35482
1.35728
1.36039
1.36406
1.36796
1.37242
1.3768
1.38156
1.38601
1.39056
1.39485
1.39894
1.40322
1.40702
1.41122
1.41493
1.41899
1.42181
1.42476
0.696641
0.711223
0.727478
0.744893
0.762733
0.78054
0.798403
0.816862
0.83681
0.858052
0.879957
0.902012
0.923934
0.945573
0.966796
0.987545
1.00777
1.02744
1.04648
1.06483
1.0824
1.09914
1.11508
1.13035
1.14507
1.15938
1.17338
1.18723
1.20093
1.21435
1.22731
1.23973
1.25152
1.26256
1.27282
1.28207
1.29012
1.2971
1.30288
1.30752
1.31157
1.31492
1.31763
1.3201
1.32254
1.32499
1.32752
1.33049
1.3337
1.33692
1.34011
1.34309
1.34563
1.3476
1.34895
1.34985
1.35035
1.35034
1.34948
1.34836
1.34661
1.34475
1.34291
1.34123
1.33995
1.33911
1.33849
1.33819
1.33825
1.33856
1.33909
1.33973
1.34017
1.34061
1.34117
1.34171
1.34228
1.34339
1.34484
1.34656
1.34858
1.35115
1.35411
1.35767
1.36137
1.36548
1.36972
1.37385
1.3782
1.38206
1.38619
1.38992
1.39394
1.39775
1.4016
1.4058
1.40961
1.41403
1.41715
1.42069
0.696599
0.710101
0.724908
0.740881
0.757516
0.774787
0.793157
0.812727
0.83327
0.854541
0.876224
0.898069
0.91988
0.941512
0.962802
0.983658
1.00389
1.0234
1.04208
1.05994
1.07703
1.09344
1.1093
1.12477
1.13998
1.15508
1.16999
1.1847
1.19908
1.21303
1.22649
1.23938
1.25163
1.26318
1.27388
1.28363
1.29224
1.29973
1.30613
1.31132
1.3158
1.31957
1.32284
1.32587
1.3287
1.33156
1.33462
1.33753
1.34031
1.34303
1.34557
1.3477
1.34924
1.35027
1.35085
1.35118
1.35095
1.35012
1.34835
1.34637
1.34427
1.34216
1.34021
1.33854
1.33725
1.33634
1.33562
1.33517
1.33505
1.33526
1.3357
1.33605
1.33636
1.33676
1.33716
1.33766
1.33867
1.34003
1.34162
1.34357
1.34584
1.34877
1.35186
1.35554
1.35922
1.36331
1.36723
1.37127
1.37527
1.37899
1.38302
1.38661
1.39063
1.39432
1.39841
1.40246
1.40657
1.41114
1.41448
1.41818
0.699191
0.711904
0.725482
0.740079
0.755492
0.771978
0.790385
0.810225
0.830767
0.851936
0.873563
0.895462
0.917471
0.939384
0.96094
0.9819
1.00204
1.02126
1.03955
1.05698
1.07371
1.08993
1.10578
1.12149
1.13711
1.15267
1.16804
1.18318
1.19799
1.21234
1.22622
1.23953
1.2522
1.26418
1.27525
1.28523
1.29407
1.30175
1.3083
1.31384
1.31867
1.32292
1.32677
1.3305
1.33438
1.33801
1.34127
1.34435
1.34736
1.35001
1.35189
1.353
1.35358
1.35395
1.35385
1.35299
1.35088
1.34845
1.34587
1.34324
1.34073
1.33849
1.33664
1.33524
1.3342
1.3334
1.33301
1.33289
1.33295
1.33323
1.3336
1.33375
1.33381
1.33364
1.33359
1.33406
1.33517
1.33657
1.33825
1.34037
1.34309
1.34636
1.34978
1.35369
1.35755
1.36162
1.36537
1.36918
1.37273
1.37625
1.37992
1.38332
1.38719
1.3908
1.39506
1.3992
1.4041
1.40893
1.41265
1.41658
0.70485
0.716548
0.728423
0.741147
0.755098
0.771587
0.790389
0.809982
0.830366
0.851471
0.873137
0.895174
0.91736
0.939431
0.961055
0.981873
1.00166
1.0203
1.03786
1.05456
1.07075
1.0868
1.1029
1.11907
1.13521
1.15131
1.16738
1.18323
1.19864
1.21348
1.22765
1.24112
1.25387
1.26592
1.27714
1.28703
1.29525
1.30236
1.30855
1.314
1.31906
1.3238
1.32879
1.33418
1.33924
1.34402
1.3486
1.35289
1.35631
1.35833
1.35919
1.35952
1.35963
1.35911
1.35708
1.3538
1.3501
1.34624
1.34244
1.33894
1.33608
1.33403
1.33259
1.33156
1.33136
1.33164
1.33195
1.33226
1.33261
1.33293
1.33317
1.33307
1.33222
1.33112
1.33058
1.33091
1.33203
1.33349
1.3353
1.33779
1.34115
1.34493
1.349
1.35319
1.35726
1.36107
1.36453
1.36784
1.371
1.37418
1.3774
1.38064
1.38425
1.388
1.39262
1.39707
1.40273
1.40767
1.41213
1.41631
0.706972
0.716997
0.72758
0.739314
0.75478
0.773266
0.792422
0.81203
0.832148
0.852814
0.873936
0.895328
0.916725
0.937866
0.958461
0.978204
0.996712
1.01386
1.03012
1.04618
1.0626
1.07954
1.09704
1.11491
1.13287
1.15056
1.16766
1.18404
1.19965
1.21451
1.22862
1.24198
1.25442
1.26573
1.27574
1.28465
1.29283
1.30012
1.30673
1.31279
1.31849
1.32464
1.33168
1.33842
1.34459
1.35016
1.35522
1.3594
1.36195
1.36294
1.36318
1.36314
1.36253
1.36025
1.35649
1.35211
1.34746
1.34284
1.33851
1.33481
1.33209
1.3303
1.32895
1.32851
1.32898
1.32948
1.32994
1.33035
1.33071
1.33091
1.33093
1.33014
1.32843
1.32719
1.32688
1.32757
1.3289
1.33051
1.33275
1.33602
1.33993
1.34409
1.34837
1.35252
1.35635
1.35978
1.36284
1.36575
1.36866
1.37165
1.37476
1.37805
1.38173
1.38585
1.39105
1.39596
1.40201
1.40695
1.41175
1.4156
0.695746
0.706636
0.718081
0.732665
0.752026
0.771546
0.7906
0.809646
0.829068
0.84901
0.869359
0.889839
0.910171
0.930109
0.949493
0.968125
0.985769
1.00235
1.0183
1.0345
1.05184
1.07008
1.08887
1.10778
1.12654
1.14482
1.16238
1.17908
1.19482
1.20968
1.22378
1.23719
1.2499
1.26182
1.27253
1.28208
1.29073
1.29881
1.30661
1.31452
1.32226
1.3296
1.33655
1.34307
1.34873
1.35337
1.35728
1.36012
1.36135
1.3616
1.36166
1.36137
1.35996
1.35718
1.35382
1.35022
1.34643
1.34258
1.33891
1.33558
1.33282
1.33058
1.32887
1.32751
1.3265
1.32588
1.32541
1.32503
1.32484
1.32465
1.32403
1.3231
1.32244
1.32265
1.32362
1.32494
1.32657
1.32879
1.33172
1.33502
1.33857
1.34231
1.34597
1.3495
1.35265
1.35581
1.35877
1.36197
1.3651
1.36851
1.37204
1.37581
1.3802
1.38458
1.39
1.39487
1.40064
1.40541
1.40975
1.41296
0.679069
0.692303
0.707409
0.725027
0.746102
0.767072
0.78643
0.804613
0.822832
0.841847
0.861667
0.881817
0.901787
0.92131
0.940126
0.958112
0.975306
0.992051
1.00884
1.02592
1.04345
1.06139
1.0795
1.09752
1.11524
1.13262
1.14975
1.16665
1.18335
1.19981
1.21584
1.23127
1.24587
1.25953
1.27237
1.2844
1.29559
1.30581
1.31505
1.32317
1.33033
1.33646
1.34138
1.34551
1.34862
1.35056
1.35196
1.35279
1.35331
1.3537
1.35439
1.35552
1.35618
1.35622
1.35516
1.35325
1.35105
1.34865
1.34575
1.34199
1.33769
1.33318
1.32873
1.32463
1.32102
1.31805
1.31598
1.31511
1.31508
1.31551
1.31634
1.31773
1.31939
1.32135
1.32349
1.32552
1.32735
1.32912
1.33089
1.33284
1.33488
1.33725
1.33978
1.34287
1.34625
1.35009
1.35416
1.35817
1.36261
1.36657
1.37113
1.37517
1.37952
1.38382
1.38786
1.3925
1.39641
1.40102
1.40416
1.40774
0.671264
0.685125
0.702321
0.721965
0.742415
0.763766
0.784326
0.803475
0.822079
0.840838
0.860078
0.879706
0.899371
0.918592
0.937112
0.954965
0.97229
0.989304
1.0063
1.02339
1.04054
1.05764
1.07451
1.09108
1.10747
1.12406
1.14127
1.15892
1.17689
1.19493
1.21273
1.23
1.24638
1.26163
1.27566
1.28833
1.29966
1.30993
1.31912
1.32685
1.33331
1.33908
1.34387
1.34733
1.34968
1.35112
1.35204
1.35251
1.35294
1.3534
1.3546
1.35634
1.35758
1.35804
1.3572
1.35525
1.35268
1.34992
1.34675
1.34263
1.33767
1.33253
1.32734
1.32227
1.31776
1.31434
1.31237
1.31175
1.31182
1.31252
1.31411
1.31629
1.31865
1.32122
1.32369
1.32574
1.32739
1.32884
1.32985
1.33104
1.33281
1.33488
1.33718
1.33998
1.34361
1.34788
1.35252
1.35718
1.36194
1.36627
1.37068
1.3747
1.37876
1.38269
1.3864
1.39058
1.39426
1.39848
1.40152
1.40524
0.662639
0.679471
0.698625
0.719129
0.740634
0.763289
0.785174
0.806001
0.825933
0.845399
0.864483
0.883063
0.900894
0.917995
0.934843
0.951763
0.969176
0.986916
1.00526
1.02366
1.04188
1.05965
1.07714
1.09454
1.11192
1.12947
1.147
1.16452
1.18163
1.1983
1.21412
1.22918
1.24322
1.25643
1.26884
1.28052
1.29157
1.30206
1.31185
1.32107
1.3294
1.3368
1.3433
1.34871
1.35353
1.35735
1.36026
1.36218
1.36298
1.36329
1.36328
1.36248
1.36038
1.35723
1.35352
1.34947
1.34523
1.34101
1.33689
1.33288
1.32912
1.32581
1.32276
1.32018
1.31791
1.31609
1.31492
1.31426
1.31413
1.31427
1.31452
1.3149
1.31576
1.3169
1.31854
1.3201
1.32211
1.32402
1.32636
1.32865
1.33125
1.33419
1.33708
1.34054
1.34377
1.34761
1.35115
1.35525
1.359
1.36328
1.36726
1.37171
1.37594
1.3806
1.38504
1.38989
1.39439
1.39903
1.40253
1.40577
0.65522
0.674698
0.695784
0.718279
0.741292
0.764293
0.786801
0.808602
0.829555
0.849576
0.868572
0.886554
0.903829
0.920593
0.936905
0.952768
0.968103
0.983998
1.0024
1.0225
1.04268
1.06269
1.08229
1.10135
1.11973
1.13735
1.15425
1.1705
1.18618
1.20118
1.21531
1.2284
1.24048
1.25183
1.26261
1.27305
1.28366
1.29457
1.30557
1.31656
1.32738
1.33765
1.3468
1.35471
1.36159
1.36738
1.37102
1.37232
1.37259
1.37233
1.37095
1.36816
1.36316
1.3574
1.35134
1.34524
1.3395
1.33469
1.33111
1.32834
1.32603
1.32453
1.3236
1.32287
1.32219
1.3214
1.32062
1.31967
1.31805
1.31592
1.31389
1.31251
1.31233
1.31311
1.31429
1.31603
1.31873
1.32213
1.32576
1.32944
1.33295
1.33608
1.33887
1.34149
1.34412
1.34683
1.34961
1.35265
1.3559
1.35981
1.36415
1.36922
1.37456
1.38027
1.38587
1.3913
1.39644
1.40076
1.40439
1.4063
0.650175
0.670819
0.693174
0.716844
0.740846
0.764615
0.787845
0.810326
0.831868
0.852331
0.871601
0.889679
0.906825
0.923303
0.939227
0.954601
0.969335
0.984575
1.00245
1.02241
1.04254
1.06257
1.08229
1.10148
1.11998
1.13769
1.15458
1.1707
1.18613
1.20092
1.21498
1.22817
1.24044
1.25197
1.26275
1.27288
1.28293
1.29375
1.30524
1.31665
1.32793
1.33866
1.34831
1.3567
1.36395
1.37
1.37374
1.37508
1.37534
1.37509
1.37372
1.37113
1.36608
1.3601
1.35371
1.34719
1.34095
1.33561
1.33169
1.32887
1.32658
1.32519
1.32472
1.32443
1.32417
1.3238
1.32332
1.32285
1.32201
1.3201
1.31779
1.31595
1.31526
1.31576
1.31689
1.31839
1.32064
1.32389
1.32755
1.3313
1.33491
1.33814
1.34098
1.3436
1.34619
1.34883
1.35156
1.35446
1.35759
1.36133
1.3656
1.37062
1.37601
1.38172
1.38737
1.39279
1.39784
1.40208
1.40557
1.40739
)
;

boundaryField
{
    inlet
    {
        type            calculated;
        value           uniform 3.00001;
    }
    outlet
    {
        type            calculated;
        value           nonuniform List<scalar> 
40
(
0.853531
0.990851
1.14648
1.25543
1.33523
1.39198
1.43341
1.46359
1.48873
1.50474
1.51498
1.52181
1.52625
1.53039
1.53425
1.53563
1.53435
1.53109
1.52566
1.5164
1.50492
1.49583
1.48664
1.47432
1.4594
1.4484
1.43908
1.43111
1.42476
1.42069
1.41818
1.41658
1.41631
1.4156
1.41296
1.40774
1.40524
1.40577
1.4063
1.40739
)
;
    }
    bottom
    {
        type            symmetryPlane;
    }
    top
    {
        type            symmetryPlane;
    }
    obstacle
    {
        type            calculated;
        value           uniform 0;
    }
    defaultFaces
    {
        type            empty;
    }
}


// ************************************************************************* //
