/*--------------------------------*- C++ -*----------------------------------*\
| =========                 |                                                 |
| \\      /  F ield         | OpenFOAM: The Open Source CFD Toolbox           |
|  \\    /   O peration     | Version:  2412                                  |
|   \\  /    A nd           | Website:  www.openfoam.com                      |
|    \\/     M anipulation  |                                                 |
\*---------------------------------------------------------------------------*/
FoamFile
{
    version     2.0;
    format      ascii;
    arch        "LSB;label=32;scalar=64";
    class       volScalarField;
    location    "6.5";
    object      T;
}
// * * * * * * * * * * * * * * * * * * * * * * * * * * * * * * * * * * * * * //

dimensions      [0 0 0 1 0 0 0];

internalField   nonuniform List<scalar> 
7000
(
1
1
1
0.999985
1.00003
0.999739
1.00072
1.00002
1.00733
1.0018
1.04639
0.909425
1.12357
1.29543
1.92357
2.57614
2.71553
2.68961
2.65343
2.63439
2.63572
2.64476
2.6654
2.68286
2.68774
2.68508
2.67045
2.65132
2.64113
2.63896
2.64325
2.6515
2.65606
2.66417
2.69074
2.73655
2.76468
2.77014
2.75654
2.7305
2.72722
2.74193
2.75683
2.76137
2.76626
2.76609
2.75309
2.73503
2.7228
2.71897
1
1
1.00001
1
1.00005
0.999759
1.00082
1.00008
1.00704
1.00181
1.04669
0.909177
1.12298
1.29467
1.92306
2.57696
2.7155
2.68955
2.65314
2.63431
2.63575
2.64524
2.66559
2.68135
2.68537
2.68267
2.66902
2.65131
2.64139
2.63876
2.64197
2.64978
2.65445
2.66227
2.68716
2.7329
2.76332
2.77097
2.76045
2.73291
2.72642
2.73796
2.75359
2.76053
2.76626
2.76599
2.75242
2.73455
2.7224
2.71856
1
1
1.00002
1.00002
1.00011
0.999864
1.0011
1.00026
1.007
1.00143
1.04646
0.909017
1.12242
1.29354
1.92277
2.57927
2.71532
2.68863
2.65187
2.63378
2.63536
2.64519
2.66605
2.68188
2.68566
2.68233
2.66744
2.64995
2.64055
2.63846
2.64253
2.65076
2.65537
2.66328
2.6883
2.73303
2.76287
2.77058
2.76064
2.73282
2.72527
2.73588
2.7521
2.76043
2.76615
2.76543
2.75081
2.73368
2.7221
2.71841
1
1
1.00003
1.00002
1.00018
1.00018
1.00113
1.00149
1.00759
1.00117
1.04552
0.908119
1.12144
1.29244
1.92264
2.58267
2.71474
2.68684
2.65008
2.63314
2.63494
2.6453
2.66718
2.68337
2.68693
2.68267
2.66529
2.64669
2.63728
2.63549
2.64013
2.6489
2.65372
2.66191
2.68749
2.73221
2.76182
2.76952
2.75975
2.73136
2.72296
2.73335
2.75099
2.76042
2.76593
2.76498
2.75001
2.73306
2.72164
2.71796
1.00001
1
1.00003
1.00003
1.00019
1.00018
1.00116
1.00137
1.007
1.00102
1.0456
0.907251
1.11972
1.29017
1.92211
2.58855
2.71365
2.68413
2.64809
2.63239
2.6345
2.64531
2.66706
2.68284
2.68628
2.68194
2.66482
2.64691
2.63774
2.63589
2.64022
2.64864
2.65322
2.66109
2.68609
2.73084
2.76073
2.76872
2.75942
2.7308
2.72171
2.73165
2.75017
2.76026
2.76547
2.76451
2.74946
2.73277
2.72131
2.71765
1.00001
1.00001
1.00003
1.00003
1.00019
1.00019
1.00116
1.00135
1.00677
1.00066
1.04481
0.90663
1.11806
1.28787
1.92125
2.59426
2.71249
2.68083
2.6457
2.63179
2.63427
2.64602
2.66643
2.68055
2.68336
2.67911
2.66298
2.64628
2.63802
2.63668
2.64132
2.64938
2.65362
2.66086
2.68433
2.72901
2.75957
2.76815
2.75954
2.73077
2.7205
2.72958
2.74903
2.75974
2.76479
2.76393
2.74937
2.73228
2.72076
2.7168
1.00001
1.00001
1.00003
1.00003
1.00019
1.00019
1.0011
1.00127
1.00639
1.00027
1.04429
0.905305
1.11626
1.28583
1.92107
2.60467
2.70858
2.67452
2.6428
2.6313
2.63419
2.64683
2.66669
2.67959
2.68166
2.67665
2.66001
2.64459
2.63711
2.63614
2.64119
2.64937
2.65354
2.66044
2.68278
2.72737
2.75873
2.76807
2.76046
2.73145
2.71933
2.72702
2.74706
2.75872
2.76397
2.76336
2.74925
2.73184
2.71979
2.71619
1
1
1.00003
1.00003
1.00017
1.00018
1.00103
1.00119
1.00609
0.999814
1.04344
0.904389
1.11465
1.28297
1.91882
2.61776
2.70311
2.66791
2.64027
2.63125
2.63458
2.64809
2.66759
2.67981
2.6814
2.67535
2.65697
2.64141
2.63448
2.63414
2.6403
2.6489
2.65305
2.65976
2.68148
2.72583
2.75776
2.76786
2.76133
2.73247
2.71842
2.72466
2.74459
2.75674
2.76238
2.76217
2.74916
2.73078
2.71914
2.71475
1
1
1.00003
1.00002
1.00016
1.00016
1.00093
1.00109
1.00555
0.999589
1.04264
0.904068
1.11242
1.27691
1.9137
2.63598
2.69582
2.6611
2.63886
2.63122
2.63445
2.6467
2.66514
2.67768
2.67947
2.67354
2.65519
2.63953
2.63254
2.63231
2.63876
2.64768
2.6519
2.65842
2.67921
2.72323
2.75614
2.76715
2.7616
2.73335
2.71789
2.72293
2.74219
2.75446
2.76048
2.76069
2.7488
2.73034
2.71743
2.71369
1
1
1.00002
1.00002
1.00014
1.00015
1.00084
1.00101
1.00521
0.999127
1.04139
0.904333
1.10973
1.27013
1.90523
2.6359
2.69745
2.65304
2.63817
2.63235
2.6356
2.64795
2.66521
2.67525
2.67575
2.66861
2.64981
2.63529
2.62919
2.62949
2.63687
2.64611
2.65029
2.65646
2.67602
2.71899
2.75281
2.76521
2.76079
2.73361
2.71661
2.72047
2.73925
2.75199
2.75839
2.7591
2.74833
2.72901
2.71621
2.71124
1
1
1.00002
1.00002
1.00011
1.00005
1.00077
1.00023
1.00453
0.998359
1.03991
0.904908
1.10705
1.26278
1.89557
2.63578
2.69705
2.64423
2.64051
2.6328
2.63543
2.64744
2.66455
2.67336
2.67293
2.66344
2.64348
2.63026
2.62517
2.62609
2.63443
2.64366
2.64769
2.65344
2.67163
2.71356
2.74819
2.76162
2.7585
2.73305
2.71489
2.71776
2.73593
2.74857
2.75551
2.75664
2.7473
2.72792
2.71341
2.70947
1
1
1.00002
1.00002
1.00011
1.00012
1.00069
1.00077
1.00446
0.997988
1.03829
0.905223
1.10346
1.25379
1.88387
2.63471
2.68433
2.64821
2.64191
2.6327
2.63506
2.64825
2.66334
2.66873
2.6661
2.65235
2.63483
2.62494
2.62189
2.62403
2.63386
2.64277
2.64652
2.65173
2.66827
2.7086
2.74383
2.75845
2.75653
2.73275
2.71276
2.71452
2.7324
2.74507
2.75199
2.75367
2.74537
2.72557
2.71148
2.70554
1
1
1.00001
1.00001
1.00009
1.0001
1.00055
1.00059
1.00368
0.997549
1.0366
0.906006
1.09967
1.24372
1.86991
2.63077
2.67198
2.65656
2.63884
2.63025
2.63294
2.64754
2.66068
2.66401
2.65974
2.64459
2.62992
2.62236
2.62039
2.62306
2.63335
2.64212
2.64575
2.65043
2.66496
2.70317
2.73961
2.756
2.7553
2.73344
2.71088
2.71093
2.72741
2.74116
2.74849
2.75036
2.74343
2.72286
2.707
2.70257
1
1
1.00001
1.00001
1.00007
1.00008
1.00046
1.00044
1.00319
0.99692
1.03473
0.90696
1.09574
1.23312
1.8538
2.6235
2.66358
2.65855
2.63806
2.63066
2.63327
2.64663
2.65553
2.65716
2.65287
2.63925
2.62719
2.62129
2.62001
2.6229
2.63275
2.64079
2.64405
2.64809
2.66044
2.69575
2.73384
2.75292
2.75402
2.73522
2.70972
2.7075
2.72195
2.73625
2.74343
2.74574
2.73983
2.71954
2.7029
2.6959
1
1
1.00001
1.00001
1.00004
1.00007
1.00031
1.00029
1.00248
0.996554
1.03284
0.908211
1.09136
1.22136
1.83521
2.61328
2.65683
2.656
2.63788
2.63139
2.63373
2.64474
2.6487
2.64842
2.64306
2.63171
2.62326
2.61939
2.61897
2.62249
2.63211
2.63891
2.64164
2.64525
2.65622
2.68897
2.72739
2.74861
2.75189
2.7373
2.70827
2.70268
2.71427
2.72996
2.73759
2.73997
2.73578
2.71428
2.69724
2.69052
1
1
1
1
1.00003
1.00004
1.00023
1.00012
1.00172
0.99632
1.03051
0.909497
1.08676
1.20923
1.8149
2.60083
2.64931
2.65123
2.63438
2.62775
2.63036
2.64116
2.64192
2.63741
2.62604
2.61723
2.61318
2.61233
2.61408
2.62121
2.63097
2.63712
2.6396
2.64271
2.65187
2.68081
2.71998
2.74401
2.74938
2.73877
2.70808
2.69753
2.70506
2.7222
2.72994
2.73214
2.72854
2.70972
2.68643
2.67839
1
0.999999
0.999999
0.999994
0.999998
0.999987
1.00012
0.999841
1.00129
0.995868
1.02825
0.91116
1.08201
1.19663
1.79225
2.58551
2.64219
2.64861
2.63366
2.62668
2.62907
2.63709
2.63518
2.62515
2.61157
2.60402
2.60176
2.60318
2.60928
2.61893
2.62819
2.63416
2.63661
2.6394
2.64729
2.67286
2.71087
2.73662
2.74464
2.73796
2.70842
2.69173
2.69461
2.7099
2.71957
2.72191
2.71934
2.6994
2.67692
2.6667
0.999999
0.999996
0.999996
0.999982
0.999977
0.999902
0.999924
0.999587
1.00074
0.995435
1.02571
0.91338
1.07697
1.18386
1.76714
2.56892
2.63558
2.64747
2.63345
2.62407
2.62018
2.62058
2.61407
2.60218
2.59418
2.59165
2.59333
2.60033
2.60926
2.6183
2.62657
2.63181
2.63389
2.63614
2.64244
2.66405
2.70076
2.72779
2.73786
2.73473
2.70818
2.68456
2.68332
2.6954
2.70621
2.70825
2.70589
2.68915
2.65684
2.64174
0.999999
0.999996
0.999995
0.999973
0.999972
0.999861
0.999784
0.9992
0.999963
0.995028
1.02314
0.916229
1.07098
1.17073
1.7395
2.55183
2.62545
2.64123
2.62837
2.6141
2.60157
2.59825
2.59075
2.58471
2.58226
2.58372
2.59087
2.60098
2.60959
2.61746
2.62455
2.62906
2.63083
2.6326
2.63752
2.65509
2.68973
2.71792
2.73037
2.72958
2.70864
2.67796
2.67042
2.67689
2.68737
2.68849
2.68565
2.66763
2.63329
2.60692
0.999999
0.999997
0.999997
0.999983
0.999977
0.999907
0.999802
0.999102
0.999394
0.993061
1.01781
0.908716
1.06637
1.14115
1.70892
2.56025
2.60209
2.61887
2.60689
2.59645
2.58627
2.5805
2.57408
2.57115
2.572
2.57865
2.58998
2.60057
2.60946
2.61743
2.6244
2.62871
2.63013
2.63112
2.63417
2.64675
2.67722
2.70571
2.71989
2.72107
2.70645
2.67196
2.65807
2.66027
2.66706
2.66595
2.65901
2.63895
2.58246
2.4949
1
1
1
1
1.00002
1
1.00002
0.999762
1.00019
0.997281
1.00638
0.952901
1.05594
1.04913
1.6791
2.51239
2.57308
2.60156
2.59045
2.56496
2.5538
2.55217
2.55366
2.56082
2.57183
2.58284
2.59386
2.60385
2.61236
2.61942
2.62522
2.62858
2.62957
2.63044
2.63316
2.64377
2.66892
2.69452
2.70726
2.70873
2.69874
2.66216
2.63529
2.63046
2.63163
2.62854
2.61569
2.58104
2.51333
2.3641
1
1
1
1.00002
1.00002
1.00007
1.00011
1.00039
1.00044
1.00255
1.00581
1.00982
1.05111
1.16274
1.53204
2.37858
2.52098
2.57115
2.55279
2.53449
2.5355
2.54209
2.55577
2.56974
2.58246
2.59241
2.60104
2.60913
2.61631
2.6225
2.62751
2.63078
2.63307
2.6346
2.6379
2.64621
2.66571
2.68556
2.69581
2.69718
2.6911
2.66072
2.6187
2.5996
2.59274
2.58442
2.5677
2.5325
2.45159
2.36254
1
1
1
1.00002
1.00002
1.00011
1.00013
1.0006
1.00077
1.00327
1.00471
1.01514
1.04169
1.05406
1.41091
2.08437
2.45958
2.57335
2.5511
2.54804
2.54963
2.55828
2.57063
2.58076
2.59242
2.60238
2.61165
2.62008
2.62637
2.63104
2.63462
2.63689
2.6376
2.63812
2.63976
2.64635
2.66075
2.67503
2.68175
2.68212
2.67827
2.65724
2.61035
2.57573
2.55643
2.5423
2.52241
2.49487
2.43138
2.37371
1
1
1
1.00001
1.00002
1.00007
1.00011
1.00043
1.00061
1.00278
1.0043
1.01776
1.0262
1.11128
1.27318
1.80124
2.27551
2.58659
2.59926
2.59219
2.57488
2.57833
2.59034
2.60709
2.61804
2.62408
2.62659
2.62783
2.62871
2.63044
2.63291
2.63429
2.63458
2.6352
2.63683
2.64208
2.65204
2.66045
2.66333
2.66274
2.65867
2.64357
2.6035
2.55874
2.52759
2.50759
2.48354
2.46375
2.41482
2.38463
1
1
1.00001
1.00001
1.00003
1.00001
1.00013
1.00029
1.0006
1.00172
1.00355
1.00901
1.0283
1.06668
1.22595
1.62179
2.11612
2.57292
2.64305
2.62549
2.61877
2.62378
2.62705
2.63072
2.62998
2.62714
2.62465
2.62391
2.62385
2.62435
2.62557
2.6272
2.62768
2.62766
2.6286
2.63254
2.63958
2.64385
2.64423
2.64298
2.63869
2.62639
2.59389
2.55415
2.51106
2.48656
2.4576
2.43803
2.40748
2.37739
1
1
1.00001
1.00001
1.00004
1.00004
1.00026
1.00024
1.00142
1.00161
1.00629
1.00233
1.02743
0.995062
1.16216
1.44055
1.97805
2.51558
2.71521
2.69925
2.67286
2.65678
2.63861
2.63591
2.62978
2.62381
2.61773
2.61311
2.61062
2.60977
2.60993
2.61225
2.61535
2.61833
2.62163
2.62662
2.63182
2.63355
2.63312
2.63119
2.62538
2.61118
2.58216
2.54727
2.50857
2.4746
2.44681
2.42028
2.39531
2.37116
1
1
1
1
1.00002
1.00001
1.00009
1.00007
1.00046
1.0009
1.00284
1.00672
1.02215
1.03358
1.12923
1.42391
2.22754
2.4756
2.62178
2.63715
2.64051
2.6384
2.63103
2.62653
2.621
2.61563
2.611
2.60776
2.606
2.60531
2.60534
2.60666
2.60922
2.61125
2.61353
2.6168
2.61937
2.61964
2.61858
2.61486
2.60467
2.58484
2.56075
2.53123
2.4995
2.46699
2.4365
2.40915
2.38605
2.36072
1
1
1
1
1.00001
1.00002
1.00008
1.00011
1.0005
1.00077
1.00246
1.00561
1.01698
1.03092
1.1386
1.29923
1.88112
2.3276
2.60186
2.61061
2.60614
2.59381
2.59439
2.59733
2.6
2.60006
2.59901
2.5958
2.59236
2.59059
2.59035
2.59071
2.59125
2.59119
2.5908
2.58925
2.58607
2.58329
2.58044
2.57505
2.56499
2.54879
2.53057
2.50833
2.48295
2.45668
2.43204
2.40591
2.38678
2.36335
1
1
1
1
1.00001
1.00002
1.00005
1.00013
1.00036
1.00068
1.00222
1.00376
1.0155
1.02395
1.08372
1.23305
1.67119
2.17465
2.56169
2.62479
2.61073
2.59397
2.57952
2.57421
2.57379
2.57403
2.57528
2.57676
2.57715
2.57731
2.57754
2.57896
2.5805
2.58039
2.57954
2.5769
2.57013
2.56
2.55086
2.54157
2.53245
2.52005
2.50702
2.4923
2.47525
2.45483
2.4348
2.40943
2.39198
2.372
1
1
1
1.00001
1.00001
1.00002
1.00004
1.00012
1.00034
1.00047
1.00206
1.00287
1.00945
1.02182
1.06151
1.16676
1.47605
1.974
2.50911
2.64913
2.62295
2.61297
2.59791
2.58388
2.58165
2.57977
2.57955
2.57975
2.57942
2.57852
2.57777
2.57748
2.57823
2.57948
2.57924
2.5776
2.57233
2.56086
2.54847
2.53717
2.52487
2.51442
2.50201
2.49055
2.47751
2.45806
2.4447
2.42275
2.40564
2.39095
1
1
1
1.00001
1.00001
1.00004
1.00004
1.00025
1.00024
1.00148
1.00176
1.00854
1.00281
1.04887
0.910749
1.13315
1.32414
1.9311
2.54191
2.69891
2.65206
2.63127
2.60501
2.59489
2.59295
2.59254
2.59185
2.58988
2.58728
2.58409
2.58195
2.58121
2.58176
2.5848
2.58781
2.5879
2.58644
2.58027
2.56488
2.54896
2.53236
2.51989
2.50733
2.49435
2.48645
2.47023
2.46144
2.44774
2.43289
2.42226
1
1
1
1
1
1.00003
1.00002
1.00015
1.00015
1.00084
1.00095
1.00492
0.999063
1.0394
0.90623
1.1074
1.25154
1.88956
2.6309
2.6928
2.6493
2.63977
2.61023
2.59697
2.59283
2.59212
2.59027
2.58858
2.58675
2.58507
2.58431
2.58414
2.58528
2.59026
2.59699
2.60012
2.60024
2.59852
2.59084
2.57437
2.55305
2.53474
2.51877
2.50191
2.49102
2.47836
2.46902
2.45982
2.44858
2.43989
1
1
1
1
1
1.00002
1.00002
1.00009
1.00012
1.00049
1.00076
1.00298
1.00466
1.01832
1.03171
1.11189
1.28603
1.78069
2.31974
2.61751
2.63713
2.62546
2.60428
2.59213
2.58808
2.58751
2.58679
2.58601
2.58528
2.58483
2.58424
2.58418
2.5847
2.58717
2.59249
2.59641
2.59749
2.59674
2.59182
2.57812
2.55712
2.53651
2.51815
2.5
2.48624
2.47263
2.46148
2.45305
2.44387
2.43637
1
1
1
1
1
1.00002
1.00001
1.00008
1.00008
1.00044
1.00051
1.00223
1.00397
1.01227
1.02765
1.0768
1.23484
1.62994
2.19475
2.53726
2.61323
2.59609
2.58339
2.57226
2.56827
2.56749
2.56719
2.56699
2.56697
2.56765
2.56971
2.57194
2.5733
2.57385
2.57416
2.57387
2.57261
2.57095
2.56699
2.55741
2.54236
2.52586
2.51051
2.49544
2.48268
2.46961
2.45878
2.4478
2.43971
2.43136
1
1
1
1
1
1.00001
1.00001
1.00007
1.00007
1.0003
1.0005
1.00154
1.00328
1.00905
1.02182
1.05306
1.18899
1.46698
2.03025
2.50675
2.65143
2.62069
2.59742
2.57359
2.57012
2.57164
2.57417
2.57407
2.57348
2.57218
2.57258
2.57462
2.57626
2.5765
2.5758
2.57297
2.5671
2.55998
2.55221
2.54283
2.53286
2.52187
2.51072
2.49874
2.4883
2.47625
2.46629
2.45427
2.44581
2.43679
1
1
1
1
1
1
1
1
0.999998
1.00001
0.999938
1.00022
0.999576
1.00165
0.98878
1.02755
1.03133
1.59006
2.38487
2.51011
2.58476
2.567
2.5544
2.54914
2.55208
2.55989
2.56748
2.57152
2.57304
2.57568
2.58305
2.59238
2.59767
2.59868
2.59765
2.59127
2.57779
2.56543
2.55406
2.54343
2.53382
2.52474
2.51745
2.50942
2.50441
2.49563
2.49033
2.48002
2.47166
2.46337
1
1
1
1
1.00001
1.00001
1.00004
1.00004
1.00024
1.00029
1.00134
1.00194
1.00798
1.00602
1.04549
0.965032
1.138
1.30211
1.90368
2.43143
2.65346
2.64083
2.61908
2.59528
2.57858
2.57208
2.57092
2.57042
2.57067
2.57254
2.58018
2.59656
2.61138
2.61953
2.62106
2.61877
2.60698
2.58368
2.56279
2.54735
2.535
2.52459
2.51673
2.50908
2.50449
2.49793
2.49384
2.48823
2.48241
2.4778
1
1
1
1
1
1
1.00002
1.00002
1.00011
1.00012
1.00065
1.0007
1.00401
0.998018
1.03644
0.908167
1.09919
1.24126
1.85234
2.59262
2.64055
2.64009
2.62322
2.60412
2.59634
2.5935
2.58866
2.58515
2.58212
2.58192
2.58523
2.59789
2.61391
2.62344
2.62618
2.62538
2.61911
2.6016
2.57849
2.55674
2.53857
2.52445
2.51356
2.50388
2.49708
2.49022
2.48554
2.48037
2.47694
2.47354
1
1
1
1
1
1
1.00001
1.00001
1.00005
1.00008
1.00031
1.00031
1.00207
0.997093
1.03044
0.91239
1.0856
1.20387
1.79831
2.58834
2.64073
2.64517
2.62736
2.60653
2.60561
2.60795
2.61453
2.61614
2.61448
2.60675
2.59845
2.59783
2.60128
2.60622
2.60715
2.60641
2.60316
2.59329
2.57563
2.55755
2.54077
2.52596
2.51374
2.50282
2.49362
2.48507
2.47813
2.47146
2.46748
2.46341
1
1
1
1
1
1
1
0.999995
1
0.999979
1.00007
0.999755
1.00096
0.99585
1.02488
0.915605
1.07513
1.16578
1.7543
2.56141
2.64078
2.65223
2.63097
2.60246
2.59069
2.58798
2.58845
2.58812
2.58556
2.57939
2.57253
2.56727
2.56511
2.56632
2.57162
2.57568
2.57584
2.57446
2.56973
2.56018
2.54943
2.53875
2.52834
2.51771
2.50744
2.49711
2.48796
2.47901
2.47322
2.4677
1
1
1
1
1
1
1.00001
1.00001
1.00006
1.00007
1.00035
1.00043
1.00202
1.0031
1.01302
1.02121
1.07069
1.23111
1.61396
2.2224
2.61089
2.68007
2.65301
2.62148
2.60118
2.59768
2.59951
2.598
2.59183
2.57491
2.55925
2.54952
2.54572
2.54565
2.54852
2.55574
2.56288
2.56702
2.56747
2.56689
2.56517
2.56117
2.55689
2.55197
2.54623
2.53694
2.52732
2.51474
2.50572
2.49624
1
1
1
1
1
1
1
1.00001
1.00002
1.00002
1.00001
0.999814
0.999768
0.996483
1.00181
0.947577
1.05734
1.04104
1.72808
2.60123
2.6155
2.62926
2.60541
2.57784
2.57698
2.5822
2.59605
2.60481
2.60494
2.59828
2.5781
2.5589
2.54865
2.54541
2.54566
2.54866
2.55418
2.55838
2.56222
2.56471
2.56501
2.56465
2.56354
2.56126
2.55937
2.55585
2.5518
2.54215
2.53232
2.5199
1
1
1
1
1
1
1
1.00002
1.00002
1.0001
1.00014
1.00034
1.00075
0.999803
1.00188
0.9713
1.05326
1.04608
1.68033
2.55573
2.6202
2.63055
2.59452
2.54974
2.54443
2.54885
2.5641
2.57995
2.59365
2.59936
2.59921
2.5961
2.5896
2.58332
2.57775
2.57301
2.56955
2.56725
2.56457
2.56129
2.55962
2.55935
2.55913
2.55851
2.55761
2.556
2.55381
2.54825
2.53872
2.527
1
1
1
1
1
1.00001
1.00001
1.00004
1.00003
1.00023
1.0002
1.00124
1.00138
1.00558
1.0038
1.03051
0.970552
1.19715
1.51661
2.07188
2.58979
2.74696
2.72614
2.67926
2.6328
2.60192
2.59051
2.58893
2.59027
2.59437
2.60056
2.60672
2.61005
2.6105
2.60985
2.60737
2.60158
2.59268
2.5822
2.5719
2.56203
2.55312
2.54663
2.54262
2.54046
2.53954
2.53863
2.53676
2.53208
2.52394
1
1
1
1
1
1
1
1.00002
1.00003
1.00017
1.00016
1.00123
1.00144
1.00804
1.00144
1.05052
0.908169
1.14582
1.38249
1.99488
2.59994
2.80268
2.77797
2.72611
2.68239
2.64901
2.62302
2.60347
2.5896
2.5863
2.58681
2.5907
2.59667
2.59967
2.60008
2.59943
2.59672
2.59017
2.58142
2.57179
2.56229
2.55275
2.54445
2.53771
2.53288
2.52964
2.52755
2.52633
2.52411
2.52047
1
1
1
1
1
1
1
1.00002
1.00002
1.00013
1.00013
1.00093
1.00103
1.00616
0.999533
1.04606
0.902897
1.13271
1.32607
1.98067
2.63487
2.80384
2.77745
2.72818
2.68301
2.64373
2.61038
2.58601
2.56974
2.56567
2.56608
2.57059
2.57877
2.58463
2.58699
2.58681
2.58474
2.58025
2.57641
2.57296
2.56849
2.56451
2.56038
2.55494
2.5481
2.54096
2.53604
2.53114
2.52748
2.52409
1
1
1
1
1
1
1.00001
1.00001
1.00003
1.00009
1.00012
1.00056
1.00025
1.00296
1.00338
1.01545
1.02783
1.05739
1.49413
2.32411
2.53551
2.61512
2.64944
2.66255
2.67433
2.68049
2.67755
2.66183
2.63564
2.61491
2.59958
2.58974
2.58201
2.57338
2.56526
2.55923
2.55555
2.55418
2.55501
2.56014
2.57128
2.58182
2.58771
2.58907
2.58796
2.5815
2.5678
2.55162
2.53926
2.52739
1
1
1
1
1
1
1
1
1.00001
1.00005
1.00008
1.0005
1.00044
1.00409
0.997513
1.04121
0.901292
1.12038
1.28627
1.95753
2.65588
2.78081
2.7495
2.69902
2.66365
2.66047
2.66151
2.65914
2.65261
2.64201
2.62743
2.61201
2.59729
2.58366
2.57109
2.56101
2.55465
2.55178
2.55163
2.55487
2.56635
2.58218
2.59405
2.60025
2.60172
2.60001
2.59232
2.57321
2.55242
2.53453
1
1
1
1
1
1
1
1
1
1.00001
1.00001
1.00018
1.00008
1.00262
0.996265
1.03662
0.90189
1.10836
1.25724
1.92607
2.69765
2.82676
2.77101
2.69542
2.63493
2.617
2.61692
2.61921
2.62092
2.62465
2.63207
2.63718
2.63796
2.63703
2.63403
2.62757
2.61581
2.59974
2.5859
2.57919
2.57842
2.58037
2.58591
2.59108
2.59295
2.59217
2.58754
2.57469
2.55704
2.5427
1
1
1
1
1
1
1.00001
1.00001
1.00005
1.00004
1.00024
1.00024
1.00117
1.00176
1.00445
1.01105
1.03104
1.10073
1.33136
2.00959
2.43179
2.73855
2.7444
2.7331
2.71219
2.70158
2.69048
2.67745
2.65626
2.63515
2.62017
2.61126
2.60728
2.60639
2.60719
2.60835
2.6081
2.60696
2.60464
2.59968
2.5937
2.58791
2.58247
2.57524
2.56998
2.56488
2.55976
2.55207
2.54245
2.53235
1
1
1
1
1
1
1
1
1
0.999993
0.999958
0.999936
0.999371
1.00047
0.994399
1.0306
0.898276
1.10033
1.23789
1.90737
2.76819
2.8463
2.76207
2.70707
2.67015
2.65396
2.64862
2.64613
2.64203
2.6387
2.63814
2.63844
2.63835
2.63737
2.63234
2.62247
2.61506
2.61079
2.6087
2.60645
2.60289
2.59629
2.58738
2.57697
2.5675
2.55737
2.54902
2.53891
2.53113
2.52293
1
1
1
1
1
1
1
1
1.00001
1.00001
0.999991
1.00001
0.999545
1.00006
0.993475
1.02189
0.895076
1.09759
1.20947
1.87799
2.81889
2.86227
2.73823
2.67588
2.63075
2.608
2.6037
2.60425
2.60623
2.61152
2.62631
2.65006
2.66966
2.67944
2.68039
2.67343
2.6518
2.6274
2.61044
2.6004
2.59388
2.58756
2.58064
2.57236
2.5641
2.55462
2.54646
2.53626
2.52899
2.52059
1
1
1
1
1
1
1
1
1.00001
1.00002
1.00004
1.00009
0.999966
1.00023
0.996943
1.01184
0.918073
1.10149
1.15103
1.84206
2.82302
2.85466
2.73069
2.66936
2.6266
2.60324
2.59855
2.59941
2.60163
2.60675
2.62235
2.65143
2.6767
2.69058
2.69298
2.68584
2.65994
2.6263
2.59969
2.5805
2.56819
2.5607
2.55593
2.55181
2.5477
2.54258
2.53764
2.53153
2.52718
2.52155
1
1
1
1
1
1
1
1
1.00001
1.00002
1.00005
1.00013
1.00005
1.00034
0.997682
1.00768
0.938006
1.08637
1.10551
1.82087
2.79765
2.8263
2.72244
2.67246
2.62931
2.60926
2.60662
2.60807
2.61061
2.61613
2.63345
2.6641
2.68829
2.69928
2.69878
2.68421
2.64612
2.60789
2.58019
2.56265
2.55268
2.5476
2.54526
2.54421
2.54342
2.54215
2.54052
2.539
2.53851
2.53853
1
1
1
1
1
1
1.00001
1.00001
1.00004
1.00004
1.00024
1.0002
1.00124
1.0012
1.006
1.00744
1.03987
1.00907
1.24293
1.66916
2.26412
2.74323
2.82072
2.8066
2.76392
2.74331
2.71674
2.68299
2.63983
2.61178
2.60329
2.60799
2.62718
2.64368
2.64842
2.64654
2.63759
2.62577
2.61693
2.6087
2.60003
2.59115
2.58228
2.57383
2.56638
2.56086
2.55777
2.55663
2.55678
2.55772
1
1
1
1
1
1
1.00001
1.00001
1.00004
1.00004
1.00026
1.00021
1.00135
1.00136
1.00618
1.00715
1.02653
1.05216
1.18447
1.56
2.15288
2.68243
2.81611
2.80246
2.75549
2.72952
2.71731
2.68932
2.64751
2.61349
2.59585
2.59113
2.59411
2.61067
2.63605
2.65677
2.6719
2.68124
2.68458
2.68355
2.67341
2.64514
2.61054
2.58029
2.55674
2.54031
2.53042
2.52562
2.52469
2.52556
1
1
1
1
1
1
1.00001
1.00001
1.00004
1.00003
1.00019
1.00018
1.00102
1.00114
1.00538
1.00428
1.03121
1.05177
1.20519
1.64052
2.23461
2.65194
2.72533
2.71148
2.71158
2.71841
2.72016
2.70151
2.65562
2.6168
2.59104
2.5792
2.57807
2.58283
2.601
2.62956
2.65487
2.67271
2.68202
2.6843
2.68173
2.66661
2.63089
2.59202
2.5591
2.5336
2.51621
2.50557
2.50118
2.49934
1
1
1
1
1
1
1
1
1.00001
1.00001
1.00003
0.999933
1.00029
0.999399
0.995325
1.00883
0.920529
1.08421
1.10285
1.76934
2.70229
2.694
2.6614
2.59752
2.57213
2.57767
2.59617
2.61602
2.63928
2.66544
2.684
2.69163
2.69141
2.68163
2.65394
2.6272
2.61029
2.60219
2.59985
2.60014
2.60314
2.60543
2.60509
2.6028
2.59865
2.59418
2.5894
2.57873
2.56939
2.55758
1
1
1
1
1
1
1
1
1
1.00001
0.999992
1.00004
0.999498
0.999746
0.994128
1.01614
0.905946
1.08294
1.15325
1.76823
2.66644
2.68661
2.66892
2.61826
2.57985
2.58024
2.58792
2.60794
2.65339
2.70216
2.72978
2.73468
2.72741
2.69534
2.64514
2.60446
2.57641
2.55946
2.55152
2.54979
2.55149
2.56128
2.58409
2.60821
2.62669
2.63694
2.64005
2.63918
2.63288
2.61472
1
1
1
1
1
1
1
1
0.999997
0.999996
0.999927
1.00001
0.99915
0.999613
0.992773
1.01752
0.90316
1.07771
1.16546
1.77084
2.66216
2.70027
2.66836
2.59606
2.56361
2.56698
2.57967
2.60458
2.65085
2.69707
2.72435
2.72953
2.72257
2.69346
2.64754
2.60838
2.57918
2.55918
2.54757
2.5433
2.54362
2.55021
2.57174
2.60122
2.62393
2.63631
2.64
2.63867
2.62972
2.60651
2.1796
2.61657
2.62166
3.11029
3.31519
3.25323
3.24325
3.23005
3.23019
3.23434
3.23888
3.24008
3.24029
3.23933
3.2358
3.23067
3.22604
3.21995
3.21724
3.214
3.21021
3.20686
3.20297
3.19763
3.19325
3.18759
3.18217
3.17614
3.1684
3.164
3.15433
3.14768
3.1409
3.13291
3.12388
3.117
3.10509
3.09854
3.08575
3.07741
3.06625
3.0564
3.04463
3.03484
3.02316
3.01357
3.00068
2.99012
2.97694
2.96573
2.95205
2.94059
2.92698
2.91504
2.90161
2.88941
2.87592
2.86386
2.85025
2.83823
2.825
2.81277
2.80014
2.78783
2.77565
2.7636
2.75176
2.7401
2.72861
2.71736
2.70639
2.69557
2.68521
2.67496
2.66521
2.6557
2.64662
2.63794
2.62967
2.62193
2.61465
2.60794
2.60212
2.59664
2.59268
2.5894
2.58693
2.58427
2.58322
2.58206
2.58397
2.58593
2.59021
2.59289
2.59859
2.60134
2.60689
2.60853
2.61204
2.60684
2.20167
2.41316
2.47858
2.65768
2.76306
2.892
3.02358
3.11616
3.14417
3.18245
3.21769
3.22575
3.23946
3.29555
3.32581
3.32162
3.29537
3.23342
3.17919
3.1364
3.10416
3.076
3.05281
3.02978
3.00974
2.98774
2.96695
2.94441
2.92265
2.90025
2.87947
2.85865
2.84123
2.82469
2.81059
2.79807
2.78757
2.77862
2.77032
2.76383
2.75747
2.75265
2.74836
2.74523
2.74298
2.74047
2.73937
2.73723
2.7362
2.73372
2.7322
2.72861
2.72638
2.72125
2.71808
2.71113
2.70673
2.69784
2.69179
2.68164
2.67417
2.66297
2.65456
2.64273
2.63391
2.62192
2.61301
2.60133
2.59246
2.58141
2.57265
2.5625
2.55395
2.54485
2.53667
2.52867
2.52109
2.51408
2.50741
2.50127
2.49583
2.4906
2.48654
2.48291
2.48018
2.47898
2.47798
2.47725
2.47752
2.47821
2.48185
2.48476
2.49094
2.49468
2.50273
2.50693
2.51552
2.51884
2.52609
2.52352
2.26171
2.29009
2.35025
2.39901
2.44398
2.48578
2.51327
2.5541
2.58439
2.6136
2.63406
2.65339
2.65918
2.65657
2.64982
2.63663
2.62358
2.61139
2.59956
2.58857
2.57929
2.57233
2.56682
2.56208
2.55871
2.55705
2.5565
2.55631
2.55541
2.55126
2.54116
2.52826
2.51725
2.50773
2.50222
2.49625
2.49158
2.48506
2.47927
2.47169
2.46422
2.45476
2.44497
2.43387
2.42274
2.41129
2.40038
2.3896
2.38002
2.37063
2.36268
2.35493
2.34857
2.34242
2.33758
2.33292
2.32915
2.32551
2.32215
2.31876
2.31518
2.31146
2.30739
2.30309
2.29857
2.29368
2.28877
2.28344
2.27819
2.27256
2.26703
2.26119
2.25549
2.24957
2.24386
2.23803
2.23248
2.22696
2.22174
2.2168
2.21221
2.20803
2.20444
2.20144
2.19903
2.19788
2.197
2.19591
2.19582
2.19616
2.1983
2.20024
2.20441
2.20703
2.21263
2.21554
2.22136
2.22362
2.22875
2.22622
2.30733
2.27853
2.28865
2.30484
2.31848
2.33269
2.3449
2.35663
2.36728
2.37811
2.38381
2.38862
2.38969
2.38896
2.38727
2.38416
2.38054
2.37641
2.37222
2.36847
2.36512
2.36217
2.35936
2.35689
2.35463
2.35248
2.35045
2.34852
2.34667
2.34541
2.34472
2.34477
2.34636
2.35132
2.35775
2.36433
2.37013
2.3738
2.37585
2.37691
2.3771
2.37674
2.37466
2.36967
2.36095
2.35175
2.3402
2.32829
2.31517
2.30237
2.28964
2.2776
2.26626
2.25567
2.2459
2.23672
2.22808
2.21984
2.21179
2.20414
2.19662
2.18951
2.18257
2.17607
2.16976
2.16387
2.15819
2.15282
2.14773
2.14285
2.13814
2.13376
2.12937
2.12537
2.12138
2.11763
2.11412
2.11065
2.10758
2.10456
2.10187
2.09956
2.09737
2.0961
2.09497
2.09506
2.09536
2.09577
2.09686
2.09809
2.10164
2.10421
2.10964
2.11289
2.11955
2.12321
2.13028
2.1334
2.14018
2.13928
2.33663
2.28716
2.275
2.26381
2.2631
2.26106
2.26127
2.26243
2.26497
2.26903
2.27125
2.27083
2.26965
2.26779
2.26577
2.26361
2.26202
2.26129
2.26101
2.26088
2.26131
2.26239
2.26249
2.26326
2.26417
2.26421
2.26388
2.26292
2.26135
2.26017
2.25953
2.25905
2.25834
2.25772
2.25745
2.25763
2.25858
2.25891
2.25882
2.25853
2.25773
2.25625
2.25372
2.25104
2.24742
2.24395
2.23997
2.23609
2.23177
2.22698
2.22172
2.21579
2.20958
2.2028
2.19587
2.18867
2.18149
2.17423
2.1671
2.15996
2.15299
2.14604
2.13923
2.13255
2.12594
2.11953
2.11323
2.10714
2.10122
2.09549
2.08998
2.08467
2.07964
2.07479
2.07024
2.06596
2.06201
2.05827
2.05508
2.05193
2.04938
2.04721
2.04519
2.04409
2.04325
2.04337
2.04371
2.04412
2.04519
2.0463
2.0494
2.05161
2.05633
2.05924
2.06533
2.06875
2.07567
2.07916
2.08634
2.08738
2.3387
2.31568
2.28259
2.26237
2.24613
2.23602
2.22529
2.22177
2.2168
2.21664
2.21614
2.21594
2.21506
2.21278
2.21052
2.20898
2.20743
2.20634
2.20599
2.20594
2.20605
2.20643
2.20662
2.20745
2.2081
2.20882
2.20924
2.20915
2.20878
2.20794
2.20695
2.20627
2.20617
2.2067
2.20822
2.20966
2.21156
2.2129
2.21322
2.21313
2.21271
2.21171
2.2098
2.20719
2.20382
2.19954
2.19475
2.18932
2.18375
2.17783
2.17168
2.16525
2.15855
2.15158
2.14446
2.13707
2.12965
2.12211
2.11459
2.10714
2.09983
2.09263
2.0857
2.079
2.07248
2.0663
2.06034
2.05462
2.04917
2.04397
2.03905
2.03439
2.02991
2.02571
2.02174
2.01802
2.01445
2.01132
2.00816
2.00564
2.00318
2.00125
1.99972
1.9986
1.99826
1.99848
1.99904
1.99959
2.00098
2.00222
2.00538
2.00749
2.01196
2.01465
2.02014
2.02323
2.02943
2.03277
2.0395
2.04061
2.33657
2.32133
2.30158
2.27328
2.24889
2.23125
2.21651
2.20591
2.19885
2.19482
2.19357
2.19095
2.19061
2.18934
2.18714
2.18454
2.1835
2.18236
2.18171
2.18163
2.18177
2.1821
2.18261
2.18281
2.18255
2.18186
2.18009
2.17826
2.17678
2.17497
2.17307
2.17178
2.17157
2.17286
2.17645
2.18032
2.18421
2.18706
2.18799
2.18795
2.18754
2.18637
2.18407
2.18108
2.17745
2.1735
2.16916
2.16469
2.15989
2.1548
2.14926
2.14333
2.1369
2.1301
2.12296
2.11544
2.10782
2.09989
2.09199
2.08403
2.07608
2.0683
2.06056
2.05304
2.04567
2.03851
2.0316
2.02495
2.01858
2.01246
2.00676
2.00125
1.99625
1.99154
1.98713
1.98328
1.97946
1.97635
1.9733
1.97085
1.96865
1.96692
1.96567
1.96474
1.96463
1.96484
1.96533
1.96579
1.96694
1.9679
1.97035
1.97188
1.97505
1.97698
1.9809
1.98321
1.98776
1.99035
1.99597
1.99624
2.33773
2.32892
2.31664
2.29496
2.26708
2.24195
2.22087
2.20569
2.19433
2.18712
2.18264
2.18075
2.17945
2.17864
2.17833
2.17679
2.17512
2.17418
2.17371
2.17382
2.17424
2.17533
2.17587
2.17553
2.17372
2.16867
2.16415
2.15983
2.15555
2.15251
2.15102
2.15116
2.15312
2.15857
2.16437
2.16976
2.17468
2.17765
2.17833
2.17816
2.17746
2.17574
2.17301
2.16952
2.16564
2.16113
2.15631
2.15098
2.14517
2.13892
2.13198
2.12451
2.11645
2.10785
2.09892
2.08962
2.08016
2.07069
2.06126
2.05206
2.04316
2.0345
2.02631
2.01832
2.01091
2.00366
1.99699
1.99052
1.98459
1.97894
1.97364
1.96882
1.96416
1.96006
1.95609
1.9526
1.94935
1.94645
1.94397
1.94166
1.93999
1.93841
1.93754
1.9368
1.93685
1.93708
1.93756
1.93798
1.93901
1.93982
1.94168
1.94289
1.94511
1.94661
1.94915
1.95092
1.95395
1.95584
1.96019
1.95971
2.34545
2.33641
2.32905
2.31666
2.29553
2.26938
2.24391
2.22193
2.20456
2.19196
2.18309
2.1769
2.17384
2.17338
2.17382
2.17417
2.17475
2.17599
2.17706
2.17958
2.18195
2.18318
2.18268
2.17935
2.17092
2.1607
2.15194
2.14694
2.14311
2.14154
2.14179
2.14372
2.1491
2.156
2.16219
2.16789
2.17216
2.17397
2.174
2.17348
2.17193
2.16905
2.16537
2.16096
2.15581
2.14997
2.1435
2.1363
2.12849
2.11992
2.1109
2.10139
2.09146
2.08121
2.07061
2.05995
2.04935
2.03894
2.02889
2.01924
2.01007
2.00143
1.99335
1.98578
1.97874
1.97216
1.96589
1.96011
1.95449
1.94934
1.94435
1.93974
1.93541
1.93132
1.9277
1.9242
1.92127
1.91847
1.91623
1.91421
1.91271
1.91143
1.91068
1.9101
1.91012
1.91024
1.91049
1.91074
1.91127
1.91194
1.91292
1.91378
1.91511
1.91601
1.91767
1.91867
1.92067
1.92191
1.92539
1.92433
2.36557
2.35446
2.34776
2.34173
2.33016
2.30945
2.28392
2.25635
2.23073
2.20819
2.19102
2.17906
2.17057
2.16742
2.16751
2.16867
2.17203
2.17864
2.18635
2.19262
2.19477
2.19464
2.19039
2.17835
2.16356
2.15229
2.14522
2.14182
2.1396
2.13937
2.14088
2.14583
2.15251
2.15815
2.16388
2.16815
2.16936
2.16917
2.16826
2.16596
2.16209
2.15727
2.15153
2.145
2.13772
2.12968
2.12098
2.11172
2.10203
2.09193
2.08146
2.07068
2.0598
2.04911
2.03875
2.02897
2.0197
2.01105
2.00297
1.99539
1.98839
1.98178
1.97563
1.96978
1.96417
1.9589
1.95367
1.94874
1.94387
1.93915
1.93463
1.93013
1.92592
1.92178
1.9179
1.91425
1.91086
1.90781
1.90515
1.9028
1.90099
1.89943
1.89844
1.8977
1.89743
1.89745
1.89752
1.89771
1.89817
1.89868
1.89948
1.90005
1.90093
1.90151
1.90248
1.9031
1.90449
1.90518
1.90825
1.90691
2.40223
2.38956
2.38101
2.3741
2.36281
2.34353
2.31659
2.28415
2.25093
2.22147
2.19748
2.17874
2.16712
2.16362
2.16399
2.16681
2.17514
2.18728
2.19645
2.20024
2.1999
2.19564
2.18184
2.16629
2.15417
2.14676
2.14297
2.14208
2.14245
2.14463
2.14826
2.15215
2.15672
2.1598
2.16016
2.15966
2.15834
2.1555
2.15125
2.14609
2.1402
2.13358
2.12635
2.11855
2.11022
2.10147
2.09237
2.08306
2.07375
2.06452
2.05548
2.04663
2.03808
2.02993
2.0222
2.015
2.00804
2.0016
1.9953
1.98954
1.98387
1.97868
1.97357
1.96881
1.96408
1.95954
1.95498
1.95048
1.94602
1.94155
1.93722
1.93285
1.92874
1.92462
1.92083
1.91715
1.91382
1.91074
1.90803
1.90569
1.90369
1.90214
1.90087
1.89998
1.89944
1.89905
1.89877
1.89868
1.89868
1.8987
1.89875
1.89887
1.89899
1.89914
1.8993
1.89955
1.90011
1.90071
1.90293
1.90144
2.426
2.4163
2.40597
2.39485
2.37957
2.35825
2.32985
2.2962
2.26186
2.23017
2.20266
2.18236
2.17245
2.17112
2.17326
2.18113
2.19349
2.20234
2.20512
2.20388
2.1973
2.18231
2.16776
2.1574
2.15081
2.14741
2.14612
2.14577
2.14563
2.14627
2.14702
2.14693
2.14635
2.1448
2.14242
2.13966
2.13687
2.13423
2.13154
2.12853
2.12482
2.12021
2.11451
2.10767
2.09983
2.09133
2.0824
2.07335
2.06444
2.05583
2.04772
2.03989
2.03246
2.02525
2.0186
2.01234
2.00677
2.00161
1.99701
1.99281
1.98905
1.98569
1.98246
1.97943
1.97627
1.973
1.96941
1.96553
1.96137
1.95685
1.95218
1.94729
1.94244
1.93757
1.93293
1.9285
1.92442
1.92077
1.91747
1.91475
1.91241
1.91053
1.9091
1.90797
1.90717
1.90663
1.90616
1.90582
1.90555
1.90526
1.90499
1.90465
1.90413
1.90386
1.90329
1.90299
1.90287
1.90297
1.90329
1.90181
2.42521
2.41923
2.41163
2.40048
2.38465
2.3621
2.33277
2.30013
2.26904
2.24109
2.21734
2.20244
2.1977
2.1982
2.20137
2.20751
2.21091
2.21082
2.20764
2.19762
2.18373
2.17162
2.16274
2.15599
2.15065
2.14631
2.14319
2.14061
2.13756
2.13404
2.13062
2.1277
2.12566
2.12443
2.12425
2.12468
2.12572
2.12588
2.12553
2.12448
2.12211
2.1184
2.11343
2.1069
2.09896
2.09012
2.0809
2.0717
2.06278
2.05428
2.04624
2.03868
2.03166
2.02536
2.02006
2.016
2.01318
2.01134
2.01018
2.00942
2.00896
2.00876
2.00853
2.00795
2.00647
2.00347
1.99916
1.99419
1.98835
1.98222
1.97576
1.96925
1.96286
1.95664
1.95081
1.94536
1.94042
1.93604
1.93216
1.92893
1.92611
1.9239
1.92193
1.92058
1.9192
1.91826
1.91727
1.91641
1.91557
1.91448
1.91364
1.91249
1.91148
1.91031
1.90911
1.90789
1.90674
1.9061
1.90584
1.90409
2.42158
2.41836
2.41326
2.40435
2.38815
2.36457
2.33614
2.30715
2.28108
2.25921
2.24206
2.23047
2.22392
2.22178
2.22135
2.22035
2.21735
2.21028
2.20032
2.18892
2.17865
2.17088
2.16315
2.15528
2.14821
2.14188
2.13481
2.12751
2.12162
2.11814
2.11655
2.11601
2.11605
2.11654
2.11794
2.12072
2.12395
2.12582
2.12602
2.1257
2.12482
2.12292
2.11878
2.11156
2.10247
2.0924
2.08214
2.07222
2.0629
2.05435
2.04675
2.04041
2.03556
2.03231
2.03052
2.02977
2.02952
2.02942
2.02935
2.02928
2.0291
2.02852
2.02698
2.02396
2.02015
2.0153
2.00985
2.00361
1.99696
1.98997
1.98282
1.97574
1.96884
1.96228
1.95617
1.95059
1.94561
1.94124
1.93742
1.93424
1.93147
1.92924
1.92724
1.92575
1.9242
1.923
1.92175
1.92044
1.9193
1.91761
1.91632
1.91449
1.91299
1.9112
1.90959
1.90794
1.90638
1.90531
1.90468
1.90315
2.42559
2.4219
2.418
2.41246
2.40067
2.37845
2.35339
2.32796
2.3036
2.28156
2.26307
2.24922
2.23985
2.23369
2.22867
2.22268
2.21552
2.2079
2.20001
2.19305
2.1859
2.17667
2.16585
2.15435
2.14287
2.13267
2.12478
2.11885
2.11484
2.11311
2.11285
2.11302
2.11367
2.11543
2.11927
2.12375
2.12736
2.12936
2.12967
2.12939
2.12842
2.1259
2.12018
2.11153
2.10143
2.09079
2.08029
2.07041
2.06159
2.05425
2.04868
2.04496
2.04278
2.04161
2.04102
2.04067
2.04035
2.04003
2.03963
2.03883
2.03717
2.03433
2.03044
2.02549
2.01976
2.01332
2.00639
1.99905
1.99156
1.98401
1.97663
1.96956
1.96292
1.95677
1.95119
1.94621
1.94189
1.93813
1.93508
1.9324
1.93032
1.9284
1.92697
1.92548
1.92431
1.92289
1.92184
1.92017
1.91897
1.91696
1.91557
1.91339
1.91194
1.90967
1.90806
1.90578
1.90415
1.90209
1.90113
1.89899
2.44891
2.44173
2.4367
2.4323
2.42494
2.40862
2.38239
2.3526
2.32312
2.29632
2.27421
2.25715
2.24472
2.23583
2.22932
2.2248
2.22172
2.21891
2.21444
2.20612
2.19401
2.17974
2.1645
2.14998
2.13774
2.12776
2.12066
2.11661
2.11528
2.11521
2.11557
2.11668
2.1186
2.12079
2.12341
2.12588
2.12714
2.12723
2.12692
2.12594
2.12316
2.11666
2.1071
2.09658
2.08622
2.07673
2.0684
2.06135
2.05564
2.0514
2.04871
2.04729
2.04663
2.0463
2.0461
2.04595
2.04577
2.04537
2.04438
2.04207
2.03799
2.0326
2.02626
2.019
2.01125
2.00315
1.99502
1.98716
1.97964
1.97265
1.96628
1.96038
1.95531
1.95071
1.94701
1.94371
1.94113
1.93869
1.93692
1.93502
1.93376
1.93221
1.93126
1.92977
1.92892
1.92732
1.92637
1.92445
1.92331
1.92095
1.9196
1.91688
1.91526
1.91224
1.9103
1.90707
1.90485
1.90152
1.90016
1.89734
2.4685
2.46259
2.45584
2.44969
2.44004
2.42149
2.39457
2.36362
2.33275
2.30456
2.28092
2.2627
2.25005
2.24295
2.24048
2.23991
2.2387
2.23494
2.22557
2.21126
2.19471
2.1769
2.16006
2.14613
2.13527
2.12761
2.12271
2.11948
2.1168
2.11521
2.1148
2.11485
2.11513
2.11591
2.11718
2.11823
2.11865
2.11857
2.11788
2.11561
2.11035
2.10256
2.09353
2.08412
2.07512
2.06704
2.06007
2.05424
2.0497
2.04656
2.04487
2.04433
2.04428
2.04435
2.04446
2.04451
2.04449
2.04416
2.04291
2.03978
2.0343
2.02731
2.01929
2.01055
2.00176
1.99309
1.985
1.97757
1.97103
1.96538
1.96068
1.95698
1.95371
1.95127
1.94894
1.94728
1.94568
1.94463
1.94369
1.9429
1.94237
1.94163
1.94112
1.94013
1.93948
1.9381
1.93714
1.93508
1.93377
1.93104
1.92936
1.92593
1.92371
1.9197
1.91697
1.91255
1.90967
1.90506
1.90302
1.89869
2.46819
2.4665
2.46297
2.45647
2.44319
2.42172
2.39426
2.36512
2.33725
2.31245
2.29208
2.27703
2.26794
2.26389
2.26218
2.25961
2.25388
2.2431
2.2282
2.21005
2.19091
2.17295
2.15702
2.14382
2.13326
2.12482
2.11838
2.11348
2.10887
2.10493
2.10292
2.10263
2.10286
2.10382
2.10631
2.10942
2.11148
2.11202
2.1117
2.11016
2.10593
2.09831
2.08932
2.07984
2.07066
2.06238
2.05521
2.04917
2.04431
2.04075
2.03867
2.03798
2.03802
2.03844
2.03934
2.04002
2.04039
2.04041
2.04002
2.03836
2.03392
2.02664
2.01816
2.00895
1.99977
1.99082
1.98261
1.97565
1.96974
1.96511
1.96161
1.95888
1.95729
1.95699
1.95715
1.95773
1.95898
1.9606
1.96217
1.96367
1.96487
1.96551
1.96561
1.96546
1.9649
1.96319
1.96134
1.95764
1.95474
1.94991
1.94607
1.94044
1.93607
1.93007
1.92563
1.91952
1.91535
1.90921
1.90629
1.90082
2.46264
2.46438
2.46369
2.45963
2.44741
2.42229
2.39288
2.36422
2.33884
2.31742
2.3001
2.28792
2.28097
2.27745
2.2743
2.26897
2.25931
2.24514
2.22765
2.2083
2.18898
2.17094
2.15509
2.14138
2.13003
2.12093
2.11396
2.10768
2.10224
2.09844
2.0972
2.09727
2.09788
2.0997
2.10335
2.10715
2.1097
2.11045
2.1102
2.10875
2.10461
2.09686
2.08782
2.07842
2.06939
2.06124
2.05421
2.04833
2.04363
2.04021
2.03826
2.03775
2.03791
2.03864
2.0398
2.0406
2.0411
2.04122
2.04081
2.039
2.03426
2.02676
2.01825
2.00938
2.0005
1.99201
1.98461
1.97848
1.97327
1.96936
1.9674
1.9671
1.96735
1.96831
1.97053
1.97366
1.97697
1.98035
1.98331
1.98556
1.98644
1.98642
1.98591
1.98425
1.98157
1.97696
1.97323
1.96724
1.96288
1.95626
1.95153
1.94493
1.94002
1.93354
1.92853
1.92231
1.91758
1.91185
1.90858
1.90394
2.46627
2.46938
2.47115
2.46932
2.45867
2.43028
2.39584
2.36512
2.33956
2.31922
2.30345
2.29199
2.28494
2.28142
2.27863
2.27311
2.26341
2.24933
2.23165
2.21189
2.19163
2.17264
2.15575
2.14137
2.12964
2.12078
2.11379
2.10755
2.1023
2.09927
2.09837
2.0986
2.09993
2.1034
2.10715
2.10971
2.1109
2.11093
2.11025
2.10785
2.1023
2.09462
2.0862
2.0777
2.06981
2.06298
2.05723
2.05254
2.04904
2.04686
2.04595
2.04579
2.04581
2.04588
2.04599
2.04603
2.0458
2.0446
2.04146
2.03628
2.02999
2.02286
2.01543
2.00847
2.0019
1.99639
1.99201
1.98843
1.98622
1.98567
1.98584
1.98661
1.98845
1.99069
1.99279
1.99471
1.99604
1.9966
1.9965
1.99615
1.99479
1.99313
1.98979
1.98602
1.98197
1.97681
1.97276
1.96664
1.96268
1.95602
1.95221
1.94561
1.94207
1.93597
1.93251
1.92679
1.92341
1.91869
1.91623
1.91277
2.48747
2.48595
2.48431
2.48
2.46651
2.43504
2.39888
2.36705
2.34142
2.32168
2.30678
2.29606
2.28924
2.28559
2.28374
2.2813
2.27541
2.26198
2.24263
2.22145
2.20046
2.18073
2.16378
2.15072
2.14122
2.13417
2.12928
2.12602
2.12335
2.12139
2.12015
2.11871
2.11643
2.11432
2.11285
2.11109
2.10829
2.10418
2.0988
2.09267
2.08645
2.08076
2.07605
2.07239
2.06987
2.06865
2.06824
2.06806
2.06785
2.06753
2.06703
2.06631
2.06503
2.0626
2.05844
2.05279
2.04607
2.03877
2.03155
2.0248
2.01908
2.01444
2.01102
2.00852
2.00711
2.00686
2.00705
2.00771
2.00881
2.00985
2.01043
2.01067
2.01035
2.00956
2.00743
2.00577
2.00266
2.00037
1.99644
1.99352
1.98922
1.98638
1.98241
1.97988
1.97623
1.97331
1.97
1.96646
1.96369
1.95973
1.95773
1.95448
1.9528
1.94916
1.94704
1.94235
1.93955
1.93348
1.93063
1.92439
2.50209
2.49243
2.48704
2.48041
2.46604
2.43813
2.40515
2.37491
2.35027
2.33146
2.31828
2.3105
2.30711
2.30554
2.3027
2.29582
2.28185
2.2636
2.24308
2.22223
2.20319
2.18773
2.17627
2.16854
2.16347
2.15974
2.15609
2.15205
2.14686
2.14025
2.13343
2.12698
2.12069
2.11422
2.10768
2.10093
2.09326
2.08469
2.07683
2.07111
2.06762
2.06586
2.06536
2.06557
2.06679
2.06962
2.07232
2.07404
2.07468
2.07475
2.0746
2.07362
2.07037
2.06321
2.05433
2.04499
2.03589
2.0277
2.02093
2.01577
2.01232
2.01062
2.01031
2.01048
2.01119
2.01299
2.01571
2.01847
2.02076
2.02204
2.02215
2.02139
2.01873
2.01421
2.00911
2.00374
1.9985
1.99376
1.98978
1.9865
1.98389
1.98169
1.97975
1.97815
1.97725
1.97687
1.97661
1.97649
1.97638
1.97618
1.97539
1.97367
1.96999
1.96487
1.95963
1.95224
1.94684
1.9385
1.93462
1.92699
2.50429
2.48507
2.4732
2.46264
2.44952
2.43386
2.41711
2.39944
2.38262
2.36813
2.35647
2.3468
2.33748
2.32692
2.31366
2.29705
2.27718
2.25566
2.23458
2.21589
2.20059
2.18902
2.18088
2.17491
2.17
2.16571
2.16105
2.15499
2.14778
2.14011
2.13194
2.1227
2.11275
2.10265
2.09307
2.08431
2.07653
2.07015
2.06569
2.06308
2.06178
2.06141
2.06164
2.06282
2.06557
2.06855
2.07075
2.07201
2.07239
2.07213
2.07055
2.06608
2.05904
2.0513
2.04335
2.03573
2.0289
2.0232
2.01873
2.01551
2.01369
2.01324
2.0134
2.0141
2.01578
2.01829
2.02102
2.02334
2.02449
2.02446
2.0235
2.0205
2.0162
2.01143
2.00644
2.00167
1.99758
1.99448
1.99197
1.98987
1.98824
1.98738
1.98733
1.98786
1.98958
1.99105
1.99139
1.99126
1.99021
1.98841
1.98379
1.98023
1.97283
1.9678
1.95979
1.95371
1.94618
1.93952
1.93422
1.92814
2.50309
2.48029
2.46359
2.4514
2.44159
2.4329
2.42571
2.42078
2.4143
2.40343
2.38836
2.37051
2.35086
2.32989
2.30794
2.2857
2.26426
2.24447
2.22707
2.21244
2.20071
2.1914
2.18382
2.17739
2.17116
2.16449
2.15738
2.14959
2.14106
2.13096
2.11993
2.1092
2.09963
2.09152
2.08441
2.0779
2.07213
2.0677
2.065
2.06378
2.06357
2.06384
2.06489
2.06638
2.06733
2.06761
2.06751
2.06685
2.06483
2.06075
2.05603
2.05093
2.04566
2.04052
2.03596
2.03213
2.02881
2.02613
2.0241
2.02298
2.02286
2.02306
2.02369
2.02463
2.02542
2.02578
2.02573
2.02519
2.02377
2.0221
2.02021
2.01774
2.01496
2.01217
2.00982
2.00812
2.00695
2.00613
2.00561
2.00562
2.00607
2.00693
2.00707
2.00677
2.00604
2.00418
2.00225
1.99865
1.99459
1.99008
1.98421
1.97914
1.97209
1.96681
1.95929
1.95466
1.94732
1.94409
1.93849
1.93714
2.50816
2.4905
2.47387
2.46039
2.44949
2.44143
2.43658
2.43261
2.42564
2.41327
2.39549
2.37385
2.35036
2.32663
2.30385
2.28262
2.26396
2.24852
2.23565
2.22426
2.21351
2.2028
2.19211
2.1816
2.17146
2.16143
2.15132
2.14111
2.13091
2.12113
2.11174
2.10298
2.09465
2.0874
2.08185
2.07769
2.07466
2.07246
2.07082
2.06988
2.06959
2.06951
2.06933
2.06878
2.06741
2.065
2.06219
2.05908
2.05564
2.05181
2.04786
2.04403
2.04053
2.0375
2.03488
2.0329
2.0316
2.03083
2.03055
2.03061
2.03078
2.03104
2.03123
2.0312
2.03084
2.03003
2.02901
2.02779
2.02614
2.02428
2.0228
2.02172
2.021
2.02063
2.02051
2.02055
2.02116
2.02206
2.02217
2.02198
2.02146
2.02033
2.01876
2.01624
2.01317
2.00917
2.00491
1.99983
1.99493
1.98949
1.98451
1.97933
1.97475
1.97046
1.96651
1.9632
1.95952
1.95721
1.95452
1.95413
2.51551
2.50812
2.49881
2.4853
2.46953
2.45506
2.44324
2.4332
2.42241
2.40895
2.39218
2.37267
2.35179
2.33119
2.31236
2.2965
2.28279
2.26981
2.25648
2.24252
2.2282
2.21394
2.20002
2.18648
2.17359
2.16174
2.15063
2.13998
2.12947
2.11974
2.11096
2.10331
2.09639
2.09011
2.08428
2.07908
2.07471
2.07114
2.06814
2.06577
2.06408
2.06282
2.06177
2.06102
2.06046
2.05975
2.05864
2.05689
2.05452
2.0517
2.04848
2.0449
2.04115
2.03743
2.03412
2.0314
2.02929
2.02812
2.02799
2.02819
2.02871
2.02971
2.03098
2.03237
2.03346
2.03403
2.03414
2.03388
2.03281
2.03127
2.03005
2.0289
2.02787
2.02716
2.02663
2.02625
2.02629
2.0265
2.02644
2.02613
2.02541
2.02443
2.02232
2.0199
2.01613
2.01214
2.0074
2.00245
1.99784
1.99266
1.98891
1.98421
1.9812
1.97706
1.97447
1.97093
1.96851
1.96568
1.9636
1.96214
2.514
2.50557
2.4983
2.49087
2.47901
2.46339
2.44781
2.43398
2.42059
2.40616
2.3898
2.37192
2.35358
2.3359
2.31917
2.30329
2.28788
2.27275
2.25785
2.24307
2.22845
2.21443
2.20151
2.18996
2.17926
2.16909
2.15958
2.151
2.14267
2.13406
2.12463
2.11482
2.10436
2.09388
2.08396
2.07492
2.06695
2.05965
2.05337
2.04939
2.04804
2.04807
2.04862
2.05036
2.0534
2.05622
2.05815
2.05887
2.05878
2.05796
2.0555
2.0506
2.04473
2.03852
2.03253
2.02742
2.0236
2.02149
2.02105
2.02128
2.02226
2.02476
2.02854
2.03248
2.03614
2.03923
2.04142
2.04276
2.04271
2.0418
2.03927
2.03603
2.03321
2.03106
2.02947
2.02812
2.02705
2.02685
2.0271
2.02748
2.0274
2.02711
2.02616
2.02499
2.02232
2.01935
2.01452
2.00962
2.00433
1.99826
1.99376
1.98806
1.9845
1.98002
1.9774
1.97386
1.97184
1.96954
1.96806
1.96823
2.51025
2.49244
2.48285
2.47675
2.47044
2.46499
2.45891
2.44751
2.43211
2.41428
2.39466
2.37445
2.35427
2.33453
2.31555
2.29757
2.28069
2.26463
2.24907
2.23398
2.21977
2.20705
2.1963
2.18793
2.18205
2.17799
2.17427
2.16899
2.16129
2.15097
2.13848
2.12485
2.11075
2.09685
2.08383
2.07217
2.06179
2.05296
2.04657
2.04329
2.04258
2.04286
2.04418
2.04753
2.05198
2.0559
2.05867
2.06
2.06011
2.05934
2.05658
2.05083
2.04418
2.03748
2.03139
2.0264
2.02309
2.0216
2.02147
2.02193
2.02355
2.02697
2.03125
2.03565
2.03977
2.04353
2.04616
2.0471
2.04691
2.0457
2.04285
2.03938
2.03647
2.03417
2.03243
2.03094
2.02995
2.0299
2.03048
2.03179
2.0322
2.0321
2.03168
2.03066
2.02805
2.02436
2.01895
2.01368
2.0075
2.00168
1.99643
1.99103
1.98747
1.98347
1.98116
1.97838
1.9771
1.97526
1.97457
1.97451
2.51813
2.49551
2.48134
2.4736
2.46911
2.46621
2.46388
2.46091
2.45312
2.43377
2.40746
2.38174
2.35806
2.33647
2.31662
2.29844
2.28155
2.26567
2.2504
2.2357
2.22222
2.21074
2.20202
2.19619
2.1922
2.18831
2.1827
2.17478
2.16475
2.15247
2.13851
2.12357
2.10844
2.09383
2.08042
2.06846
2.05806
2.04994
2.04525
2.04397
2.04422
2.04549
2.04853
2.05197
2.05488
2.05696
2.05782
2.05766
2.05635
2.05278
2.04746
2.04152
2.03563
2.03053
2.02678
2.02467
2.02398
2.02407
2.0249
2.02708
2.03118
2.03497
2.03932
2.0433
2.04654
2.04852
2.04903
2.04873
2.04759
2.04529
2.04331
2.04086
2.03916
2.03803
2.03724
2.03693
2.03733
2.03883
2.04005
2.04019
2.04
2.03937
2.0379
2.03489
2.03058
2.02595
2.02007
2.01476
2.00872
2.00401
1.99934
1.9958
1.99315
1.99024
1.98894
1.98668
1.98563
1.98344
1.98261
1.98059
2.51851
2.50765
2.49843
2.49115
2.48574
2.48219
2.47863
2.47078
2.45418
2.4312
2.40565
2.38055
2.35736
2.33636
2.31762
2.30079
2.28558
2.2716
2.25889
2.24744
2.23747
2.22888
2.22129
2.21403
2.20635
2.19754
2.18727
2.17495
2.16083
2.14556
2.12998
2.11459
2.09987
2.08632
2.07413
2.06405
2.05664
2.0514
2.04864
2.04832
2.04874
2.05003
2.05211
2.054
2.05505
2.05506
2.05417
2.05142
2.04727
2.04253
2.03738
2.03248
2.02852
2.02594
2.02479
2.02465
2.02505
2.02629
2.02967
2.03311
2.03758
2.04176
2.04556
2.0486
2.05044
2.05092
2.05073
2.04993
2.04854
2.0469
2.04538
2.04396
2.04335
2.0431
2.04327
2.04438
2.04604
2.0466
2.04652
2.04611
2.04521
2.04304
2.04011
2.03572
2.0313
2.02605
2.02078
2.01621
2.01138
2.00832
2.00486
2.00286
2.00035
1.9987
1.99713
1.99471
1.99324
1.98979
1.98805
1.98417
2.51271
2.50853
2.5058
2.5032
2.50039
2.49531
2.48451
2.46735
2.44595
2.42264
2.3993
2.37698
2.35612
2.33665
2.31858
2.30173
2.28651
2.27294
2.26126
2.25124
2.24255
2.23471
2.227
2.21864
2.20901
2.19754
2.18453
2.17014
2.15502
2.13965
2.12444
2.10979
2.09599
2.08335
2.07229
2.06305
2.05611
2.05135
2.04853
2.04803
2.04835
2.0493
2.0504
2.05081
2.05053
2.04921
2.04634
2.04298
2.03922
2.03495
2.03064
2.02716
2.02508
2.02419
2.02419
2.02454
2.0261
2.02857
2.03292
2.03729
2.04165
2.04568
2.04902
2.05141
2.0527
2.05296
2.05283
2.05232
2.05134
2.05017
2.04906
2.04849
2.04833
2.04846
2.04938
2.05082
2.05135
2.05126
2.05088
2.04988
2.04836
2.04515
2.04184
2.03715
2.03281
2.02762
2.02332
2.01904
2.01521
2.01259
2.00936
2.00775
2.00519
2.00381
2.00143
1.99931
1.99692
1.99292
1.99049
1.98609
2.5114
2.50949
2.50866
2.50744
2.5051
2.49896
2.48395
2.46299
2.44103
2.41925
2.39822
2.37808
2.35864
2.3399
2.32218
2.30583
2.29137
2.27892
2.26829
2.25915
2.25084
2.24259
2.23378
2.22355
2.2117
2.19815
2.1835
2.16805
2.15228
2.13677
2.12169
2.10743
2.09421
2.08223
2.0721
2.0642
2.05856
2.05509
2.05346
2.05321
2.0534
2.05362
2.05334
2.05181
2.04833
2.0442
2.03997
2.03524
2.0298
2.02461
2.02113
2.01953
2.01925
2.01946
2.0207
2.02331
2.0286
2.03416
2.03971
2.04508
2.04983
2.05345
2.05573
2.0567
2.0567
2.05626
2.05504
2.05343
2.05187
2.05071
2.05001
2.05004
2.05074
2.05279
2.05534
2.05716
2.05761
2.05749
2.05695
2.05554
2.05277
2.0486
2.04431
2.03892
2.03407
2.02898
2.02517
2.02158
2.01912
2.01705
2.01489
2.01379
2.01168
2.01046
2.00747
2.00508
2.00033
1.99549
1.99188
1.98672
2.51813
2.52003
2.52169
2.52142
2.51756
2.50315
2.47971
2.45619
2.43402
2.41351
2.39455
2.37669
2.35953
2.34292
2.32724
2.31325
2.30125
2.29137
2.28315
2.27571
2.26777
2.25801
2.24586
2.23154
2.21565
2.19851
2.1803
2.16188
2.14414
2.12767
2.11278
2.0996
2.088
2.07783
2.06935
2.06383
2.06222
2.06248
2.06364
2.06501
2.06529
2.06445
2.0611
2.05445
2.04685
2.03851
2.0294
2.02001
2.01217
2.00751
2.00581
2.00565
2.00615
2.00805
2.01329
2.02122
2.02997
2.03886
2.04725
2.05444
2.05952
2.06191
2.06213
2.06131
2.05853
2.0547
2.05121
2.04823
2.04588
2.04476
2.04452
2.04547
2.04911
2.05417
2.05848
2.06101
2.06167
2.06152
2.06068
2.05833
2.05375
2.04811
2.04194
2.03578
2.03036
2.0261
2.02327
2.02126
2.02002
2.01902
2.01827
2.01765
2.01631
2.01472
2.0107
2.00735
2.00034
1.99512
1.98939
1.98351
2.54221
2.55002
2.55046
2.54432
2.52142
2.48674
2.45469
2.42832
2.40741
2.39068
2.37696
2.36525
2.35494
2.34545
2.33669
2.32889
2.32299
2.31932
2.31555
2.30878
2.29711
2.28039
2.25935
2.23542
2.21029
2.18579
2.16333
2.1435
2.12636
2.11173
2.09934
2.08904
2.08112
2.07593
2.0738
2.07375
2.07422
2.07542
2.07644
2.07646
2.07512
2.07043
2.06083
2.04977
2.0385
2.0274
2.01632
2.0066
2.00032
1.99771
1.99728
1.99771
1.99948
2.00495
2.01359
2.02361
2.03421
2.04453
2.05361
2.06056
2.06453
2.06534
2.06462
2.06188
2.05691
2.05224
2.0483
2.04511
2.043
2.04249
2.04306
2.04625
2.0527
2.05855
2.06254
2.06423
2.06437
2.06385
2.0619
2.05736
2.05118
2.04447
2.03781
2.03192
2.02737
2.02439
2.02287
2.02214
2.02176
2.02142
2.02106
2.02038
2.01879
2.01618
2.01057
2.00587
1.99776
1.99255
1.98593
1.98101
2.56212
2.56642
2.5629
2.54325
2.50265
2.46624
2.43886
2.41851
2.40238
2.38857
2.37627
2.36542
2.35589
2.34746
2.33981
2.33313
2.32793
2.32446
2.32057
2.31255
2.29714
2.27603
2.25155
2.22613
2.20117
2.17815
2.15791
2.14078
2.12683
2.11542
2.10582
2.09757
2.09043
2.08453
2.08086
2.07915
2.07834
2.07719
2.07459
2.06928
2.06229
2.05447
2.04576
2.0364
2.02773
2.0204
2.01354
2.00814
2.00563
2.00517
2.00535
2.00619
2.00909
2.01441
2.02045
2.02677
2.03343
2.04005
2.04586
2.05063
2.05379
2.05545
2.05578
2.05562
2.05505
2.05395
2.05311
2.05275
2.05289
2.05387
2.05641
2.06025
2.06398
2.06597
2.06631
2.06614
2.06539
2.06328
2.05941
2.05477
2.04969
2.04438
2.03968
2.03578
2.03339
2.03128
2.03016
2.02863
2.02762
2.02609
2.0245
2.0224
2.01876
2.0154
2.00915
2.00462
1.99736
1.99273
1.98745
1.98435
2.5328
2.53959
2.53809
2.52632
2.49795
2.47128
2.45433
2.44399
2.4329
2.41679
2.39601
2.37365
2.35259
2.33401
2.31891
2.30762
2.29978
2.2939
2.28759
2.27966
2.26946
2.25716
2.24385
2.23035
2.21727
2.20449
2.19137
2.17747
2.16252
2.1466
2.13035
2.11447
2.09967
2.08629
2.07404
2.06278
2.05266
2.04409
2.03708
2.032
2.02838
2.02632
2.02631
2.0269
2.02853
2.03163
2.0344
2.03628
2.03665
2.03632
2.03455
2.03033
2.02561
2.02086
2.01823
2.01759
2.01771
2.0184
2.02046
2.0251
2.03182
2.03973
2.04814
2.0563
2.06385
2.07031
2.07489
2.07661
2.07673
2.07619
2.07455
2.07149
2.0683
2.06509
2.06198
2.0597
2.05851
2.05785
2.05749
2.05702
2.05661
2.05552
2.05435
2.05178
2.04874
2.04459
2.04006
2.03603
2.03106
2.02784
2.02318
2.02033
2.01681
2.01373
2.01156
2.00786
2.00598
2.00185
1.99999
1.99571
2.50434
2.52385
2.53439
2.53529
2.53089
2.51691
2.50062
2.48514
2.46664
2.44252
2.41294
2.38051
2.34889
2.3215
2.30018
2.28489
2.27462
2.26821
2.26405
2.26094
2.25837
2.25619
2.25454
2.25301
2.25019
2.24415
2.23287
2.21677
2.19651
2.17332
2.14869
2.12402
2.10083
2.08017
2.06243
2.0481
2.03715
2.02861
2.02243
2.01964
2.01953
2.02021
2.0222
2.02625
2.03167
2.03761
2.04283
2.04653
2.04753
2.04714
2.04363
2.03694
2.02945
2.02211
2.01737
2.01526
2.01484
2.01518
2.01682
2.0213
2.02896
2.03811
2.04834
2.05912
2.06929
2.0771
2.08145
2.08245
2.08221
2.08068
2.07663
2.07114
2.06583
2.06078
2.0566
2.05416
2.05369
2.05422
2.05615
2.05796
2.05847
2.05838
2.05783
2.05615
2.05241
2.04696
2.04068
2.0347
2.02878
2.0245
2.02028
2.01757
2.01497
2.01304
2.0119
2.00958
2.0084
2.00536
2.00372
1.9989
2.5461
2.54399
2.54313
2.541
2.53268
2.51315
2.49035
2.46655
2.44299
2.41923
2.3967
2.37741
2.36332
2.35402
2.34664
2.33907
2.3284
2.31612
2.30176
2.28738
2.27386
2.26225
2.25165
2.24087
2.22917
2.21559
2.20057
2.18399
2.16731
2.15059
2.13537
2.1213
2.10916
2.09834
2.08862
2.07971
2.07141
2.06337
2.05595
2.04869
2.04247
2.03731
2.03299
2.02996
2.02661
2.02419
2.02223
2.02043
2.01982
2.01992
2.02023
2.02125
2.02366
2.02711
2.03103
2.03525
2.03973
2.04416
2.04826
2.05211
2.05583
2.05899
2.0622
2.06481
2.06736
2.06961
2.0709
2.07146
2.07136
2.07107
2.07068
2.07026
2.06927
2.06839
2.06659
2.06559
2.06379
2.06263
2.06044
2.05879
2.05661
2.05372
2.05135
2.04761
2.04497
2.0408
2.03789
2.03361
2.03074
2.02664
2.02374
2.01978
2.01671
2.01265
2.00939
2.00508
2.0016
1.99735
1.99453
1.99135
2.57419
2.5387
2.51427
2.49535
2.47879
2.4615
2.44242
2.42242
2.40352
2.38779
2.37662
2.37038
2.36744
2.36592
2.36499
2.36414
2.36175
2.35378
2.33367
2.30465
2.27433
2.24519
2.21871
2.1955
2.17588
2.15987
2.14697
2.13641
2.12758
2.12043
2.11535
2.11254
2.11153
2.11112
2.11023
2.10796
2.10282
2.09422
2.08277
2.06893
2.0534
2.0375
2.02307
2.01049
1.99915
1.9893
1.98373
1.98278
1.9834
1.98513
1.98958
1.99666
2.00793
2.01961
2.03117
2.04217
2.05167
2.05834
2.06118
2.06131
2.0605
2.05815
2.05484
2.05156
2.04884
2.04761
2.04772
2.04908
2.05323
2.05972
2.06636
2.07159
2.07406
2.07453
2.07419
2.07272
2.06903
2.06349
2.05744
2.05163
2.0467
2.04328
2.04129
2.04022
2.03946
2.03884
2.03833
2.03738
2.03605
2.03307
2.02916
2.02331
2.01694
2.00978
2.00317
1.99716
1.99192
1.98857
1.98555
1.98652
2.55982
2.51722
2.48843
2.46857
2.45359
2.43948
2.42388
2.40701
2.3907
2.37717
2.36777
2.36287
2.36134
2.36096
2.36063
2.36017
2.35819
2.35059
2.33054
2.29989
2.26761
2.23651
2.20819
2.18358
2.16312
2.14687
2.13447
2.12523
2.1183
2.11312
2.10957
2.10766
2.10724
2.10742
2.10762
2.10708
2.10432
2.09679
2.08432
2.06929
2.05238
2.03501
2.01903
2.00492
1.9924
1.98173
1.97578
1.97465
1.97532
1.97711
1.98164
1.98817
1.99964
2.01214
2.02494
2.03748
2.04883
2.05742
2.06176
2.06241
2.06176
2.0594
2.05504
2.05066
2.04692
2.04454
2.04378
2.0441
2.04622
2.05203
2.05949
2.06621
2.07046
2.07197
2.07195
2.07123
2.06892
2.06399
2.05795
2.05192
2.04666
2.04287
2.04063
2.03946
2.0387
2.03812
2.03759
2.03686
2.03568
2.033
2.02906
2.02317
2.01647
2.00911
2.00214
1.99599
1.99082
1.98747
1.98473
1.98587
)
;

boundaryField
{
    inlet
    {
        type            fixedValue;
        value           uniform 1;
    }
    outlet
    {
        type            zeroGradient;
    }
    bottom
    {
        type            symmetryPlane;
    }
    top
    {
        type            symmetryPlane;
    }
    obstacle
    {
        type            zeroGradient;
    }
    defaultFaces
    {
        type            empty;
    }
}


// ************************************************************************* //
