/*--------------------------------*- C++ -*----------------------------------*\
| =========                 |                                                 |
| \\      /  F ield         | OpenFOAM: The Open Source CFD Toolbox           |
|  \\    /   O peration     | Version:  2412                                  |
|   \\  /    A nd           | Website:  www.openfoam.com                      |
|    \\/     M anipulation  |                                                 |
\*---------------------------------------------------------------------------*/
FoamFile
{
    version     2.0;
    format      ascii;
    arch        "LSB;label=32;scalar=64";
    class       volScalarField;
    location    "8";
    object      Ma;
}
// * * * * * * * * * * * * * * * * * * * * * * * * * * * * * * * * * * * * * //

dimensions      [0 0 0 0 0 0 0];

internalField   nonuniform List<scalar> 
7000
(
2.99841
2.99469
2.98105
2.98836
2.89871
2.66695
2.15747
1.37073
0.518969
0.326314
0.383937
0.44075
0.452517
0.446345
0.435774
0.424111
0.415947
0.410615
0.406596
0.402792
0.398796
0.394536
0.389914
0.384873
0.37939
0.373464
0.367127
0.360183
0.352328
0.342208
0.330138
0.317693
0.304758
0.29103
0.276712
0.261215
0.244498
0.226387
0.20918
0.193006
0.178125
0.163057
0.146274
0.127147
0.106776
0.0867305
0.0674767
0.04862
0.0290613
0.0129895
2.99888
2.99382
2.986
2.97558
2.93204
2.79874
2.151
1.37315
0.51814
0.33642
0.389038
0.444397
0.456576
0.451822
0.442808
0.432571
0.425052
0.419532
0.414724
0.409789
0.404531
0.399007
0.393192
0.387069
0.380619
0.373837
0.36674
0.359114
0.350625
0.340024
0.327968
0.315849
0.303526
0.290735
0.27774
0.263658
0.248409
0.231325
0.21441
0.198128
0.182726
0.167192
0.15004
0.130786
0.110563
0.0908803
0.0719275
0.0530385
0.033712
0.0197267
2.999
2.99353
2.98909
2.97466
2.91825
2.85183
2.13703
1.34318
0.509948
0.336702
0.391641
0.446847
0.458356
0.452234
0.441407
0.429455
0.420929
0.415174
0.41076
0.406663
0.402495
0.398138
0.393431
0.388262
0.382568
0.376334
0.369602
0.362207
0.353883
0.343409
0.331318
0.319177
0.306987
0.294412
0.281851
0.2683
0.25355
0.236676
0.219205
0.202287
0.186089
0.17004
0.152666
0.133592
0.113945
0.0951285
0.0771632
0.0593655
0.0419589
0.030916
2.99975
2.99424
2.98633
2.9902
2.91989
2.83975
2.15134
1.36931
0.522537
0.335419
0.388019
0.443037
0.454806
0.449254
0.439168
0.428047
0.420459
0.41557
0.411823
0.408157
0.40422
0.399952
0.39525
0.390049
0.38432
0.378064
0.371337
0.363981
0.355732
0.345393
0.333453
0.321461
0.309479
0.297097
0.284749
0.271431
0.25687
0.24009
0.222358
0.205148
0.188647
0.172436
0.155182
0.136586
0.117805
0.100128
0.083498
0.0673042
0.0521738
0.0432686
2.99885
2.9934
2.98458
2.98243
2.91579
2.76619
2.16625
1.38555
0.538121
0.339691
0.394696
0.45122
0.464453
0.46021
0.450558
0.439138
0.430526
0.424221
0.418991
0.413976
0.408918
0.403766
0.398383
0.392663
0.386538
0.379986
0.373044
0.365552
0.357227
0.346908
0.335132
0.323342
0.311589
0.299405
0.287221
0.274048
0.259632
0.24298
0.225322
0.208179
0.191758
0.175701
0.158796
0.140807
0.122955
0.106466
0.0912695
0.0767994
0.0638018
0.0564384
2.99962
2.99364
2.98547
2.98144
2.92246
2.78881
2.16693
1.39104
0.538559
0.332719
0.386616
0.443718
0.458262
0.455635
0.447606
0.437402
0.42985
0.424436
0.419882
0.415329
0.410549
0.405531
0.400183
0.394444
0.388283
0.381703
0.374761
0.367308
0.359069
0.348886
0.337289
0.325717
0.314213
0.302253
0.290256
0.277268
0.263069
0.246661
0.229238
0.212348
0.196235
0.180533
0.16409
0.146759
0.129824
0.114486
0.100668
0.0878376
0.0766704
0.0704692
2.99844
2.9938
2.9888
2.97405
2.9086
2.80409
2.18599
1.4223
0.549761
0.333233
0.387424
0.443067
0.456498
0.453439
0.445312
0.435291
0.428253
0.423657
0.419989
0.416232
0.412106
0.407586
0.402598
0.397105
0.391098
0.384607
0.377712
0.370295
0.362127
0.352045
0.340547
0.329116
0.317813
0.306055
0.294274
0.281572
0.267692
0.251644
0.234532
0.217995
0.202289
0.187072
0.171197
0.154583
0.138533
0.124258
0.111713
0.100334
0.0907012
0.0853854
2.99739
2.9968
2.98396
2.99257
2.91255
2.62595
2.21411
1.4599
0.570838
0.329574
0.384254
0.441991
0.457714
0.456194
0.449
0.43911
0.431746
0.426917
0.423114
0.419327
0.415288
0.410942
0.406177
0.400912
0.395099
0.38875
0.38194
0.374572
0.366481
0.356488
0.344991
0.333606
0.322451
0.310876
0.299343
0.287052
0.273595
0.258038
0.241251
0.225123
0.209881
0.195234
0.180034
0.164225
0.149046
0.135776
0.124385
0.114286
0.10588
0.101271
2.99813
2.99194
2.98657
2.95413
2.93335
2.73884
2.27571
1.47069
0.573711
0.340257
0.392865
0.447298
0.462224
0.460674
0.453638
0.44379
0.436234
0.431388
0.42763
0.423933
0.420042
0.415878
0.41129
0.406173
0.400466
0.394166
0.38735
0.379942
0.371837
0.361857
0.350316
0.338943
0.327918
0.316521
0.305261
0.293463
0.280513
0.265598
0.249206
0.233568
0.218859
0.204876
0.190459
0.175551
0.161293
0.149011
0.138695
0.129691
0.122329
0.118246
2.99848
2.99419
2.988
2.95967
2.93629
2.69015
2.27971
1.5
0.59829
0.340987
0.390649
0.44462
0.461339
0.460885
0.45455
0.445289
0.438139
0.433774
0.430548
0.427436
0.42414
0.420522
0.4164
0.411654
0.406212
0.400077
0.393333
0.385934
0.377823
0.367862
0.356313
0.344951
0.334038
0.322843
0.3119
0.300676
0.28829
0.274077
0.258201
0.243175
0.229119
0.215916
0.202418
0.188513
0.175248
0.163969
0.154695
0.146711
0.14017
0.136555
2.99819
2.99268
2.98904
2.96503
2.92097
2.6771
2.36383
1.57483
0.617965
0.34511
0.394278
0.445587
0.463267
0.46354
0.457501
0.448751
0.442011
0.438082
0.435353
0.432763
0.429958
0.426762
0.422972
0.418461
0.413152
0.407049
0.400252
0.392751
0.384526
0.374491
0.362919
0.351583
0.340791
0.329811
0.319193
0.308541
0.296758
0.283307
0.268107
0.253841
0.240581
0.228304
0.215884
0.203103
0.190941
0.18072
0.172466
0.165419
0.159683
0.156397
2.99795
2.99273
2.98713
2.9552
2.94184
2.76874
2.37938
1.59078
0.646175
0.355339
0.39827
0.445062
0.465675
0.467579
0.462192
0.454137
0.447753
0.444048
0.441548
0.439222
0.436692
0.433755
0.430209
0.425907
0.420738
0.414691
0.407866
0.400287
0.391952
0.381794
0.370194
0.35894
0.348324
0.337599
0.327327
0.317216
0.306043
0.293371
0.278994
0.265625
0.253301
0.242099
0.230906
0.219378
0.208425
0.199342
0.192203
0.186184
0.181128
0.178226
2.99835
2.99301
2.98872
2.96009
2.93571
2.73849
2.42309
1.67354
0.684956
0.365656
0.400396
0.443046
0.468012
0.471842
0.467241
0.460043
0.454048
0.450613
0.448454
0.446558
0.444471
0.441927
0.438706
0.434644
0.42961
0.423583
0.416672
0.408945
0.400426
0.390058
0.378358
0.367174
0.356765
0.346347
0.336564
0.327058
0.316533
0.304664
0.291127
0.278689
0.267382
0.25736
0.247539
0.237435
0.227856
0.220074
0.214181
0.209215
0.205021
0.202399
2.99838
2.9938
2.99087
2.966
2.93547
2.72628
2.44882
1.67375
0.718736
0.390212
0.404476
0.443288
0.472092
0.477239
0.473373
0.467105
0.461492
0.458332
0.456514
0.454991
0.453226
0.450938
0.447916
0.443981
0.439
0.432963
0.425982
0.418175
0.409563
0.399073
0.387294
0.376174
0.365977
0.355905
0.346631
0.337836
0.328039
0.317101
0.304611
0.293193
0.282975
0.274238
0.265977
0.25748
0.249446
0.243142
0.238738
0.235174
0.231855
0.229778
2.99843
2.99345
2.99025
2.95807
2.94209
2.76179
2.49685
1.79609
0.791609
0.424804
0.409225
0.445635
0.476195
0.482786
0.479899
0.474654
0.469165
0.46577
0.463721
0.461988
0.460035
0.457658
0.454661
0.450875
0.44618
0.440461
0.433793
0.426343
0.418012
0.407721
0.39627
0.385576
0.375866
0.366349
0.357764
0.349835
0.340877
0.331001
0.319629
0.30922
0.300189
0.292842
0.286317
0.279658
0.273532
0.269055
0.266381
0.264591
0.26274
0.261254
2.99865
2.99463
2.98955
2.96964
2.93216
2.78006
2.50601
1.82384
0.852605
0.45446
0.407752
0.443337
0.47668
0.485926
0.485149
0.48162
0.476742
0.473124
0.470778
0.468665
0.466283
0.463537
0.460265
0.456369
0.451936
0.446547
0.440238
0.433301
0.425449
0.415632
0.404886
0.394941
0.385997
0.377286
0.369581
0.362762
0.354846
0.346268
0.336253
0.326938
0.319218
0.313375
0.308841
0.304344
0.30042
0.298122
0.297926
0.298664
0.298683
0.298668
2.99854
2.99408
2.99078
2.9613
2.94745
2.82293
2.53254
1.90901
0.926734
0.495158
0.40932
0.44252
0.478052
0.491221
0.492727
0.490251
0.485807
0.481892
0.479131
0.47653
0.473619
0.470358
0.466574
0.462335
0.457871
0.452509
0.446351
0.439786
0.432309
0.422979
0.41319
0.404288
0.396391
0.388738
0.382136
0.37659
0.369923
0.362851
0.354432
0.346306
0.34009
0.335935
0.333684
0.331764
0.330567
0.331206
0.334244
0.338557
0.342461
0.344784
2.99882
2.995
2.99215
2.96919
2.94661
2.7906
2.58762
1.92427
1.0008
0.541631
0.411641
0.440773
0.478803
0.498286
0.502353
0.50054
0.496225
0.491816
0.488372
0.485121
0.481625
0.477771
0.47339
0.468807
0.464121
0.458565
0.452437
0.446123
0.438888
0.430069
0.421325
0.413557
0.406854
0.400437
0.395167
0.391115
0.385947
0.380549
0.373972
0.367257
0.362811
0.360583
0.360907
0.362022
0.364341
0.368855
0.3764
0.38708
0.39685
0.40585
2.99875
2.99568
2.99287
2.97401
2.94639
2.8119
2.62491
2.01138
1.09396
0.590144
0.408579
0.436939
0.480094
0.506734
0.513517
0.512238
0.507899
0.502816
0.498485
0.494422
0.490192
0.485531
0.480485
0.475582
0.470416
0.464586
0.45848
0.452338
0.445247
0.437063
0.42951
0.422991
0.417579
0.412505
0.408655
0.406235
0.402799
0.399205
0.394814
0.389841
0.387332
0.387135
0.390271
0.395436
0.402256
0.41201
0.426249
0.445737
0.468792
0.494149
2.99888
2.99585
2.99297
2.9777
2.95048
2.82823
2.66177
2.08848
1.19801
0.643573
0.405878
0.436494
0.486914
0.520196
0.528741
0.52695
0.521497
0.514694
0.508915
0.503778
0.498544
0.492978
0.487596
0.4823
0.476493
0.470424
0.464388
0.458096
0.450943
0.443816
0.437541
0.432364
0.428332
0.424681
0.422385
0.421666
0.420083
0.418357
0.416175
0.413237
0.4128
0.415289
0.421753
0.431477
0.44361
0.460338
0.483835
0.519326
0.569312
0.659255
2.99901
2.99588
2.99381
2.97749
2.95725
2.86943
2.69619
2.20703
1.34601
0.715747
0.403753
0.440381
0.499376
0.538297
0.546878
0.542519
0.53436
0.525271
0.518081
0.511828
0.505843
0.500361
0.494738
0.488726
0.482611
0.476553
0.47031
0.463907
0.457817
0.452396
0.44786
0.444553
0.442439
0.440798
0.440776
0.442454
0.443498
0.444207
0.445028
0.445632
0.448415
0.454691
0.464962
0.481266
0.501605
0.528915
0.567929
0.627424
0.72684
0.87499
2.99889
2.99609
2.99514
2.98
2.96738
2.88292
2.72873
2.33448
1.47651
0.777869
0.384725
0.430229
0.497149
0.539461
0.547934
0.542452
0.534291
0.525898
0.519128
0.513921
0.509416
0.504259
0.498596
0.492811
0.486731
0.48057
0.474826
0.469606
0.465002
0.461191
0.45853
0.457215
0.456914
0.457178
0.459207
0.462722
0.466042
0.469351
0.473447
0.477796
0.483256
0.492938
0.506823
0.527597
0.556599
0.593041
0.642389
0.712088
0.820963
0.954128
2.99885
2.99596
2.99475
2.97768
2.96504
2.87259
2.73033
2.33367
1.54195
0.801937
0.356522
0.413009
0.483806
0.530293
0.540687
0.535754
0.52841
0.521078
0.515815
0.512056
0.508079
0.503537
0.498749
0.4934
0.487768
0.482875
0.478736
0.475145
0.472151
0.470062
0.469212
0.469672
0.470963
0.473015
0.477046
0.482564
0.488308
0.494088
0.500752
0.508296
0.516615
0.529012
0.546144
0.569092
0.601335
0.643975
0.696893
0.762827
0.853942
0.950157
2.99668
2.99487
2.98004
2.98443
2.90919
3.09978
2.78563
2.38385
1.53961
0.809904
0.353295
0.406931
0.475212
0.521809
0.533221
0.52986
0.52371
0.517345
0.513053
0.509697
0.506184
0.50214
0.497398
0.492628
0.488564
0.485277
0.482592
0.480464
0.479166
0.478954
0.479847
0.481719
0.484348
0.488216
0.494222
0.501341
0.508706
0.516538
0.525234
0.535376
0.546624
0.560596
0.579623
0.603438
0.634886
0.675862
0.727552
0.785693
0.861009
0.933964
2.99677
2.99515
2.98055
2.98587
2.91415
3.10668
2.79798
2.39963
1.55659
0.825843
0.364156
0.413928
0.479428
0.526238
0.537655
0.533617
0.526443
0.51913
0.514087
0.50996
0.50562
0.501034
0.496637
0.492767
0.489677
0.487428
0.485874
0.485151
0.485417
0.486655
0.488931
0.492175
0.496396
0.502307
0.509945
0.518096
0.526766
0.536174
0.546525
0.558436
0.571821
0.586907
0.606427
0.630273
0.65944
0.695745
0.742388
0.794147
0.855442
0.916154
2.99698
2.99563
2.98172
2.98854
2.92033
3.11784
2.80982
2.42081
1.58288
0.859246
0.405769
0.443178
0.499055
0.540923
0.549126
0.543226
0.534478
0.525977
0.519872
0.514736
0.509675
0.504746
0.500269
0.496545
0.493687
0.491556
0.490233
0.490163
0.491322
0.493677
0.49718
0.501696
0.507659
0.515378
0.524004
0.533206
0.54303
0.553644
0.565248
0.57823
0.592744
0.60868
0.627712
0.650754
0.677813
0.709647
0.748224
0.794836
0.845811
0.89794
2.99876
2.99345
2.99338
2.96565
3.0236
2.92515
2.6869
2.29322
1.58478
0.666147
0.345446
0.385443
0.440412
0.470849
0.47873
0.478856
0.476557
0.47584
0.477482
0.479618
0.48134
0.482536
0.483494
0.484448
0.485452
0.486603
0.488334
0.491021
0.494613
0.499031
0.504497
0.51127
0.519163
0.527823
0.537157
0.547121
0.557755
0.569191
0.581614
0.595208
0.610222
0.626555
0.644889
0.666629
0.691505
0.719976
0.752351
0.790897
0.833761
0.877869
2.99869
2.99814
2.99186
2.98887
2.95445
2.93916
2.77517
2.40246
1.69007
0.722773
0.386644
0.407817
0.444564
0.467325
0.470029
0.465715
0.461244
0.459161
0.459467
0.461373
0.464161
0.467208
0.47009
0.473082
0.476331
0.480139
0.484777
0.490242
0.496369
0.503559
0.511693
0.52025
0.529251
0.538724
0.548711
0.55924
0.570382
0.582288
0.595135
0.608988
0.624045
0.640223
0.657962
0.67832
0.701158
0.726808
0.755026
0.786772
0.822953
0.858688
2.99875
2.99833
2.99369
2.98838
2.95929
2.93163
2.71997
2.48411
1.79075
0.778596
0.421353
0.422777
0.459585
0.486162
0.490741
0.486452
0.481253
0.477031
0.474648
0.473614
0.473718
0.474852
0.476796
0.4792
0.481602
0.484919
0.489642
0.495674
0.502571
0.510083
0.518713
0.528298
0.538121
0.548223
0.558677
0.56956
0.581001
0.593135
0.60605
0.619781
0.634492
0.650074
0.666935
0.685852
0.706708
0.729798
0.755041
0.781966
0.812313
0.841882
2.9987
2.99849
2.99251
2.98991
2.96369
2.93988
2.79828
2.53173
1.87292
0.875195
0.480269
0.440923
0.475789
0.508002
0.517011
0.514933
0.510674
0.505887
0.502306
0.500061
0.49878
0.498295
0.498637
0.499823
0.501825
0.504
0.506212
0.509729
0.514871
0.52152
0.529022
0.537513
0.54715
0.557226
0.567622
0.578342
0.589495
0.601225
0.613653
0.626863
0.6409
0.655742
0.671858
0.689384
0.708549
0.729605
0.752057
0.775538
0.801607
0.826824
2.99925
2.99854
2.99504
2.99049
2.96627
2.94358
2.77654
2.59544
1.93981
0.995867
0.550772
0.450764
0.485673
0.527201
0.547619
0.551394
0.549024
0.544632
0.540668
0.538019
0.53598
0.534233
0.532782
0.531692
0.531219
0.531331
0.531183
0.531329
0.5331
0.536503
0.541478
0.547641
0.555096
0.564463
0.574664
0.585107
0.59589
0.607093
0.618771
0.631104
0.644124
0.657878
0.672894
0.689159
0.706968
0.725965
0.746169
0.767514
0.790695
0.813253
2.99935
2.99895
2.99613
2.99372
2.97535
2.95395
2.83162
2.63719
2.03022
1.10676
0.617881
0.469926
0.505334
0.55282
0.58261
0.590221
0.588995
0.584623
0.579929
0.576385
0.573129
0.569764
0.566452
0.563288
0.56037
0.557999
0.555354
0.552456
0.551234
0.551878
0.554467
0.558508
0.563741
0.571247
0.580717
0.590559
0.600658
0.611045
0.621856
0.633241
0.645271
0.657908
0.671793
0.687017
0.703331
0.720426
0.738759
0.758616
0.780104
0.80064
3.00003
3.00068
2.99993
3.0072
2.97945
3.11737
2.90664
2.69027
1.99493
1.2489
0.536255
0.419524
0.460818
0.512356
0.537693
0.545823
0.548167
0.548582
0.549793
0.552323
0.554951
0.556913
0.558119
0.558561
0.55827
0.557615
0.556723
0.556102
0.556432
0.55795
0.560655
0.564242
0.569079
0.57619
0.584926
0.594299
0.604351
0.614834
0.625493
0.636437
0.647932
0.660115
0.672759
0.686275
0.70085
0.716293
0.732811
0.75049
0.76961
0.788128
3.00002
3.00023
3.00012
3.00389
2.99405
3.04339
2.9556
2.78431
2.10217
1.33804
0.571498
0.425296
0.449646
0.482934
0.498499
0.501722
0.502457
0.503082
0.506646
0.512488
0.519153
0.525626
0.531336
0.536078
0.539903
0.543114
0.546137
0.549214
0.552612
0.556584
0.561048
0.566572
0.573566
0.581452
0.59001
0.599054
0.608429
0.618088
0.628158
0.638684
0.649644
0.66113
0.672997
0.684883
0.697694
0.711812
0.726779
0.742464
0.759328
0.776276
2.99984
2.99947
2.99812
2.99783
2.991
3.00719
2.9403
2.84139
2.17075
1.42799
0.622344
0.42402
0.442127
0.473999
0.490857
0.492566
0.489729
0.487553
0.489474
0.494003
0.500054
0.506934
0.513977
0.520427
0.526262
0.531879
0.537472
0.543337
0.549539
0.555667
0.561729
0.568515
0.576533
0.584908
0.593457
0.6022
0.611171
0.620449
0.630047
0.639936
0.650078
0.660688
0.671767
0.682838
0.694528
0.7074
0.721146
0.735445
0.75041
0.764811
3.00022
2.99892
2.99874
2.98773
2.99598
2.92787
3.12641
2.8149
2.43346
1.57604
0.882453
0.488177
0.480841
0.513163
0.538492
0.540508
0.53195
0.524134
0.518606
0.515872
0.515397
0.516885
0.519676
0.523828
0.528825
0.533861
0.539113
0.544627
0.550452
0.556879
0.563627
0.570537
0.578054
0.586622
0.595442
0.604267
0.613028
0.621796
0.630749
0.640016
0.649601
0.6596
0.670025
0.680478
0.691148
0.702829
0.715371
0.728438
0.742075
0.755254
2.99969
2.99877
2.99837
2.9928
2.99024
2.95927
2.94418
2.78444
2.52226
1.84611
0.858439
0.485451
0.454498
0.492609
0.526532
0.537904
0.537611
0.534289
0.53106
0.528769
0.527653
0.5282
0.529903
0.532372
0.535947
0.540514
0.545565
0.550405
0.555246
0.560602
0.566524
0.572977
0.579797
0.586771
0.594563
0.603684
0.612969
0.622217
0.6314
0.640579
0.649843
0.659329
0.669187
0.679152
0.689068
0.69984
0.711429
0.723523
0.736151
0.748376
2.99976
2.99911
2.99877
2.99527
2.99153
2.97277
2.9443
2.81631
2.59515
1.99817
1.01316
0.572922
0.453094
0.48065
0.517331
0.541813
0.549983
0.550645
0.549407
0.547882
0.547102
0.546781
0.546894
0.547853
0.549617
0.552185
0.555506
0.559335
0.563367
0.567686
0.572336
0.577628
0.583546
0.589772
0.596233
0.603516
0.612284
0.62164
0.630991
0.640361
0.649741
0.659074
0.668479
0.678145
0.687916
0.698003
0.708863
0.720248
0.732126
0.743515
2.99981
2.99919
2.99885
2.99552
2.99345
2.97523
2.95757
2.85612
2.67135
2.1532
1.23678
0.683203
0.451394
0.482309
0.534888
0.576546
0.589802
0.588743
0.583717
0.57883
0.575025
0.572005
0.569502
0.56714
0.565327
0.564624
0.565342
0.567198
0.570101
0.573532
0.577527
0.581802
0.586636
0.591975
0.597671
0.604009
0.611523
0.620089
0.629181
0.638612
0.648162
0.657775
0.667527
0.67742
0.687392
0.697585
0.708169
0.71913
0.730471
0.741317
2.99977
2.99953
2.99855
2.99745
2.99386
2.97991
2.97134
2.88536
2.72922
2.29517
1.45096
0.783379
0.437731
0.473033
0.531202
0.573369
0.584903
0.582392
0.57769
0.573774
0.571141
0.569924
0.56915
0.568089
0.567268
0.567012
0.567385
0.568612
0.571148
0.574633
0.578508
0.582762
0.587472
0.592597
0.598107
0.604168
0.611061
0.619076
0.627828
0.637056
0.646569
0.65628
0.666135
0.676151
0.686254
0.696538
0.706957
0.717685
0.728621
0.739059
2.99998
2.99989
2.9999
2.9997
3.00164
3.00046
3.04363
2.95519
2.82507
2.11006
1.34747
0.492428
0.309574
0.378409
0.448222
0.485499
0.502587
0.510993
0.517723
0.524314
0.531254
0.538246
0.544428
0.549565
0.553855
0.557481
0.560692
0.563902
0.567819
0.572639
0.577906
0.583415
0.588983
0.594652
0.600587
0.606826
0.613418
0.62057
0.628329
0.63668
0.645599
0.655012
0.664708
0.674548
0.684546
0.694734
0.705062
0.715601
0.726223
0.736389
2.99954
2.99946
2.99709
2.99597
2.98273
2.98727
2.91741
3.06346
2.7717
2.35643
1.46596
0.761894
0.383046
0.415604
0.466029
0.501629
0.512208
0.51293
0.513958
0.517417
0.522444
0.527994
0.533609
0.539166
0.544506
0.549542
0.55428
0.558898
0.563933
0.570034
0.576648
0.583273
0.589809
0.596293
0.602828
0.609524
0.616435
0.623706
0.631215
0.638612
0.646258
0.654284
0.662837
0.671853
0.681103
0.690598
0.700316
0.710591
0.721165
0.731478
2.99975
2.99969
2.99835
2.99777
2.9895
2.99872
2.93005
3.13791
2.81794
2.39666
1.52898
0.787927
0.333296
0.398393
0.463843
0.507937
0.52137
0.520913
0.518963
0.518831
0.521125
0.524782
0.529093
0.533769
0.538885
0.544296
0.549597
0.555226
0.561245
0.567646
0.574691
0.582168
0.589862
0.597437
0.604892
0.612239
0.619513
0.626806
0.634291
0.641654
0.648597
0.655755
0.663311
0.671294
0.679673
0.68831
0.697042
0.70606
0.715936
0.726027
2.99979
2.99971
2.99865
2.99805
2.99294
2.98763
2.96033
2.93934
2.72234
2.40331
1.59995
0.577452
0.284443
0.359511
0.432048
0.479628
0.502097
0.509654
0.512868
0.51625
0.520481
0.525149
0.530235
0.53575
0.541548
0.547422
0.553454
0.559772
0.565945
0.572213
0.578949
0.585763
0.592691
0.599907
0.607159
0.614319
0.621488
0.628627
0.635638
0.642606
0.649571
0.656385
0.663388
0.670729
0.678378
0.686259
0.694283
0.702592
0.711778
0.721193
2.99984
2.99977
2.99893
2.99854
2.99419
2.98978
2.9595
2.94393
2.74519
2.43378
1.68438
0.636063
0.310461
0.363555
0.43182
0.488878
0.519069
0.530914
0.536272
0.540002
0.543013
0.545838
0.548346
0.550955
0.554274
0.558187
0.56258
0.567371
0.572485
0.578023
0.583938
0.590032
0.596196
0.60238
0.608543
0.614723
0.620948
0.627248
0.633627
0.640139
0.646896
0.654081
0.661522
0.669198
0.67701
0.684861
0.692874
0.701077
0.709947
0.718631
2.99986
2.99978
2.99892
2.99863
2.99297
2.98984
2.96093
2.94307
2.74774
2.45454
1.70214
0.655801
0.327087
0.37509
0.443334
0.501731
0.52994
0.539742
0.54304
0.545906
0.549137
0.552097
0.554493
0.556664
0.559131
0.562188
0.565776
0.569843
0.574299
0.579075
0.584119
0.589383
0.594809
0.600451
0.606312
0.61216
0.618013
0.62416
0.630544
0.637072
0.643774
0.651003
0.658808
0.666902
0.67509
0.683349
0.691728
0.70017
0.708915
0.717254
2.99989
2.99987
2.99897
2.99881
2.99179
3.00225
2.93397
3.14275
2.82482
2.42645
1.55255
0.807209
0.311788
0.36395
0.422825
0.467302
0.48402
0.489253
0.495011
0.50329
0.513343
0.523645
0.532639
0.540305
0.546694
0.552251
0.557746
0.563613
0.569427
0.575178
0.581019
0.586905
0.592839
0.598765
0.60472
0.610858
0.617075
0.623232
0.629373
0.635841
0.64271
0.64982
0.657314
0.665133
0.672994
0.681127
0.689544
0.698072
0.706883
0.715238
2.99987
2.99977
2.99895
2.99863
2.99491
2.99012
2.96808
2.93128
2.73197
2.44943
1.70974
0.691156
0.334171
0.36404
0.417483
0.461965
0.480656
0.486637
0.491111
0.498448
0.507696
0.517316
0.525622
0.532502
0.538591
0.544282
0.549981
0.556019
0.562232
0.568894
0.576017
0.583206
0.590215
0.597137
0.604162
0.611251
0.618291
0.625238
0.632135
0.639101
0.64597
0.652463
0.658926
0.665709
0.672796
0.680089
0.687499
0.695055
0.703115
0.711265
2.99993
2.99993
2.99922
2.99897
2.99427
2.99194
2.96192
2.94429
2.78193
2.466
1.71222
0.698986
0.339798
0.360552
0.41519
0.461909
0.480243
0.484653
0.487231
0.490973
0.499327
0.509877
0.519203
0.526317
0.532323
0.538158
0.544202
0.550371
0.557148
0.564395
0.571938
0.579773
0.587889
0.596047
0.604101
0.612029
0.61986
0.627542
0.63492
0.641946
0.648722
0.655363
0.661703
0.667953
0.674418
0.681107
0.687956
0.69484
0.701911
0.709025
2.99992
2.99989
2.9992
2.99914
2.9932
3.0034
2.94023
3.1391
2.8414
2.47075
1.62778
0.872528
0.343027
0.358196
0.403987
0.443194
0.453245
0.453807
0.455842
0.462391
0.473586
0.48671
0.499371
0.511254
0.522185
0.531993
0.540984
0.549641
0.558075
0.566307
0.574463
0.582641
0.59084
0.598987
0.606895
0.614484
0.621725
0.628681
0.635434
0.642032
0.648496
0.65489
0.661282
0.667826
0.674478
0.681255
0.688057
0.694898
0.702133
0.70906
2.99985
2.99978
2.99899
2.99875
2.9937
2.99154
2.96282
2.95109
2.76213
2.55153
1.82872
0.797782
0.404205
0.373551
0.422882
0.467566
0.480989
0.477736
0.473956
0.474654
0.481215
0.490233
0.499796
0.509182
0.518689
0.528539
0.538582
0.548619
0.558465
0.567851
0.576775
0.585365
0.593634
0.601548
0.609075
0.616207
0.623028
0.629522
0.635641
0.641662
0.64766
0.653623
0.659621
0.665868
0.672635
0.679748
0.687028
0.694483
0.702128
0.709405
2.99987
2.9998
2.99894
2.99869
2.99374
2.99202
2.9648
2.95113
2.80358
2.56152
1.87321
0.87123
0.43723
0.360847
0.417086
0.47373
0.491319
0.486826
0.479732
0.477669
0.482963
0.49097
0.499141
0.507794
0.517505
0.527989
0.538963
0.550035
0.560828
0.571156
0.580818
0.58963
0.597639
0.605065
0.61212
0.618842
0.625189
0.631171
0.636886
0.642464
0.647935
0.653365
0.658886
0.664721
0.671112
0.677969
0.685191
0.692772
0.700637
0.708229
2.99989
2.9998
2.999
2.99865
2.99405
2.99226
2.96658
2.95529
2.79594
2.57902
1.88885
0.875139
0.433784
0.34954
0.414779
0.478226
0.497257
0.49075
0.480954
0.476867
0.479676
0.486172
0.493566
0.502227
0.512766
0.524709
0.5372
0.549432
0.561251
0.572317
0.582345
0.59126
0.599164
0.60623
0.612609
0.618406
0.623906
0.629275
0.634514
0.639779
0.644977
0.650238
0.655668
0.661453
0.667788
0.674685
0.682115
0.690071
0.698486
0.706679
2.99992
2.99984
2.99938
2.99908
2.99672
2.99169
2.97934
2.94193
2.80566
2.52605
1.80889
0.831775
0.41952
0.358681
0.421081
0.480856
0.497975
0.491051
0.481198
0.477404
0.477287
0.479725
0.483987
0.490446
0.499618
0.509779
0.520474
0.532057
0.54388
0.555459
0.56618
0.57621
0.585965
0.594682
0.602269
0.608897
0.61504
0.620808
0.626448
0.632176
0.63794
0.644118
0.650561
0.657297
0.66448
0.672058
0.680175
0.688803
0.69794
0.706889
2.99994
3.00006
3.00013
3.00189
3.0004
3.01121
2.9563
3.15153
2.8712
2.5033
1.68561
0.897648
0.315563
0.327036
0.384035
0.433301
0.450031
0.45206
0.454861
0.460163
0.466775
0.472597
0.478563
0.485079
0.492851
0.50314
0.513539
0.523288
0.532845
0.542395
0.551861
0.561128
0.570078
0.578791
0.587076
0.594802
0.60226
0.609478
0.616713
0.623985
0.63137
0.638903
0.646589
0.654539
0.662795
0.67137
0.680343
0.689634
0.699331
0.708622
2.99999
3
2.99998
3.00082
2.99971
3.01075
2.96314
3.15817
2.87072
2.51087
1.7387
0.94552
0.328334
0.329847
0.381402
0.427024
0.444377
0.451826
0.459732
0.468143
0.475994
0.483193
0.489776
0.494716
0.499242
0.505992
0.512735
0.518984
0.525583
0.532894
0.541037
0.549976
0.559178
0.568358
0.577515
0.586305
0.594706
0.60294
0.611438
0.620018
0.628623
0.637385
0.64609
0.654989
0.663934
0.672965
0.682246
0.691501
0.70111
0.710145
3
3.00002
3.00002
3.00105
2.99978
3.01073
2.96224
3.15646
2.86427
2.50338
1.6995
0.898054
0.300812
0.321743
0.379648
0.433072
0.455711
0.465617
0.474756
0.483414
0.490347
0.49594
0.500587
0.50367
0.506222
0.51102
0.516422
0.521556
0.527173
0.533572
0.540899
0.5493
0.55816
0.566814
0.575472
0.584036
0.592628
0.601105
0.60943
0.617731
0.626264
0.635235
0.644405
0.653944
0.66354
0.673443
0.683354
0.693231
0.703125
0.71214
2.99981
2.99929
2.99915
2.99532
2.99344
2.97371
2.97861
2.88118
3.03277
2.54176
1.81847
0.705914
0.345277
0.321909
0.388437
0.44992
0.47072
0.471854
0.473467
0.473929
0.474304
0.476549
0.48042
0.485385
0.491361
0.497329
0.502971
0.508884
0.515475
0.522455
0.52986
0.539062
0.548958
0.558153
0.566953
0.575529
0.584061
0.592712
0.601577
0.610703
0.62028
0.630603
0.641473
0.652833
0.664304
0.675974
0.687627
0.699176
0.710679
0.721354
2.99989
2.9995
2.99939
2.99736
2.9964
2.98666
2.98225
2.93343
2.80924
2.61194
1.86835
0.856285
0.421235
0.3118
0.38126
0.450207
0.471341
0.469756
0.468343
0.468832
0.471881
0.477306
0.483955
0.491142
0.498463
0.503908
0.507519
0.511588
0.516277
0.521317
0.5263
0.533369
0.542816
0.551659
0.560088
0.56848
0.577139
0.586267
0.596052
0.606583
0.617839
0.629686
0.64204
0.654953
0.668048
0.681303
0.694751
0.707987
0.721372
0.73388
2.99989
2.99949
2.99939
2.99722
2.99633
2.98626
2.97791
2.94385
2.83755
2.62225
1.90965
0.877668
0.43217
0.302502
0.376734
0.447852
0.469085
0.468433
0.468435
0.472037
0.478524
0.486438
0.494467
0.501949
0.50915
0.514236
0.515939
0.517381
0.519646
0.522582
0.525724
0.531046
0.539346
0.547569
0.555785
0.564311
0.573409
0.583262
0.593949
0.605513
0.617783
0.630459
0.643729
0.657462
0.671418
0.685459
0.699356
0.712967
0.726507
0.739548
1.16872
0.964315
0.451098
0.178017
0.0284915
0.124392
0.153013
0.195874
0.213301
0.215875
0.203038
0.192717
0.182019
0.171177
0.158034
0.142962
0.12542
0.105658
0.0841756
0.0616089
0.0385758
0.0191559
0.0195015
0.0429122
0.0669041
0.0908691
0.114666
0.138085
0.161186
0.184001
0.206524
0.228772
0.250712
0.271955
0.292224
0.312336
0.33345
0.354838
0.375482
0.395448
0.414933
0.433869
0.452318
0.470274
0.487707
0.504638
0.521063
0.536965
0.55238
0.56733
0.581807
0.595832
0.609457
0.622652
0.635491
0.647944
0.660073
0.671856
0.683276
0.69438
0.705069
0.715398
0.725299
0.734715
0.743708
0.752132
0.759997
0.767337
0.773937
0.779967
0.785226
0.789789
0.79356
0.796568
0.79877
0.800496
0.801663
0.802507
0.802503
0.802052
0.800649
0.799153
0.797143
0.795285
0.793126
0.791324
0.789369
0.787903
0.786413
0.785578
0.78463
0.784189
0.783843
0.783836
0.784191
0.784447
0.785202
0.785614
0.7863
0.788607
1.09626
0.982663
0.756488
0.516649
0.486569
0.411365
0.365712
0.326263
0.300024
0.284509
0.258703
0.234349
0.224444
0.225365
0.232455
0.243464
0.256233
0.270334
0.285472
0.301707
0.318312
0.334636
0.350513
0.366649
0.3828
0.398951
0.415093
0.431293
0.447518
0.463841
0.480184
0.496557
0.51308
0.529462
0.545247
0.560876
0.577304
0.594478
0.611285
0.627409
0.643044
0.658345
0.673301
0.687924
0.702231
0.716201
0.729833
0.74313
0.756083
0.768709
0.781025
0.793016
0.804716
0.816101
0.827204
0.838
0.848547
0.858785
0.868743
0.878438
0.887764
0.896798
0.905471
0.913715
0.921565
0.928948
0.93583
0.942207
0.948027
0.953235
0.957891
0.961828
0.965103
0.967695
0.969577
0.971018
0.972138
0.972877
0.973151
0.972884
0.972137
0.971128
0.970005
0.968835
0.967745
0.966767
0.965976
0.965423
0.965155
0.965205
0.965471
0.965953
0.966675
0.96762
0.968804
0.970081
0.971474
0.972742
0.973838
0.97651
1.05028
1.03691
0.964248
0.859375
0.797395
0.75271
0.718498
0.690595
0.668679
0.654477
0.642632
0.632125
0.626259
0.625092
0.627442
0.63178
0.637356
0.643806
0.650876
0.658353
0.666044
0.67377
0.681484
0.689298
0.697242
0.705325
0.713227
0.720888
0.728637
0.736522
0.74457
0.752887
0.761513
0.770161
0.778578
0.787101
0.796255
0.806374
0.816906
0.827286
0.837554
0.847811
0.858096
0.868374
0.878582
0.888682
0.898607
0.908389
0.918069
0.927622
0.937122
0.946477
0.95576
0.964886
0.973942
0.982846
0.991687
1.0004
1.00904
1.01753
1.0259
1.0341
1.04203
1.04976
1.05715
1.06413
1.07076
1.07689
1.08236
1.08737
1.09175
1.09529
1.09823
1.10051
1.10198
1.10302
1.10334
1.10347
1.10275
1.10187
1.10022
1.09836
1.09631
1.09428
1.09238
1.09063
1.08917
1.08817
1.08744
1.0871
1.08699
1.08742
1.08782
1.08894
1.08988
1.09147
1.09268
1.09446
1.09526
1.09855
1.02164
1.05094
1.0417
1.00731
0.968977
0.94293
0.925659
0.911876
0.900194
0.890966
0.88473
0.878969
0.873431
0.870241
0.869536
0.870339
0.87179
0.873436
0.875329
0.877594
0.880225
0.883126
0.88637
0.89004
0.894239
0.898981
0.904085
0.909524
0.915201
0.921053
0.927077
0.93326
0.939731
0.946094
0.95207
0.957792
0.963753
0.970351
0.977267
0.983966
0.990432
0.996805
1.00315
1.00942
1.01579
1.02239
1.029
1.03558
1.04218
1.04884
1.05557
1.06237
1.06921
1.07609
1.08297
1.08987
1.09679
1.10371
1.11063
1.11754
1.12439
1.13115
1.13778
1.14425
1.15056
1.1567
1.16264
1.16839
1.17396
1.17929
1.18427
1.18883
1.19301
1.19677
1.19967
1.20176
1.20318
1.20413
1.20468
1.20452
1.20357
1.20194
1.19978
1.19735
1.19472
1.19203
1.18936
1.18678
1.1844
1.1824
1.18086
1.17946
1.17851
1.17818
1.17838
1.17884
1.17939
1.18031
1.18066
1.18334
0.997735
1.03858
1.05677
1.05625
1.04692
1.03968
1.03584
1.03361
1.03112
1.02793
1.02508
1.02363
1.02156
1.01871
1.01626
1.0148
1.01374
1.01273
1.01158
1.01056
1.00978
1.00919
1.00929
1.00979
1.01089
1.01273
1.01505
1.01803
1.02146
1.0255
1.03005
1.03486
1.04003
1.04519
1.05014
1.05493
1.0604
1.06659
1.07328
1.07997
1.08638
1.09255
1.0986
1.10454
1.11034
1.116
1.12159
1.12718
1.13282
1.13848
1.14414
1.14979
1.15541
1.16103
1.16664
1.17225
1.17788
1.18351
1.18913
1.19474
1.2003
1.2058
1.21122
1.21654
1.22173
1.22678
1.23167
1.23637
1.24082
1.24501
1.24888
1.25243
1.25569
1.25838
1.26054
1.26258
1.2646
1.2664
1.26768
1.26829
1.26838
1.26824
1.2678
1.26691
1.26548
1.26374
1.26186
1.25987
1.2579
1.25611
1.25459
1.25319
1.252
1.25118
1.25068
1.25042
1.25026
1.25037
1.25011
1.25178
0.971885
1.0175
1.04555
1.06382
1.07268
1.07866
1.08454
1.09005
1.09485
1.09777
1.09945
1.10012
1.10048
1.10007
1.09818
1.09595
1.0939
1.09202
1.08993
1.08786
1.08585
1.08385
1.08229
1.08096
1.0802
1.08054
1.0814
1.08294
1.08497
1.08766
1.09086
1.09467
1.09891
1.10343
1.10786
1.11222
1.11728
1.12298
1.12917
1.13553
1.1418
1.14793
1.15391
1.15973
1.16537
1.17082
1.17608
1.1812
1.18623
1.1912
1.19613
1.20105
1.20597
1.2109
1.21585
1.22082
1.2258
1.23078
1.23575
1.24069
1.24556
1.25034
1.255
1.25952
1.26391
1.26815
1.27227
1.27629
1.28023
1.28407
1.28781
1.29145
1.29499
1.29818
1.30086
1.30323
1.30549
1.30742
1.30877
1.30938
1.30942
1.30922
1.30882
1.30804
1.30672
1.30505
1.30332
1.30136
1.29945
1.29751
1.29574
1.29415
1.29267
1.29153
1.29073
1.29029
1.29007
1.2901
1.2899
1.29168
0.944912
0.991278
1.0269
1.05203
1.07129
1.08563
1.09788
1.10865
1.11817
1.12573
1.13146
1.13516
1.13725
1.13846
1.13924
1.13857
1.13722
1.13574
1.13398
1.13195
1.12985
1.12777
1.12559
1.12376
1.12233
1.12113
1.12102
1.12142
1.12239
1.12406
1.12643
1.12941
1.13293
1.13669
1.14039
1.14448
1.14924
1.15459
1.16048
1.16662
1.17279
1.1789
1.18489
1.19074
1.1964
1.20189
1.20723
1.21247
1.21765
1.22279
1.22793
1.23307
1.23822
1.24337
1.2485
1.25359
1.25862
1.26357
1.26841
1.27309
1.27756
1.28179
1.28574
1.28944
1.29292
1.29621
1.29938
1.30252
1.30568
1.30886
1.31206
1.31533
1.31866
1.32184
1.32458
1.32692
1.32913
1.33093
1.33211
1.33259
1.33255
1.33229
1.33182
1.33093
1.32963
1.32821
1.32671
1.3251
1.32362
1.32212
1.32063
1.31934
1.31809
1.31702
1.3161
1.31544
1.31501
1.31488
1.31469
1.31672
0.917563
0.963348
1.00248
1.03357
1.05775
1.07654
1.09218
1.10614
1.11851
1.1292
1.1381
1.14505
1.15006
1.15338
1.156
1.15748
1.15855
1.1583
1.15717
1.15561
1.15378
1.15192
1.15006
1.14821
1.14666
1.14512
1.14418
1.14398
1.14419
1.14511
1.14679
1.14915
1.15207
1.15507
1.15821
1.16202
1.16643
1.17144
1.17701
1.1829
1.18896
1.19506
1.20112
1.20708
1.2129
1.21857
1.22411
1.22955
1.23491
1.2402
1.24546
1.25072
1.25598
1.26125
1.26649
1.27166
1.27671
1.28163
1.28636
1.29087
1.29513
1.29909
1.3027
1.30601
1.30908
1.31194
1.31469
1.31752
1.32051
1.32366
1.32697
1.33049
1.33403
1.33736
1.34031
1.34282
1.34483
1.34619
1.34683
1.3469
1.34673
1.34638
1.34562
1.34453
1.34325
1.34187
1.34044
1.339
1.33769
1.3365
1.33529
1.33424
1.33317
1.33215
1.33116
1.33039
1.32975
1.3295
1.32911
1.33134
0.891589
0.934588
0.974453
1.00953
1.0379
1.061
1.07978
1.09539
1.10901
1.12092
1.13106
1.13977
1.14697
1.1527
1.15734
1.16117
1.16402
1.16568
1.16711
1.1672
1.16636
1.16509
1.16366
1.1623
1.16096
1.15942
1.15811
1.15749
1.15719
1.15759
1.15872
1.16057
1.16284
1.16518
1.16794
1.17139
1.17541
1.18008
1.18538
1.19106
1.19699
1.20307
1.20922
1.21533
1.22135
1.22724
1.233
1.23861
1.24411
1.24951
1.25488
1.26023
1.26557
1.27088
1.27612
1.28126
1.28627
1.29114
1.29584
1.30033
1.30454
1.30843
1.31201
1.31526
1.31823
1.32111
1.32402
1.3271
1.33043
1.33404
1.33785
1.34162
1.34515
1.3484
1.35126
1.35345
1.35476
1.35534
1.35551
1.35551
1.3552
1.35432
1.35315
1.35193
1.35073
1.34958
1.34849
1.34746
1.34646
1.34566
1.34485
1.34413
1.34334
1.34251
1.34157
1.34083
1.34007
1.3398
1.33925
1.34171
0.868939
0.907696
0.946399
0.982475
1.01408
1.04049
1.06235
1.08056
1.09594
1.10919
1.12055
1.13046
1.13907
1.14626
1.15217
1.15732
1.16161
1.16461
1.16711
1.16939
1.1714
1.1717
1.17103
1.17012
1.16919
1.16789
1.16634
1.16534
1.1646
1.16462
1.16535
1.16661
1.16814
1.17009
1.17266
1.17577
1.17956
1.18412
1.18926
1.19475
1.20052
1.20647
1.21253
1.21864
1.22475
1.23081
1.23677
1.24261
1.24834
1.254
1.2596
1.26514
1.27061
1.27599
1.28126
1.28644
1.29153
1.2965
1.30129
1.30584
1.31009
1.31399
1.3176
1.32102
1.32438
1.32779
1.33136
1.33519
1.33919
1.34317
1.347
1.35061
1.35388
1.35655
1.35839
1.35943
1.35997
1.36031
1.36025
1.35954
1.3585
1.35748
1.35666
1.35589
1.35517
1.35456
1.35408
1.35362
1.35325
1.35294
1.3527
1.35244
1.35203
1.35149
1.35079
1.35023
1.34963
1.34949
1.34898
1.35168
0.850364
0.884705
0.920692
0.956275
0.989121
1.01776
1.04213
1.06252
1.07984
1.09474
1.10749
1.11853
1.12816
1.13644
1.14368
1.15008
1.15582
1.16108
1.16593
1.17019
1.17363
1.17565
1.17646
1.17639
1.17568
1.17424
1.17252
1.17125
1.17037
1.17016
1.17054
1.17136
1.1724
1.17386
1.17597
1.17867
1.18204
1.18611
1.19083
1.19601
1.20155
1.20738
1.21342
1.2196
1.22585
1.23213
1.23839
1.24457
1.25068
1.2567
1.26261
1.2684
1.27405
1.27957
1.28499
1.2903
1.29546
1.30045
1.30523
1.30977
1.31408
1.31825
1.32233
1.32634
1.33035
1.33445
1.33862
1.34269
1.34656
1.35025
1.35364
1.35649
1.35862
1.36008
1.36114
1.36198
1.36236
1.36211
1.36162
1.36103
1.36045
1.35996
1.35964
1.35951
1.35956
1.35971
1.35991
1.36026
1.36054
1.36066
1.36067
1.36067
1.36065
1.36048
1.36013
1.3599
1.35964
1.35964
1.35933
1.36216
0.83422
0.865167
0.898284
0.932065
0.964564
0.994257
1.02043
1.04278
1.06181
1.07796
1.09174
1.10363
1.11402
1.12338
1.13221
1.14083
1.14911
1.15676
1.16377
1.16981
1.17444
1.17722
1.17857
1.17935
1.1794
1.17836
1.17708
1.17599
1.17551
1.17554
1.17597
1.17673
1.17768
1.17902
1.18082
1.18329
1.18652
1.19049
1.19508
1.20011
1.20549
1.21114
1.21705
1.22317
1.22939
1.23558
1.24169
1.24769
1.25359
1.25937
1.26507
1.2707
1.27628
1.28181
1.28727
1.29262
1.29788
1.30302
1.30802
1.31289
1.31766
1.32227
1.32672
1.33109
1.3354
1.33955
1.34347
1.34719
1.3507
1.35381
1.3563
1.3582
1.35977
1.36113
1.36209
1.36249
1.3626
1.36254
1.36244
1.3624
1.36251
1.3628
1.36323
1.36373
1.36422
1.36474
1.36527
1.36566
1.36591
1.36597
1.36594
1.36588
1.3658
1.36572
1.36574
1.36579
1.36584
1.36595
1.36589
1.36883
0.819028
0.847841
0.878687
0.910184
0.941134
0.97022
0.996889
1.02034
1.04048
1.05756
1.07235
1.08544
1.09735
1.10891
1.12037
1.13149
1.14215
1.15183
1.16023
1.16706
1.17188
1.17489
1.17685
1.17771
1.17832
1.17901
1.17949
1.17978
1.18035
1.1808
1.18202
1.18334
1.18469
1.18612
1.18794
1.19047
1.19364
1.19725
1.20122
1.20552
1.21013
1.21504
1.22023
1.22562
1.23116
1.23681
1.2425
1.24818
1.25384
1.25943
1.26498
1.27048
1.27596
1.2814
1.28676
1.29206
1.29732
1.30251
1.30764
1.31271
1.31767
1.32248
1.3272
1.33183
1.33625
1.34042
1.34434
1.348
1.35125
1.35394
1.35609
1.35795
1.35961
1.36087
1.36169
1.36232
1.36285
1.36333
1.36383
1.36438
1.36498
1.36565
1.36634
1.36703
1.36767
1.36825
1.36876
1.36913
1.36933
1.36945
1.36943
1.36937
1.36931
1.36926
1.36926
1.36937
1.36944
1.36969
1.36963
1.37264
0.804741
0.830989
0.859299
0.889123
0.918957
0.947621
0.974306
0.998327
1.01935
1.03747
1.05338
1.06791
1.08181
1.09557
1.10918
1.12232
1.13429
1.1446
1.1531
1.15963
1.1644
1.16814
1.17123
1.17416
1.17718
1.17978
1.18212
1.18441
1.18651
1.18812
1.18938
1.19068
1.1917
1.19281
1.19428
1.19623
1.19856
1.20125
1.20439
1.20801
1.212
1.21635
1.2211
1.22619
1.23146
1.23678
1.2421
1.2474
1.25268
1.25792
1.26315
1.26838
1.27363
1.27891
1.2842
1.2895
1.29481
1.30009
1.30534
1.31055
1.31568
1.32066
1.32554
1.3303
1.33484
1.33908
1.34304
1.34672
1.35001
1.35278
1.35504
1.35702
1.35886
1.3604
1.36151
1.36243
1.36324
1.36398
1.3647
1.36545
1.36623
1.36706
1.36791
1.36873
1.36947
1.37014
1.3707
1.37112
1.37139
1.37151
1.37151
1.37143
1.37132
1.37128
1.37123
1.37135
1.37141
1.37171
1.37166
1.37496
0.789555
0.813669
0.841154
0.870747
0.90053
0.929184
0.955961
0.980297
1.00191
1.02076
1.03756
1.0533
1.06861
1.08384
1.09862
1.11219
1.12428
1.13474
1.14332
1.1504
1.15682
1.16291
1.16852
1.17367
1.17856
1.18298
1.18667
1.1897
1.19197
1.19336
1.19429
1.19502
1.19578
1.19675
1.19801
1.19946
1.20137
1.20377
1.20649
1.20965
1.21331
1.21722
1.22132
1.22571
1.23029
1.23498
1.23979
1.24474
1.24977
1.25486
1.25998
1.26514
1.27032
1.27549
1.28065
1.28583
1.29103
1.29624
1.30153
1.30685
1.31213
1.31734
1.32248
1.32749
1.33224
1.33669
1.34087
1.34475
1.34818
1.35108
1.35347
1.35556
1.35753
1.35923
1.3605
1.36152
1.36243
1.36328
1.36411
1.36497
1.36591
1.36693
1.36799
1.36907
1.3701
1.37112
1.37204
1.37275
1.37324
1.3735
1.37362
1.37362
1.37349
1.37341
1.37326
1.37323
1.3732
1.37344
1.37336
1.37689
0.778151
0.801263
0.827877
0.856854
0.886
0.914035
0.940432
0.964689
0.986614
1.00614
1.02398
1.0409
1.05712
1.07276
1.08753
1.10114
1.1134
1.12433
1.13431
1.1436
1.15233
1.16027
1.16768
1.17462
1.18067
1.18573
1.18995
1.1933
1.19569
1.19717
1.19808
1.19875
1.1995
1.20039
1.2013
1.20244
1.204
1.20603
1.2086
1.21158
1.21477
1.2182
1.22203
1.22618
1.23049
1.23497
1.23967
1.24455
1.24951
1.25451
1.25956
1.26463
1.26971
1.27477
1.2798
1.28477
1.28972
1.29472
1.29981
1.30494
1.31012
1.31533
1.32047
1.32544
1.33016
1.33465
1.33886
1.34266
1.34592
1.34863
1.35095
1.35311
1.35509
1.35668
1.35788
1.35896
1.36
1.36107
1.36225
1.36354
1.3649
1.36631
1.36772
1.36913
1.37067
1.37216
1.37342
1.37443
1.37522
1.37578
1.37611
1.37624
1.37626
1.37625
1.37615
1.37616
1.37619
1.37644
1.37636
1.3799
0.770043
0.792321
0.817787
0.845534
0.873585
0.900862
0.926598
0.950495
0.972438
0.992618
1.01138
1.02885
1.04538
1.06108
1.07584
1.08991
1.10338
1.11617
1.12805
1.13922
1.14953
1.15896
1.16773
1.17551
1.18213
1.18758
1.19184
1.19458
1.19602
1.19694
1.1976
1.19799
1.19857
1.19958
1.20098
1.20309
1.20569
1.20848
1.21145
1.21465
1.2181
1.22177
1.22562
1.22967
1.23391
1.23828
1.24274
1.24731
1.25198
1.2567
1.26148
1.26629
1.27108
1.27586
1.28064
1.28542
1.29029
1.29526
1.3003
1.30535
1.31043
1.31545
1.32029
1.32488
1.32922
1.33327
1.33693
1.3401
1.3428
1.34519
1.34748
1.34958
1.35132
1.35284
1.35431
1.35582
1.35741
1.35909
1.36086
1.3627
1.36452
1.36638
1.36844
1.37049
1.37234
1.37396
1.37535
1.37647
1.37741
1.37807
1.37856
1.37888
1.37911
1.37942
1.37964
1.38013
1.38034
1.38076
1.38067
1.38382
0.763689
0.784998
0.809349
0.835801
0.86276
0.889035
0.913933
0.937315
0.95921
0.979651
0.99861
1.01623
1.0329
1.0491
1.06504
1.08069
1.09589
1.11039
1.12415
1.13702
1.14885
1.15951
1.16868
1.17637
1.18258
1.18711
1.1903
1.19261
1.19412
1.1954
1.19652
1.19774
1.1995
1.20167
1.20404
1.20668
1.20961
1.21283
1.21628
1.21993
1.22372
1.22763
1.23161
1.23568
1.23981
1.24397
1.24812
1.25225
1.2564
1.2605
1.26457
1.2686
1.27265
1.27675
1.28095
1.2853
1.28979
1.29444
1.29923
1.30408
1.30892
1.31369
1.31826
1.32256
1.32658
1.33031
1.33365
1.33661
1.33923
1.34165
1.34401
1.34621
1.34821
1.35021
1.35227
1.35441
1.35661
1.3588
1.36098
1.36325
1.36559
1.36783
1.36992
1.37183
1.37352
1.37501
1.37629
1.37733
1.37822
1.37889
1.37946
1.37994
1.38041
1.38099
1.38157
1.38246
1.38296
1.38384
1.38385
1.38679
0.759678
0.778556
0.801387
0.826396
0.852005
0.877009
0.900943
0.923867
0.945729
0.966402
0.985931
1.00451
1.02244
1.03997
1.05733
1.07458
1.09144
1.10768
1.12302
1.13702
1.14947
1.16039
1.16964
1.17727
1.18322
1.18795
1.19166
1.1945
1.19675
1.19859
1.20031
1.20224
1.2043
1.20659
1.2091
1.21182
1.21476
1.21796
1.22139
1.22498
1.22864
1.23231
1.23602
1.23977
1.24359
1.24744
1.25121
1.25487
1.25848
1.26205
1.26556
1.26909
1.27261
1.27611
1.27959
1.28327
1.28737
1.29176
1.29634
1.30103
1.30574
1.3104
1.31491
1.31915
1.32307
1.32671
1.33008
1.33317
1.33597
1.33854
1.34099
1.3434
1.34571
1.34794
1.35023
1.35258
1.35492
1.35726
1.35968
1.36219
1.36465
1.36698
1.36914
1.3711
1.37282
1.37435
1.37566
1.37672
1.37756
1.37823
1.37882
1.37941
1.38013
1.38105
1.38196
1.38324
1.38397
1.3853
1.38545
1.38862
0.756437
0.773025
0.79232
0.815041
0.839369
0.864089
0.888362
0.911782
0.93417
0.955446
0.975756
0.995323
1.01452
1.03357
1.05244
1.07084
1.0885
1.10524
1.12089
1.13516
1.14798
1.15929
1.16899
1.17699
1.18344
1.18879
1.19309
1.19668
1.19969
1.20243
1.20506
1.20754
1.21006
1.21266
1.21528
1.21791
1.22062
1.22348
1.22648
1.22959
1.23274
1.23592
1.23913
1.24243
1.24584
1.24931
1.25274
1.25611
1.25944
1.26252
1.26541
1.26841
1.27151
1.27466
1.27782
1.28101
1.28427
1.28794
1.29223
1.29668
1.30122
1.3058
1.3103
1.31458
1.31863
1.32244
1.32599
1.32921
1.33212
1.33479
1.33731
1.33976
1.34211
1.34431
1.34656
1.34891
1.35129
1.35365
1.3561
1.35875
1.36146
1.36407
1.36646
1.36862
1.37053
1.37222
1.37368
1.3749
1.37592
1.37674
1.3775
1.37826
1.37919
1.38033
1.38156
1.38321
1.38425
1.38606
1.38636
1.38973
0.752959
0.768324
0.786049
0.806792
0.829498
0.853308
0.877479
0.901262
0.924171
0.945997
0.966976
0.987455
1.00758
1.02741
1.04692
1.06584
1.08404
1.10129
1.11723
1.13176
1.14483
1.15624
1.16594
1.1742
1.18129
1.1874
1.19281
1.19772
1.20215
1.20612
1.20985
1.2135
1.21692
1.21997
1.22274
1.22534
1.22778
1.23008
1.23231
1.23458
1.23699
1.23957
1.24231
1.24512
1.24799
1.25093
1.25375
1.25619
1.25854
1.2611
1.26388
1.26678
1.26975
1.27277
1.2758
1.27903
1.28274
1.28678
1.29096
1.29519
1.29937
1.30341
1.3073
1.311
1.31446
1.3176
1.32044
1.32305
1.32552
1.32794
1.33018
1.33217
1.33418
1.3363
1.33858
1.341
1.34344
1.34608
1.34916
1.35247
1.35578
1.35901
1.36206
1.36487
1.36741
1.36966
1.37162
1.37327
1.37465
1.3758
1.37689
1.37794
1.37917
1.38045
1.38193
1.38355
1.38478
1.38654
1.38689
1.39001
0.74838
0.763741
0.781055
0.800993
0.822866
0.845617
0.868619
0.891593
0.914216
0.936316
0.957878
0.978853
0.999362
1.0195
1.03917
1.05826
1.07654
1.09369
1.10957
1.12409
1.13708
1.14866
1.15898
1.16828
1.17671
1.18432
1.19127
1.19776
1.20371
1.20923
1.2143
1.21879
1.2225
1.22557
1.22827
1.23076
1.23302
1.23506
1.237
1.23897
1.24103
1.24323
1.24537
1.24716
1.24867
1.25032
1.25224
1.25449
1.25703
1.25974
1.26251
1.26531
1.26832
1.27183
1.27581
1.27993
1.28414
1.28835
1.29247
1.29641
1.30006
1.30331
1.30617
1.30872
1.31109
1.3134
1.31553
1.31739
1.3192
1.32105
1.32299
1.32511
1.32744
1.32991
1.33242
1.33509
1.33815
1.34148
1.34494
1.3485
1.35206
1.35555
1.35888
1.36202
1.36493
1.36759
1.37
1.37219
1.37417
1.37595
1.3776
1.37913
1.38058
1.38198
1.38328
1.38452
1.38575
1.38642
1.38641
1.38827
0.743204
0.759624
0.777593
0.797266
0.818238
0.8401
0.862258
0.88426
0.905847
0.927082
0.94801
0.968729
0.989329
1.00974
1.0298
1.0493
1.06794
1.08545
1.1017
1.11653
1.12997
1.14213
1.15323
1.1634
1.17269
1.18142
1.18972
1.19739
1.20447
1.21094
1.2168
1.22184
1.22586
1.22918
1.23217
1.23486
1.23719
1.23921
1.24109
1.24299
1.24494
1.24676
1.24819
1.24941
1.25072
1.25222
1.254
1.25604
1.25826
1.26061
1.26304
1.26588
1.26964
1.27393
1.27824
1.28247
1.28653
1.29035
1.29377
1.29672
1.29924
1.30149
1.30365
1.30568
1.30743
1.30898
1.3105
1.31205
1.31373
1.31565
1.31785
1.32025
1.32271
1.32536
1.32841
1.33176
1.33524
1.33881
1.34243
1.34609
1.34976
1.35341
1.35699
1.36047
1.36381
1.36698
1.36996
1.3727
1.37519
1.37742
1.37941
1.38113
1.38255
1.38368
1.38472
1.38553
1.38609
1.38591
1.38552
1.38608
0.737828
0.754887
0.7735
0.793414
0.814151
0.835326
0.856652
0.877959
0.899048
0.91988
0.940561
0.961228
0.981857
1.00232
1.02241
1.04185
1.06042
1.07793
1.09422
1.10927
1.12308
1.13585
1.14776
1.1589
1.16956
1.17963
1.1891
1.19792
1.20589
1.213
1.21921
1.22452
1.2289
1.23234
1.23521
1.23774
1.2399
1.24181
1.24362
1.24534
1.24694
1.24843
1.2498
1.25114
1.25263
1.2543
1.2561
1.25803
1.26003
1.26236
1.26548
1.26915
1.27291
1.27666
1.2803
1.28374
1.28684
1.28951
1.29178
1.29381
1.29576
1.29754
1.29896
1.30012
1.30125
1.30245
1.30387
1.30564
1.30776
1.31003
1.31251
1.31548
1.31897
1.32262
1.32639
1.33019
1.33397
1.3377
1.34138
1.34502
1.34862
1.35215
1.35559
1.35892
1.36213
1.36522
1.36816
1.37091
1.37347
1.37582
1.37793
1.37977
1.38133
1.38267
1.38393
1.38478
1.38537
1.38504
1.38486
1.38529
0.73419
0.750238
0.768313
0.788014
0.808544
0.829354
0.850075
0.870534
0.890964
0.911641
0.932551
0.953497
0.974252
0.994622
1.01452
1.03383
1.05239
1.07006
1.08677
1.10251
1.11736
1.13138
1.14461
1.15708
1.16877
1.17962
1.18966
1.19894
1.20747
1.2151
1.22159
1.22702
1.23167
1.23563
1.23902
1.24194
1.24436
1.24632
1.24804
1.24957
1.25087
1.25194
1.25299
1.25413
1.25542
1.25687
1.25843
1.2604
1.26299
1.26576
1.26862
1.2715
1.27438
1.27721
1.27993
1.28238
1.28448
1.2863
1.28802
1.28963
1.29096
1.29205
1.29312
1.29422
1.29548
1.29705
1.29896
1.30106
1.30335
1.30612
1.30943
1.31291
1.31647
1.32009
1.32372
1.32735
1.33096
1.33453
1.33809
1.34163
1.34516
1.34862
1.35202
1.35532
1.35854
1.36163
1.36458
1.36736
1.36998
1.37243
1.3747
1.37676
1.37857
1.38017
1.38169
1.38293
1.38392
1.38428
1.38433
1.38532
0.731756
0.746378
0.763106
0.781461
0.8007
0.820387
0.840481
0.861114
0.882246
0.903609
0.924915
0.945936
0.966593
0.986832
1.00661
1.02582
1.04443
1.06245
1.07988
1.0966
1.1125
1.12754
1.14169
1.15501
1.16748
1.17916
1.18998
1.19984
1.20862
1.21632
1.22316
1.22921
1.2345
1.23925
1.24345
1.24703
1.2501
1.25273
1.25481
1.25633
1.25751
1.25852
1.25931
1.26007
1.26092
1.2619
1.26299
1.26418
1.26559
1.26736
1.26928
1.27124
1.27325
1.2753
1.27732
1.27926
1.28105
1.28265
1.28416
1.28567
1.28715
1.28867
1.29032
1.29204
1.29393
1.29597
1.29823
1.30061
1.30307
1.30573
1.30829
1.3111
1.31379
1.31679
1.31983
1.32306
1.32642
1.32978
1.33334
1.33674
1.34035
1.34364
1.34712
1.35021
1.35342
1.35624
1.3592
1.36181
1.36457
1.36699
1.36952
1.37174
1.37407
1.37612
1.37824
1.38006
1.38179
1.38296
1.38357
1.38551
0.729445
0.743475
0.759302
0.776688
0.795091
0.814271
0.834181
0.854745
0.875794
0.897109
0.918419
0.93951
0.960181
0.980294
0.999894
1.01905
1.03779
1.0561
1.0738
1.09086
1.10719
1.12284
1.13772
1.15173
1.16469
1.17649
1.18722
1.19696
1.20575
1.2139
1.22152
1.22855
1.23507
1.24115
1.24662
1.25134
1.25541
1.25891
1.26168
1.26358
1.26474
1.26556
1.26622
1.26653
1.26642
1.26629
1.26626
1.26643
1.26684
1.2675
1.26839
1.26945
1.27061
1.27205
1.27383
1.27569
1.27756
1.2794
1.28125
1.28318
1.28524
1.2874
1.28958
1.29171
1.2938
1.29591
1.29807
1.30021
1.3023
1.30436
1.30626
1.3079
1.3097
1.31177
1.31402
1.31636
1.31879
1.32147
1.32475
1.32839
1.33243
1.33629
1.34046
1.34425
1.34824
1.35174
1.35538
1.35848
1.3617
1.36444
1.36735
1.36982
1.37247
1.37471
1.37712
1.37909
1.38111
1.38252
1.38333
1.3855
0.725484
0.739878
0.755853
0.773194
0.791539
0.810728
0.830652
0.851178
0.872106
0.893196
0.914229
0.935005
0.955429
0.975529
0.995335
1.0148
1.03382
1.05224
1.06998
1.08699
1.10328
1.11881
1.13346
1.14724
1.16017
1.1722
1.18339
1.19388
1.20366
1.2128
1.22138
1.22932
1.23668
1.2435
1.24959
1.25487
1.25946
1.26334
1.26629
1.26813
1.26913
1.2698
1.2702
1.27014
1.2696
1.26895
1.26832
1.26786
1.26768
1.26783
1.2683
1.26902
1.26988
1.27094
1.27241
1.27411
1.2758
1.27756
1.27945
1.28147
1.28361
1.28577
1.28778
1.2897
1.29161
1.29361
1.29564
1.2976
1.29954
1.30129
1.30259
1.30372
1.30511
1.30687
1.30896
1.31126
1.31365
1.3163
1.31953
1.3234
1.32763
1.3319
1.33634
1.34065
1.345
1.34911
1.35318
1.35695
1.36059
1.36389
1.36702
1.36983
1.37247
1.37484
1.37707
1.37907
1.38083
1.38214
1.38286
1.38461
0.722342
0.73652
0.752389
0.769746
0.788252
0.807613
0.827606
0.848058
0.868795
0.889647
0.910447
0.931126
0.951624
0.971908
0.99186
1.01134
1.03022
1.04842
1.06595
1.08279
1.09899
1.1145
1.1293
1.14336
1.15673
1.16944
1.18141
1.19254
1.203
1.2129
1.22229
1.23107
1.2392
1.24667
1.25319
1.25873
1.2635
1.26745
1.27028
1.27198
1.27297
1.27364
1.27376
1.27317
1.27234
1.27148
1.27071
1.27016
1.26991
1.26995
1.27028
1.2708
1.27141
1.27232
1.27356
1.27487
1.27624
1.27767
1.27931
1.2811
1.28293
1.28467
1.2863
1.28784
1.28939
1.29104
1.29276
1.2944
1.29568
1.29663
1.2976
1.29883
1.30045
1.30242
1.30462
1.30692
1.30948
1.31256
1.31619
1.32014
1.32432
1.32867
1.3331
1.33755
1.34196
1.3463
1.35052
1.35461
1.35849
1.36212
1.36546
1.36848
1.37118
1.3736
1.37583
1.37786
1.37963
1.38079
1.38141
1.38292
0.721611
0.734892
0.750149
0.767257
0.785782
0.80527
0.825381
0.845873
0.866578
0.887332
0.907999
0.928459
0.948603
0.968348
0.987584
1.00625
1.02431
1.04181
1.05881
1.07537
1.09153
1.10729
1.12263
1.13746
1.15165
1.16517
1.17808
1.19042
1.20217
1.21324
1.22359
1.23315
1.24185
1.24972
1.25668
1.26252
1.26741
1.27137
1.27414
1.27587
1.27712
1.27779
1.27775
1.27729
1.27662
1.27589
1.27519
1.27462
1.27425
1.27408
1.2741
1.27427
1.27453
1.2749
1.27546
1.27612
1.277
1.27808
1.27928
1.28058
1.28193
1.28319
1.2844
1.28552
1.28666
1.28795
1.28934
1.2905
1.29141
1.29236
1.29357
1.29516
1.29705
1.29909
1.30131
1.30387
1.3069
1.31022
1.31379
1.3176
1.32159
1.32571
1.32992
1.33415
1.33839
1.34259
1.34677
1.35083
1.35475
1.35839
1.36181
1.36494
1.36788
1.3706
1.37309
1.37537
1.37743
1.37902
1.37999
1.38203
0.721958
0.734773
0.749749
0.766897
0.785594
0.805209
0.825353
0.84577
0.866325
0.886839
0.907167
0.92716
0.946704
0.965771
0.984307
1.00233
1.01988
1.03699
1.05375
1.07021
1.08638
1.10223
1.11771
1.13279
1.14742
1.16154
1.1751
1.18807
1.20041
1.21206
1.22298
1.23311
1.24248
1.25086
1.25839
1.26487
1.27021
1.27471
1.27814
1.28042
1.28207
1.28309
1.28335
1.28306
1.2824
1.28155
1.28068
1.27987
1.27928
1.27884
1.27849
1.2782
1.27788
1.27758
1.27743
1.27752
1.27794
1.2786
1.2793
1.28009
1.28102
1.28196
1.2829
1.28377
1.28462
1.28562
1.28662
1.28747
1.28828
1.28925
1.29057
1.29223
1.2941
1.29612
1.29843
1.3012
1.30428
1.30767
1.31126
1.31504
1.31893
1.32287
1.32689
1.33088
1.33498
1.33884
1.34287
1.34647
1.35029
1.35364
1.35717
1.36025
1.36353
1.3664
1.36948
1.37226
1.37488
1.3775
1.37906
1.38216
0.721391
0.734901
0.750832
0.768964
0.788467
0.808679
0.829308
0.850134
0.870964
0.891534
0.911655
0.931206
0.950099
0.968352
0.986026
1.00322
1.02005
1.03657
1.05285
1.06891
1.08475
1.10036
1.11569
1.1307
1.14534
1.15955
1.17329
1.18649
1.19912
1.21109
1.22245
1.23296
1.24279
1.25169
1.25974
1.26682
1.27276
1.27792
1.28209
1.28499
1.28708
1.28844
1.28888
1.28862
1.28783
1.28668
1.28538
1.28427
1.28342
1.28265
1.28186
1.28104
1.28041
1.2802
1.2803
1.28065
1.28115
1.28163
1.28207
1.28252
1.28318
1.28381
1.2844
1.28488
1.28501
1.28488
1.28475
1.28478
1.28503
1.28568
1.28687
1.2885
1.29037
1.29248
1.29509
1.29838
1.30189
1.30562
1.30942
1.31332
1.31722
1.32105
1.32481
1.32841
1.33195
1.33532
1.33882
1.34204
1.34551
1.3486
1.35207
1.35523
1.35891
1.36218
1.36614
1.3695
1.37314
1.37667
1.37867
1.38267
0.721243
0.736264
0.753757
0.773334
0.794111
0.815368
0.83675
0.858117
0.879303
0.900054
0.920027
0.938944
0.956787
0.973719
0.989989
1.00583
1.02141
1.03683
1.0522
1.06756
1.08296
1.09835
1.11365
1.1287
1.14352
1.15808
1.17219
1.18586
1.19892
1.21139
1.22321
1.23419
1.24436
1.2538
1.26224
1.2696
1.27627
1.28206
1.28644
1.28973
1.29222
1.29362
1.29374
1.29293
1.29137
1.28959
1.28796
1.28681
1.2858
1.28473
1.28366
1.2832
1.2835
1.28411
1.2849
1.28559
1.28603
1.28623
1.2863
1.28637
1.28639
1.28662
1.28665
1.28591
1.28467
1.28337
1.28217
1.28143
1.28134
1.28192
1.28318
1.28489
1.28687
1.2896
1.29341
1.29764
1.30197
1.30631
1.31053
1.3145
1.31815
1.32147
1.32452
1.32739
1.33019
1.33298
1.33581
1.33869
1.34164
1.34468
1.34817
1.3517
1.35597
1.35974
1.36445
1.36821
1.37281
1.3766
1.37915
1.38355
0.7229
0.739008
0.757572
0.777882
0.799005
0.82044
0.841856
0.862982
0.883571
0.903378
0.922146
0.939749
0.956232
0.971771
0.98665
1.00113
1.01549
1.03001
1.04488
1.06018
1.07589
1.09196
1.10831
1.12474
1.14093
1.15661
1.17162
1.18595
1.19948
1.2123
1.22435
1.23553
1.24597
1.25554
1.26417
1.27218
1.27931
1.28499
1.28961
1.29328
1.29578
1.29693
1.29714
1.29641
1.29493
1.29322
1.29198
1.29084
1.28961
1.28825
1.28705
1.28652
1.28655
1.28686
1.28721
1.28739
1.28734
1.28715
1.28688
1.28658
1.28637
1.28617
1.28549
1.28398
1.28211
1.28027
1.27878
1.27806
1.27822
1.2791
1.28054
1.28227
1.28469
1.28834
1.29262
1.29706
1.30152
1.30584
1.30988
1.31354
1.31676
1.3196
1.32227
1.32475
1.32711
1.32971
1.33255
1.33547
1.3385
1.34187
1.34591
1.35029
1.35517
1.35974
1.36497
1.36942
1.37435
1.3779
1.38129
1.38452
0.724856
0.74045
0.757707
0.776039
0.794912
0.814045
0.8332
0.85207
0.870374
0.887994
0.90497
0.921311
0.93707
0.952353
0.967415
0.98248
0.99779
1.01351
1.02978
1.04667
1.06411
1.08193
1.0998
1.11745
1.1347
1.15131
1.16728
1.18248
1.19692
1.21053
1.22331
1.23519
1.24617
1.25604
1.26496
1.27288
1.27999
1.28641
1.29154
1.29548
1.29842
1.30015
1.30073
1.30027
1.29934
1.29834
1.29768
1.29687
1.29575
1.29429
1.29272
1.29113
1.28956
1.28792
1.28608
1.28419
1.28228
1.2806
1.2792
1.2782
1.2776
1.27736
1.2771
1.27705
1.2766
1.27635
1.27652
1.27727
1.27848
1.27978
1.28127
1.28316
1.28548
1.28806
1.29093
1.29405
1.29726
1.30044
1.30354
1.3066
1.30963
1.31267
1.31572
1.3188
1.32194
1.32525
1.32882
1.33269
1.33684
1.34124
1.3459
1.35069
1.35564
1.36053
1.36552
1.36994
1.37449
1.3778
1.3801
1.38214
0.725228
0.739274
0.753943
0.768809
0.78384
0.799281
0.815291
0.831736
0.848413
0.865212
0.882061
0.898937
0.915828
0.932751
0.949773
0.966971
0.984407
1.00213
1.02012
1.03835
1.05673
1.0752
1.09353
1.11149
1.12889
1.1456
1.16152
1.17661
1.19084
1.20429
1.21702
1.22905
1.24057
1.2517
1.26212
1.27161
1.28011
1.28751
1.29351
1.29858
1.30285
1.30582
1.30772
1.30895
1.30919
1.30903
1.30859
1.30773
1.30599
1.30335
1.30028
1.29676
1.29286
1.28884
1.28485
1.28099
1.27742
1.27438
1.2721
1.27083
1.27054
1.27072
1.27143
1.27286
1.27486
1.27666
1.2788
1.28096
1.2829
1.28439
1.2856
1.28659
1.28704
1.28758
1.28868
1.29026
1.29207
1.29415
1.29674
1.30002
1.3035
1.30725
1.31098
1.31478
1.31851
1.32226
1.32608
1.32994
1.33394
1.33805
1.34234
1.34675
1.35146
1.35596
1.36089
1.36511
1.36954
1.37286
1.37555
1.37788
0.726384
0.739
0.751285
0.763541
0.776195
0.789685
0.804232
0.819781
0.836151
0.853084
0.870361
0.88786
0.905601
0.923636
0.941995
0.960613
0.979415
0.998358
1.01733
1.0363
1.05507
1.07345
1.09128
1.10843
1.12483
1.14051
1.15557
1.17015
1.18433
1.19821
1.21189
1.22521
1.23811
1.25062
1.26225
1.27297
1.28281
1.29125
1.29841
1.30442
1.30884
1.31219
1.31435
1.31479
1.31408
1.31328
1.31221
1.31042
1.30768
1.30426
1.30073
1.29715
1.29341
1.28942
1.28523
1.28098
1.27688
1.27325
1.27048
1.26889
1.26847
1.26861
1.26934
1.27099
1.27328
1.27543
1.27787
1.28026
1.28244
1.28417
1.28549
1.28661
1.28725
1.28744
1.28818
1.28955
1.29135
1.29336
1.2958
1.29899
1.30278
1.30667
1.31048
1.31413
1.31759
1.32092
1.32419
1.32739
1.33053
1.33358
1.33689
1.3403
1.34444
1.34861
1.3539
1.35831
1.36382
1.36793
1.37131
1.37576
0.738424
0.753618
0.768784
0.78416
0.799884
0.816079
0.832658
0.849461
0.866226
0.882907
0.899349
0.915314
0.930809
0.946123
0.96167
0.977687
0.994266
1.01149
1.02904
1.04691
1.06454
1.08177
1.09834
1.11418
1.12943
1.14408
1.15838
1.17251
1.1864
1.20028
1.21394
1.22733
1.24038
1.25272
1.26445
1.27517
1.28484
1.29327
1.30018
1.30575
1.30961
1.3117
1.31275
1.31242
1.31067
1.30909
1.30773
1.30585
1.3034
1.30068
1.29792
1.29515
1.2924
1.28972
1.28712
1.28447
1.28186
1.27936
1.277
1.27482
1.27308
1.27174
1.27067
1.26972
1.269
1.26875
1.26922
1.27013
1.27147
1.2731
1.27498
1.27702
1.27915
1.28134
1.28365
1.28605
1.2886
1.29132
1.29415
1.29715
1.30021
1.30328
1.30635
1.30943
1.31261
1.31582
1.31909
1.32242
1.32594
1.32948
1.33355
1.33745
1.34215
1.34648
1.35163
1.35599
1.36125
1.36493
1.36847
1.37215
0.754381
0.772992
0.791962
0.810884
0.829472
0.847673
0.865314
0.882238
0.89827
0.913299
0.927388
0.940788
0.953757
0.966496
0.979219
0.992182
1.00565
1.01983
1.03477
1.0504
1.06652
1.08289
1.09925
1.11541
1.13126
1.14679
1.16197
1.17693
1.19148
1.20589
1.21955
1.233
1.24518
1.25706
1.26726
1.27694
1.28497
1.29231
1.29819
1.30326
1.30706
1.30988
1.31156
1.31198
1.31126
1.31043
1.30939
1.30793
1.30566
1.3028
1.30016
1.29783
1.29548
1.29288
1.29013
1.28746
1.285
1.2828
1.28062
1.27809
1.27537
1.27262
1.26979
1.2669
1.26433
1.26249
1.26211
1.26277
1.26389
1.26553
1.26816
1.27154
1.275
1.27836
1.28144
1.28414
1.28652
1.28877
1.29102
1.29331
1.29568
1.29821
1.3011
1.30469
1.30889
1.31354
1.31847
1.32352
1.32853
1.33333
1.33785
1.34203
1.34591
1.34955
1.35297
1.35613
1.35912
1.36156
1.36318
1.36492
0.761402
0.781774
0.802385
0.822449
0.841497
0.859408
0.876124
0.891721
0.906382
0.919976
0.932602
0.944744
0.956789
0.968851
0.980947
0.993201
1.00587
1.01926
1.03349
1.04857
1.06435
1.08066
1.0973
1.11403
1.13066
1.14702
1.16294
1.17847
1.19345
1.20807
1.2219
1.23526
1.24747
1.25894
1.26905
1.27824
1.28629
1.29344
1.29949
1.30476
1.30896
1.31243
1.31462
1.31586
1.3156
1.31509
1.31449
1.31314
1.31055
1.30727
1.30408
1.30113
1.29807
1.29485
1.29167
1.28871
1.28605
1.2836
1.28109
1.27836
1.27562
1.2728
1.26987
1.26688
1.2643
1.2625
1.26223
1.26289
1.26397
1.26577
1.26873
1.27227
1.27583
1.27925
1.28235
1.28501
1.28727
1.28932
1.29135
1.29343
1.29561
1.29792
1.30055
1.30392
1.30818
1.31297
1.31808
1.32331
1.32845
1.33334
1.33784
1.34193
1.34561
1.34895
1.35207
1.35504
1.35773
1.35984
1.36117
1.36276
)
;

boundaryField
{
    inlet
    {
        type            calculated;
        value           uniform 3.00001;
    }
    outlet
    {
        type            calculated;
        value           nonuniform List<scalar> 
40
(
0.788607
0.97651
1.09855
1.18334
1.25178
1.29168
1.31672
1.33134
1.34171
1.35168
1.36216
1.36883
1.37264
1.37496
1.37689
1.3799
1.38382
1.38679
1.38862
1.38973
1.39001
1.38827
1.38608
1.38529
1.38532
1.38551
1.3855
1.38461
1.38292
1.38203
1.38216
1.38267
1.38355
1.38452
1.38214
1.37788
1.37576
1.37215
1.36492
1.36276
)
;
    }
    bottom
    {
        type            symmetryPlane;
    }
    top
    {
        type            symmetryPlane;
    }
    obstacle
    {
        type            calculated;
        value           uniform 0;
    }
    defaultFaces
    {
        type            empty;
    }
}


// ************************************************************************* //
