/*--------------------------------*- C++ -*----------------------------------*\
| =========                 |                                                 |
| \\      /  F ield         | OpenFOAM: The Open Source CFD Toolbox           |
|  \\    /   O peration     | Version:  2412                                  |
|   \\  /    A nd           | Website:  www.openfoam.com                      |
|    \\/     M anipulation  |                                                 |
\*---------------------------------------------------------------------------*/
FoamFile
{
    version     2.0;
    format      ascii;
    arch        "LSB;label=32;scalar=64";
    class       volScalarField;
    location    "8";
    object      p;
}
// * * * * * * * * * * * * * * * * * * * * * * * * * * * * * * * * * * * * * //

dimensions      [1 -1 -2 0 0 0 0];

internalField   nonuniform List<scalar> 
7000
(
1.00063
1.00641
1.00069
1.03963
1.07089
0.979842
2.16709
2.49262
7.71501
10.2454
9.95515
9.40884
9.21926
9.23527
9.29795
9.39749
9.47614
9.53441
9.58371
9.6324
9.68392
9.73904
9.79787
9.86047
9.92713
9.99741
10.0692
10.142
10.2175
10.2862
10.3579
10.4304
10.5048
10.5756
10.6518
10.7255
10.8018
10.8654
10.9303
10.9911
11.0539
11.1115
11.1665
11.2138
11.2589
11.2975
11.3284
11.3512
11.3663
11.3769
1.00084
1.00412
1.00634
1.03128
1.01386
0.957955
2.18998
2.28704
7.89082
10.2469
9.94803
9.40381
9.21753
9.23359
9.29672
9.39673
9.47579
9.53434
9.58379
9.63251
9.68399
9.73902
9.79772
9.8602
9.92676
9.99696
10.0687
10.1414
10.2171
10.2854
10.3571
10.4296
10.5038
10.5743
10.651
10.7248
10.8007
10.8643
10.9293
10.9903
11.053
11.1107
11.1656
11.213
11.2581
11.2967
11.3278
11.3507
11.366
11.3768
1.0008
1.00453
1.00273
1.03473
1.01988
0.951961
2.20726
2.34418
7.8549
10.2097
9.91973
9.39502
9.21396
9.23146
9.29584
9.39607
9.47564
9.53443
9.58391
9.63252
9.68382
9.73861
9.79707
9.85932
9.92568
9.99574
10.0674
10.1399
10.2154
10.2837
10.3553
10.4275
10.5011
10.5711
10.6482
10.722
10.7971
10.8608
10.9259
10.9873
11.0493
11.107
11.1618
11.209
11.2538
11.2922
11.3234
11.3466
11.3622
11.3732
1.00036
1.00527
1.0017
1.02804
1.00413
0.928695
2.22811
2.30507
7.82935
10.238
9.92817
9.3922
9.21222
9.22959
9.29368
9.39436
9.47477
9.53413
9.58388
9.6325
9.68362
9.73811
9.79619
9.85806
9.92406
9.99384
10.0653
10.1375
10.2127
10.2808
10.3521
10.424
10.4968
10.5663
10.6437
10.7174
10.7918
10.8554
10.9202
10.982
11.0434
11.1008
11.1553
11.202
11.2464
11.2846
11.3159
11.3395
11.3553
11.3666
1.00096
1.0049
1.00531
1.02911
1.02544
0.983111
2.18006
2.32681
7.72271
10.258
9.94484
9.3967
9.21585
9.23201
9.29371
9.39443
9.47536
9.53498
9.58463
9.63289
9.68352
9.73744
9.79492
9.85622
9.92173
9.99109
10.0622
10.134
10.2089
10.2765
10.3474
10.4189
10.491
10.5598
10.6371
10.7106
10.7844
10.8473
10.9119
10.9736
11.0346
11.0916
11.1456
11.1918
11.2358
11.2738
11.305
11.3289
11.3451
11.3568
1.00046
1.00479
1.00324
1.03567
1.02044
0.972084
2.1612
2.26431
7.6339
10.2472
9.94092
9.40321
9.2227
9.23743
9.29542
9.39475
9.47577
9.5356
9.58516
9.63308
9.68318
9.73643
9.79318
9.85377
9.91863
9.98742
10.058
10.1294
10.2039
10.2708
10.3412
10.4121
10.4833
10.5512
10.6283
10.7014
10.7742
10.8365
10.9007
10.9619
11.0224
11.0787
11.1322
11.1779
11.2213
11.259
11.2903
11.3144
11.3309
11.3429
1.00142
1.00334
1.0047
1.02861
1.03925
0.954502
2.19263
2.22005
7.49665
10.2485
9.95126
9.4145
9.23312
9.24623
9.30011
9.39679
9.4775
9.53727
9.58639
9.63364
9.6829
9.73519
9.79096
9.85062
9.91465
9.9827
10.0527
10.1236
10.1974
10.2636
10.3333
10.4034
10.4735
10.5406
10.617
10.6893
10.7609
10.8227
10.8861
10.9469
11.0062
11.0616
11.1144
11.1596
11.2026
11.24
11.2711
11.2955
11.3122
11.3246
0.999915
1.00624
1.00489
1.01415
1.0898
1.02122
2.05046
2.30398
7.2203
10.2227
9.9534
9.43055
9.24605
9.25674
9.30517
9.39871
9.4796
9.53939
9.58787
9.63426
9.68246
9.73356
9.78812
9.84666
9.90966
9.97679
10.046
10.1163
10.1892
10.2546
10.3234
10.3926
10.4613
10.5274
10.6029
10.6739
10.7439
10.8052
10.8678
10.9281
10.9854
11.0397
11.0916
11.1364
11.1789
11.2159
11.2469
11.2714
11.2883
11.3011
1.00194
1.00262
1.01411
1.02259
1.08639
1.03625
1.99408
2.06546
7.07307
10.219
9.96679
9.45236
9.26055
9.26852
9.31193
9.40067
9.48218
9.54197
9.58972
9.63504
9.68195
9.7316
9.78471
9.84187
9.90363
9.96963
10.0379
10.1073
10.1791
10.2435
10.3112
10.3791
10.4463
10.5114
10.5856
10.6548
10.7229
10.7837
10.8452
10.9044
10.9595
11.0123
11.063
11.1073
11.1493
11.1859
11.2169
11.2414
11.2584
11.2716
1.00171
1.00143
1.01341
1.01995
1.08568
1.05308
1.96058
2.01035
6.85495
10.2175
9.98257
9.47737
9.27652
9.28039
9.31906
9.40289
9.48491
9.54462
9.59162
9.63572
9.68109
9.72905
9.78046
9.83603
9.8963
9.96097
10.0281
10.0964
10.167
10.2302
10.2965
10.3629
10.4282
10.492
10.5643
10.6315
10.6973
10.7576
10.8176
10.875
10.9277
10.9787
11.0277
11.0715
11.1128
11.1487
11.1799
11.2043
11.2214
11.2349
1.00209
1.00262
1.01069
1.01954
1.07376
1.05204
1.8709
1.98093
6.58718
10.2535
10.0212
9.5145
9.29941
9.29398
9.32857
9.40836
9.48885
9.54764
9.59356
9.63619
9.67979
9.72584
9.77533
9.82907
9.88763
9.95072
10.0164
10.0833
10.1525
10.2141
10.2789
10.3434
10.4067
10.4686
10.5388
10.6037
10.6666
10.7262
10.7839
10.839
10.8886
10.9385
10.9847
11.0279
11.0681
11.1031
11.1344
11.1587
11.1758
11.1897
1.00238
1.00232
1.01316
1.02392
1.07808
1.0536
1.80357
1.87887
6.2042
10.2009
10.0277
9.56938
9.33574
9.3114
9.34263
9.41668
9.49408
9.55114
9.59551
9.63632
9.67786
9.72175
9.76909
9.82075
9.87731
9.93854
10.0024
10.0676
10.1353
10.195
10.2578
10.3202
10.3812
10.4407
10.5085
10.5706
10.6304
10.6889
10.7432
10.7955
10.8415
10.8899
10.9333
10.9749
11.0137
11.0476
11.0785
11.1025
11.1195
11.1338
1.00204
1.0021
1.01277
1.01727
1.08201
1.04309
1.75039
1.88245
5.71294
10.155
10.0407
9.65296
9.38497
9.33609
9.36261
9.4283
9.50073
9.55506
9.59729
9.63586
9.675
9.71646
9.76144
9.81076
9.86504
9.9241
9.98598
10.0491
10.115
10.1723
10.233
10.293
10.3512
10.4078
10.4727
10.5316
10.588
10.6448
10.6946
10.7434
10.7858
10.8319
10.8723
10.9114
10.9478
10.9799
11.0097
11.033
11.0497
11.0647
1.00189
1.00217
1.01011
1.01486
1.07132
1.0955
1.66384
1.86047
5.34662
10.0138
10.0278
9.74813
9.4485
9.37077
9.38986
9.44227
9.50798
9.55895
9.59875
9.63472
9.67114
9.70989
9.75224
9.79883
9.85051
9.90698
9.96646
10.0273
10.0909
10.1455
10.2038
10.2609
10.3161
10.3693
10.4307
10.4858
10.5384
10.593
10.6372
10.682
10.7205
10.7631
10.7997
10.8354
10.8682
10.8973
10.9249
10.9466
10.9626
10.9779
1.00195
1.00166
1.01225
1.01842
1.0741
1.07456
1.61711
1.69639
5.05083
9.73545
10.0693
9.82671
9.51176
9.40841
9.41929
9.45655
9.5145
9.56251
9.59988
9.63285
9.66613
9.70178
9.74111
9.78451
9.83327
9.88655
9.9434
10.0015
10.0623
10.1139
10.1694
10.2232
10.275
10.3245
10.3818
10.4326
10.481
10.5325
10.57
10.6105
10.6446
10.6822
10.7138
10.7449
10.7715
10.7961
10.8197
10.8383
10.8523
10.8678
1.00182
1.00093
1.01138
1.01317
1.07129
1.08142
1.57664
1.74163
4.76282
9.3491
10.1063
9.8991
9.569
9.4426
9.44487
9.4679
9.51715
9.56439
9.60003
9.62993
9.65989
9.69212
9.72825
9.76763
9.81369
9.86314
9.91688
9.97152
10.029
10.0773
10.1297
10.1796
10.2275
10.2729
10.3252
10.3712
10.4151
10.4619
10.4929
10.5279
10.5566
10.5874
10.6121
10.6363
10.6546
10.672
10.6882
10.7007
10.7103
10.7249
1.00159
1.00206
1.01101
1.01723
1.0653
1.04821
1.54861
1.63143
4.57162
8.92765
10.1403
9.97532
9.63172
9.4757
9.45952
9.47612
9.51732
9.56413
9.59851
9.62558
9.65215
9.68092
9.71282
9.74924
9.79119
9.83655
9.88666
9.93763
9.9906
10.0358
10.0843
10.1298
10.1732
10.2139
10.2607
10.3012
10.3401
10.3802
10.4051
10.4332
10.4561
10.4764
10.4922
10.5058
10.5137
10.5192
10.5222
10.5225
10.5222
10.5329
1.00137
1.00174
1.00906
1.01376
1.05408
1.08908
1.46711
1.59267
4.23737
8.50059
10.1909
10.054
9.7151
9.51074
9.46681
9.4797
9.51562
9.56135
9.59442
9.61905
9.64217
9.6676
9.69473
9.72863
9.76532
9.80648
9.85259
9.89946
9.94673
9.98931
10.0332
10.0737
10.1121
10.1475
10.1881
10.2225
10.2551
10.2871
10.3058
10.3258
10.3401
10.3478
10.3529
10.351
10.344
10.33
10.3099
10.2882
10.2637
10.2612
1.00139
1.00147
1.00787
1.01076
1.05235
1.0772
1.42283
1.54654
3.96143
7.97633
10.2713
10.1548
9.80426
9.54393
9.46995
9.47973
9.51154
9.55607
9.58773
9.60986
9.62966
9.65123
9.67443
9.70459
9.73645
9.77299
9.81437
9.85712
9.89722
9.93804
9.97608
10.0113
10.0442
10.0738
10.1075
10.1351
10.1601
10.1827
10.1947
10.2048
10.2074
10.2027
10.1929
10.1706
10.139
10.0952
10.0374
9.96972
9.89025
9.8404
1.00138
1.00126
1.00762
1.00668
1.05481
1.06609
1.3747
1.49137
3.65736
7.36014
10.4065
10.2965
9.90127
9.57587
9.46993
9.47651
9.50371
9.54679
9.57696
9.5961
9.61342
9.6297
9.65221
9.67546
9.70324
9.73553
9.77065
9.80935
9.84341
9.87976
9.9123
9.94209
9.96927
9.99235
10.0189
10.0388
10.0553
10.0671
10.0733
10.0694
10.0609
10.0394
10.0084
9.95992
9.89523
9.80716
9.6859
9.52903
9.31841
9.08825
1.00122
1.00128
1.00742
1.0073
1.04591
1.04959
1.33189
1.38174
3.33053
6.51015
10.6264
10.5077
10.0353
9.62119
9.47353
9.4751
9.49473
9.53472
9.56184
9.57702
9.58926
9.60407
9.61904
9.63742
9.66021
9.68666
9.71461
9.74557
9.7763
9.80532
9.8312
9.85433
9.87424
9.88907
9.90706
9.91708
9.92237
9.92159
9.91751
9.90006
9.87107
9.8269
9.76458
9.68493
9.56843
9.40817
9.17301
8.80841
8.17203
6.77979
1.00126
1.00124
1.00662
1.00675
1.03743
1.04602
1.27607
1.20476
3.11509
5.60737
10.8245
10.6739
10.1182
9.64207
9.46595
9.45821
9.473
9.50515
9.52737
9.54355
9.55236
9.56186
9.57303
9.58813
9.60329
9.62301
9.64513
9.66873
9.69216
9.71352
9.73292
9.74857
9.76013
9.76598
9.77399
9.77281
9.76736
9.75385
9.73243
9.69279
9.64359
9.57549
9.48159
9.35955
9.18644
8.94645
8.60153
8.08601
7.32789
6.07984
1.00128
1.00126
1.00701
1.00813
1.0387
1.05893
1.27414
1.25792
2.98766
5.11299
10.7863
10.598
10.092
9.61
9.42784
9.4191
9.43395
9.46512
9.48738
9.49837
9.50464
9.51077
9.5204
9.52746
9.53868
9.55275
9.56818
9.58472
9.60098
9.61617
9.62827
9.63667
9.64021
9.63915
9.63647
9.62609
9.60561
9.57753
9.53849
9.48816
9.41471
9.32482
9.20287
9.04501
8.84061
8.55991
8.18223
7.6731
7.01624
6.14906
0.999839
1.00557
1.00854
1.03423
1.02601
1.08705
1.18178
1.11011
2.92882
4.97005
10.6296
10.4522
9.99025
9.52986
9.35789
9.3583
9.37706
9.4154
9.43885
9.4484
9.45431
9.45888
9.4622
9.46772
9.47411
9.48179
9.49095
9.50113
9.51126
9.51997
9.52518
9.52706
9.52509
9.51776
9.50504
9.48069
9.44974
9.40997
9.3581
9.29591
9.20601
9.09963
8.96251
8.78795
8.57009
8.28838
7.93797
7.50148
6.98798
6.34406
0.999817
1.00546
1.00807
1.03359
1.02376
1.0791
1.1664
1.08764
2.89488
4.84966
10.5061
10.3452
9.9111
9.44271
9.27257
9.27685
9.30344
9.34831
9.37425
9.3856
9.39114
9.39526
9.39899
9.40155
9.40469
9.40847
9.41308
9.41853
9.42285
9.42605
9.42599
9.42359
9.41604
9.40245
9.37865
9.34735
9.30827
9.25891
9.19786
9.12266
9.02776
8.91005
8.76758
8.59128
8.37841
8.11626
7.8069
7.43766
7.01211
6.52936
0.999833
1.00507
1.00734
1.0319
1.02004
1.06919
1.14901
1.06485
2.86229
4.7033
10.255
10.1726
9.80912
9.36784
9.21285
9.21798
9.24512
9.28823
9.31243
9.32313
9.32965
9.33417
9.33665
9.33779
9.33817
9.33831
9.33876
9.33957
9.33951
9.3385
9.3351
9.32636
9.31362
9.29379
9.26471
9.22805
9.18244
9.12622
9.05869
8.97528
8.87969
8.75624
8.61558
8.44613
8.24436
8.00695
7.73514
7.42289
7.06949
6.67728
0.999699
1.00489
1.01168
1.01072
1.0413
1.0723
1.00635
1.85358
2.08913
5.84683
9.81189
9.7066
9.38146
9.1498
9.0992
9.11648
9.15856
9.19858
9.22232
9.2378
9.24955
9.25825
9.2638
9.2662
9.26668
9.26648
9.26558
9.2635
9.2606
9.25546
9.24939
9.23912
9.2213
9.19655
9.16418
9.12324
9.07298
9.01229
8.94059
8.85406
8.75742
8.63586
8.49954
8.33974
8.15569
7.94278
7.69906
7.43307
7.13909
6.81288
0.999932
1.0025
1.0029
1.01377
1.01976
1.07886
1.05879
1.72551
1.84928
5.38652
9.56945
9.54461
9.33319
9.12434
9.07692
9.09146
9.12472
9.15372
9.17285
9.18643
9.19761
9.20541
9.20915
9.20926
9.20827
9.20592
9.20247
9.19739
9.18999
9.18427
9.17374
9.15899
9.13864
9.11145
9.07637
9.03267
8.97968
8.91666
8.84324
8.75636
8.66011
8.54351
8.41359
8.26491
8.09621
7.90608
7.6948
7.45994
7.21056
6.93854
1.00001
1.0022
1.00196
1.01336
1.0159
1.08548
1.07172
1.65986
1.69626
5.06887
9.54424
9.65561
9.41204
9.13643
9.05694
9.0661
9.09213
9.11968
9.138
9.1505
9.15941
9.16472
9.16643
9.16674
9.16471
9.16053
9.153
9.14408
9.13374
9.12181
9.10978
9.09198
9.0689
9.03953
9.00269
8.95765
8.90395
8.84048
8.76692
8.6814
8.5874
8.47627
8.3539
8.21618
8.0624
7.89216
7.70324
7.50026
7.28608
7.05546
0.999947
1.00231
1.0024
1.01272
1.01316
1.07361
1.06337
1.55591
1.70014
4.62835
9.00635
9.67867
9.48022
9.15323
9.02247
9.02434
9.04237
9.07736
9.1033
9.11847
9.12656
9.13046
9.13046
9.12951
9.1265
9.12002
9.11154
9.10078
9.08886
9.0743
9.05717
9.03669
9.01211
8.98149
8.94344
8.8974
8.84292
8.77999
8.70771
8.62516
8.53427
8.42952
8.31494
8.18834
8.04946
7.89571
7.72683
7.55067
7.36546
7.1675
0.999944
1.00172
1.0017
1.01045
1.0165
1.05924
1.10394
1.44972
1.64914
4.18265
8.40042
9.77513
9.6127
9.23416
9.01683
8.97697
8.99194
9.02987
9.06654
9.08663
9.09525
9.09894
9.09908
9.09822
9.09579
9.09089
9.07873
9.06763
9.0521
9.03447
9.01541
8.99216
8.96451
8.93459
8.89565
8.85111
8.79904
8.73806
8.66786
8.58942
8.50184
8.40414
8.29738
8.18079
8.05276
7.91152
7.76475
7.60932
7.44666
7.27443
1.00006
1.00109
1.00173
1.00665
1.01186
1.04309
1.07454
1.39822
1.47829
3.89993
7.80812
9.82411
9.702
9.3313
9.0391
8.96554
8.97808
9.01377
9.05287
9.07256
9.079
9.0798
9.07951
9.07797
9.0747
9.06997
9.05838
9.04505
9.02873
9.01007
8.98889
8.96376
8.93345
8.90492
8.86509
8.82007
8.76771
8.70819
8.64105
8.56527
8.48403
8.39156
8.2926
8.18396
8.06556
7.94065
7.81078
7.67495
7.53181
7.37967
0.999836
0.999667
0.998955
0.999429
0.987042
1.00318
1.01682
0.91217
2.38441
2.83495
8.07453
9.77015
9.57933
9.18397
8.96591
8.92907
8.94611
8.98752
9.02527
9.044
9.05099
9.05361
9.05553
9.05537
9.05387
9.05039
9.04252
9.03052
9.01546
8.99628
8.97394
8.94709
8.91559
8.88543
8.84534
8.8018
8.75385
8.69802
8.63482
8.56442
8.48524
8.39878
8.30235
8.20188
8.09681
7.98662
7.86914
7.74397
7.61403
7.47778
0.999977
0.999889
0.999337
0.999254
0.993027
1.0055
0.986518
0.947348
2.17499
2.39567
7.49968
9.47187
9.34792
9.07906
8.93945
8.93566
8.95596
8.99991
9.03369
9.05005
9.05644
9.05904
9.06033
9.06006
9.05862
9.05506
9.0475
9.03477
9.01873
8.99981
8.97542
8.95122
8.92049
8.88653
8.84707
8.8025
8.75199
8.69648
8.63504
8.56697
8.49177
8.41224
8.32507
8.23246
8.13618
8.03351
7.92464
7.81093
7.69379
7.56948
1.00015
1.00019
1.00142
1.00346
1.00144
1.00828
0.995525
0.93613
2.09315
2.22023
6.91796
9.5769
9.48335
9.2115
9.01752
8.98504
9.00014
9.03547
9.06104
9.07239
9.07716
9.07929
9.07996
9.07962
9.07813
9.07384
9.06515
9.05266
9.0361
9.0149
8.98948
8.96282
8.93132
8.89454
8.85396
8.80831
8.75801
8.70319
8.643
8.57856
8.50896
8.43664
8.35709
8.26937
8.17888
8.08235
7.98047
7.87478
7.76469
7.64794
1.00015
0.99994
0.999346
1.00861
1.02265
1.01198
1.05866
1.13623
1.0636
2.8322
4.8653
9.6649
9.85779
9.57459
9.21
9.08379
9.08565
9.09826
9.11435
9.12121
9.12335
9.12391
9.12348
9.1224
9.11964
9.11373
9.10359
9.08862
9.06997
9.04712
9.0193
8.98951
8.95401
8.9153
8.8724
8.82523
8.77337
8.71782
8.65848
8.59523
8.52716
8.45545
8.38003
8.29585
8.21031
8.11988
8.025
7.92643
7.82457
7.71641
1.00037
1.00044
1.00201
1.00278
1.01269
1.01374
1.07791
1.03922
1.59616
1.63195
4.77304
9.18651
9.8415
9.64437
9.30992
9.16252
9.14174
9.14782
9.16014
9.16715
9.16889
9.17053
9.16969
9.16759
9.16339
9.15534
9.14345
9.12642
9.106
9.08177
9.05222
9.01961
8.9814
8.93967
8.89409
8.84399
8.79091
8.73427
8.67414
8.61048
8.54336
8.47196
8.39936
8.3188
8.23654
8.15098
8.06151
7.9686
7.87253
7.7703
1.00029
1.00028
1.00155
1.0016
1.00934
1.01103
1.06084
1.05636
1.4721
1.50405
4.24453
8.23723
9.91534
9.8153
9.52127
9.2917
9.2119
9.21206
9.2204
9.23318
9.236
9.23471
9.22944
9.22011
9.20971
9.19662
9.18137
9.16147
9.13802
9.11029
9.07823
9.04218
9.00189
8.95662
8.9086
8.85645
8.8024
8.74314
8.68191
8.61813
8.55137
8.48184
8.40926
8.33476
8.25455
8.17304
8.08824
8.00003
7.90899
7.8129
1.00021
1.00033
1.00135
1.002
1.00762
1.009
1.05295
1.03732
1.38323
1.34414
3.73852
7.17297
10.3682
10.2887
9.90663
9.49576
9.32685
9.30735
9.31682
9.32762
9.32543
9.31682
9.29744
9.27589
9.25552
9.23456
9.21113
9.18637
9.15816
9.1268
9.09197
9.0527
9.0103
8.96308
8.91307
8.85877
8.80411
8.74494
8.684
8.62101
8.55548
8.48758
8.41725
8.34448
8.26878
8.19106
8.11044
8.02688
7.94065
7.85074
1.00001
1.00042
1.00072
1.00164
1.00644
1.00629
1.03315
1.05485
1.26124
1.27375
3.08729
5.85828
10.6103
10.5389
10.0905
9.62634
9.44588
9.42212
9.42638
9.42489
9.41523
9.39122
9.35501
9.32081
9.29043
9.26129
9.23189
9.20068
9.16916
9.13276
9.0937
9.05215
9.00791
8.96013
8.90928
8.85572
8.80017
8.74199
8.68198
8.62023
8.55666
8.49098
8.42308
8.35287
8.28034
8.2055
8.12818
8.04835
7.96621
7.88079
1.00001
1.00009
1.00014
1.00005
0.999243
0.994012
0.989334
0.984451
0.859879
2.26477
2.38989
7.78798
10.4345
10.2195
9.7759
9.5507
9.48356
9.4842
9.48728
9.48205
9.46395
9.42624
9.3838
9.34377
9.30699
9.27166
9.23716
9.20073
9.16592
9.12755
9.08782
9.04551
9.00014
8.95212
8.90155
8.84876
8.79426
8.73776
8.67879
8.61811
8.55631
8.49275
8.42726
8.35999
8.29073
8.21931
8.14552
8.06946
7.99115
7.90972
0.999977
1.00084
1.00094
1.00495
1.00777
1.02863
1.02611
1.07368
1.22934
1.19382
3.02557
5.64903
10.5876
10.5226
10.1217
9.75717
9.61556
9.5843
9.56666
9.53294
9.48826
9.43803
9.39085
9.34664
9.30581
9.26738
9.22999
9.19333
9.15536
9.11729
9.07534
9.0318
8.98624
8.93861
8.88895
8.83742
8.78391
8.72989
8.6735
8.61449
8.55527
8.49435
8.43152
8.36657
8.29968
8.23086
8.15901
8.08713
8.01262
7.93526
0.999985
1.00047
1.00058
1.00283
1.0044
1.02024
1.00775
1.05533
1.13838
1.04816
3.00558
5.11747
11.0582
10.8352
10.3225
9.85923
9.66193
9.60363
9.57289
9.5293
9.47774
9.42407
9.3746
9.33031
9.28975
9.25239
9.21385
9.17682
9.1377
9.09841
9.05773
9.01516
8.97099
8.92521
8.87752
8.8278
8.77603
8.72289
8.6693
8.61254
8.55471
8.4963
8.43578
8.37362
8.30969
8.24363
8.17597
8.1058
8.03644
7.96219
0.999992
1.0004
1.00055
1.00233
1.00286
1.01396
1.01606
1.07863
1.08087
1.77522
1.89107
6.50119
10.8445
10.6244
10.1109
9.76654
9.60891
9.56015
9.53896
9.50384
9.45388
9.40033
9.35047
9.30609
9.26621
9.22947
9.19401
9.15892
9.12103
9.0841
9.04426
9.0031
8.95982
8.91494
8.86786
8.81942
8.76957
8.71835
8.6657
8.61202
8.55634
8.49886
8.44081
8.38055
8.31878
8.25487
8.1897
8.12198
8.05538
7.98426
1.00001
1.00029
1.00048
1.00172
1.00237
1.01182
1.02118
1.07595
1.05754
1.72818
1.74966
5.87867
10.7732
10.6405
10.1861
9.78227
9.58359
9.52403
9.50519
9.477
9.4319
9.37917
9.32841
9.28193
9.24252
9.20725
9.17415
9.14146
9.10758
9.0726
9.0356
8.9966
8.95575
8.91275
8.86796
8.82077
8.77181
8.72126
8.66908
8.61534
8.56012
8.50444
8.44745
8.38912
8.3293
8.26777
8.2047
8.13994
8.07399
8.00541
0.999995
1.0003
1.00043
1.00189
1.00285
1.01139
1.02005
1.06974
1.07511
1.69818
1.75057
5.82014
10.8045
10.6688
10.1938
9.75308
9.53612
9.47975
9.47305
9.45744
9.42247
9.37451
9.32653
9.28178
9.24183
9.20533
9.17187
9.13931
9.10629
9.07235
9.03664
8.99903
8.95935
8.9171
8.87342
8.82617
8.77762
8.72722
8.67507
8.62155
8.56626
8.51157
8.45457
8.39652
8.33746
8.27709
8.21533
8.15221
8.08781
8.02136
0.999986
1.00029
1.00039
1.00204
1.00347
1.0154
1.00614
1.05089
1.1276
1.03759
2.93238
4.96346
10.9615
10.6731
10.1233
9.67628
9.4889
9.4525
9.4524
9.4457
9.42505
9.38204
9.33497
9.29053
9.25003
9.21284
9.17902
9.14582
9.11292
9.07973
9.04537
9.00891
8.9704
8.92956
8.88626
8.8399
8.79103
8.73986
8.68662
8.6319
8.57572
8.51876
8.46197
8.40344
8.34461
8.28505
8.22465
8.16325
8.10089
8.03636
1.00003
1.00032
1.00042
1.00168
1.00219
1.00908
1.0173
1.07345
1.0672
1.69555
1.79214
5.54669
10.5115
10.4132
10.0368
9.67394
9.51337
9.48804
9.48758
9.48553
9.46656
9.4247
9.37159
9.32247
9.27848
9.23831
9.20133
9.16658
9.13291
9.0991
9.06445
9.02799
8.98962
8.94856
8.90463
8.85746
8.80739
8.75479
8.70004
8.64396
8.58686
8.52762
8.4695
8.41061
8.35141
8.29188
8.23224
8.17119
8.11046
8.04751
1.00006
1.00003
1.00052
1.00029
1.00435
1.01111
1.0149
1.0715
1.05849
1.64715
1.86715
5.36379
10.3186
10.3551
10.0553
9.69821
9.53904
9.5226
9.52641
9.52272
9.51121
9.47391
9.41889
9.36753
9.32116
9.27725
9.23756
9.19731
9.15979
9.12243
9.08437
9.0454
9.00495
8.96241
8.91748
8.86992
8.81964
8.76677
8.71163
8.65453
8.59639
8.53757
8.47715
8.41795
8.35867
8.29934
8.2399
8.18036
8.11974
8.05833
0.999992
1.00022
1.00031
1.00162
1.00265
1.01386
1.00264
1.04326
1.10789
1.01274
2.8157
4.52482
10.592
10.5393
10.171
9.76054
9.59465
9.5778
9.57826
9.57434
9.55592
9.51521
9.46148
9.40912
9.361
9.31567
9.27228
9.22966
9.18811
9.14666
9.10566
9.06384
9.02099
8.97683
8.93073
8.88249
8.83172
8.77831
8.72259
8.66491
8.60617
8.54659
8.48688
8.42754
8.36826
8.30919
8.25012
8.19106
8.13163
8.07127
1.00001
1.00028
1.00038
1.00185
1.00216
1.01085
1.01553
1.06441
1.08475
1.56005
1.61514
5.11594
10.0133
10.591
10.2925
9.86825
9.66633
9.64091
9.64119
9.63961
9.61737
9.56814
9.50539
9.44818
9.39588
9.34714
9.3009
9.2565
9.21292
9.16945
9.1261
9.08213
9.03749
8.99179
8.94477
8.89558
8.84461
8.79088
8.73513
8.67794
8.61924
8.55989
8.5003
8.44073
8.38184
8.32253
8.26367
8.20478
8.1457
8.08575
1.00001
1.0003
1.00042
1.0018
1.00238
1.01071
1.01119
1.06851
1.03082
1.56707
1.63886
4.8456
9.77107
10.877
10.5506
10.0004
9.72207
9.67682
9.67276
9.67212
9.64906
9.59712
9.5314
9.47353
9.42095
9.37227
9.32581
9.28099
9.23653
9.19205
9.14713
9.10196
9.05636
9.00984
8.96205
8.91256
8.86125
8.80762
8.7522
8.69489
8.63631
8.57699
8.51751
8.45819
8.39925
8.3404
8.28176
8.22305
8.16404
8.10399
1.00002
1.00028
1.00042
1.00169
1.00239
1.00971
1.01339
1.05648
1.06624
1.52935
1.565
4.90781
9.78004
10.9853
10.6188
10.013
9.71645
9.67697
9.67886
9.68599
9.66691
9.61941
9.55149
9.49354
9.44217
9.39688
9.35227
9.30895
9.26504
9.22035
9.175
9.12946
9.08257
9.03503
8.98614
8.93556
8.88304
8.82864
8.77251
8.71507
8.65658
8.5976
8.53843
8.47955
8.42092
8.36245
8.30397
8.24521
8.18593
8.12526
1.00001
1.00021
1.00028
1.00098
1.00125
1.00817
1.00776
1.06002
1.06273
1.54817
1.71567
4.97403
9.96812
10.9346
10.5777
9.99898
9.72964
9.69507
9.69708
9.70249
9.68161
9.62943
9.56289
9.50574
9.46141
9.41378
9.37396
9.33317
9.29044
9.24747
9.20202
9.15767
9.11232
9.06368
9.01386
8.96222
8.90856
8.85303
8.79597
8.73775
8.67929
8.6207
8.56211
8.50371
8.44564
8.38765
8.32945
8.27066
8.21094
8.14924
0.999998
1.00011
1.00023
0.998587
0.997028
0.998499
0.989286
1.02332
1.07872
0.97896
2.77361
4.30675
10.7196
10.8327
10.3883
9.9153
9.71786
9.69325
9.69666
9.69067
9.66855
9.6151
9.56007
9.51064
9.47046
9.43896
9.40223
9.36577
9.32616
9.28474
9.24058
9.19542
9.14815
9.10002
9.04812
8.99437
8.93857
8.881
8.8222
8.76298
8.7035
8.64445
8.58613
8.5284
8.47105
8.41373
8.356
8.29744
8.23759
8.17522
1.00001
1.00003
1.00007
0.99937
0.997923
0.998924
0.984725
1.01404
1.0636
0.96141
2.70548
4.03655
10.5693
10.7312
10.3089
9.8783
9.71948
9.70015
9.70182
9.69331
9.66615
9.61726
9.56657
9.51866
9.48039
9.45409
9.41988
9.38698
9.35168
9.3135
9.27246
9.23045
9.18307
9.13413
9.08138
9.02505
8.96656
8.90641
8.84622
8.78519
8.7251
8.66615
8.60815
8.5509
8.4941
8.43712
8.37963
8.32122
8.26142
8.19925
1
1.00003
1.00011
0.999133
0.997797
0.998623
0.986576
1.01789
1.07201
0.98074
2.78298
4.30277
10.9659
10.8584
10.3804
9.90365
9.7144
9.68731
9.68917
9.6836
9.66361
9.62279
9.57745
9.53569
9.50193
9.48183
9.4527
9.42472
9.3938
9.35875
9.31955
9.27757
9.22899
9.17654
9.12012
9.05989
8.99731
8.93311
8.86952
8.80656
8.74511
8.68543
8.62742
8.57068
8.51451
8.45834
8.40143
8.34319
8.28335
8.22129
1.00023
1.00019
1.00135
1.00155
1.0082
1.0108
1.04335
1.04609
1.02433
1.66602
1.59317
5.48227
10.3592
10.7881
10.3892
9.8841
9.65071
9.63887
9.64908
9.64359
9.62692
9.59626
9.55975
9.53079
9.50769
9.48681
9.46576
9.44261
9.41416
9.3816
9.33998
9.30346
9.25289
9.19846
9.14023
9.07804
9.01349
8.94818
8.88353
8.82091
8.75909
8.7002
8.64278
8.58662
8.53094
8.47493
8.4178
8.3591
8.29839
8.23471
1.00016
1.00012
1.00086
1.00102
1.00425
1.00532
1.02313
1.05605
1.07219
1.49452
1.65205
4.90218
9.9782
11.1978
10.731
10.0727
9.74386
9.68352
9.66978
9.65304
9.63273
9.60589
9.57623
9.55222
9.53573
9.51167
9.49454
9.47383
9.44599
9.41502
9.36968
9.33473
9.28195
9.22403
9.16289
9.09812
9.03144
8.96435
8.89849
8.83492
8.77335
8.71427
8.65708
8.60108
8.54543
8.48929
8.43191
8.37255
8.31069
8.24478
1.00016
1.00012
1.00089
1.00111
1.00448
1.00598
1.02148
1.03963
1.06885
1.51392
1.50036
4.99388
9.95589
11.3907
10.8714
10.1439
9.78353
9.70187
9.67504
9.65317
9.62352
9.59631
9.57171
9.553
9.53713
9.5197
9.50082
9.48302
9.45603
9.4258
9.3802
9.3445
9.29153
9.23269
9.1707
9.10536
9.03824
8.97125
8.90503
8.8432
8.7814
8.72234
8.66597
8.61018
8.5545
8.49811
8.44029
8.38083
8.31795
8.2514
2.93298
2.49197
3.12361
4.0851
4.00013
4.01559
3.96848
3.94884
3.94371
3.95594
3.99086
4.03732
4.07847
4.11639
4.15695
4.20355
4.25631
4.31393
4.37444
4.43591
4.49728
4.55674
4.61535
4.66777
4.71505
4.75574
4.79035
4.81963
4.84372
4.86303
4.8777
4.8882
4.89436
4.89616
4.89529
4.89187
4.88381
4.86984
4.85298
4.83338
4.81065
4.78503
4.75678
4.72626
4.69375
4.65944
4.62356
4.58638
4.54812
4.50902
4.46933
4.42931
4.38923
4.34934
4.30992
4.27124
4.23354
4.19703
4.16193
4.12841
4.0966
4.06662
4.03855
4.01246
3.9884
3.96641
3.94652
3.92877
3.9132
3.89987
3.8888
3.88008
3.87374
3.86968
3.86838
3.86862
3.86942
3.87129
3.87501
3.88103
3.88906
3.89789
3.90683
3.91538
3.92325
3.93018
3.93595
3.9403
3.94314
3.94356
3.94325
3.9422
3.93976
3.93624
3.93153
3.9262
3.92059
3.91498
3.91
3.90605
3.93616
3.52656
3.72329
4.13309
4.03244
3.99559
3.95414
3.9318
3.93244
3.94941
3.995
4.04527
4.0822
4.11531
4.15386
4.1993
4.25166
4.3089
4.36884
4.42972
4.49067
4.55054
4.60927
4.66192
4.70888
4.74991
4.78472
4.81444
4.83872
4.85816
4.87296
4.88342
4.88961
4.89096
4.89019
4.88726
4.88006
4.86558
4.84761
4.82766
4.8052
4.77987
4.75178
4.7214
4.68906
4.65493
4.61924
4.58226
4.54421
4.50533
4.46587
4.42608
4.38621
4.34655
4.30734
4.26885
4.23132
4.19496
4.15998
4.12654
4.0948
4.06485
4.0368
4.0107
3.98662
3.9646
3.94468
3.9269
3.91129
3.89793
3.88681
3.87808
3.87166
3.86767
3.86653
3.86681
3.86769
3.86965
3.87354
3.87935
3.88721
3.89599
3.90509
3.91391
3.92202
3.92923
3.93521
3.93972
3.9428
3.94349
3.94319
3.94214
3.93974
3.93628
3.93158
3.92624
3.9205
3.91493
3.90985
3.90791
4.97669
4.32514
4.15103
4.17375
4.1496
4.09078
4.0257
3.99185
3.98761
3.99322
4.01184
4.05076
4.0926
4.13163
4.172
4.2173
4.26844
4.32419
4.38262
4.44186
4.50072
4.55817
4.61355
4.66454
4.71022
4.75085
4.78422
4.81281
4.83631
4.85507
4.86921
4.87888
4.88457
4.88461
4.88368
4.88098
4.87429
4.86053
4.84111
4.81995
4.79707
4.77187
4.744
4.71379
4.68174
4.64779
4.61232
4.57561
4.53785
4.49929
4.46016
4.42071
4.3812
4.34188
4.30302
4.26485
4.22762
4.19156
4.15684
4.12363
4.09207
4.06227
4.03434
4.00834
3.98433
3.96236
3.94248
3.92471
3.90911
3.89573
3.88457
3.87587
3.86936
3.86526
3.8642
3.86452
3.86549
3.86759
3.8717
3.87713
3.88463
3.89318
3.90223
3.91117
3.91952
3.92695
3.93317
3.93791
3.94117
3.94248
3.94214
3.94118
3.93892
3.93543
3.9307
3.92541
3.91968
3.91418
3.90845
3.90773
5.52206
4.88585
4.52614
4.3608
4.31607
4.24679
4.16714
4.10613
4.07295
4.06897
4.07465
4.09289
4.13151
4.17507
4.21505
4.25535
4.2991
4.34752
4.39955
4.45358
4.50805
4.56175
4.61371
4.66225
4.70641
4.7448
4.77795
4.80606
4.82863
4.84687
4.86037
4.86952
4.87424
4.87402
4.87304
4.87036
4.86409
4.85106
4.83094
4.80864
4.78502
4.75977
4.73216
4.70217
4.67069
4.63721
4.60208
4.56581
4.52853
4.49045
4.45181
4.41286
4.37384
4.33501
4.29664
4.25894
4.22217
4.18652
4.15217
4.1193
4.08805
4.05852
4.03082
4.00502
3.98118
3.95936
3.9396
3.92195
3.90643
3.89312
3.88199
3.8732
3.86669
3.8624
3.86137
3.86168
3.86265
3.8648
3.86884
3.87373
3.88068
3.88871
3.89744
3.90612
3.91451
3.9221
3.92858
3.93368
3.93735
3.9393
3.93905
3.93823
3.93648
3.93351
3.92904
3.92387
3.91807
3.913
3.90679
3.90675
5.88112
5.3261
4.92407
4.68083
4.54908
4.44401
4.34577
4.26334
4.20728
4.17937
4.17818
4.18296
4.19777
4.2292
4.26727
4.30486
4.34312
4.38431
4.42892
4.47614
4.52457
4.57307
4.6201
4.66449
4.70564
4.74181
4.77307
4.79936
4.82083
4.83773
4.85007
4.85823
4.8615
4.8612
4.86001
4.85703
4.85063
4.83782
4.81828
4.79538
4.77103
4.74537
4.71783
4.68835
4.65711
4.62405
4.58951
4.55377
4.51702
4.4795
4.44143
4.40307
4.36466
4.32645
4.28868
4.25159
4.2154
4.18031
4.14651
4.11414
4.08336
4.05427
4.02696
4.00153
3.97803
3.95651
3.93703
3.91962
3.9043
3.89113
3.88012
3.87131
3.86473
3.86028
3.85885
3.85912
3.85999
3.86191
3.8657
3.87037
3.87651
3.88367
3.89155
3.89943
3.90763
3.91515
3.92166
3.927
3.931
3.93348
3.93347
3.93306
3.93186
3.92931
3.92525
3.92049
3.91507
3.90992
3.90442
3.90415
6.15931
5.69237
5.30013
5.00831
4.81057
4.6654
4.54646
4.44748
4.37188
4.32198
4.29683
4.29365
4.29678
4.30745
4.33081
4.36258
4.39574
4.42975
4.46554
4.50407
4.54444
4.58567
4.62657
4.66609
4.70346
4.73653
4.76553
4.79014
4.81018
4.82571
4.83683
4.84384
4.84587
4.84548
4.84412
4.84087
4.83404
4.82082
4.80194
4.77927
4.75464
4.72861
4.70103
4.67183
4.64096
4.60848
4.57457
4.53946
4.50338
4.46653
4.42917
4.39153
4.35386
4.31639
4.27936
4.24301
4.20755
4.17316
4.14003
4.10831
4.07813
4.04961
4.02284
3.99791
3.97488
3.9538
3.93471
3.91765
3.90265
3.88973
3.87889
3.87015
3.86353
3.85898
3.85686
3.85704
3.85772
3.8593
3.86227
3.86642
3.87163
3.87768
3.88432
3.89121
3.89853
3.90557
3.91181
3.9172
3.92124
3.92417
3.92527
3.925
3.92412
3.92217
3.91907
3.91488
3.91002
3.90529
3.90054
3.90052
6.38919
5.99546
5.63428
5.32653
5.08619
4.90607
4.76469
4.64931
4.55674
4.48736
4.44129
4.41671
4.40886
4.41008
4.41552
4.42872
4.45267
4.47784
4.50591
4.53597
4.568
4.60166
4.6352
4.66917
4.70164
4.73146
4.75759
4.7799
4.79837
4.81245
4.82223
4.82798
4.82875
4.82826
4.82668
4.82297
4.81526
4.80178
4.78344
4.76138
4.73691
4.71076
4.68315
4.65407
4.62354
4.59156
4.55827
4.52382
4.48844
4.45233
4.41573
4.37888
4.34202
4.30537
4.26918
4.23366
4.19902
4.16545
4.13312
4.10216
4.07272
4.04492
4.01883
3.99455
3.97213
3.95163
3.93306
3.91648
3.90189
3.88929
3.87867
3.87005
3.86338
3.8587
3.85582
3.85577
3.85611
3.85711
3.85924
3.8625
3.86663
3.87146
3.87666
3.88216
3.88842
3.89454
3.90013
3.9052
3.90917
3.9122
3.91424
3.91409
3.91358
3.91249
3.91025
3.9067
3.90257
3.89849
3.8948
3.89495
6.58589
6.25124
5.9235
5.62111
5.365
5.1584
4.9927
4.85848
4.74977
4.66377
4.59938
4.55548
4.52905
4.51509
4.51071
4.51191
4.5168
4.52818
4.54775
4.56875
4.59268
4.61868
4.64531
4.67276
4.69981
4.72515
4.7488
4.76823
4.78493
4.79753
4.806
4.81039
4.8103
4.80965
4.80778
4.8035
4.79477
4.78096
4.76287
4.74146
4.71749
4.69159
4.66411
4.63521
4.60497
4.57343
4.54069
4.5069
4.47223
4.4369
4.40111
4.36511
4.32912
4.29338
4.25811
4.22352
4.1898
4.15715
4.12572
4.09562
4.06706
4.0401
4.01482
3.99132
3.96963
3.94983
3.9319
3.91587
3.90178
3.88958
3.87927
3.87079
3.86412
3.85924
3.85593
3.85475
3.85489
3.85545
3.85672
3.85875
3.86175
3.86492
3.86837
3.87272
3.87742
3.88225
3.88686
3.89119
3.89489
3.89775
3.89991
3.90056
3.90033
3.89962
3.898
3.89554
3.89231
3.88905
3.88661
3.88689
6.75717
6.47006
6.17654
5.88815
5.62945
5.40848
5.22509
5.07358
4.94838
4.84596
4.76431
4.70218
4.65747
4.6269
4.60716
4.59511
4.58934
4.5899
4.59298
4.60089
4.61682
4.63457
4.6551
4.67673
4.69825
4.71885
4.73932
4.75588
4.77034
4.78131
4.7885
4.79147
4.79126
4.79035
4.78801
4.78295
4.77318
4.75917
4.74129
4.72042
4.69708
4.67168
4.64453
4.61588
4.58592
4.55475
4.5225
4.48931
4.45535
4.4208
4.38585
4.35075
4.31569
4.28092
4.24663
4.21304
4.18033
4.14869
4.11826
4.08922
4.06161
4.03559
4.01122
3.98859
3.96773
3.94868
3.93148
3.91613
3.90255
3.89079
3.88079
3.8725
3.86581
3.86073
3.85705
3.85478
3.85411
3.85426
3.8547
3.85568
3.85695
3.85855
3.8608
3.86341
3.86639
3.86961
3.87298
3.87635
3.87947
3.88195
3.88385
3.88504
3.8849
3.88446
3.88358
3.88193
3.87955
3.87716
3.87592
3.87634
6.91127
6.6616
6.39982
6.13112
5.87646
5.6491
5.45359
5.28748
5.14696
5.02917
4.93148
4.85225
4.78994
4.74231
4.70658
4.68024
4.66116
4.64867
4.64091
4.64093
4.6429
4.64905
4.66198
4.67783
4.69531
4.71129
4.72853
4.74236
4.7544
4.76359
4.76954
4.77133
4.77103
4.7699
4.76714
4.76139
4.75083
4.73663
4.71894
4.69857
4.67584
4.65099
4.6243
4.596
4.56634
4.53554
4.50375
4.47114
4.43787
4.4041
4.37002
4.33583
4.30175
4.26798
4.23473
4.20219
4.17056
4.14001
4.11067
4.08269
4.05616
4.03117
4.00781
3.98614
3.9662
3.94801
3.93159
3.91689
3.90396
3.89264
3.883
3.87492
3.86823
3.86293
3.85892
3.85588
3.8541
3.85339
3.8527
3.85267
3.85291
3.85331
3.85382
3.85463
3.85567
3.85725
3.85923
3.8614
3.86347
3.86527
3.8667
3.86776
3.86775
3.86756
3.86705
3.8659
3.86434
3.86274
3.86249
3.86308
7.05209
6.8324
6.59712
6.34794
6.10287
5.87533
5.67226
5.49479
5.34142
5.20954
5.09689
5.00179
4.92319
4.85906
4.80723
4.76593
4.73336
4.70803
4.68927
4.67728
4.67014
4.67019
4.67195
4.67748
4.68925
4.7015
4.71548
4.72723
4.73705
4.74451
4.74924
4.74998
4.7496
4.74828
4.74517
4.73877
4.72768
4.7133
4.69589
4.67607
4.65401
4.62981
4.60365
4.5758
4.54653
4.51612
4.48477
4.45271
4.42009
4.38708
4.35387
4.32063
4.28755
4.25484
4.22269
4.19128
4.16079
4.13139
4.10321
4.07638
4.05099
4.02713
4.00487
3.98425
3.96529
3.94803
3.93244
3.9185
3.90619
3.89543
3.8861
3.87824
3.8716
3.86601
3.86163
3.85818
3.85508
3.85315
3.85164
3.85042
3.84943
3.84853
3.84756
3.84695
3.84649
3.84629
3.84648
3.84721
3.84788
3.8487
3.84937
3.84995
3.84993
3.84968
3.84914
3.84828
3.84705
3.84654
3.84657
3.84751
7.18257
6.98655
6.77254
6.54055
6.30611
6.08217
5.87584
5.69064
5.52663
5.3824
5.2565
5.14655
5.05307
4.97442
4.90724
4.85106
4.8048
4.7673
4.73734
4.71476
4.69845
4.68811
4.68303
4.68327
4.68499
4.68985
4.69993
4.70953
4.71766
4.7238
4.72733
4.72727
4.72675
4.72526
4.72188
4.71499
4.7036
4.68915
4.67211
4.65284
4.63141
4.60784
4.58227
4.55494
4.52614
4.4962
4.46539
4.43392
4.40197
4.36974
4.33739
4.30512
4.27308
4.24147
4.21044
4.18021
4.15094
4.12277
4.09582
4.07022
4.04605
4.02338
4.00227
3.98277
3.96488
3.9486
3.9339
3.92076
3.90914
3.89889
3.88996
3.88233
3.87575
3.87006
3.86494
3.86083
3.85728
3.85421
3.8515
3.84905
3.84672
3.84458
3.84247
3.84013
3.8381
3.83669
3.83527
3.83427
3.83354
3.83307
3.83272
3.83243
3.83181
3.83122
3.83032
3.82951
3.82852
3.82845
3.82856
3.82981
7.30185
7.12507
6.92782
6.71007
6.48576
6.26665
6.06015
5.87004
5.69792
5.54369
5.40643
5.28416
5.17749
5.08545
5.00402
4.93462
4.87587
4.82674
4.78599
4.75301
4.72699
4.70773
4.6947
4.68629
4.68293
4.68324
4.68501
4.68943
4.69596
4.70119
4.70339
4.7032
4.70246
4.70062
4.69673
4.68911
4.67787
4.66373
4.6474
4.62883
4.60807
4.58519
4.56024
4.53348
4.50524
4.47588
4.44564
4.4148
4.38357
4.35216
4.32074
4.28948
4.25855
4.22807
4.19829
4.16933
4.14134
4.11447
4.08882
4.06451
4.04163
4.02021
4.00033
3.982
3.96522
3.94998
3.93623
3.92391
3.91304
3.90329
3.89474
3.88749
3.88086
3.8746
3.86943
3.86475
3.86039
3.85633
3.8525
3.84885
3.84535
3.8419
3.83843
3.83485
3.83146
3.82849
3.82562
3.82304
3.82084
3.81894
3.81735
3.8159
3.81446
3.81311
3.81156
3.81057
3.80927
3.80928
3.80946
3.81095
7.4101
7.246
7.06231
6.85656
6.64146
6.42786
6.22289
6.03069
5.85325
5.69146
5.5449
5.41293
5.29514
5.1903
5.09761
5.01672
4.94652
4.88624
4.83505
4.79226
4.75713
4.72924
4.70643
4.69214
4.68131
4.67491
4.67228
4.67242
4.67336
4.67568
4.67751
4.67727
4.6764
4.67433
4.67005
4.66189
4.65086
4.63737
4.6217
4.60374
4.58361
4.56138
4.5372
4.5111
4.4836
4.45497
4.42551
4.39543
4.36501
4.3345
4.30406
4.27385
4.24405
4.21481
4.18629
4.15864
4.13199
4.10647
4.0822
4.05926
4.03773
4.01765
3.99906
3.98198
3.96634
3.95219
3.93942
3.92797
3.91782
3.90863
3.90047
3.89344
3.88679
3.88036
3.87479
3.86957
3.86448
3.85954
3.85469
3.84991
3.84521
3.84056
3.83572
3.83089
3.82628
3.82178
3.81747
3.81345
3.80971
3.80635
3.80334
3.80061
3.79812
3.79578
3.79325
3.79183
3.78991
3.78973
3.78984
3.79125
7.50062
7.34879
7.17588
6.98039
6.77397
6.56641
6.36426
6.17185
5.99159
5.8246
5.67136
5.53171
5.40505
5.29059
5.18822
5.09707
5.01667
4.94637
4.8854
4.83319
4.78903
4.7521
4.72197
4.69887
4.68129
4.66814
4.6598
4.65493
4.65216
4.65134
4.65081
4.64976
4.64802
4.64539
4.64029
4.63244
4.62236
4.60968
4.59468
4.57752
4.55815
4.53672
4.51328
4.48811
4.46143
4.43366
4.40507
4.37585
4.34634
4.3168
4.28743
4.25837
4.22979
4.20184
4.17465
4.14839
4.12316
4.09908
4.07625
4.05475
4.03463
4.01593
3.99869
3.98285
3.96844
3.95542
3.94365
3.93309
3.92365
3.91504
3.90727
3.90039
3.89375
3.88717
3.88114
3.87541
3.86963
3.86384
3.858
3.85217
3.84633
3.84041
3.83446
3.82825
3.82228
3.81659
3.81077
3.80527
3.80008
3.79528
3.79082
3.78668
3.78291
3.77947
3.77606
3.77355
3.77081
3.77012
3.77013
3.77143
7.57943
7.4344
7.26989
7.08363
6.88526
6.68411
6.48642
6.29573
6.11472
5.94493
5.78718
5.6417
5.50817
5.38631
5.27574
5.17597
5.08663
5.00727
4.9372
4.87582
4.82284
4.77761
4.73991
4.7088
4.68362
4.6642
4.64952
4.63894
4.63171
4.62682
4.62329
4.62054
4.61797
4.61413
4.60873
4.60192
4.59255
4.58069
4.56652
4.55
4.53144
4.51081
4.48835
4.46407
4.43847
4.41168
4.38414
4.35592
4.32747
4.29903
4.2708
4.24296
4.21566
4.18905
4.16329
4.1385
4.11478
4.09222
4.07092
4.05092
4.03229
4.01504
3.99919
3.9847
3.97155
3.95967
3.94896
3.93926
3.93053
3.92247
3.91512
3.90836
3.9016
3.89472
3.88852
3.88218
3.87563
3.86905
3.86231
3.8553
3.84843
3.84135
3.83379
3.82671
3.81956
3.81221
3.80507
3.79816
3.79153
3.78527
3.77934
3.77387
3.76872
3.76403
3.75947
3.75598
3.75237
3.75087
3.75046
3.75163
7.64245
7.50355
7.34695
7.16919
6.97926
6.78503
6.59202
6.40428
6.22422
6.05352
5.8932
5.74383
5.60542
5.47769
5.3605
5.25348
5.15626
5.06843
4.98997
4.92047
4.85933
4.80614
4.76032
4.72139
4.68928
4.66295
4.64149
4.62509
4.6132
4.60411
4.59766
4.59237
4.58779
4.58267
4.57696
4.5701
4.56087
4.54973
4.53642
4.52092
4.50327
4.48364
4.46214
4.43903
4.41452
4.38887
4.36243
4.33545
4.3082
4.28097
4.25402
4.22752
4.20164
4.17649
4.15226
4.12905
4.10696
4.08602
4.06632
4.04791
4.03084
4.01512
4.00069
3.9876
3.97575
3.96501
3.95534
3.94655
3.93836
3.93094
3.92402
3.91698
3.91002
3.90333
3.89652
3.88953
3.88225
3.87472
3.86718
3.8592
3.85082
3.84273
3.83433
3.82571
3.81708
3.80847
3.79998
3.79166
3.78361
3.7759
3.76857
3.7617
3.75523
3.74935
3.74351
3.73907
3.7346
3.73207
3.73104
3.73204
7.69227
7.56091
7.41123
7.24162
7.05934
6.87185
6.68438
6.5004
6.32248
6.15226
5.99073
5.83887
5.69682
5.56462
5.44192
5.3287
5.22479
5.13003
5.04415
4.96691
4.89788
4.8368
4.78332
4.73703
4.69751
4.66407
4.63664
4.61342
4.59596
4.58241
4.57177
4.56401
4.55763
4.55104
4.54456
4.53718
4.5283
4.5176
4.50491
4.49018
4.47345
4.45484
4.43441
4.41246
4.38924
4.36486
4.33973
4.31417
4.28828
4.26244
4.23693
4.21193
4.18759
4.164
4.14139
4.11994
4.09954
4.08033
4.06234
4.04561
4.03019
4.01604
4.00317
3.99152
3.98099
3.9714
3.96274
3.95476
3.94716
3.94025
3.93342
3.92625
3.91932
3.91222
3.90486
3.8972
3.88915
3.8807
3.87205
3.86321
3.85381
3.84433
3.83463
3.82478
3.81488
3.80496
3.79511
3.78543
3.77601
3.7669
3.75822
3.75001
3.74227
3.73511
3.72841
3.72262
3.71722
3.71382
3.71208
3.71285
7.73245
7.60983
7.4668
7.3039
7.12828
6.94685
6.76487
6.58524
6.41016
6.24131
6.08005
5.92696
5.78253
5.6469
5.51998
5.40174
5.29212
5.19108
5.09851
5.01427
4.93825
4.87004
4.80933
4.75583
4.7092
4.66897
4.63485
4.60593
4.58266
4.56391
4.55007
4.53855
4.52875
4.52025
4.51224
4.50394
4.49472
4.48413
4.47189
4.45787
4.44202
4.42442
4.40515
4.38443
4.3626
4.33965
4.31589
4.29194
4.26765
4.24322
4.21939
4.19609
4.17351
4.1516
4.13058
4.11109
4.09271
4.07524
4.05897
4.044
4.03031
4.01783
4.00653
3.99633
3.98711
3.9787
3.97095
3.9637
3.9567
3.94987
3.94315
3.93609
3.92863
3.92106
3.91316
3.90474
3.89571
3.88639
3.87689
3.86674
3.85626
3.84559
3.83464
3.82355
3.81236
3.80117
3.79004
3.77908
3.76839
3.75799
3.74806
3.7386
3.72972
3.72136
3.71363
3.70677
3.70054
3.6962
3.69371
3.69441
7.76929
7.6489
7.51303
7.3563
7.1877
7.01348
6.83697
6.66154
6.48945
6.3225
6.16193
6.00848
5.86269
5.7247
5.5946
5.47242
5.3582
5.25192
5.15362
5.06315
4.98046
4.90541
4.8378
4.77724
4.72391
4.6767
4.63637
4.60173
4.57261
4.54945
4.52995
4.51415
4.50121
4.49021
4.48033
4.47079
4.46088
4.45007
4.438
4.42448
4.40938
4.39271
4.37458
4.3551
4.33473
4.31335
4.29098
4.26892
4.24633
4.22345
4.20147
4.18003
4.15927
4.13924
4.12044
4.10243
4.08556
4.07071
4.05622
4.04297
4.03104
4.02031
4.01062
4.00187
3.99394
3.98662
3.97967
3.97302
3.96651
3.95972
3.9529
3.94572
3.93774
3.92955
3.92095
3.91166
3.90173
3.89141
3.88082
3.86972
3.85808
3.84616
3.83405
3.82179
3.80942
3.79704
3.78474
3.77259
3.76071
3.74915
3.73808
3.72748
3.7175
3.70809
3.69939
3.69155
3.68466
3.67929
3.67614
3.67682
7.80261
7.68633
7.55535
7.40554
7.24173
7.07245
6.90094
6.72984
6.56119
6.39661
6.23744
6.08443
5.938
5.79841
5.66588
5.54047
5.42227
5.3114
5.20791
5.11187
5.02327
4.94213
4.86822
4.80141
4.74144
4.6882
4.64137
4.60097
4.56624
4.53702
4.51281
4.49282
4.47614
4.46203
4.44974
4.43842
4.42737
4.41596
4.40375
4.39048
4.37599
4.36023
4.3431
4.32483
4.3058
4.28627
4.2656
4.24471
4.22407
4.20343
4.18318
4.16356
4.145
4.12698
4.10963
4.09402
4.07966
4.066
4.05356
4.04233
4.03225
4.02327
4.01516
4.00783
4.00115
3.99478
3.98855
3.98228
3.97609
3.96952
3.96206
3.95447
3.9462
3.93723
3.92785
3.91764
3.9066
3.89553
3.88393
3.87154
3.85882
3.84585
3.83268
3.81933
3.80591
3.79248
3.77913
3.76595
3.75303
3.74044
3.72833
3.71673
3.70571
3.69537
3.68577
3.67707
3.66942
3.66347
3.65954
3.66012
7.83402
7.72155
7.59407
7.44801
7.28996
7.12562
6.95874
6.79187
6.62675
6.46498
6.30755
6.15528
6.00876
5.86828
5.73394
5.60592
5.48444
5.36966
5.26175
5.16083
5.06696
4.98006
4.90016
4.82722
4.7613
4.70202
4.64953
4.60345
4.56357
4.52851
4.49914
4.47448
4.45383
4.43622
4.42105
4.40754
4.39489
4.38252
4.36978
4.35647
4.34246
4.32747
4.31125
4.29391
4.27652
4.2583
4.23945
4.22053
4.20174
4.183
4.16464
4.14699
4.13032
4.11474
4.09946
4.08572
4.07313
4.06163
4.05129
4.04206
4.03381
4.02657
4.02004
4.01387
4.00841
4.00303
3.99709
3.99126
3.98506
3.97816
3.97064
3.9624
3.95345
3.94378
3.93329
3.92228
3.91068
3.89839
3.88562
3.87236
3.85875
3.84486
3.83075
3.81648
3.80213
3.78776
3.77348
3.75937
3.74551
3.73201
3.71897
3.70646
3.69453
3.68332
3.67297
3.66337
3.65509
3.64865
3.64413
3.64449
7.86356
7.75537
7.63161
7.48986
7.33603
7.17574
7.01272
6.84927
6.68733
6.52806
6.37246
6.22121
6.07484
5.93368
5.79787
5.66766
5.54336
5.42522
5.31347
5.20825
5.10972
5.01798
4.93305
4.85494
4.78356
4.71888
4.66075
4.60899
4.56344
4.52344
4.48904
4.45944
4.43433
4.41313
4.39475
4.3786
4.36401
4.35023
4.33675
4.32327
4.30958
4.29479
4.27923
4.26358
4.24726
4.23039
4.21337
4.1961
4.17919
4.16251
4.14564
4.13045
4.11628
4.10205
4.08914
4.07739
4.06683
4.05742
4.04909
4.04189
4.03548
4.02986
4.02497
4.02008
4.01528
4.01056
4.00524
3.99958
3.99315
3.98588
3.97802
3.96913
3.95932
3.94895
3.93788
3.92587
3.91327
3.90014
3.88651
3.87245
3.85802
3.84331
3.82837
3.81329
3.79813
3.78297
3.76789
3.75298
3.73833
3.72404
3.71021
3.69688
3.68412
3.67216
3.66119
3.65055
3.64197
3.6345
3.62995
3.63017
7.89005
7.7853
7.66491
7.52719
7.37774
7.2219
7.063
6.90343
6.74457
6.58758
6.43359
6.2832
6.13695
5.99522
5.85824
5.72628
5.59969
5.47878
5.36381
5.25497
5.15244
5.05639
4.96683
4.8838
4.80732
4.73739
4.67398
4.61693
4.56617
4.52155
4.48176
4.44768
4.41825
4.39281
4.37096
4.3519
4.33492
4.31955
4.30504
4.29103
4.27707
4.26285
4.24825
4.23344
4.21834
4.2027
4.18733
4.17202
4.15634
4.14172
4.12792
4.11422
4.10144
4.08959
4.07883
4.06919
4.0607
4.05344
4.04718
4.04184
4.03744
4.03328
4.02935
4.02572
4.02184
4.01762
4.01257
4.00682
4.00027
3.99249
3.98391
3.97486
3.96423
3.95304
3.94105
3.92834
3.91501
3.90116
3.88682
3.87205
3.85694
3.84154
3.82594
3.81018
3.79436
3.77853
3.76277
3.74718
3.73183
3.71679
3.70226
3.68819
3.67464
3.662
3.65048
3.63887
3.62973
3.62172
3.61675
3.61702
7.91439
7.8118
7.69545
7.56203
7.41709
7.2657
7.11083
6.95442
6.79854
6.644
6.4915
6.34188
6.19571
6.05344
5.91536
5.78187
5.6533
5.53003
5.41231
5.3004
5.19449
5.09463
5.00103
4.91374
4.83286
4.75834
4.69007
4.62805
4.57209
4.52213
4.47764
4.43869
4.4047
4.37527
4.34968
4.32752
4.30806
4.29086
4.27503
4.26034
4.24605
4.23212
4.21812
4.20409
4.19024
4.17587
4.16149
4.14833
4.13484
4.12189
4.10952
4.0979
4.08723
4.07754
4.06887
4.06141
4.055
4.04973
4.04562
4.04208
4.03892
4.03639
4.03378
4.03095
4.02769
4.02379
4.01901
4.013
4.00601
3.99843
3.9892
3.9791
3.96807
3.95623
3.94364
3.93031
3.91636
3.90191
3.88699
3.87163
3.85593
3.83995
3.82378
3.80745
3.79105
3.77464
3.75829
3.7421
3.72614
3.71048
3.69531
3.68055
3.6664
3.65304
3.6407
3.62868
3.61862
3.61031
3.60462
3.6049
7.93344
7.8346
7.72092
7.59126
7.45084
7.30414
7.15397
7.00218
6.84945
6.69705
6.54594
6.39698
6.25085
6.10806
5.96904
5.83426
5.70409
5.57889
5.45896
5.34441
5.23547
5.13245
5.03536
4.94426
4.8592
4.78021
4.70734
4.64052
4.57976
4.5249
4.47603
4.43228
4.39379
4.36007
4.33074
4.3052
4.28297
4.26358
4.24627
4.23043
4.21612
4.2021
4.18848
4.17534
4.16249
4.14965
4.13706
4.12482
4.11347
4.10252
4.09199
4.08223
4.07362
4.06606
4.05951
4.05411
4.04984
4.04657
4.04426
4.04234
4.04079
4.03944
4.03771
4.03549
4.03295
4.02932
4.02454
4.01853
4.01149
4.00307
3.99343
3.98292
3.97145
3.95907
3.94597
3.9321
3.9176
3.90271
3.88734
3.87148
3.8553
3.83884
3.82219
3.80539
3.7885
3.77159
3.75474
3.738
3.72147
3.70524
3.68945
3.67406
3.65933
3.64527
3.63208
3.61977
3.60887
3.60007
3.59357
3.59386
7.9505
7.8536
7.74309
7.61739
7.48138
7.33927
7.19345
7.04514
6.89556
6.74557
6.59608
6.44796
6.30202
6.15888
6.01911
5.88325
5.75175
5.62496
5.50313
5.38655
5.27535
5.16959
5.06942
4.97492
4.88618
4.80334
4.72641
4.65527
4.58999
4.53042
4.47659
4.42812
4.385
4.34695
4.31367
4.28473
4.25956
4.23773
4.21864
4.20176
4.18658
4.17286
4.15976
4.14688
4.13527
4.12391
4.11296
4.10261
4.09283
4.08372
4.07536
4.06732
4.06055
4.05555
4.05109
4.04773
4.04547
4.04402
4.04327
4.04301
4.0428
4.04238
4.04154
4.04001
4.03779
4.03442
4.02962
4.0235
4.01631
4.00774
3.99742
3.98662
3.9748
3.96204
3.94853
3.93422
3.91927
3.9039
3.88857
3.87208
3.85544
3.83858
3.82152
3.80426
3.78691
3.76951
3.75218
3.73493
3.71788
3.70111
3.68473
3.66878
3.65343
3.63873
3.62486
3.61197
3.60043
3.591
3.58369
3.584
7.9635
7.86895
7.76151
7.63948
7.50765
7.36985
7.22821
7.08385
6.93742
6.78978
6.64189
6.49467
6.34899
6.20567
6.06536
5.92867
5.79612
5.66803
5.5447
5.42638
5.31315
5.20512
5.10236
5.00499
4.91303
4.82643
4.74548
4.67017
4.60049
4.53656
4.47827
4.42546
4.37807
4.33588
4.29867
4.26606
4.2377
4.21325
4.19216
4.17374
4.1579
4.14395
4.131
4.11895
4.10852
4.09867
4.08945
4.08087
4.07292
4.06578
4.05935
4.05352
4.04865
4.04569
4.04374
4.04216
4.04206
4.04225
4.04285
4.04413
4.04519
4.04527
4.04509
4.04444
4.04288
4.03965
4.03458
4.02839
4.0213
4.01208
4.00161
3.99063
3.97852
3.96543
3.95165
3.93697
3.92172
3.90596
3.89032
3.87343
3.85641
3.83916
3.82171
3.80405
3.78628
3.76841
3.75057
3.73283
3.71527
3.69795
3.681
3.66449
3.6485
3.63321
3.61874
3.6052
3.59321
3.58282
3.57492
3.57518
7.97709
7.88336
7.778
7.65874
7.53011
7.39578
7.25781
7.11696
6.97371
6.82865
6.68253
6.53642
6.39127
6.24798
6.10739
5.9702
5.83694
5.70798
5.58361
5.46398
5.34919
5.23928
5.13429
5.03432
4.93938
4.84968
4.76509
4.686
4.61241
4.54426
4.48158
4.42433
4.37254
4.32609
4.28485
4.24862
4.21702
4.18988
4.16655
4.14657
4.12995
4.11545
4.10233
4.09156
4.08219
4.07382
4.06638
4.05972
4.05364
4.04856
4.04423
4.04026
4.03774
4.03716
4.03722
4.03767
4.03886
4.04141
4.04389
4.04621
4.04804
4.0491
4.04908
4.04877
4.04772
4.04523
4.0405
4.03401
4.02591
4.01699
4.0068
3.99542
3.98305
3.96975
3.95562
3.94067
3.92513
3.90946
3.89281
3.87574
3.85838
3.84074
3.82284
3.80474
3.7865
3.76818
3.74987
3.73161
3.71353
3.6957
3.67819
3.66113
3.64457
3.62864
3.61371
3.59933
3.58692
3.57582
3.56721
3.56746
7.99051
7.89833
7.79427
7.67673
7.55014
7.4183
7.28312
7.14521
7.0047
6.86195
6.7176
6.57267
6.42801
6.28488
6.1442
6.00674
5.87308
5.74359
5.61851
5.49795
5.38199
5.27063
5.16391
5.06184
4.96449
4.87192
4.7843
4.70171
4.62428
4.55212
4.48537
4.42401
4.36806
4.31755
4.2724
4.23248
4.19757
4.16764
4.14173
4.12033
4.10235
4.0868
4.07427
4.06418
4.05582
4.04903
4.0434
4.03877
4.03472
4.03174
4.02942
4.02801
4.02808
4.02883
4.0309
4.03439
4.03797
4.04181
4.04555
4.04894
4.05158
4.05351
4.05387
4.05371
4.05299
4.05111
4.04707
4.03992
4.03205
4.02295
4.01256
4.00104
3.98837
3.97486
3.96045
3.94554
3.92966
3.91322
3.89628
3.87889
3.8611
3.84301
3.82465
3.80608
3.78736
3.76857
3.74977
3.73101
3.71242
3.69406
3.67605
3.65845
3.64134
3.62488
3.60926
3.59451
3.58131
3.56976
3.56045
3.5606
8.00636
7.91554
7.81236
7.69522
7.56914
7.43836
7.30481
7.16892
7.03054
6.88974
6.74695
6.60293
6.45905
6.31631
6.17581
6.03841
5.90471
5.77508
5.64972
5.52869
5.41196
5.29947
5.19132
5.08744
4.9879
4.89284
4.80237
4.71666
4.63585
4.56011
4.48955
4.42428
4.36441
4.30997
4.26107
4.21756
4.17934
4.14644
4.11808
4.09474
4.07521
4.05899
4.04633
4.03673
4.02943
4.02422
4.02049
4.01786
4.01596
4.015
4.01514
4.01592
4.01803
4.0224
4.02725
4.03253
4.03791
4.0431
4.04811
4.05272
4.05622
4.05891
4.05993
4.05985
4.05932
4.05781
4.05424
4.04734
4.0392
4.02991
4.01943
4.00768
3.99478
3.98107
3.96652
3.95121
3.93485
3.91801
3.90066
3.88281
3.86455
3.84597
3.82713
3.80807
3.78886
3.76956
3.75028
3.731
3.71193
3.69303
3.67459
3.65639
3.63884
3.62183
3.60564
3.5904
3.57639
3.56464
3.55444
3.55467
8.02528
7.9358
7.83257
7.71454
7.58756
7.45649
7.3234
7.1885
7.05149
6.91213
6.7706
6.62775
6.48466
6.34254
6.20251
6.06547
5.93202
5.8025
5.67708
5.55575
5.43847
5.3252
5.21582
5.11047
5.00909
4.91184
4.81889
4.73042
4.64661
4.56763
4.49368
4.4249
4.36145
4.30341
4.25089
4.20395
4.16251
4.12658
4.09573
4.0701
4.04893
4.03178
4.01866
4.00941
4.0031
3.99924
3.99752
3.99689
3.99703
3.99779
3.99996
4.00448
4.01076
4.01729
4.0241
4.03127
4.03854
4.04554
4.05196
4.05777
4.06215
4.0654
4.06718
4.06724
4.06676
4.06546
4.06229
4.05572
4.04726
4.0378
4.02713
4.01505
4.00185
3.98785
3.97328
3.95725
3.94049
3.92324
3.90539
3.88704
3.86828
3.84917
3.82983
3.81026
3.79051
3.77075
3.75101
3.73123
3.7117
3.69227
3.67348
3.65464
3.63685
3.61904
3.60261
3.58686
3.5722
3.56006
3.54908
3.54939
8.04694
7.95873
7.85479
7.73496
7.60627
7.47402
7.3404
7.20561
7.06926
6.93083
6.79041
6.64851
6.50624
6.36481
6.22537
6.08883
5.95577
5.82653
5.70119
5.57974
5.46205
5.34809
5.2377
5.13089
5.02797
4.92877
4.83358
4.74264
4.65616
4.57433
4.49738
4.42547
4.35883
4.29758
4.24184
4.19171
4.14718
4.10837
4.07494
4.04698
4.02401
4.00554
3.99212
3.9829
3.97739
3.97512
3.97516
3.97559
3.97702
3.98033
3.98682
3.9956
4.00374
4.01253
4.02179
4.03125
4.04057
4.04933
4.05728
4.06391
4.06977
4.07378
4.07571
4.07553
4.07524
4.07417
4.07146
4.06548
4.05641
4.04666
4.03573
4.02304
4.0094
3.99576
3.98028
3.96369
3.94653
3.92879
3.9105
3.89155
3.87227
3.85274
3.83273
3.81273
3.7925
3.77221
3.75204
3.73178
3.71182
3.69168
3.67298
3.65349
3.63523
3.6171
3.59997
3.58374
3.56869
3.55609
3.54478
3.54486
8.07083
7.98289
7.87732
7.75499
7.62394
7.4898
7.35496
7.21957
7.08323
6.94528
6.80565
6.66468
6.52329
6.38266
6.24388
6.10787
5.97523
5.84625
5.72103
5.59951
5.48156
5.367
5.25589
5.14804
5.0436
4.94283
4.84589
4.75303
4.66438
4.58026
4.50082
4.42628
4.35682
4.29265
4.23393
4.18086
4.13348
4.09187
4.05598
4.02557
4.00063
3.98108
3.96684
3.95752
3.95256
3.95218
3.95261
3.95408
3.95761
3.96428
3.97482
3.98581
3.9968
4.00841
4.02036
4.03227
4.04374
4.05438
4.06365
4.07149
4.07866
4.08275
4.08474
4.08527
4.08504
4.08398
4.08119
4.0752
4.06578
4.05593
4.04433
4.03087
4.0177
4.00314
3.98686
3.97001
3.9524
3.93412
3.91535
3.89597
3.87587
3.85601
3.83582
3.81476
3.79422
3.77363
3.75299
3.7323
3.71178
3.6917
3.67222
3.65256
3.63362
3.61526
3.59769
3.58102
3.56556
3.55255
3.54094
3.54101
8.09525
8.00571
7.89786
7.77329
7.6401
7.5041
7.36777
7.23147
7.09487
6.95686
6.81761
6.67737
6.53688
6.39712
6.25916
6.12383
5.9917
5.86307
5.73799
5.61638
5.49813
5.38301
5.27104
5.16238
5.05686
4.9548
4.85636
4.76175
4.67125
4.5851
4.50356
4.42678
4.35503
4.28845
4.22725
4.17168
4.12171
4.07764
4.03929
4.00682
3.98013
3.95894
3.94383
3.93412
3.93002
3.93021
3.93119
3.93384
3.93952
3.95019
3.96291
3.97656
3.99101
4.0055
4.01999
4.03441
4.04813
4.06044
4.07115
4.08051
4.08773
4.09232
4.09524
4.09562
4.09535
4.09423
4.09132
4.08513
4.07538
4.06492
4.053
4.03981
4.02537
4.00986
3.99347
3.97618
3.95797
3.93928
3.92005
3.90006
3.87971
3.85922
3.83829
3.81721
3.79613
3.77505
3.75401
3.73298
3.71221
3.69178
3.67161
3.65181
3.63253
3.61383
3.59588
3.57883
3.56302
3.54972
3.53775
3.53778
8.11734
8.02412
7.91398
7.78753
7.65219
7.51388
7.37562
7.23835
7.10102
6.96356
6.82512
6.68587
6.54641
6.40762
6.27045
6.13573
6.00402
5.87564
5.75064
5.62896
5.51043
5.39507
5.28252
5.17295
5.06661
4.96352
4.86397
4.7682
4.67641
4.58885
4.50573
4.42728
4.35365
4.28512
4.22185
4.16395
4.11176
4.06541
4.025
3.99056
3.96213
3.93972
3.92349
3.91292
3.90981
3.91012
3.91156
3.91511
3.92266
3.93601
3.95155
3.96819
3.98554
4.00307
4.02035
4.03709
4.05287
4.06693
4.07894
4.08955
4.09722
4.10172
4.10533
4.10592
4.10549
4.1042
4.10102
4.09433
4.08416
4.07296
4.06169
4.04716
4.0317
4.01605
3.99929
3.98146
3.96271
3.94349
3.92407
3.9036
3.88278
3.86176
3.84049
3.81908
3.7976
3.77617
3.75478
3.73346
3.71242
3.69157
3.67119
3.65103
3.63156
3.61254
3.59428
3.57694
3.56081
3.54726
3.53503
3.53514
8.13699
8.04047
7.92826
7.79994
7.66264
7.5224
7.3826
7.24427
7.10643
6.96881
6.83088
6.69244
6.55393
6.41611
6.27984
6.14583
6.01461
5.88649
5.76156
5.63971
5.52091
5.40491
5.2918
5.18155
5.0743
4.97038
4.86992
4.77315
4.68033
4.59168
4.50738
4.42761
4.3526
4.28254
4.21761
4.15802
4.10404
4.05583
4.01353
3.97742
3.94737
3.92369
3.9063
3.89505
3.89232
3.89272
3.89448
3.89892
3.9082
3.92367
3.94169
3.96106
3.98116
4.00142
4.02134
4.04036
4.05804
4.07362
4.0868
4.0982
4.10646
4.11116
4.11465
4.11542
4.11492
4.11346
4.10997
4.10276
4.09248
4.08074
4.0686
4.0545
4.03773
4.02156
4.00424
3.98604
3.96688
3.94715
3.92714
3.90685
3.88549
3.86403
3.84245
3.82075
3.79899
3.77724
3.75559
3.73401
3.71269
3.69155
3.67104
3.65021
3.63107
3.61167
3.59313
3.57553
3.55922
3.54543
3.53309
3.53312
8.14971
8.05357
7.94013
7.80984
7.67035
7.52803
7.38656
7.24664
7.10898
6.97179
6.83443
6.69669
6.55889
6.42172
6.28597
6.15237
6.02144
5.89346
5.76845
5.64646
5.52723
5.41084
5.2973
5.18658
5.07888
4.9744
4.87337
4.77602
4.68253
4.59315
4.50803
4.42736
4.35134
4.28015
4.21401
4.15314
4.09775
4.04811
4.00437
3.96695
3.93547
3.91102
3.89256
3.88043
3.87792
3.87851
3.88055
3.88556
3.89605
3.91309
3.9331
3.95478
3.97727
3.99998
4.02209
4.04306
4.06251
4.07941
4.09367
4.10564
4.11431
4.11977
4.12284
4.12285
4.12244
4.12093
4.11724
4.10952
4.09897
4.08724
4.07424
4.0591
4.04286
4.02592
4.00806
3.98942
3.97005
3.95008
3.92972
3.90884
3.88742
3.86564
3.84384
3.82192
3.79992
3.77796
3.75609
3.73434
3.71286
3.69151
3.67075
3.65014
3.63023
3.61081
3.59215
3.57437
3.55799
3.54394
3.53165
3.53171
8.15858
8.06503
7.95164
7.81984
7.67855
7.53481
7.39219
7.25178
7.11314
6.97545
6.83796
6.70036
6.56286
6.426
6.29053
6.15712
6.02631
5.89838
5.77341
5.65133
5.53203
5.41545
5.30158
5.1905
5.0824
4.9775
4.876
4.77819
4.68419
4.5943
4.50857
4.42732
4.35056
4.27864
4.2117
4.14996
4.09363
4.04309
3.9984
3.96016
3.92773
3.90259
3.88343
3.87127
3.86878
3.86936
3.87144
3.87685
3.88813
3.90626
3.92768
3.95091
3.97507
3.99939
4.02303
4.04537
4.06616
4.08437
4.0991
4.11097
4.12037
4.12613
4.12878
4.12873
4.12819
4.12647
4.12247
4.11439
4.10323
4.09146
4.07848
4.06274
4.04622
4.02896
4.01078
3.99185
3.97226
3.95213
3.93146
3.91037
3.88894
3.86679
3.84486
3.82287
3.80068
3.77857
3.75656
3.7347
3.71306
3.69164
3.67063
3.64998
3.62979
3.61032
3.59154
3.57365
3.5574
3.54278
3.53083
3.53067
8.16383
8.07106
7.95784
7.82518
7.68273
7.53786
7.39426
7.25333
7.11445
6.97658
6.83906
6.70157
6.56427
6.42762
6.29229
6.15896
6.02817
5.90024
5.77523
5.6531
5.53373
5.41706
5.3031
5.19193
5.08371
4.97866
4.87699
4.77898
4.68477
4.59463
4.50863
4.42707
4.34999
4.27768
4.21038
4.14825
4.09155
4.0404
3.99518
3.95674
3.9234
3.89837
3.87863
3.86649
3.86385
3.86445
3.86669
3.87216
3.88365
3.90236
3.92473
3.94874
3.97374
3.99888
4.0233
4.04665
4.06829
4.0865
4.1015
4.11429
4.12365
4.12943
4.13184
4.13176
4.13113
4.12928
4.12507
4.11667
4.10528
4.09388
4.08036
4.06443
4.04783
4.03047
4.01216
3.99303
3.97332
3.9531
3.93231
3.91114
3.88959
3.86734
3.8451
3.82337
3.80101
3.77879
3.75673
3.73482
3.7131
3.69164
3.67054
3.64985
3.62959
3.60994
3.59139
3.57312
3.55688
3.54237
3.53017
3.53016
)
;

boundaryField
{
    inlet
    {
        type            fixedValue;
        value           uniform 1;
    }
    outlet
    {
        type            waveTransmissive;
        gamma           1.4;
        fieldInf        1;
        lInf            3;
        value           nonuniform List<scalar> 
40
(
3.89551
3.89735
3.89715
3.89607
3.89342
3.8896
3.88374
3.87527
3.86423
3.85047
3.83444
3.81641
3.79735
3.77763
3.75797
3.73848
3.71926
3.70046
3.6824
3.66512
3.64866
3.63322
3.61904
3.60595
3.59387
3.58284
3.57299
3.56419
3.55651
3.54966
3.54377
3.53855
3.53408
3.53028
3.5271
3.52452
3.52255
3.52118
3.52018
3.51971
)
;
    }
    bottom
    {
        type            symmetryPlane;
    }
    top
    {
        type            symmetryPlane;
    }
    obstacle
    {
        type            zeroGradient;
    }
    defaultFaces
    {
        type            empty;
    }
}


// ************************************************************************* //
