/*--------------------------------*- C++ -*----------------------------------*\
| =========                 |                                                 |
| \\      /  F ield         | OpenFOAM: The Open Source CFD Toolbox           |
|  \\    /   O peration     | Version:  2412                                  |
|   \\  /    A nd           | Website:  www.openfoam.com                      |
|    \\/     M anipulation  |                                                 |
\*---------------------------------------------------------------------------*/
FoamFile
{
    version     2.0;
    format      ascii;
    arch        "LSB;label=32;scalar=64";
    class       volScalarField;
    location    "14";
    object      Ma;
}
// * * * * * * * * * * * * * * * * * * * * * * * * * * * * * * * * * * * * * //

dimensions      [0 0 0 0 0 0 0];

internalField   nonuniform List<scalar> 
7000
(
2.25664
0.99531
0.301172
0.338208
0.400821
0.44216
0.450342
0.445842
0.439416
0.434469
0.43158
0.429279
0.426658
0.423534
0.42005
0.416233
0.412167
0.407766
0.403049
0.397968
0.392538
0.386757
0.380583
0.374009
0.366999
0.359563
0.351687
0.343361
0.334564
0.325231
0.315343
0.304862
0.293809
0.282122
0.269849
0.256937
0.243374
0.229155
0.214282
0.198744
0.182492
0.165615
0.148124
0.130014
0.1113
0.0921107
0.0725428
0.0528069
0.0318955
0.0155812
2.2567
0.995371
0.300967
0.33804
0.400664
0.44201
0.450192
0.445695
0.439275
0.434334
0.43145
0.429153
0.426532
0.423412
0.419937
0.416126
0.412058
0.407658
0.402952
0.397887
0.392462
0.38667
0.38049
0.373928
0.366938
0.359509
0.351613
0.343252
0.33443
0.325099
0.315242
0.304805
0.293794
0.282139
0.269891
0.257003
0.243473
0.229299
0.214482
0.199007
0.182824
0.166024
0.148617
0.130607
0.112025
0.0930266
0.0737615
0.0546042
0.0351219
0.0220998
2.25683
0.995566
0.301099
0.338075
0.400694
0.442042
0.450226
0.445735
0.439332
0.434403
0.431532
0.42924
0.426629
0.423516
0.420053
0.416252
0.412197
0.407808
0.40312
0.398071
0.392662
0.386886
0.380726
0.37419
0.36723
0.359829
0.351959
0.343625
0.334839
0.325553
0.315749
0.305365
0.294408
0.282811
0.270629
0.257816
0.24437
0.230292
0.215585
0.20024
0.184209
0.167592
0.150408
0.132683
0.114479
0.09602
0.077569
0.0597836
0.0430082
0.0336086
2.257
0.99587
0.301368
0.338153
0.400775
0.442142
0.450329
0.445854
0.439463
0.434564
0.4317
0.429431
0.426825
0.423735
0.420281
0.416509
0.412471
0.408107
0.40343
0.398412
0.393035
0.387299
0.381162
0.374653
0.36773
0.360387
0.352575
0.344292
0.335547
0.326312
0.316571
0.306286
0.295435
0.283961
0.27189
0.259205
0.245887
0.231967
0.217432
0.202296
0.186508
0.170182
0.153353
0.136072
0.118455
0.100791
0.0834801
0.067399
0.0532758
0.046213
2.25724
0.996298
0.301716
0.338222
0.40086
0.442261
0.45046
0.445996
0.439634
0.434759
0.431924
0.429671
0.427089
0.424021
0.420594
0.416848
0.412839
0.408507
0.403868
0.398888
0.39355
0.387857
0.381771
0.37532
0.368456
0.361179
0.35344
0.345244
0.336585
0.327438
0.317809
0.307635
0.296934
0.285596
0.27371
0.261186
0.248082
0.234365
0.220099
0.205239
0.189801
0.173867
0.157521
0.140832
0.123962
0.107296
0.0912965
0.0769726
0.065084
0.0595236
2.25757
0.996866
0.302156
0.338293
0.400956
0.442408
0.450628
0.446174
0.439857
0.435003
0.432213
0.429973
0.427433
0.42438
0.421003
0.417279
0.413325
0.409018
0.404439
0.399493
0.394228
0.388582
0.382571
0.376174
0.369407
0.362212
0.35458
0.346467
0.337939
0.328922
0.319445
0.309424
0.29889
0.28775
0.276068
0.263796
0.250943
0.237538
0.223586
0.20913
0.19411
0.178714
0.16296
0.147012
0.131046
0.115492
0.100903
0.088239
0.0781654
0.0736442
2.25799
0.997587
0.302696
0.338369
0.401063
0.442585
0.450832
0.446406
0.440119
0.435314
0.432555
0.43036
0.427847
0.424843
0.421494
0.417828
0.413914
0.409675
0.405135
0.400262
0.395054
0.389505
0.383563
0.377263
0.370567
0.363501
0.35599
0.348038
0.339621
0.330768
0.321462
0.311671
0.301348
0.290454
0.279028
0.267065
0.254545
0.24152
0.22799
0.214001
0.199533
0.184741
0.169742
0.154636
0.139695
0.125351
0.112149
0.101019
0.0924215
0.0886448
2.2585
0.998472
0.303343
0.33845
0.401183
0.442796
0.451079
0.446688
0.440437
0.435694
0.432967
0.430827
0.428347
0.425404
0.422095
0.418495
0.414628
0.410469
0.405992
0.4012
0.396058
0.390612
0.384779
0.378596
0.372004
0.365061
0.357708
0.349928
0.341704
0.333023
0.323918
0.314352
0.304346
0.293764
0.282679
0.271054
0.258952
0.246369
0.23337
0.219949
0.20613
0.192065
0.177884
0.163757
0.149908
0.13682
0.124982
0.115201
0.107818
0.104636
2.25911
0.999534
0.304108
0.338538
0.401319
0.443041
0.451376
0.447015
0.440832
0.436132
0.433474
0.43137
0.428962
0.426056
0.42283
0.419277
0.415501
0.411395
0.407026
0.402309
0.397286
0.391921
0.38623
0.380172
0.373748
0.366934
0.359758
0.352172
0.344187
0.335744
0.326874
0.317576
0.30787
0.297693
0.287028
0.275872
0.264213
0.252173
0.239748
0.227025
0.213958
0.200743
0.18749
0.17439
0.161722
0.149879
0.139354
0.130822
0.124464
0.121723
2.25982
1.00078
0.304999
0.338636
0.401474
0.443329
0.451725
0.447414
0.441286
0.436664
0.434056
0.432027
0.429666
0.426845
0.423674
0.420215
0.41651
0.412507
0.408225
0.403629
0.398718
0.393486
0.387923
0.38203
0.375777
0.369159
0.362174
0.354819
0.347084
0.338934
0.330373
0.321391
0.312035
0.302263
0.292101
0.281478
0.27042
0.258964
0.247229
0.235247
0.223061
0.210797
0.198608
0.186638
0.175159
0.164619
0.155329
0.147918
0.142457
0.140146
2.26066
1.00223
0.306025
0.338748
0.401651
0.443663
0.452134
0.447876
0.441831
0.437276
0.434749
0.432776
0.430503
0.427747
0.424675
0.421294
0.417697
0.413795
0.409628
0.405157
0.400383
0.395305
0.389901
0.384188
0.378133
0.371734
0.364993
0.357893
0.350448
0.342616
0.334423
0.325832
0.316893
0.307572
0.297939
0.287934
0.277548
0.26683
0.255862
0.244735
0.233482
0.222292
0.211257
0.200532
0.190326
0.181051
0.173043
0.166729
0.162096
0.160094
2.26161
1.0039
0.307194
0.338875
0.401852
0.444046
0.452606
0.448419
0.442455
0.437996
0.435542
0.433663
0.43146
0.428811
0.425818
0.42256
0.419058
0.41529
0.411246
0.406921
0.4023
0.397396
0.392175
0.386671
0.380833
0.374698
0.368215
0.361431
0.354303
0.346843
0.33905
0.330919
0.322467
0.313676
0.304622
0.29529
0.285659
0.275778
0.265716
0.255569
0.245354
0.235295
0.225534
0.21616
0.207338
0.199419
0.192632
0.187405
0.183588
0.182013
2.26268
1.00577
0.308506
0.339012
0.402077
0.444478
0.453153
0.449046
0.443187
0.438829
0.436468
0.434676
0.432579
0.430022
0.427154
0.423996
0.420634
0.416987
0.413105
0.408928
0.404494
0.399772
0.394776
0.389488
0.383919
0.378051
0.371894
0.365431
0.358693
0.351636
0.344304
0.336671
0.328785
0.320599
0.312207
0.303621
0.294826
0.285863
0.27682
0.267777
0.25877
0.249962
0.241545
0.233631
0.226316
0.219869
0.214498
0.210452
0.20752
0.206249
2.26387
1.00786
0.309975
0.339156
0.402363
0.444968
0.453788
0.449774
0.444049
0.439789
0.437545
0.435838
0.433863
0.43141
0.428669
0.425644
0.422415
0.418932
0.415198
0.41122
0.406966
0.402473
0.397702
0.392682
0.38739
0.381841
0.376028
0.369948
0.363622
0.357032
0.350207
0.343134
0.335872
0.328368
0.320722
0.31295
0.305082
0.297153
0.289227
0.281431
0.273756
0.266384
0.259472
0.25316
0.247525
0.242724
0.238875
0.236188
0.234311
0.233691
2.26519
1.01018
0.311607
0.339329
0.402693
0.445533
0.454524
0.450623
0.445038
0.440909
0.438766
0.437187
0.435318
0.433005
0.430387
0.427513
0.424437
0.421121
0.417573
0.413789
0.409757
0.405499
0.400991
0.396258
0.391279
0.386077
0.380644
0.374983
0.369125
0.363035
0.356787
0.350316
0.343757
0.337003
0.330202
0.323342
0.316485
0.309673
0.30299
0.296563
0.290397
0.284633
0.279426
0.274916
0.271205
0.268417
0.266516
0.265617
0.265124
0.265128
2.26664
1.01274
0.313398
0.339532
0.403059
0.44619
0.455375
0.45161
0.446194
0.442193
0.440183
0.438713
0.43699
0.434804
0.43235
0.429614
0.426725
0.423576
0.420246
0.416665
0.412888
0.408876
0.404669
0.400235
0.395619
0.390779
0.38578
0.380569
0.375218
0.369689
0.364048
0.35827
0.352436
0.346538
0.340618
0.334795
0.329043
0.323481
0.318152
0.313226
0.308734
0.304821
0.301616
0.299211
0.297742
0.297335
0.297879
0.299375
0.301084
0.302641
2.2682
1.0155
0.315342
0.339765
0.403486
0.446953
0.456369
0.452754
0.447546
0.443675
0.441808
0.440468
0.438885
0.436849
0.434555
0.431993
0.429281
0.426339
0.423213
0.419876
0.416348
0.412625
0.408724
0.404635
0.400387
0.395967
0.391413
0.386711
0.381905
0.376988
0.372012
0.366975
0.36195
0.356956
0.352035
0.347281
0.342766
0.338546
0.33473
0.331467
0.328811
0.326955
0.326068
0.326217
0.327579
0.330304
0.334296
0.339501
0.344638
0.348681
2.26987
1.01847
0.317431
0.340046
0.403993
0.447855
0.457538
0.454112
0.449115
0.445407
0.443671
0.442471
0.441026
0.439155
0.437008
0.434647
0.432104
0.429398
0.426479
0.423419
0.420146
0.416752
0.413157
0.409463
0.405591
0.401639
0.397551
0.393403
0.389177
0.384915
0.380662
0.376409
0.372272
0.368229
0.364409
0.360827
0.357624
0.354874
0.35269
0.351282
0.350686
0.351146
0.352874
0.356124
0.36102
0.367766
0.376554
0.387433
0.399286
0.409924
2.27161
1.02157
0.319627
0.340386
0.404588
0.448894
0.458881
0.455667
0.450886
0.447357
0.445741
0.444684
0.443391
0.441688
0.43971
0.437544
0.435208
0.43272
0.430059
0.427259
0.424298
0.421215
0.418003
0.414679
0.411271
0.407764
0.404231
0.400622
0.397058
0.39346
0.389992
0.386572
0.383364
0.380362
0.377666
0.375376
0.373565
0.372406
0.371985
0.372494
0.374175
0.377308
0.382267
0.389192
0.398626
0.410912
0.426657
0.446865
0.470847
0.498536
2.27337
1.0247
0.321744
0.340668
0.405202
0.450049
0.460404
0.457427
0.452928
0.449542
0.448064
0.447139
0.446002
0.444459
0.442682
0.440687
0.438586
0.436319
0.433933
0.431401
0.428773
0.426019
0.423203
0.420284
0.417347
0.414335
0.411358
0.408355
0.40545
0.402596
0.399911
0.397399
0.395139
0.393232
0.391716
0.390763
0.390428
0.390866
0.392261
0.394965
0.399181
0.405286
0.413506
0.424744
0.439352
0.458851
0.484667
0.520279
0.571812
0.664906
2.27541
1.02836
0.324222
0.340952
0.406007
0.451631
0.462533
0.459913
0.455774
0.452595
0.451284
0.450568
0.449647
0.448376
0.44683
0.445154
0.443324
0.441421
0.439375
0.43727
0.435061
0.432812
0.430506
0.428187
0.42587
0.423576
0.42135
0.419205
0.417207
0.415383
0.4138
0.412521
0.411616
0.41119
0.411342
0.412126
0.413712
0.416503
0.420711
0.426409
0.434126
0.444116
0.457409
0.474441
0.497326
0.527434
0.569314
0.630676
0.729465
0.88149
2.2776
1.0323
0.327218
0.341924
0.407757
0.454519
0.466142
0.463906
0.460079
0.456969
0.45569
0.455074
0.454296
0.453213
0.451875
0.450427
0.448873
0.447262
0.445574
0.443837
0.442069
0.440274
0.438504
0.43674
0.435062
0.433442
0.431979
0.430647
0.429561
0.428711
0.428226
0.428118
0.4285
0.429403
0.431072
0.433685
0.437411
0.442346
0.448921
0.457258
0.468069
0.481817
0.499342
0.52219
0.551415
0.591065
0.643776
0.717782
0.828582
0.966797
2.27888
1.03461
0.329091
0.342987
0.409927
0.458273
0.470876
0.469143
0.465642
0.46256
0.461317
0.460823
0.460217
0.459308
0.458167
0.456918
0.455607
0.454255
0.452872
0.451469
0.450075
0.4487
0.447386
0.446143
0.44502
0.444035
0.443247
0.442688
0.442425
0.442523
0.442988
0.443903
0.445513
0.447943
0.451175
0.455488
0.460933
0.467955
0.476585
0.487576
0.500929
0.517954
0.538709
0.565287
0.598627
0.641343
0.697085
0.767658
0.863931
0.967331
2.28002
1.03671
0.332403
0.346693
0.414805
0.464713
0.477921
0.476066
0.472218
0.468791
0.467474
0.467082
0.466643
0.465905
0.464978
0.463959
0.462941
0.461897
0.460878
0.459854
0.458889
0.457958
0.457136
0.456403
0.45584
0.455443
0.455298
0.455401
0.455814
0.456634
0.45801
0.45999
0.462642
0.46614
0.470536
0.476137
0.483003
0.491564
0.50198
0.514723
0.530267
0.54909
0.572246
0.600165
0.634766
0.676688
0.728471
0.790744
0.868675
0.949882
2.27653
1.03044
0.334734
0.356709
0.427342
0.479693
0.493194
0.490381
0.485342
0.481049
0.479356
0.47877
0.478163
0.47726
0.476179
0.475064
0.473975
0.472927
0.471928
0.470999
0.470155
0.46943
0.468836
0.468425
0.468215
0.468241
0.468494
0.46916
0.470231
0.471824
0.473905
0.476683
0.480133
0.484504
0.489855
0.496394
0.504358
0.513888
0.52544
0.539157
0.555684
0.575319
0.598795
0.626809
0.659936
0.699535
0.745789
0.800288
0.863903
0.928588
2.28246
1.02326
0.359286
0.382374
0.448465
0.498353
0.510285
0.50655
0.500797
0.496386
0.494666
0.493965
0.493254
0.492293
0.491215
0.490124
0.489074
0.488058
0.4871
0.486199
0.485402
0.484707
0.484169
0.483759
0.48361
0.483738
0.484257
0.485095
0.486459
0.488274
0.490801
0.493911
0.49798
0.502813
0.508904
0.516028
0.52474
0.534912
0.547049
0.561284
0.577975
0.59763
0.620406
0.647218
0.678034
0.714
0.755016
0.801874
0.855244
0.908785
1.87623
0.772132
0.27359
0.343956
0.417255
0.440746
0.440683
0.436667
0.432957
0.432799
0.434939
0.437798
0.4408
0.443834
0.446989
0.45024
0.453584
0.456934
0.460301
0.463626
0.466931
0.470118
0.473291
0.476441
0.479654
0.482845
0.486147
0.489487
0.493101
0.496933
0.501204
0.505932
0.5113
0.517448
0.52448
0.532681
0.542031
0.553033
0.565491
0.580172
0.59672
0.616107
0.637911
0.663192
0.691554
0.723959
0.760049
0.800473
0.845328
0.890159
1.86879
0.771508
0.282481
0.35524
0.427898
0.447332
0.442874
0.435485
0.429739
0.427743
0.427582
0.427924
0.428478
0.429342
0.430661
0.432421
0.434671
0.437274
0.440349
0.443783
0.447688
0.451784
0.456275
0.46096
0.465992
0.471199
0.47672
0.482508
0.488574
0.494975
0.501671
0.508824
0.516356
0.524559
0.53333
0.54312
0.553705
0.565739
0.578928
0.593985
0.610651
0.629605
0.650674
0.674423
0.700778
0.730116
0.762423
0.797629
0.836041
0.873784
1.86786
0.77023
0.28467
0.365023
0.443269
0.463329
0.457169
0.447786
0.440701
0.437878
0.436906
0.436245
0.435604
0.435148
0.435011
0.435245
0.435826
0.43681
0.43828
0.440289
0.442715
0.44569
0.449129
0.453212
0.457766
0.462997
0.468658
0.475
0.481736
0.489187
0.497019
0.505671
0.514726
0.524736
0.535152
0.546644
0.558722
0.572019
0.586217
0.601909
0.618861
0.637611
0.658035
0.680565
0.705107
0.731967
0.761011
0.792262
0.825919
0.858494
1.86936
0.773536
0.290511
0.367271
0.443366
0.463954
0.458759
0.45024
0.443585
0.441144
0.440595
0.440367
0.440096
0.439943
0.439984
0.440254
0.440793
0.441665
0.442821
0.444292
0.446068
0.448289
0.450908
0.454107
0.457777
0.46215
0.467052
0.472769
0.479037
0.486233
0.493981
0.502741
0.512068
0.52243
0.533466
0.545587
0.558519
0.572623
0.58765
0.603927
0.621318
0.640102
0.660208
0.681905
0.70511
0.730003
0.756498
0.784636
0.814493
0.843194
1.87247
0.780213
0.298214
0.361197
0.428663
0.449871
0.447606
0.441536
0.435839
0.433885
0.433845
0.434321
0.43486
0.435534
0.436395
0.437525
0.43895
0.440615
0.442471
0.444565
0.446899
0.449551
0.452501
0.455866
0.459598
0.463871
0.468582
0.473987
0.479907
0.486677
0.494046
0.502372
0.511399
0.521453
0.53231
0.544241
0.557054
0.570999
0.58592
0.602052
0.619263
0.63777
0.65743
0.678403
0.70056
0.724064
0.748728
0.774497
0.801583
0.827475
1.88106
0.786849
0.300595
0.348961
0.411719
0.440785
0.443781
0.439064
0.433843
0.431463
0.431154
0.431622
0.432271
0.433132
0.434195
0.435497
0.437061
0.438894
0.44099
0.443373
0.446038
0.449038
0.452345
0.456044
0.460082
0.4646
0.469508
0.475012
0.480967
0.487648
0.49488
0.502946
0.511695
0.521361
0.53183
0.543309
0.555674
0.569109
0.5835
0.599008
0.615531
0.633198
0.651915
0.671782
0.692707
0.714716
0.737675
0.76154
0.786404
0.810107
2.26387
1.10745
0.408322
0.399464
0.459495
0.508191
0.519497
0.514597
0.507636
0.501527
0.497966
0.495461
0.493298
0.491237
0.489171
0.487173
0.485412
0.483894
0.482711
0.48184
0.481378
0.481308
0.481728
0.482641
0.48409
0.486129
0.488784
0.492119
0.496123
0.500911
0.50642
0.51282
0.520003
0.528183
0.537222
0.547322
0.558371
0.570512
0.58366
0.597917
0.613204
0.629585
0.646973
0.665386
0.684756
0.705065
0.726214
0.74813
0.770879
0.792531
2.27349
1.12974
0.392943
0.377353
0.450176
0.510998
0.529466
0.528619
0.524393
0.520568
0.519113
0.518731
0.518693
0.518629
0.518195
0.517544
0.516861
0.516208
0.515629
0.515129
0.51475
0.514531
0.514515
0.514763
0.515323
0.516275
0.517644
0.519546
0.521989
0.525092
0.528864
0.533416
0.538758
0.544974
0.552092
0.560159
0.569215
0.579301
0.590451
0.602666
0.615974
0.630358
0.645804
0.662264
0.679665
0.697976
0.717072
0.73688
0.757452
0.777039
2.2983
1.17859
0.435546
0.384186
0.447223
0.503588
0.522119
0.523176
0.521358
0.52016
0.520586
0.521825
0.523616
0.525419
0.526832
0.52804
0.529169
0.530325
0.531477
0.532666
0.533854
0.535108
0.536399
0.537812
0.539322
0.541028
0.542916
0.545094
0.54757
0.550449
0.553755
0.55759
0.561989
0.567056
0.572823
0.579398
0.586797
0.59512
0.604351
0.614582
0.625752
0.637922
0.651025
0.665134
0.680157
0.696105
0.712904
0.73036
0.748569
0.765945
1.90092
0.805264
0.306364
0.316664
0.373714
0.414563
0.428839
0.432674
0.435501
0.439151
0.444082
0.449815
0.456243
0.462744
0.46893
0.474945
0.480924
0.486912
0.492872
0.498789
0.504632
0.510408
0.516106
0.521735
0.527298
0.532807
0.538289
0.543758
0.549261
0.554832
0.560498
0.566345
0.572399
0.578757
0.585447
0.592582
0.600184
0.608366
0.617139
0.6266
0.636756
0.647684
0.659375
0.671856
0.685094
0.699051
0.713647
0.728942
0.74494
0.760236
2.30701
1.19601
0.451212
0.387017
0.44084
0.492412
0.509428
0.509493
0.506324
0.503825
0.50254
0.502324
0.502748
0.503134
0.503437
0.503941
0.504751
0.506029
0.50771
0.509869
0.512431
0.515474
0.518929
0.522859
0.527172
0.531937
0.53703
0.542539
0.548315
0.554459
0.560868
0.56762
0.574631
0.581983
0.589612
0.597606
0.605931
0.614667
0.623803
0.633404
0.643482
0.654083
0.665223
0.676915
0.68917
0.701981
0.715347
0.72919
0.743589
0.75731
2.31242
1.20637
0.43462
0.369974
0.438569
0.500964
0.522515
0.523958
0.521734
0.520252
0.520372
0.521483
0.523198
0.524688
0.525709
0.526542
0.527369
0.528303
0.529376
0.530653
0.532163
0.533966
0.536075
0.538546
0.541395
0.544653
0.548346
0.552482
0.557092
0.562157
0.567713
0.573711
0.580193
0.587102
0.594497
0.602301
0.610578
0.619243
0.62838
0.637894
0.647882
0.658242
0.669087
0.680303
0.692003
0.704062
0.716582
0.729425
0.742719
0.75534
2.31521
1.21233
0.438872
0.372037
0.441749
0.505786
0.528291
0.530015
0.52785
0.526494
0.526962
0.528459
0.530723
0.532904
0.534625
0.536141
0.537667
0.539287
0.541021
0.542874
0.544867
0.547007
0.549334
0.551856
0.554631
0.557656
0.561
0.564653
0.568688
0.573086
0.57792
0.583162
0.588883
0.595041
0.601698
0.608808
0.616424
0.624492
0.633054
0.642062
0.651538
0.66145
0.671794
0.682554
0.693695
0.705225
0.717073
0.729262
0.741779
0.753685
2.31827
1.22026
0.465512
0.388327
0.447471
0.506713
0.529376
0.53265
0.531778
0.531404
0.532294
0.534208
0.536738
0.539028
0.541051
0.542945
0.544898
0.546931
0.549106
0.551382
0.553814
0.556364
0.559092
0.561966
0.565048
0.568313
0.57182
0.575554
0.579571
0.583861
0.588483
0.59343
0.598753
0.604446
0.61055
0.61706
0.624002
0.63138
0.639204
0.647479
0.65619
0.665352
0.674928
0.684936
0.695318
0.706094
0.717192
0.728609
0.740357
0.751542
1.90586
0.814003
0.325674
0.323649
0.376318
0.414235
0.427188
0.430282
0.432598
0.435954
0.440731
0.446633
0.453348
0.46016
0.466861
0.47351
0.480234
0.487017
0.493874
0.500747
0.507642
0.514522
0.521403
0.528261
0.535117
0.541964
0.548822
0.555693
0.562599
0.569548
0.576565
0.583666
0.590878
0.598226
0.605731
0.613427
0.621329
0.629472
0.637864
0.646532
0.655479
0.664721
0.674252
0.684087
0.694212
0.704627
0.715316
0.726261
0.737519
0.748206
2.31345
1.21173
0.467239
0.404219
0.466785
0.528102
0.550153
0.551113
0.546944
0.543082
0.540847
0.539451
0.538835
0.538421
0.537681
0.536945
0.536376
0.536209
0.536395
0.537066
0.538174
0.539761
0.541827
0.544384
0.547422
0.550946
0.554935
0.559395
0.564292
0.569629
0.575367
0.581503
0.587994
0.594843
0.602017
0.609517
0.617319
0.625421
0.633808
0.642476
0.651425
0.660646
0.670139
0.679899
0.689908
0.700161
0.710644
0.721325
0.732267
0.742645
2.29549
1.17255
0.462401
0.423681
0.486649
0.547195
0.567211
0.567288
0.563548
0.560275
0.55949
0.55987
0.560928
0.562174
0.563026
0.563656
0.564235
0.564891
0.565618
0.566443
0.567358
0.568428
0.569677
0.571168
0.57291
0.574966
0.57734
0.580074
0.583174
0.586673
0.590565
0.594878
0.599611
0.60478
0.610376
0.616403
0.622847
0.629707
0.636963
0.644609
0.652619
0.660983
0.669673
0.678674
0.687982
0.697562
0.707407
0.717491
0.727859
0.737715
1.88804
0.805464
0.342084
0.355734
0.406545
0.443356
0.453157
0.453052
0.452154
0.453011
0.456335
0.46096
0.466486
0.472534
0.478599
0.484701
0.490886
0.497185
0.503532
0.509904
0.516247
0.522568
0.528838
0.535074
0.541255
0.547406
0.55352
0.559634
0.565755
0.571921
0.578154
0.584476
0.590916
0.597495
0.604243
0.611171
0.618308
0.625659
0.633247
0.641071
0.649148
0.65748
0.666068
0.674911
0.683991
0.69331
0.702849
0.712592
0.722585
0.732083
1.87397
0.796487
0.340662
0.357
0.398421
0.426994
0.434924
0.434908
0.433923
0.433427
0.434184
0.435839
0.438404
0.441623
0.445115
0.448946
0.453185
0.457884
0.463014
0.468565
0.47449
0.480773
0.48737
0.494259
0.501399
0.508762
0.516315
0.52403
0.531882
0.53985
0.547912
0.556077
0.564317
0.572653
0.581061
0.58957
0.598162
0.606868
0.615678
0.624613
0.633654
0.642821
0.652118
0.661551
0.671124
0.680838
0.690692
0.700688
0.710862
0.720496
1.88897
0.806538
0.34663
0.374266
0.431103
0.467255
0.474129
0.470118
0.465044
0.461899
0.460926
0.460889
0.461476
0.462439
0.463486
0.464663
0.466104
0.467869
0.469999
0.472498
0.475394
0.478687
0.482413
0.486562
0.491155
0.496174
0.501631
0.507493
0.51377
0.52042
0.527455
0.534823
0.542533
0.550529
0.558818
0.567345
0.576118
0.585085
0.594251
0.603582
0.613094
0.622755
0.632563
0.642499
0.652553
0.662721
0.672988
0.683354
0.693862
0.703789
2.34249
1.12744
0.471883
0.449095
0.514475
0.576358
0.597091
0.596483
0.591135
0.585769
0.582689
0.58072
0.579098
0.577685
0.576108
0.574365
0.57259
0.570889
0.569298
0.567849
0.566564
0.565472
0.564605
0.563996
0.563685
0.563708
0.56409
0.564875
0.56606
0.567692
0.569782
0.572363
0.575427
0.579003
0.583061
0.587634
0.592678
0.59822
0.604212
0.61067
0.617535
0.624821
0.632463
0.640479
0.648824
0.657477
0.666402
0.675586
0.685039
0.694058
1.88956
0.807708
0.347687
0.364011
0.416258
0.456658
0.469289
0.470406
0.469924
0.469941
0.472252
0.475781
0.479974
0.484691
0.489495
0.494284
0.499089
0.503983
0.508921
0.513902
0.518865
0.523823
0.528734
0.533632
0.538476
0.543312
0.548105
0.552913
0.557716
0.562562
0.567435
0.572389
0.577405
0.58254
0.587794
0.593209
0.59879
0.604571
0.610557
0.616775
0.623231
0.629938
0.636904
0.644121
0.65158
0.659297
0.667251
0.67544
0.683879
0.691945
1.88929
0.80785
0.349042
0.365133
0.416538
0.455105
0.46564
0.464651
0.461824
0.459286
0.458816
0.45967
0.46126
0.463473
0.465911
0.468516
0.471387
0.474607
0.478182
0.482102
0.486339
0.490878
0.495697
0.500778
0.506103
0.511645
0.517393
0.523317
0.529406
0.53565
0.542034
0.548549
0.555189
0.561944
0.568811
0.575781
0.582859
0.590041
0.597335
0.604736
0.612258
0.619888
0.627648
0.635521
0.643534
0.651665
0.659944
0.668336
0.676909
0.685037
2.34466
1.13144
0.475854
0.451345
0.517916
0.582375
0.604992
0.605117
0.599949
0.594792
0.591899
0.590252
0.589043
0.588124
0.58708
0.585893
0.58466
0.583535
0.582521
0.581682
0.580983
0.580506
0.580216
0.580196
0.580415
0.58094
0.581747
0.582869
0.584317
0.586106
0.588235
0.590716
0.593536
0.596708
0.60022
0.604082
0.608277
0.61281
0.617664
0.622839
0.628319
0.634099
0.640163
0.646501
0.653101
0.659948
0.667028
0.674328
0.681864
0.68907
1.89024
0.809506
0.355434
0.382349
0.440216
0.480497
0.490685
0.489123
0.486141
0.484748
0.486184
0.488868
0.492212
0.496034
0.499917
0.503839
0.507863
0.512047
0.516365
0.520805
0.525323
0.529919
0.534565
0.53927
0.544018
0.548813
0.553648
0.558531
0.563459
0.568445
0.573488
0.57861
0.583808
0.589101
0.59449
0.599992
0.605605
0.611346
0.617214
0.623224
0.629376
0.635685
0.642151
0.648777
0.655563
0.662514
0.669627
0.676891
0.684339
0.691428
1.87578
0.80047
0.353108
0.379038
0.427967
0.460036
0.467782
0.466711
0.465087
0.464393
0.464956
0.466198
0.468144
0.470462
0.472833
0.475327
0.478042
0.481037
0.484315
0.487871
0.491679
0.495741
0.500043
0.504594
0.509377
0.514395
0.519617
0.525047
0.530656
0.536448
0.5424
0.548511
0.55477
0.561174
0.56771
0.574377
0.581168
0.58808
0.595113
0.602259
0.609524
0.616895
0.624379
0.631965
0.639664
0.647458
0.655369
0.663364
0.671516
0.679219
1.87494
0.800194
0.35366
0.376225
0.422764
0.454541
0.462856
0.462483
0.46142
0.460872
0.461208
0.462105
0.463645
0.46551
0.467378
0.469297
0.471384
0.473681
0.476213
0.47895
0.4819
0.485053
0.488438
0.49206
0.495939
0.500059
0.504418
0.509001
0.513811
0.518851
0.524133
0.529653
0.535413
0.541391
0.54758
0.553968
0.560548
0.567318
0.574276
0.581415
0.588735
0.596212
0.603861
0.611641
0.619573
0.627612
0.635806
0.644102
0.652595
0.660626
1.88995
0.810109
0.357053
0.363483
0.413903
0.452715
0.463755
0.463429
0.461695
0.46054
0.460633
0.461482
0.463051
0.464975
0.466818
0.468655
0.470605
0.472736
0.475058
0.477565
0.48026
0.483142
0.486222
0.489499
0.492979
0.496655
0.50053
0.504602
0.508877
0.513364
0.518061
0.522976
0.528103
0.533437
0.538979
0.544722
0.550678
0.556838
0.563217
0.569793
0.576586
0.583548
0.590721
0.598035
0.605563
0.613227
0.621096
0.629087
0.637294
0.645068
2.31431
1.209
0.488863
0.433071
0.493946
0.558449
0.584733
0.588364
0.585697
0.582937
0.581573
0.581181
0.581598
0.582387
0.582872
0.58314
0.583344
0.583624
0.583993
0.584479
0.585057
0.585754
0.586561
0.587502
0.588577
0.5898
0.591174
0.592712
0.594412
0.596293
0.598352
0.600601
0.603049
0.60569
0.608551
0.61161
0.614903
0.618411
0.62216
0.626133
0.630357
0.634799
0.639499
0.644411
0.649579
0.654966
0.660586
0.666422
0.672487
0.678332
2.32498
1.23403
0.469838
0.406639
0.482671
0.559218
0.590831
0.59572
0.593093
0.590196
0.589126
0.589482
0.590684
0.592438
0.59405
0.595398
0.596664
0.598033
0.599531
0.601178
0.602937
0.604824
0.606824
0.608951
0.611201
0.613583
0.61609
0.61873
0.621492
0.624387
0.627408
0.630561
0.633848
0.637271
0.640834
0.644544
0.648394
0.652402
0.65655
0.660865
0.665322
0.669954
0.674732
0.679695
0.684802
0.690104
0.695536
0.701165
0.706927
0.712477
2.31483
1.21082
0.490365
0.434161
0.495767
0.561553
0.588972
0.593303
0.591273
0.589141
0.588507
0.589083
0.590517
0.59245
0.594185
0.595723
0.597231
0.59886
0.60063
0.60256
0.604624
0.606831
0.609173
0.611659
0.614287
0.617064
0.619986
0.62306
0.626279
0.629648
0.633162
0.636825
0.640631
0.64459
0.648691
0.652953
0.657352
0.66192
0.666618
0.671489
0.676484
0.681656
0.686949
0.692423
0.698011
0.703787
0.709669
0.715739
0.721931
0.727895
1.88916
0.809878
0.358425
0.36515
0.417081
0.457827
0.47011
0.470248
0.468742
0.467807
0.468552
0.470256
0.472807
0.475829
0.478794
0.481773
0.484869
0.488187
0.49171
0.495451
0.499369
0.503472
0.507742
0.512193
0.516818
0.521621
0.526593
0.531726
0.537015
0.542455
0.548045
0.553787
0.559674
0.565713
0.571886
0.578205
0.584645
0.591225
0.597915
0.604747
0.611681
0.61876
0.625931
0.633247
0.640643
0.648178
0.655784
0.663533
0.671383
0.678892
1.87407
0.800475
0.357645
0.381563
0.428996
0.460757
0.468465
0.467383
0.465702
0.464834
0.465097
0.465987
0.467589
0.46955
0.471445
0.473342
0.475329
0.477496
0.479844
0.482401
0.485123
0.488027
0.491082
0.494314
0.497724
0.501332
0.505132
0.509126
0.513299
0.517649
0.522178
0.526888
0.531791
0.536892
0.542177
0.547663
0.553314
0.559157
0.565162
0.571357
0.577719
0.584278
0.59099
0.597906
0.604944
0.612184
0.619524
0.627057
0.634708
0.642046
1.87711
0.803838
0.361785
0.396393
0.452208
0.485471
0.491642
0.488202
0.484052
0.482078
0.482045
0.482846
0.484266
0.485965
0.487589
0.489237
0.490989
0.492917
0.494999
0.497269
0.499692
0.502291
0.50504
0.507952
0.51102
0.514256
0.517663
0.521244
0.524997
0.528913
0.532996
0.537241
0.541649
0.546237
0.550986
0.555928
0.561026
0.566311
0.571747
0.577369
0.583135
0.589105
0.595204
0.601525
0.607961
0.614616
0.621374
0.628337
0.635404
0.642201
1.19188
1.05102
0.499028
0.190911
0.00719374
0.10906
0.159137
0.207792
0.229598
0.234096
0.222559
0.211319
0.200993
0.191372
0.179239
0.164708
0.147288
0.127291
0.105377
0.0821761
0.0582483
0.0345537
0.0154845
0.0242141
0.0481769
0.0725448
0.096847
0.120644
0.144095
0.167132
0.189758
0.211964
0.233727
0.254984
0.27508
0.294287
0.314009
0.334555
0.354653
0.373922
0.392557
0.410668
0.428309
0.445491
0.462192
0.478446
0.494193
0.509491
0.52427
0.538601
0.552391
0.565723
0.578489
0.590772
0.60246
0.613628
0.62416
0.634134
0.643411
0.652081
0.659997
0.667228
0.673656
0.679313
0.684125
0.688099
0.691212
0.693456
0.694878
0.695486
0.695628
0.695487
0.694814
0.693108
0.690284
0.686844
0.683279
0.679668
0.676029
0.672477
0.66903
0.665839
0.66295
0.660376
0.65826
0.656466
0.655149
0.654165
0.653592
0.653259
0.653133
0.653121
0.653523
0.654391
0.655576
0.656818
0.658094
0.659434
0.660791
0.665065
1.12217
1.03707
0.808099
0.551264
0.504437
0.43317
0.382786
0.341773
0.311369
0.292927
0.262069
0.232129
0.212775
0.211137
0.218172
0.228735
0.24117
0.255169
0.270358
0.28632
0.302787
0.319372
0.335765
0.352086
0.368882
0.385978
0.403181
0.420403
0.437531
0.454615
0.471517
0.488299
0.504875
0.521292
0.53702
0.552099
0.567268
0.583198
0.599234
0.61463
0.62953
0.644079
0.658346
0.672328
0.686013
0.699362
0.712392
0.725056
0.737379
0.749311
0.760881
0.772025
0.782792
0.793097
0.802984
0.812387
0.821303
0.829712
0.837573
0.844865
0.851574
0.857633
0.863063
0.867781
0.871816
0.875096
0.877659
0.879453
0.880537
0.880921
0.880903
0.880623
0.879873
0.878226
0.875605
0.872362
0.868986
0.865565
0.862154
0.858853
0.855638
0.852741
0.850061
0.847797
0.845858
0.844345
0.843172
0.842397
0.841942
0.841763
0.841703
0.841806
0.842194
0.842995
0.844077
0.845227
0.84638
0.847566
0.848575
0.852052
1.07432
1.0761
1.00892
0.901654
0.832522
0.783271
0.747606
0.717726
0.693126
0.675334
0.66074
0.646773
0.636834
0.631994
0.630609
0.631029
0.632733
0.635331
0.638782
0.643167
0.648236
0.654033
0.660274
0.667083
0.674482
0.682605
0.691212
0.700353
0.709766
0.719577
0.729559
0.739833
0.750229
0.760809
0.771088
0.781093
0.791154
0.802042
0.813434
0.824609
0.835459
0.846172
0.856786
0.867313
0.877699
0.887961
0.898018
0.90793
0.917596
0.927093
0.93631
0.945323
0.954018
0.962473
0.970568
0.978377
0.98578
0.992843
0.999444
1.00565
1.01133
1.01654
1.02118
1.02529
1.02876
1.03164
1.03384
1.03542
1.03633
1.03661
1.03656
1.03623
1.03548
1.03391
1.03151
1.02854
1.02535
1.02212
1.01889
1.01579
1.01281
1.01009
1.00763
1.00554
1.00376
1.00241
1.00137
1.00072
1.00037
1.00029
1.0003
1.00046
1.00086
1.0016
1.00258
1.00366
1.00467
1.00571
1.00637
1.00922
1.04733
1.08449
1.08405
1.05105
1.00955
0.981048
0.962958
0.949567
0.937769
0.927071
0.918544
0.911284
0.904851
0.899861
0.897375
0.896209
0.895284
0.894318
0.893336
0.892521
0.891962
0.891809
0.892008
0.892787
0.89415
0.896162
0.898826
0.902116
0.905922
0.91027
0.915037
0.920288
0.925925
0.931917
0.937893
0.94377
0.949865
0.956755
0.964397
0.972189
0.979893
0.987577
0.995272
1.00304
1.01081
1.01862
1.02638
1.03413
1.04178
1.04938
1.05684
1.0642
1.07138
1.07839
1.0852
1.09176
1.0981
1.10409
1.10982
1.11515
1.12013
1.12466
1.12876
1.13235
1.13545
1.13799
1.13999
1.14139
1.14215
1.14239
1.14234
1.14206
1.14138
1.14
1.13789
1.1353
1.13245
1.12951
1.12659
1.12377
1.12113
1.11872
1.11658
1.11477
1.11326
1.11216
1.11131
1.11089
1.11069
1.11078
1.11091
1.11118
1.11166
1.11245
1.11344
1.11453
1.11555
1.11653
1.11706
1.11959
1.02119
1.06903
1.09427
1.09801
1.08923
1.0818
1.07827
1.07699
1.07571
1.07336
1.07008
1.06731
1.06548
1.06273
1.05948
1.05661
1.05401
1.05102
1.04791
1.04444
1.0411
1.03774
1.03483
1.0322
1.03025
1.0288
1.02816
1.02806
1.02874
1.02998
1.03178
1.0342
1.03714
1.04057
1.04405
1.04764
1.05148
1.05618
1.06167
1.06758
1.07357
1.07966
1.08583
1.09212
1.09852
1.10501
1.11156
1.11815
1.12474
1.13133
1.13785
1.14434
1.15069
1.15696
1.16303
1.16896
1.17463
1.1801
1.18525
1.19013
1.19462
1.19878
1.20248
1.20577
1.20853
1.21084
1.21257
1.21377
1.21428
1.21434
1.21421
1.21385
1.21302
1.21163
1.2095
1.20706
1.20427
1.20141
1.19854
1.19578
1.19322
1.19089
1.18886
1.18714
1.18577
1.18474
1.18405
1.18372
1.18366
1.18385
1.18409
1.18447
1.18507
1.18596
1.187
1.18814
1.18922
1.19022
1.19072
1.19319
0.990673
1.04443
1.08081
1.10418
1.11662
1.12453
1.13165
1.13876
1.145
1.14956
1.1521
1.15269
1.15246
1.15219
1.15089
1.14832
1.14494
1.14145
1.13766
1.13359
1.12922
1.1248
1.12047
1.11644
1.11282
1.10975
1.10734
1.10557
1.10453
1.1041
1.10434
1.10522
1.10671
1.10869
1.1108
1.11306
1.11565
1.11909
1.12329
1.12803
1.13297
1.13816
1.1434
1.14885
1.15436
1.16006
1.16578
1.17164
1.1775
1.18343
1.18931
1.19519
1.201
1.20672
1.21231
1.21775
1.22302
1.22805
1.23286
1.23736
1.24157
1.24541
1.24889
1.25193
1.25455
1.25667
1.25827
1.25931
1.25972
1.25973
1.2596
1.25924
1.25842
1.25703
1.25508
1.25275
1.25022
1.24746
1.2448
1.2421
1.23973
1.23746
1.23561
1.23395
1.23273
1.23175
1.23118
1.23089
1.23092
1.23112
1.23139
1.2318
1.23242
1.2333
1.23429
1.23537
1.2364
1.23732
1.23775
1.2401
0.9608
1.01304
1.05624
1.08956
1.11454
1.13326
1.14867
1.16208
1.17389
1.18354
1.19088
1.19566
1.19831
1.19919
1.1994
1.19889
1.19676
1.19341
1.18963
1.18544
1.18095
1.17627
1.17156
1.16695
1.16264
1.15875
1.15541
1.15271
1.15068
1.1493
1.14862
1.14854
1.1492
1.15032
1.15158
1.15303
1.1549
1.15755
1.16098
1.16495
1.16926
1.17385
1.17859
1.18351
1.18853
1.1937
1.19897
1.20435
1.20979
1.21529
1.2208
1.22631
1.23177
1.23718
1.24245
1.24762
1.25259
1.25739
1.26192
1.26623
1.27018
1.27386
1.27712
1.28002
1.28242
1.28439
1.2858
1.28669
1.28696
1.2869
1.28671
1.28626
1.28532
1.28381
1.28192
1.27962
1.27716
1.27444
1.27181
1.26913
1.26674
1.26448
1.26262
1.26097
1.25975
1.25878
1.25822
1.25794
1.25802
1.25823
1.25851
1.25896
1.2596
1.26051
1.26148
1.26257
1.26357
1.26447
1.26486
1.26721
0.934711
0.98256
1.02668
1.06486
1.09659
1.12217
1.14384
1.16233
1.17838
1.19191
1.20298
1.2112
1.21697
1.22031
1.22191
1.2223
1.22223
1.22086
1.21791
1.21408
1.20972
1.20537
1.20074
1.19625
1.19175
1.18769
1.18394
1.18085
1.17828
1.17644
1.1752
1.17467
1.17484
1.1755
1.17626
1.17728
1.17874
1.18098
1.18393
1.18744
1.19133
1.19556
1.19997
1.20459
1.20931
1.2142
1.21915
1.22426
1.22941
1.23465
1.23989
1.24517
1.25038
1.25557
1.26062
1.26559
1.27035
1.27497
1.27931
1.28344
1.28724
1.29074
1.29383
1.29656
1.29882
1.30064
1.30194
1.30268
1.30289
1.30281
1.30258
1.30206
1.30104
1.29952
1.29765
1.29545
1.29307
1.29048
1.28792
1.28534
1.28299
1.28078
1.27893
1.2773
1.27607
1.27509
1.27452
1.27423
1.27429
1.27448
1.27474
1.27518
1.2758
1.27668
1.27762
1.27866
1.27961
1.28045
1.28079
1.28307
0.911394
0.955117
0.997591
1.03735
1.0723
1.10248
1.12798
1.15002
1.16915
1.1857
1.19955
1.21078
1.21926
1.22531
1.22907
1.23117
1.23201
1.23214
1.23136
1.22906
1.22552
1.22161
1.21739
1.21319
1.20899
1.20507
1.20137
1.1982
1.19547
1.19342
1.19195
1.19119
1.19112
1.19151
1.19204
1.1928
1.19408
1.19608
1.19878
1.20199
1.20562
1.20959
1.2138
1.21821
1.22276
1.22746
1.23224
1.23716
1.24211
1.24718
1.25222
1.25733
1.26235
1.26737
1.27224
1.27704
1.28163
1.28607
1.29025
1.2942
1.29783
1.30114
1.30408
1.30664
1.30876
1.31042
1.3116
1.31219
1.31233
1.31222
1.31196
1.31138
1.31028
1.30876
1.30687
1.30478
1.30246
1.30003
1.29756
1.29512
1.29281
1.29068
1.28881
1.28721
1.28594
1.28498
1.28435
1.28405
1.28407
1.28424
1.28449
1.28491
1.28552
1.28638
1.28729
1.28829
1.28922
1.29002
1.29033
1.29259
0.889823
0.929557
0.969784
1.00905
1.04532
1.07766
1.10604
1.13082
1.15246
1.17129
1.18743
1.20097
1.21193
1.22042
1.22653
1.23067
1.23322
1.23438
1.23461
1.2343
1.23288
1.23021
1.2266
1.2228
1.21901
1.21538
1.21197
1.20893
1.20629
1.20422
1.20271
1.20185
1.20167
1.2019
1.20229
1.20292
1.20411
1.20598
1.20851
1.2115
1.21491
1.21864
1.22265
1.22686
1.23124
1.23577
1.2404
1.24514
1.24993
1.25481
1.25968
1.26459
1.26943
1.27426
1.27895
1.28356
1.28797
1.29221
1.29619
1.29994
1.30337
1.3065
1.30925
1.31162
1.31356
1.31506
1.31608
1.31652
1.31655
1.31642
1.31611
1.31546
1.31425
1.31274
1.31081
1.30882
1.30655
1.30429
1.3019
1.29962
1.29737
1.29534
1.29347
1.29191
1.2906
1.28964
1.28895
1.28865
1.28861
1.28878
1.28902
1.28942
1.29001
1.29084
1.29173
1.29272
1.29362
1.29441
1.29469
1.29695
0.869521
0.906083
0.944014
0.982169
1.01845
1.0518
1.08166
1.10825
1.13167
1.15234
1.17033
1.18585
1.19889
1.20959
1.21792
1.22416
1.22861
1.23153
1.23315
1.23372
1.2336
1.23278
1.23079
1.22789
1.22469
1.22142
1.21833
1.2155
1.21305
1.21103
1.20954
1.2086
1.2083
1.20836
1.20856
1.20906
1.21012
1.21185
1.21421
1.21698
1.22016
1.22365
1.22746
1.23148
1.23572
1.2401
1.2446
1.2492
1.25386
1.25857
1.26329
1.26802
1.2727
1.27735
1.28187
1.28629
1.29051
1.29455
1.29834
1.30188
1.30512
1.30804
1.31059
1.31277
1.31453
1.31586
1.31669
1.317
1.31695
1.31679
1.31643
1.31572
1.31444
1.31294
1.31103
1.30915
1.30697
1.3049
1.30262
1.30055
1.29837
1.29649
1.29463
1.29316
1.2918
1.29087
1.29012
1.2898
1.2897
1.28986
1.29008
1.29045
1.29101
1.29181
1.29268
1.29365
1.29452
1.29528
1.29555
1.29781
0.848656
0.882805
0.918816
0.95576
0.991658
1.02531
1.05608
1.08384
1.10868
1.13079
1.15036
1.16749
1.1823
1.19484
1.20524
1.2135
1.21987
1.22456
1.22783
1.22989
1.23084
1.23096
1.23052
1.22924
1.22708
1.22437
1.2215
1.21885
1.21653
1.21459
1.21314
1.21217
1.21182
1.21172
1.21184
1.21228
1.21328
1.21496
1.21719
1.2198
1.22282
1.22612
1.22976
1.23362
1.23773
1.24197
1.24637
1.25083
1.25538
1.25994
1.26453
1.26909
1.27363
1.27808
1.28244
1.28665
1.29069
1.29453
1.29814
1.30147
1.30451
1.30722
1.30958
1.31155
1.31311
1.31425
1.3149
1.31509
1.315
1.3148
1.31435
1.31354
1.31222
1.31075
1.30893
1.30715
1.30511
1.3032
1.30109
1.29918
1.29714
1.29539
1.2936
1.29219
1.29083
1.2899
1.2891
1.28873
1.28856
1.28871
1.2889
1.28921
1.28971
1.29047
1.29129
1.29222
1.29306
1.29379
1.29403
1.2963
0.827967
0.85979
0.893903
0.929384
0.964484
0.997903
1.029
1.05746
1.08329
1.10654
1.12739
1.14591
1.16225
1.17643
1.18861
1.19868
1.20687
1.2133
1.21823
1.22177
1.22416
1.22551
1.2259
1.22567
1.22491
1.22346
1.22134
1.21908
1.21688
1.21512
1.21368
1.2128
1.21234
1.2122
1.21217
1.21259
1.21358
1.21518
1.21724
1.2197
1.22249
1.22563
1.22907
1.23278
1.23673
1.24084
1.24511
1.24944
1.25387
1.25828
1.26274
1.26714
1.27153
1.27578
1.27997
1.28396
1.28783
1.29144
1.29484
1.29794
1.30078
1.30324
1.30538
1.30712
1.30848
1.30939
1.30986
1.30992
1.3098
1.30955
1.309
1.30812
1.30678
1.30532
1.30364
1.30195
1.30012
1.29835
1.29645
1.2947
1.29283
1.29121
1.28953
1.28818
1.28685
1.28592
1.28507
1.28466
1.2844
1.28451
1.28465
1.28491
1.28534
1.28599
1.28677
1.28763
1.28842
1.28908
1.28929
1.29155
0.809399
0.83881
0.870791
0.904484
0.938268
0.970907
1.00173
1.03035
1.05668
1.08068
1.10248
1.1221
1.13969
1.15525
1.16895
1.18065
1.19052
1.19862
1.20518
1.21026
1.21412
1.21681
1.21854
1.21934
1.21947
1.21904
1.21815
1.21674
1.21503
1.2134
1.21213
1.21126
1.21088
1.21067
1.2107
1.21123
1.21232
1.21396
1.216
1.2184
1.22113
1.22421
1.22757
1.23124
1.2351
1.23919
1.24336
1.24767
1.25198
1.25635
1.26068
1.26498
1.2692
1.27332
1.27731
1.28114
1.28479
1.2882
1.29137
1.29425
1.29684
1.29908
1.30098
1.30249
1.30363
1.30435
1.30465
1.30462
1.30449
1.30421
1.30363
1.30266
1.30141
1.30002
1.29856
1.29701
1.29548
1.29386
1.29228
1.29066
1.2891
1.28758
1.28614
1.28485
1.28368
1.28273
1.28195
1.28146
1.28117
1.2812
1.28133
1.28152
1.28188
1.28242
1.28311
1.28389
1.28461
1.28519
1.28537
1.28763
0.794997
0.821748
0.851285
0.882784
0.914778
0.946076
0.976045
1.00425
1.03054
1.05483
1.07715
1.09752
1.11602
1.13269
1.14758
1.16075
1.17212
1.18183
1.18996
1.19666
1.20203
1.20622
1.20935
1.21152
1.21288
1.21352
1.21363
1.21331
1.21279
1.21199
1.21114
1.21064
1.21049
1.21047
1.21076
1.21151
1.21281
1.2145
1.21658
1.21894
1.22168
1.22468
1.22802
1.23159
1.23539
1.23936
1.24346
1.24765
1.25186
1.2561
1.26028
1.26444
1.26847
1.27242
1.27618
1.27981
1.2832
1.28639
1.28929
1.29193
1.29424
1.29623
1.29787
1.29913
1.30004
1.30053
1.3007
1.30062
1.30046
1.3001
1.29944
1.29843
1.2973
1.29605
1.29483
1.29347
1.29221
1.29078
1.28952
1.28807
1.28683
1.28545
1.28429
1.28308
1.2821
1.28117
1.28048
1.27993
1.27964
1.27959
1.2797
1.27986
1.28013
1.28059
1.28119
1.28189
1.28254
1.28306
1.2832
1.28546
0.78601
0.810081
0.837026
0.86616
0.896107
0.925769
0.954516
0.981918
1.00778
1.03196
1.05445
1.07524
1.09437
1.11186
1.12775
1.1421
1.15484
1.166
1.17567
1.18393
1.19088
1.19662
1.20127
1.20492
1.20767
1.20964
1.21095
1.21173
1.21206
1.21209
1.21196
1.21186
1.21188
1.21208
1.21261
1.21357
1.2149
1.21659
1.21861
1.22097
1.22364
1.22659
1.22984
1.23331
1.23701
1.24085
1.24484
1.24887
1.25298
1.25704
1.26109
1.26505
1.2689
1.27263
1.27618
1.27956
1.28271
1.28564
1.28827
1.29064
1.29267
1.29439
1.29576
1.29677
1.29745
1.29773
1.29778
1.29768
1.29746
1.297
1.29626
1.2953
1.2943
1.29325
1.29222
1.29111
1.29007
1.28891
1.28786
1.28668
1.28565
1.28451
1.28356
1.2825
1.28169
1.28081
1.28022
1.27963
1.27936
1.2792
1.2793
1.27945
1.27964
1.28
1.28051
1.28111
1.28169
1.28213
1.28221
1.28449
0.780445
0.802198
0.826785
0.853673
0.881604
0.909606
0.937023
0.963483
0.988709
1.0126
1.03504
1.05604
1.07558
1.09369
1.11036
1.12567
1.13954
1.15196
1.163
1.17267
1.18108
1.18826
1.19433
1.19935
1.20344
1.20667
1.20914
1.21095
1.21225
1.21312
1.21369
1.21415
1.21457
1.21515
1.21589
1.21696
1.21831
1.22002
1.22202
1.22436
1.22697
1.22987
1.23299
1.23635
1.2399
1.24359
1.24741
1.25127
1.25519
1.25906
1.26291
1.26663
1.27027
1.27373
1.27703
1.28012
1.28299
1.2856
1.28795
1.28999
1.29172
1.29313
1.2942
1.29496
1.29535
1.29549
1.29543
1.29529
1.29497
1.29439
1.2936
1.29276
1.29192
1.29109
1.29026
1.28941
1.28857
1.2877
1.28684
1.28599
1.28515
1.28431
1.28352
1.28272
1.28202
1.28131
1.28077
1.28025
1.27998
1.27977
1.27986
1.28
1.28017
1.28046
1.28086
1.28137
1.28187
1.28223
1.28227
1.28456
0.776564
0.796592
0.819268
0.844212
0.870302
0.896672
0.922738
0.948133
0.972598
0.996001
1.01822
1.03924
1.05899
1.07752
1.09478
1.11085
1.12562
1.13912
1.15131
1.16226
1.17197
1.18052
1.18797
1.19435
1.19975
1.20422
1.20787
1.21078
1.2131
1.21484
1.21621
1.21728
1.21823
1.21916
1.22018
1.22138
1.22282
1.22455
1.22654
1.22883
1.23136
1.23415
1.23715
1.24036
1.24373
1.24723
1.25085
1.2545
1.25818
1.26181
1.2654
1.26886
1.27221
1.27537
1.27836
1.28113
1.28368
1.28595
1.28795
1.28966
1.29105
1.29214
1.29291
1.29338
1.29356
1.29354
1.29344
1.2932
1.29272
1.29206
1.29134
1.29069
1.29002
1.28944
1.28879
1.28823
1.28758
1.28703
1.2864
1.28587
1.28526
1.28475
1.28415
1.28365
1.28307
1.2826
1.2821
1.28173
1.28144
1.28129
1.28132
1.28146
1.28164
1.28187
1.28219
1.28261
1.28302
1.28331
1.28329
1.2856
0.773622
0.792337
0.813559
0.83698
0.861582
0.886594
0.911454
0.935855
0.959551
0.982408
1.00431
1.02521
1.04506
1.06383
1.08153
1.09814
1.11367
1.12804
1.14124
1.15329
1.16417
1.17396
1.18263
1.19028
1.19691
1.20263
1.20744
1.21148
1.21479
1.21749
1.21966
1.22144
1.22295
1.22431
1.22566
1.22705
1.22861
1.23036
1.23234
1.23457
1.23702
1.2397
1.24256
1.24561
1.2488
1.25212
1.2555
1.25894
1.26237
1.26577
1.26908
1.27229
1.27534
1.27822
1.2809
1.28335
1.28556
1.28749
1.28914
1.29049
1.29155
1.29229
1.29277
1.29295
1.29297
1.29287
1.29264
1.29219
1.29158
1.29098
1.29042
1.28994
1.28948
1.28909
1.28868
1.28832
1.28795
1.28763
1.2873
1.28702
1.2867
1.28642
1.28607
1.28575
1.28535
1.28501
1.28462
1.28433
1.28404
1.28391
1.28384
1.28395
1.2841
1.28428
1.2845
1.2848
1.28508
1.28526
1.28518
1.28752
0.770365
0.788165
0.808333
0.830586
0.85401
0.877895
0.901774
0.925329
0.948357
0.97071
0.992299
1.01304
1.03291
1.05185
1.06988
1.08693
1.10306
1.11813
1.13218
1.14515
1.15706
1.1679
1.17771
1.18649
1.19431
1.20115
1.20711
1.21219
1.21653
1.22016
1.22314
1.22562
1.22769
1.22951
1.23116
1.23279
1.23445
1.23624
1.23819
1.24034
1.2427
1.24523
1.24796
1.25082
1.25384
1.25693
1.26011
1.2633
1.26649
1.26962
1.27267
1.27558
1.27835
1.28093
1.2833
1.28544
1.28732
1.28893
1.29023
1.29126
1.29198
1.29244
1.29261
1.29261
1.29251
1.29226
1.29179
1.29118
1.2906
1.2901
1.28969
1.28934
1.28905
1.28879
1.28857
1.28837
1.28821
1.28807
1.28797
1.28788
1.28779
1.28766
1.28752
1.2873
1.28706
1.28676
1.28647
1.28618
1.28593
1.28574
1.28562
1.28563
1.28571
1.28583
1.28596
1.28612
1.28625
1.28634
1.28617
1.28851
0.766213
0.783298
0.802687
0.824081
0.846633
0.869658
0.892731
0.915593
0.93805
0.959978
0.981275
1.00188
1.02173
1.0408
1.05906
1.07648
1.09306
1.10874
1.12346
1.13722
1.14998
1.16176
1.17253
1.18233
1.19113
1.199
1.20592
1.21196
1.21717
1.22163
1.2254
1.22854
1.23123
1.23351
1.23556
1.23742
1.23925
1.2411
1.24306
1.24515
1.2474
1.24981
1.25237
1.25506
1.25787
1.26076
1.26369
1.26664
1.26955
1.27241
1.27516
1.27778
1.28024
1.28251
1.28455
1.28636
1.28787
1.28914
1.29008
1.29076
1.29113
1.29128
1.29124
1.29109
1.29073
1.29018
1.28953
1.28895
1.28845
1.28804
1.28775
1.28751
1.28736
1.28724
1.28717
1.28712
1.28716
1.28726
1.28736
1.28749
1.28758
1.28765
1.28768
1.28764
1.28751
1.28734
1.28714
1.28691
1.2867
1.2865
1.28638
1.2863
1.28631
1.28637
1.28643
1.2865
1.28652
1.28653
1.28619
1.28843
0.760135
0.776707
0.795475
0.816196
0.838045
0.860406
0.88285
0.905161
0.927146
0.948717
0.969761
0.990234
1.01006
1.02923
1.04768
1.0654
1.08237
1.09853
1.11383
1.12825
1.14176
1.15434
1.16599
1.17669
1.18645
1.19527
1.20318
1.21018
1.21634
1.2217
1.22633
1.23028
1.23361
1.23647
1.23894
1.24117
1.24321
1.24522
1.24722
1.2493
1.25147
1.25377
1.25617
1.25869
1.26128
1.26394
1.26662
1.26929
1.27192
1.27446
1.2769
1.27919
1.28132
1.28324
1.28494
1.28638
1.28754
1.28841
1.289
1.2893
1.28938
1.2893
1.28906
1.28856
1.28785
1.28717
1.28652
1.286
1.28556
1.28526
1.28506
1.28496
1.28491
1.28494
1.28502
1.28514
1.28537
1.2857
1.28606
1.28639
1.28668
1.28691
1.28708
1.28717
1.28721
1.28721
1.28712
1.28698
1.2868
1.28665
1.28647
1.28639
1.28631
1.28631
1.2863
1.28631
1.28624
1.28613
1.28565
1.28782
0.754436
0.770373
0.788502
0.80855
0.829708
0.851378
0.873185
0.894913
0.916413
0.937585
0.958345
0.978631
0.998389
1.01758
1.03615
1.05409
1.07136
1.08793
1.10373
1.11874
1.13292
1.14625
1.15871
1.17028
1.18095
1.19072
1.19958
1.20756
1.21465
1.22094
1.22642
1.23117
1.23524
1.23875
1.24176
1.2444
1.24676
1.24894
1.25104
1.25312
1.25524
1.25741
1.25967
1.26199
1.26438
1.26678
1.2692
1.27158
1.2739
1.27612
1.27823
1.28019
1.28198
1.28355
1.28488
1.28594
1.28672
1.28722
1.28741
1.2874
1.28726
1.28689
1.28622
1.2854
1.28458
1.28386
1.28324
1.28275
1.2824
1.28218
1.2821
1.2821
1.28216
1.28227
1.28249
1.28286
1.28335
1.28388
1.28441
1.2849
1.28535
1.28574
1.28606
1.2863
1.28647
1.28655
1.28657
1.28656
1.28647
1.28633
1.28616
1.28603
1.2859
1.28584
1.28576
1.2857
1.28554
1.28535
1.28478
1.2869
0.748194
0.763641
0.781229
0.800704
0.821289
0.842388
0.863666
0.88491
0.906011
0.926851
0.947381
0.967508
0.987213
1.00641
1.02511
1.04321
1.06075
1.07765
1.09389
1.10938
1.12415
1.1381
1.15128
1.16357
1.17505
1.18561
1.19531
1.20409
1.21201
1.21904
1.22529
1.23074
1.23549
1.23955
1.24307
1.2461
1.24877
1.25117
1.25339
1.25551
1.25759
1.25967
1.26177
1.2639
1.26605
1.26821
1.27033
1.27241
1.2744
1.2763
1.27806
1.27968
1.2811
1.2823
1.28326
1.28393
1.28432
1.28444
1.28439
1.28414
1.28356
1.28271
1.28178
1.28087
1.28002
1.27928
1.27867
1.27822
1.27793
1.27782
1.27781
1.27785
1.27796
1.27821
1.27863
1.27921
1.27985
1.2805
1.28115
1.28178
1.28236
1.28289
1.28333
1.2837
1.28398
1.28417
1.28427
1.2843
1.28427
1.28422
1.28408
1.28392
1.28375
1.28362
1.28346
1.28333
1.28309
1.28283
1.28218
1.28426
0.736788
0.752351
0.769978
0.789366
0.80975
0.830591
0.851581
0.872552
0.893403
0.914049
0.934433
0.954483
0.974167
0.993416
1.01222
1.03051
1.04829
1.06549
1.08207
1.09796
1.11317
1.12762
1.14132
1.15422
1.16632
1.17757
1.188
1.19757
1.20629
1.21417
1.22122
1.22746
1.23293
1.23769
1.24181
1.24536
1.24844
1.25116
1.25358
1.25581
1.25791
1.25993
1.26191
1.26387
1.2658
1.26769
1.26953
1.27128
1.27294
1.27449
1.2759
1.27715
1.2782
1.27903
1.2796
1.27986
1.27989
1.27977
1.27935
1.27858
1.27755
1.27648
1.27543
1.27444
1.27355
1.27278
1.27219
1.27178
1.27159
1.27155
1.27157
1.27167
1.27192
1.27236
1.273
1.27372
1.27451
1.27531
1.27612
1.27689
1.27764
1.27831
1.27891
1.27943
1.27984
1.28017
1.28038
1.2805
1.28053
1.28052
1.28046
1.28035
1.28016
1.27998
1.27975
1.27955
1.27923
1.27891
1.27818
1.28021
0.720679
0.736734
0.754758
0.774429
0.794945
0.8158
0.836752
0.857641
0.878417
0.898981
0.919324
0.939347
0.959065
0.978373
0.997305
1.01576
1.03376
1.05125
1.06819
1.08453
1.10023
1.11526
1.1296
1.1432
1.15604
1.1681
1.17934
1.18978
1.19935
1.20812
1.21602
1.22314
1.22944
1.235
1.23984
1.24404
1.24768
1.25083
1.2536
1.25605
1.25828
1.26032
1.26224
1.26405
1.26577
1.2674
1.26892
1.27034
1.27162
1.2728
1.27382
1.27468
1.27532
1.2757
1.27584
1.27581
1.27554
1.27485
1.27384
1.27272
1.27151
1.27033
1.26917
1.26814
1.2672
1.26647
1.26591
1.26563
1.26555
1.26558
1.26567
1.26589
1.26635
1.26704
1.26785
1.26876
1.26973
1.27071
1.27171
1.27266
1.2736
1.27445
1.27523
1.27591
1.2765
1.27697
1.27733
1.27758
1.2777
1.27775
1.27773
1.27767
1.27754
1.27735
1.27707
1.2768
1.2764
1.27601
1.2752
1.27716
0.709668
0.724923
0.742294
0.76135
0.781375
0.801819
0.822443
0.843061
0.863637
0.884049
0.904302
0.924284
0.944011
0.963381
0.982416
1.00103
1.01923
1.03696
1.05424
1.07098
1.08716
1.10274
1.11768
1.13195
1.14552
1.15837
1.17045
1.18176
1.19225
1.20193
1.21077
1.21879
1.226
1.23241
1.23804
1.24296
1.24721
1.25088
1.25404
1.25676
1.25914
1.26124
1.2631
1.26479
1.26629
1.26766
1.26886
1.26994
1.27087
1.2717
1.27234
1.27282
1.27304
1.27308
1.27295
1.27242
1.27152
1.27036
1.26905
1.2677
1.26634
1.26501
1.26376
1.26264
1.26169
1.26098
1.26048
1.2603
1.26028
1.26034
1.26049
1.26086
1.26145
1.26229
1.26321
1.26424
1.2653
1.26639
1.2675
1.26854
1.26961
1.27053
1.27147
1.27222
1.27295
1.2735
1.27399
1.27431
1.27455
1.27463
1.27465
1.27462
1.27454
1.27438
1.27412
1.2738
1.27337
1.27293
1.27211
1.27407
0.705911
0.719765
0.735801
0.753645
0.77259
0.792087
0.811904
0.831838
0.851855
0.871816
0.891723
0.911454
0.931016
0.950306
0.96933
0.988008
1.00634
1.02427
1.04181
1.05888
1.07545
1.09148
1.10693
1.12177
1.13596
1.14947
1.16225
1.1743
1.18555
1.19602
1.20565
1.21447
1.22244
1.2296
1.23592
1.24146
1.24627
1.25041
1.25395
1.25696
1.25952
1.26168
1.26352
1.26507
1.26637
1.26745
1.26832
1.26904
1.2696
1.27006
1.27029
1.27036
1.2703
1.26992
1.26911
1.26795
1.26664
1.26517
1.26363
1.26205
1.26052
1.25903
1.25771
1.25653
1.25562
1.25493
1.25455
1.25445
1.2545
1.25462
1.25487
1.25539
1.25615
1.25714
1.25819
1.25936
1.26058
1.2618
1.26307
1.26424
1.26547
1.26653
1.26762
1.2685
1.26939
1.27005
1.27068
1.2711
1.27146
1.27162
1.2717
1.27166
1.2716
1.27147
1.27122
1.27086
1.27039
1.26987
1.26899
1.27091
0.69904
0.712738
0.728425
0.745797
0.764205
0.783178
0.802453
0.821929
0.841495
0.861107
0.8807
0.900208
0.919599
0.938794
0.957785
0.976491
0.994918
1.01299
1.03074
1.04807
1.06499
1.0814
1.09731
1.11264
1.1274
1.14149
1.15495
1.16766
1.17966
1.19087
1.20128
1.21087
1.21961
1.2275
1.23454
1.24079
1.24621
1.2509
1.25487
1.25823
1.26099
1.26328
1.2651
1.26656
1.26765
1.26845
1.26898
1.26936
1.26954
1.2696
1.26956
1.26926
1.26853
1.26737
1.26607
1.2645
1.26288
1.26108
1.2593
1.25748
1.25577
1.25415
1.25276
1.25156
1.25067
1.25003
1.24977
1.24972
1.24981
1.24998
1.25034
1.25101
1.25189
1.25301
1.25417
1.25547
1.25679
1.25816
1.25954
1.26087
1.2622
1.26343
1.26463
1.26568
1.26667
1.26749
1.26823
1.26877
1.26924
1.26949
1.26964
1.26962
1.26957
1.26946
1.26924
1.26888
1.26837
1.26779
1.26686
1.26874
0.701583
0.714017
0.728464
0.744679
0.762007
0.779995
0.798379
0.817037
0.835908
0.854893
0.873973
0.89305
0.912104
0.931054
0.949871
0.968502
0.986907
1.00505
1.0229
1.04043
1.05758
1.0743
1.09055
1.1063
1.12149
1.13609
1.15005
1.16335
1.17592
1.18775
1.19879
1.20902
1.21841
1.22696
1.23463
1.24145
1.24741
1.25257
1.25694
1.26061
1.26359
1.26599
1.26783
1.26919
1.27007
1.27059
1.27078
1.27083
1.27081
1.27058
1.26996
1.26896
1.26759
1.266
1.2642
1.26229
1.26022
1.25816
1.25603
1.25404
1.2521
1.25045
1.24896
1.24784
1.24693
1.24644
1.24622
1.24631
1.24645
1.24671
1.24721
1.24806
1.24908
1.25036
1.25166
1.25312
1.25456
1.25609
1.25759
1.25909
1.26054
1.26194
1.26325
1.26446
1.26556
1.26653
1.26736
1.26805
1.26858
1.26895
1.26914
1.26917
1.26911
1.269
1.26878
1.26841
1.26786
1.26724
1.26623
1.26802
0.703662
0.715743
0.729763
0.745443
0.762182
0.779544
0.797333
0.815407
0.83374
0.852237
0.870882
0.889584
0.908333
0.927032
0.945683
0.964185
0.982552
1.00069
1.01859
1.03619
1.05344
1.0703
1.08672
1.10266
1.11808
1.13293
1.14719
1.16081
1.17374
1.18596
1.19743
1.2081
1.21797
1.22699
1.23517
1.24246
1.2489
1.25447
1.25924
1.26319
1.26643
1.26893
1.27083
1.27208
1.2728
1.27301
1.27304
1.27294
1.2726
1.27179
1.27055
1.26901
1.26717
1.26517
1.26293
1.26065
1.25821
1.25585
1.25347
1.25132
1.24927
1.24756
1.24604
1.24494
1.24408
1.24367
1.24352
1.24362
1.2438
1.24413
1.24473
1.24568
1.24676
1.24811
1.24944
1.25098
1.25245
1.25408
1.25558
1.25719
1.25865
1.26016
1.26148
1.26281
1.26393
1.26501
1.26587
1.26666
1.26721
1.26768
1.26789
1.26797
1.26789
1.26778
1.26758
1.26722
1.26667
1.26603
1.26499
1.26675
0.69254
0.705481
0.720288
0.736517
0.753729
0.771341
0.789369
0.807533
0.825979
0.844473
0.863171
0.881832
0.900615
0.919278
0.937968
0.956471
0.974903
0.993086
1.0111
1.02878
1.04617
1.06316
1.07975
1.09589
1.11151
1.12663
1.14116
1.15511
1.16838
1.181
1.19286
1.204
1.21431
1.22383
1.23246
1.24026
1.24714
1.25317
1.25829
1.2626
1.26606
1.26876
1.27069
1.27193
1.27243
1.27251
1.27247
1.27218
1.27141
1.27009
1.26838
1.26635
1.26411
1.26163
1.25904
1.25634
1.25364
1.25098
1.24846
1.24613
1.24404
1.24226
1.24077
1.23966
1.23886
1.2385
1.23841
1.2385
1.23869
1.23907
1.23977
1.24077
1.24194
1.24329
1.2447
1.24626
1.2478
1.24947
1.25103
1.25271
1.25423
1.2558
1.25719
1.2586
1.25977
1.26094
1.26184
1.26272
1.2633
1.26384
1.26407
1.26419
1.26408
1.26396
1.26375
1.26339
1.26282
1.26215
1.26107
1.2628
0.674661
0.688276
0.703795
0.720619
0.738387
0.75645
0.774905
0.793398
0.812177
0.830911
0.84988
0.868715
0.887724
0.906519
0.925409
0.944022
0.962638
0.980931
0.999136
1.01696
1.03459
1.05179
1.06867
1.08509
1.10108
1.11658
1.13155
1.14598
1.15977
1.17296
1.1854
1.19718
1.20811
1.21831
1.22758
1.23605
1.24354
1.25019
1.25583
1.26063
1.26444
1.26745
1.2695
1.27076
1.27114
1.27116
1.27101
1.27048
1.26926
1.26747
1.26529
1.26282
1.2601
1.25723
1.25423
1.25123
1.24823
1.24541
1.24272
1.24033
1.23819
1.23642
1.23496
1.2339
1.2332
1.23292
1.23294
1.23304
1.23327
1.23375
1.23458
1.23568
1.23698
1.2384
1.23996
1.2416
1.24329
1.24505
1.24679
1.24858
1.25025
1.25198
1.25351
1.25508
1.25637
1.2577
1.25871
1.25973
1.26039
1.26104
1.26134
1.26152
1.26141
1.26128
1.26106
1.26068
1.26008
1.25936
1.25822
1.25987
0.658762
0.672242
0.687639
0.704444
0.722199
0.740352
0.758882
0.777513
0.796413
0.815289
0.834386
0.853373
0.872507
0.891471
0.910482
0.929281
0.948021
0.966515
0.98487
1.00302
1.02097
1.03862
1.05596
1.07296
1.08955
1.10572
1.12139
1.13655
1.15113
1.16509
1.17837
1.19093
1.20273
1.2137
1.22382
1.23302
1.24129
1.24858
1.25488
1.26018
1.26447
1.26777
1.27005
1.2713
1.27164
1.27161
1.27133
1.27047
1.26894
1.26668
1.26409
1.26112
1.258
1.2547
1.25136
1.24805
1.24483
1.24182
1.23902
1.23657
1.2344
1.23265
1.23125
1.23024
1.22966
1.22944
1.22954
1.2297
1.23
1.23058
1.23156
1.23277
1.2342
1.23574
1.23741
1.23919
1.24101
1.24293
1.24477
1.24673
1.24851
1.25038
1.25202
1.25371
1.25513
1.25657
1.25769
1.2588
1.25958
1.26031
1.26068
1.26094
1.26085
1.26072
1.26051
1.26016
1.25956
1.25881
1.2577
1.25933
0.688562
0.698963
0.711275
0.725316
0.740556
0.756524
0.773089
0.790013
0.807396
0.824985
0.842941
0.86101
0.879315
0.897672
0.916122
0.934558
0.952985
0.971319
0.989572
1.00766
1.02565
1.04337
1.0609
1.07806
1.09494
1.11134
1.12737
1.14282
1.1578
1.1721
1.18581
1.19875
1.21098
1.22234
1.23288
1.24246
1.25112
1.25877
1.26541
1.27099
1.27551
1.27897
1.28134
1.28254
1.28278
1.2827
1.28224
1.2811
1.27914
1.27647
1.27334
1.26993
1.26628
1.26255
1.25881
1.25515
1.25171
1.24843
1.24558
1.24295
1.24086
1.23902
1.23773
1.23674
1.23627
1.23614
1.23633
1.23656
1.23701
1.23776
1.23885
1.24021
1.2417
1.24341
1.24515
1.24709
1.24896
1.25101
1.25292
1.255
1.25685
1.25884
1.26055
1.26237
1.26384
1.2654
1.26657
1.2678
1.26861
1.26944
1.26985
1.2702
1.27014
1.27002
1.26984
1.26949
1.26893
1.26815
1.26705
1.26864
0.722009
0.73166
0.742951
0.755942
0.770024
0.784902
0.800326
0.816222
0.832546
0.84923
0.866267
0.883575
0.90114
0.918878
0.936776
0.954735
0.972766
0.990743
1.00871
1.02651
1.04419
1.06164
1.07887
1.09577
1.11236
1.12852
1.14427
1.15952
1.17425
1.18838
1.2019
1.21472
1.22682
1.23813
1.24861
1.25821
1.26686
1.27457
1.28123
1.28689
1.29145
1.29494
1.29728
1.29839
1.29853
1.29836
1.29776
1.29637
1.29404
1.29095
1.28741
1.28351
1.27949
1.27531
1.2713
1.26733
1.26369
1.26031
1.2573
1.25472
1.25252
1.25081
1.24948
1.24862
1.24818
1.24816
1.24837
1.24865
1.24918
1.25002
1.25116
1.25258
1.25409
1.25585
1.2576
1.25957
1.26145
1.26352
1.26545
1.26753
1.26942
1.2714
1.27315
1.27494
1.27648
1.278
1.27925
1.28045
1.28134
1.28214
1.28264
1.28295
1.28297
1.28283
1.28265
1.28231
1.28174
1.28099
1.27983
1.28139
0.738146
0.748368
0.760154
0.773549
0.78788
0.802948
0.818398
0.834322
0.850522
0.86713
0.883958
0.901118
0.918432
0.935984
0.953619
0.971388
0.989165
1.00697
1.0247
1.0423
1.05969
1.07687
1.09378
1.11038
1.12664
1.1425
1.15793
1.1729
1.18735
1.20125
1.21454
1.22718
1.23911
1.25031
1.26069
1.27025
1.27888
1.28658
1.29327
1.29896
1.30356
1.30707
1.30943
1.31048
1.31056
1.31036
1.30968
1.30814
1.30556
1.3022
1.29834
1.29415
1.28981
1.2854
1.28112
1.27699
1.27321
1.26971
1.26669
1.26402
1.26188
1.26012
1.25886
1.25798
1.25761
1.25757
1.25774
1.25803
1.25854
1.25934
1.2605
1.26181
1.26334
1.26495
1.26673
1.26852
1.27044
1.27233
1.27431
1.2762
1.27814
1.27995
1.28176
1.2834
1.28501
1.2864
1.28772
1.2888
1.28979
1.29049
1.29107
1.29133
1.29141
1.29128
1.2911
1.2908
1.29027
1.28957
1.28841
1.29
0.691923
0.704756
0.719105
0.734936
0.751432
0.768523
0.785727
0.803317
0.820917
0.838864
0.856784
0.875005
0.893145
0.911513
0.929743
0.948115
0.966299
0.984522
1.00252
1.02048
1.03821
1.05574
1.07299
1.08995
1.10657
1.1228
1.13863
1.15397
1.16884
1.18312
1.19683
1.20987
1.22224
1.23382
1.24464
1.25457
1.26363
1.27169
1.27877
1.28476
1.28967
1.29341
1.29596
1.29709
1.29723
1.29709
1.29647
1.2949
1.2923
1.28879
1.28484
1.2805
1.27607
1.27155
1.26721
1.26305
1.25922
1.25575
1.25268
1.25006
1.24786
1.24613
1.24479
1.24392
1.24346
1.24336
1.24341
1.24356
1.24396
1.24467
1.24573
1.24693
1.24837
1.24988
1.25157
1.25328
1.25514
1.25697
1.2589
1.26075
1.26267
1.26446
1.26627
1.26791
1.26952
1.27093
1.27226
1.27336
1.27436
1.27508
1.27566
1.27595
1.276
1.27586
1.27566
1.27535
1.27483
1.27414
1.27297
1.27458
0.65483
0.667672
0.68215
0.698257
0.715062
0.732556
0.750164
0.76824
0.786301
0.804781
0.823173
0.841925
0.860524
0.879388
0.898069
0.916886
0.935513
0.954137
0.972571
0.99086
1.00898
1.02685
1.04454
1.06185
1.07894
1.09554
1.11186
1.12758
1.14294
1.1576
1.17181
1.18521
1.19806
1.21001
1.22128
1.23156
1.24102
1.2494
1.25683
1.26308
1.26826
1.27217
1.27489
1.27609
1.27627
1.27617
1.27557
1.27399
1.27125
1.26766
1.2635
1.25904
1.25445
1.24982
1.24538
1.24113
1.23725
1.23373
1.23063
1.228
1.22577
1.22403
1.2227
1.22179
1.22135
1.22122
1.22122
1.22137
1.22174
1.22244
1.2235
1.2247
1.22615
1.22765
1.22938
1.23109
1.23301
1.23483
1.23684
1.2387
1.24068
1.24251
1.24436
1.24608
1.2477
1.24921
1.25051
1.25173
1.25265
1.2535
1.25399
1.25437
1.25433
1.25416
1.25396
1.25361
1.25304
1.2523
1.25114
1.25273
0.653977
0.665908
0.679471
0.694756
0.710778
0.727603
0.74459
0.762146
0.77974
0.797827
0.815892
0.834354
0.852754
0.871414
0.890006
0.908691
0.927319
0.94588
0.964376
0.982677
1.00087
1.01878
1.03652
1.05389
1.07102
1.08767
1.10404
1.1198
1.13521
1.14992
1.16418
1.17765
1.19055
1.20256
1.21389
1.22422
1.23374
1.24217
1.24965
1.25595
1.26117
1.26512
1.26784
1.26904
1.26921
1.26908
1.26843
1.26678
1.26391
1.26017
1.25586
1.25123
1.24649
1.24172
1.23717
1.23283
1.22889
1.22534
1.22223
1.21962
1.21744
1.21574
1.21448
1.21368
1.21327
1.21333
1.2134
1.21366
1.21416
1.21498
1.21616
1.21746
1.21905
1.22065
1.22246
1.22429
1.22624
1.22821
1.23021
1.23224
1.23418
1.23617
1.23796
1.23981
1.24137
1.24298
1.24423
1.24551
1.24639
1.24726
1.24771
1.24809
1.248
1.24778
1.24752
1.24714
1.24651
1.2457
1.24448
1.24598
)
;

boundaryField
{
    inlet
    {
        type            calculated;
        value           uniform 3.00001;
    }
    outlet
    {
        type            calculated;
        value           nonuniform List<scalar> 
40
(
0.665065
0.852052
1.00922
1.11959
1.19319
1.2401
1.26721
1.28307
1.29259
1.29695
1.29781
1.2963
1.29155
1.28763
1.28546
1.28449
1.28456
1.2856
1.28752
1.28851
1.28843
1.28782
1.2869
1.28426
1.28021
1.27716
1.27407
1.27091
1.26874
1.26802
1.26675
1.2628
1.25987
1.25933
1.26864
1.28139
1.29
1.27458
1.25273
1.24598
)
;
    }
    bottom
    {
        type            symmetryPlane;
    }
    top
    {
        type            symmetryPlane;
    }
    obstacle
    {
        type            calculated;
        value           uniform 0;
    }
    defaultFaces
    {
        type            empty;
    }
}


// ************************************************************************* //
