/*--------------------------------*- C++ -*----------------------------------*\
| =========                 |                                                 |
| \\      /  F ield         | OpenFOAM: The Open Source CFD Toolbox           |
|  \\    /   O peration     | Version:  2412                                  |
|   \\  /    A nd           | Website:  www.openfoam.com                      |
|    \\/     M anipulation  |                                                 |
\*---------------------------------------------------------------------------*/
FoamFile
{
    version     2.0;
    format      ascii;
    arch        "LSB;label=32;scalar=64";
    class       volScalarField;
    location    "17.5";
    object      Ma;
}
// * * * * * * * * * * * * * * * * * * * * * * * * * * * * * * * * * * * * * //

dimensions      [0 0 0 0 0 0 0];

internalField   nonuniform List<scalar> 
7000
(
2.25639
0.994878
0.300995
0.338445
0.401084
0.442457
0.450679
0.446209
0.439854
0.434936
0.432091
0.429814
0.427218
0.424126
0.420658
0.416878
0.412814
0.408431
0.403722
0.398657
0.393237
0.387435
0.381251
0.374654
0.367643
0.360185
0.352277
0.343887
0.335006
0.325605
0.315671
0.305175
0.294105
0.282433
0.270145
0.257219
0.243644
0.229404
0.214493
0.198909
0.182656
0.165748
0.148208
0.13007
0.111382
0.092205
0.0725993
0.0528503
0.0319281
0.0155297
2.25644
0.994939
0.300792
0.338279
0.400928
0.442309
0.450531
0.446064
0.439715
0.434804
0.431963
0.429691
0.427098
0.42401
0.420546
0.416772
0.412713
0.408336
0.403633
0.398575
0.393163
0.387369
0.381193
0.374606
0.367605
0.360159
0.352263
0.343887
0.335022
0.325637
0.315722
0.305246
0.294198
0.28255
0.270289
0.257392
0.243849
0.229645
0.214774
0.199234
0.183033
0.166186
0.148719
0.130676
0.112116
0.0931289
0.0738268
0.0546585
0.0351618
0.0220619
2.25657
0.995136
0.300924
0.338313
0.400958
0.442341
0.450564
0.446104
0.439773
0.434873
0.432046
0.429777
0.427195
0.424113
0.420663
0.416897
0.412854
0.408486
0.403801
0.398755
0.393363
0.387584
0.381432
0.374864
0.367891
0.36047
0.352608
0.344262
0.335436
0.32609
0.316222
0.305795
0.294805
0.283217
0.271026
0.258207
0.244751
0.230645
0.215886
0.200477
0.184426
0.167762
0.150518
0.13276
0.114578
0.0961276
0.0776409
0.0598425
0.0430455
0.0335771
2.25674
0.995442
0.301195
0.338391
0.40104
0.442441
0.450668
0.446221
0.439903
0.435031
0.432215
0.429966
0.427391
0.424331
0.420892
0.417151
0.413121
0.408783
0.404113
0.399101
0.393728
0.387989
0.381862
0.375341
0.368398
0.361032
0.353209
0.344929
0.336153
0.326884
0.317079
0.306745
0.295835
0.28436
0.272272
0.259588
0.246265
0.232327
0.217745
0.202549
0.186742
0.170367
0.15348
0.136163
0.118567
0.100907
0.0835573
0.0674606
0.0533078
0.0461857
2.25699
0.995872
0.301544
0.33846
0.401125
0.442562
0.450797
0.446372
0.440065
0.435235
0.432429
0.430213
0.427647
0.424622
0.421197
0.417495
0.413483
0.409187
0.404543
0.399577
0.394238
0.388551
0.382468
0.376005
0.36912
0.361821
0.35407
0.345867
0.337182
0.328005
0.318314
0.308089
0.297321
0.285977
0.274065
0.261545
0.248441
0.234713
0.220406
0.205491
0.190039
0.174058
0.157657
0.140937
0.124084
0.107419
0.0913787
0.0770328
0.065114
0.0595002
2.25732
0.996444
0.301987
0.338532
0.401221
0.442707
0.450966
0.446542
0.440295
0.435471
0.432724
0.430506
0.427997
0.424973
0.421611
0.417914
0.413973
0.409687
0.405121
0.400172
0.39492
0.389261
0.383275
0.376853
0.370078
0.362836
0.35521
0.347087
0.338544
0.329473
0.319945
0.309861
0.299279
0.28812
0.276427
0.264145
0.251303
0.237883
0.223898
0.209385
0.194355
0.178914
0.163106
0.147132
0.131178
0.115623
0.100991
0.0883019
0.0781941
0.0736262
2.25774
0.997169
0.30253
0.338608
0.401328
0.442885
0.451171
0.446772
0.440558
0.435781
0.433066
0.43089
0.428407
0.425431
0.4221
0.418462
0.414555
0.410337
0.40581
0.400943
0.395739
0.390176
0.384248
0.377943
0.371239
0.364137
0.3566
0.348644
0.340214
0.331342
0.321959
0.312109
0.301716
0.290833
0.279384
0.267428
0.254906
0.241875
0.22831
0.214272
0.199797
0.18496
0.169906
0.154767
0.139846
0.12549
0.112242
0.101083
0.0924516
0.0886321
2.25825
0.99806
0.303181
0.338689
0.401448
0.443096
0.451418
0.447055
0.440876
0.436157
0.433479
0.431354
0.428908
0.425986
0.422702
0.419123
0.415273
0.411122
0.406665
0.401874
0.396756
0.391282
0.38546
0.379258
0.372685
0.365705
0.35833
0.350518
0.342289
0.333589
0.324453
0.314814
0.304723
0.294104
0.283023
0.271401
0.259322
0.246721
0.233692
0.220217
0.206397
0.192305
0.178066
0.163913
0.150067
0.136969
0.125083
0.115269
0.107851
0.10463
2.25887
0.999128
0.30395
0.338778
0.401584
0.443342
0.451714
0.447385
0.441265
0.436599
0.433979
0.4319
0.429513
0.426644
0.423425
0.419909
0.416134
0.412057
0.407687
0.402986
0.397969
0.392605
0.386903
0.380836
0.374406
0.367591
0.360388
0.352778
0.344755
0.336305
0.327416
0.318086
0.308293
0.298054
0.287334
0.276185
0.264552
0.252532
0.240068
0.227302
0.21421
0.200978
0.187689
0.174562
0.16191
0.15004
0.139461
0.130896
0.124501
0.121724
2.25959
1.00039
0.304846
0.338876
0.401739
0.443631
0.452063
0.447786
0.441718
0.437131
0.434559
0.432555
0.430217
0.427428
0.424269
0.420844
0.417141
0.413167
0.408884
0.404301
0.399392
0.394166
0.388598
0.382693
0.376429
0.369807
0.362808
0.355431
0.347658
0.339489
0.330909
0.321917
0.312505
0.302675
0.292429
0.281772
0.270729
0.259306
0.247573
0.235539
0.223345
0.211021
0.198804
0.186811
0.175352
0.164797
0.15545
0.147999
0.1425
0.140154
2.26043
1.00185
0.305878
0.338985
0.401915
0.443962
0.452474
0.44824
0.44227
0.437737
0.435257
0.433302
0.431058
0.428328
0.425273
0.421918
0.418331
0.414443
0.410293
0.405817
0.401061
0.395969
0.39058
0.384841
0.378788
0.372373
0.365624
0.358503
0.35103
0.343176
0.334957
0.326355
0.317381
0.308031
0.298315
0.288251
0.277849
0.267158
0.256201
0.245066
0.233804
0.222569
0.211457
0.200721
0.190534
0.181236
0.173175
0.166817
0.162145
0.160109
2.26138
1.00352
0.307055
0.339111
0.402116
0.44435
0.45295
0.448793
0.442892
0.438466
0.436047
0.434192
0.432013
0.429392
0.426413
0.423182
0.419685
0.415938
0.411897
0.407584
0.402963
0.398062
0.39284
0.387327
0.381481
0.375333
0.368841
0.362039
0.354884
0.347413
0.339586
0.331444
0.322955
0.31416
0.305044
0.29565
0.285989
0.276105
0.266055
0.255886
0.245721
0.235621
0.225792
0.216345
0.207555
0.199624
0.192776
0.1875
0.183642
0.182035
2.26247
1.00541
0.308383
0.339255
0.402348
0.444788
0.453502
0.449418
0.443635
0.439294
0.436979
0.435202
0.433131
0.430599
0.427742
0.424612
0.421255
0.417628
0.41375
0.409582
0.405154
0.400428
0.395434
0.390136
0.384563
0.378679
0.372515
0.366036
0.359275
0.352201
0.34485
0.337197
0.329282
0.321088
0.312667
0.304012
0.295191
0.286213
0.27717
0.268104
0.259123
0.250339
0.241853
0.233885
0.22653
0.220081
0.214659
0.210557
0.207581
0.206278
2.26367
1.00752
0.309862
0.339404
0.402627
0.44528
0.454135
0.450147
0.444482
0.440258
0.438038
0.436369
0.434398
0.431988
0.429244
0.426253
0.423026
0.419561
0.415836
0.41186
0.407615
0.403118
0.398347
0.393324
0.38802
0.382467
0.376632
0.37055
0.364193
0.357598
0.350743
0.343668
0.336364
0.328869
0.321197
0.313388
0.305483
0.29753
0.289595
0.281759
0.274104
0.266754
0.259827
0.253444
0.2478
0.242948
0.239038
0.236302
0.234381
0.233727
2.265
1.00985
0.311499
0.339566
0.402952
0.445839
0.454864
0.450991
0.445458
0.441369
0.439251
0.437704
0.435843
0.433566
0.43095
0.428108
0.42503
0.421736
0.418191
0.414415
0.410388
0.406127
0.401623
0.39688
0.391903
0.386685
0.381247
0.375571
0.369697
0.363593
0.357325
0.350851
0.344257
0.337501
0.330688
0.323791
0.316919
0.310087
0.303396
0.296915
0.290744
0.284996
0.279788
0.275259
0.271498
0.268687
0.266713
0.265738
0.265207
0.265173
2.26646
1.01243
0.313302
0.339768
0.403316
0.446488
0.455709
0.451965
0.44661
0.442642
0.440659
0.439219
0.437504
0.435349
0.432894
0.430192
0.4273
0.42417
0.420842
0.417264
0.413495
0.409476
0.405276
0.400832
0.396216
0.391365
0.386358
0.381135
0.375774
0.370231
0.364576
0.358793
0.352937
0.347033
0.341114
0.335258
0.329483
0.323913
0.318575
0.313615
0.309103
0.305182
0.301952
0.299548
0.298104
0.297603
0.298098
0.299527
0.301171
0.302696
2.26803
1.01522
0.315259
0.339998
0.403737
0.447242
0.456693
0.453101
0.447947
0.444114
0.442271
0.440953
0.439386
0.43737
0.435084
0.432541
0.429839
0.426901
0.423793
0.42045
0.416939
0.413207
0.409313
0.405218
0.400968
0.396543
0.391976
0.38727
0.382443
0.377525
0.372525
0.367495
0.362446
0.357449
0.352532
0.347768
0.343234
0.338993
0.335181
0.331863
0.329208
0.327342
0.32642
0.326542
0.327942
0.330683
0.334545
0.339649
0.344751
0.348748
2.26971
1.0182
0.317358
0.340265
0.404228
0.44813
0.457845
0.454448
0.449495
0.445837
0.444116
0.442952
0.441516
0.439676
0.437537
0.435194
0.432663
0.429957
0.427058
0.423988
0.420733
0.417325
0.413746
0.410035
0.406174
0.402204
0.398116
0.393951
0.389715
0.385444
0.381169
0.37692
0.372762
0.368718
0.364888
0.361308
0.358099
0.355344
0.353156
0.35172
0.351095
0.35154
0.353231
0.356441
0.361357
0.368098
0.376929
0.387659
0.399397
0.410001
2.27147
1.02134
0.319575
0.340583
0.404812
0.449177
0.459204
0.456025
0.451307
0.447821
0.446235
0.445216
0.443934
0.442265
0.440304
0.438152
0.435832
0.433348
0.430703
0.427894
0.424947
0.42185
0.418644
0.415307
0.411894
0.408377
0.404828
0.401213
0.397623
0.394027
0.390526
0.387109
0.38388
0.380865
0.378161
0.37586
0.374035
0.372881
0.372458
0.372959
0.374622
0.377739
0.382661
0.389529
0.398956
0.411282
0.426981
0.447138
0.471025
0.498635
2.27328
1.02456
0.321834
0.340954
0.405514
0.45043
0.460839
0.457906
0.45347
0.450133
0.448691
0.447794
0.446681
0.445159
0.4434
0.441416
0.43933
0.437056
0.434687
0.432143
0.429521
0.426754
0.423933
0.421002
0.418046
0.415027
0.412019
0.409014
0.40607
0.403215
0.400492
0.397977
0.395696
0.393776
0.392247
0.391284
0.390924
0.391352
0.392736
0.395422
0.399627
0.405723
0.413929
0.42509
0.439657
0.459196
0.485122
0.520632
0.571973
0.664958
2.27534
1.02826
0.324328
0.341204
0.406298
0.452009
0.462971
0.460407
0.456325
0.453211
0.451933
0.451253
0.450361
0.449112
0.447601
0.445932
0.444133
0.442228
0.440205
0.438097
0.435895
0.433645
0.43133
0.429013
0.42667
0.424378
0.422115
0.419971
0.417932
0.416102
0.414483
0.413189
0.41226
0.411817
0.411958
0.41273
0.414291
0.417055
0.421245
0.426937
0.43463
0.444601
0.457873
0.47486
0.497649
0.527654
0.569648
0.631199
0.729891
0.881582
2.27754
1.03222
0.32733
0.342162
0.408033
0.45488
0.466562
0.464376
0.460613
0.457557
0.456319
0.45573
0.454996
0.453925
0.452629
0.45119
0.449668
0.448062
0.446396
0.444666
0.442908
0.441121
0.439349
0.437591
0.435901
0.43428
0.432798
0.431458
0.43035
0.429482
0.428975
0.428843
0.429208
0.43009
0.431726
0.434313
0.438027
0.442945
0.449511
0.457836
0.468635
0.482353
0.499857
0.522675
0.551847
0.591412
0.643978
0.718113
0.829074
0.967287
2.27881
1.03453
0.329195
0.343225
0.410198
0.458629
0.471289
0.469603
0.466164
0.463133
0.461928
0.461459
0.460887
0.459998
0.458887
0.457656
0.456366
0.455027
0.453658
0.452266
0.450881
0.449516
0.448207
0.44697
0.445847
0.444866
0.444074
0.443512
0.443243
0.443331
0.44379
0.444694
0.446279
0.448684
0.451905
0.456196
0.46163
0.468623
0.477239
0.488209
0.501543
0.518544
0.539266
0.565822
0.599114
0.641781
0.697454
0.767859
0.86429
0.967668
2.27996
1.03663
0.332504
0.346925
0.415064
0.465048
0.478304
0.476493
0.472703
0.469326
0.468044
0.467681
0.46727
0.466557
0.46565
0.46465
0.463644
0.462616
0.461603
0.460589
0.459625
0.458704
0.45788
0.457155
0.45659
0.456199
0.456053
0.456166
0.456583
0.457392
0.458765
0.460747
0.463396
0.466885
0.471279
0.476882
0.483723
0.492309
0.502667
0.515448
0.53094
0.549767
0.572899
0.600764
0.635389
0.677188
0.729008
0.791084
0.869
0.950131
2.27641
1.03025
0.33468
0.356867
0.427516
0.479907
0.493427
0.490635
0.485637
0.481384
0.479721
0.479162
0.478585
0.477712
0.476649
0.475552
0.474485
0.473456
0.472476
0.471561
0.470732
0.470019
0.469437
0.469035
0.468837
0.468873
0.469143
0.469809
0.470886
0.472488
0.474582
0.477369
0.480817
0.485213
0.490525
0.497117
0.505026
0.5146
0.526135
0.539843
0.556406
0.575977
0.599535
0.627447
0.660656
0.700156
0.746427
0.800837
0.864355
0.928971
2.28232
1.02305
0.359143
0.382445
0.448556
0.498469
0.510402
0.506661
0.500923
0.496535
0.494829
0.494136
0.493434
0.492482
0.491414
0.490333
0.489298
0.488297
0.487356
0.486471
0.485691
0.485013
0.484496
0.484109
0.483974
0.484124
0.484667
0.48553
0.486917
0.488761
0.491311
0.494452
0.498537
0.503399
0.509511
0.516636
0.525404
0.535514
0.547753
0.561889
0.578693
0.598249
0.621118
0.647872
0.678726
0.714691
0.755672
0.802564
0.85579
0.909371
1.87643
0.772228
0.273601
0.344154
0.417659
0.441204
0.441159
0.437182
0.433534
0.433432
0.435604
0.43849
0.441492
0.444537
0.447679
0.450928
0.454251
0.457595
0.460937
0.464255
0.467535
0.470716
0.473862
0.477002
0.480197
0.483379
0.486671
0.489994
0.493615
0.497427
0.501725
0.506422
0.511848
0.517956
0.525067
0.533216
0.542653
0.553609
0.566134
0.580791
0.597358
0.616762
0.63853
0.663869
0.692155
0.724638
0.760642
0.801131
0.84596
0.890733
1.86898
0.771585
0.282469
0.3554
0.428265
0.447767
0.443341
0.436005
0.430334
0.428425
0.428329
0.428729
0.429327
0.430229
0.431575
0.433355
0.435613
0.438221
0.441297
0.444724
0.448612
0.452684
0.457161
0.461812
0.466844
0.472007
0.477543
0.483281
0.489368
0.495704
0.50243
0.509514
0.517067
0.525216
0.534005
0.543766
0.554361
0.566393
0.579581
0.594661
0.611309
0.630297
0.651342
0.675109
0.701454
0.730777
0.7631
0.798245
0.836663
0.874364
1.86802
0.770277
0.284601
0.365124
0.443569
0.463689
0.45755
0.4482
0.441181
0.438434
0.437526
0.436925
0.436333
0.435927
0.435836
0.436104
0.436732
0.43773
0.439259
0.441243
0.443728
0.446649
0.45016
0.454176
0.458795
0.463955
0.469671
0.475939
0.482721
0.490107
0.497974
0.506577
0.515658
0.525625
0.536039
0.547496
0.559551
0.572833
0.587001
0.602685
0.619613
0.638354
0.658776
0.681286
0.705828
0.73265
0.761702
0.792922
0.826553
0.859101
1.8695
0.773545
0.29038
0.367339
0.443644
0.464285
0.459107
0.450612
0.444023
0.441646
0.441163
0.440982
0.440762
0.440649
0.440732
0.441035
0.441619
0.442524
0.44371
0.445192
0.446993
0.449228
0.451866
0.455077
0.458761
0.463142
0.468055
0.473777
0.480052
0.487252
0.494999
0.503765
0.513069
0.52345
0.534461
0.546602
0.559513
0.57362
0.58862
0.604882
0.622249
0.640997
0.661088
0.682747
0.705937
0.730797
0.757257
0.785365
0.81517
0.843836
1.87259
0.780199
0.298039
0.361282
0.429004
0.450274
0.448031
0.441986
0.436368
0.434483
0.434513
0.435041
0.435627
0.43634
0.437232
0.438401
0.439859
0.441544
0.443414
0.445521
0.447866
0.450529
0.453487
0.456857
0.460595
0.464873
0.46959
0.475001
0.480928
0.487704
0.495083
0.503413
0.512451
0.522503
0.533374
0.545293
0.558121
0.572045
0.586988
0.603096
0.620327
0.638819
0.658471
0.679423
0.701553
0.725036
0.749657
0.775394
0.802424
0.828276
1.88117
0.78678
0.300291
0.349055
0.412118
0.44121
0.444216
0.439541
0.434388
0.432095
0.431844
0.432364
0.433079
0.433997
0.435092
0.436422
0.438017
0.439872
0.441985
0.444381
0.447056
0.450063
0.453373
0.457074
0.461112
0.465631
0.470538
0.476041
0.482003
0.488681
0.495927
0.503989
0.512758
0.52242
0.53291
0.544382
0.556763
0.570189
0.584589
0.600087
0.616609
0.634266
0.652973
0.672832
0.693741
0.715736
0.73867
0.762507
0.787337
0.811001
2.26334
1.1065
0.407566
0.399289
0.459443
0.508163
0.519475
0.514592
0.507671
0.501615
0.498092
0.495616
0.4935
0.491477
0.489444
0.487467
0.485737
0.484242
0.483088
0.482235
0.481801
0.481746
0.482194
0.483122
0.484597
0.486658
0.489338
0.492695
0.496732
0.50154
0.507095
0.51351
0.520751
0.528947
0.538041
0.548171
0.559262
0.571435
0.584613
0.598902
0.614199
0.630601
0.647985
0.666403
0.685767
0.706066
0.727202
0.749093
0.771818
0.793438
2.27277
1.12841
0.392027
0.377205
0.450061
0.510812
0.529236
0.528364
0.524142
0.520337
0.518892
0.518515
0.518497
0.518455
0.518038
0.517407
0.516732
0.516099
0.515528
0.515049
0.514678
0.514479
0.514473
0.51474
0.515318
0.516284
0.517675
0.519603
0.522062
0.525208
0.528993
0.533602
0.53896
0.545241
0.552381
0.56051
0.569607
0.57976
0.590961
0.603235
0.61661
0.631037
0.646539
0.663024
0.68046
0.69878
0.717891
0.737697
0.758265
0.777841
2.29766
1.17712
0.434595
0.384067
0.447146
0.503461
0.521959
0.522996
0.521173
0.519988
0.520408
0.521639
0.523433
0.525234
0.526642
0.527842
0.528965
0.530112
0.53126
0.532439
0.533625
0.534868
0.536159
0.53756
0.539072
0.540767
0.542662
0.544831
0.547321
0.550196
0.553526
0.557361
0.561798
0.566871
0.572695
0.579284
0.586754
0.595094
0.604399
0.614649
0.625884
0.638078
0.651256
0.665407
0.680498
0.696504
0.713326
0.730808
0.749039
0.766431
1.90081
0.805122
0.30598
0.31687
0.373972
0.414856
0.429143
0.432976
0.435803
0.439457
0.444391
0.45014
0.45658
0.463078
0.469259
0.47526
0.481229
0.487196
0.493144
0.499034
0.504862
0.510605
0.516284
0.521876
0.527417
0.532884
0.538344
0.543767
0.549248
0.554776
0.560421
0.566232
0.572269
0.578602
0.58528
0.592407
0.600006
0.608198
0.616972
0.626463
0.636628
0.647603
0.659304
0.67183
0.685074
0.699047
0.713687
0.729018
0.745042
0.760363
2.30616
1.19424
0.449931
0.386715
0.440714
0.492305
0.509322
0.509392
0.506246
0.503769
0.50251
0.502324
0.502777
0.50317
0.50349
0.503991
0.504812
0.506083
0.507775
0.509929
0.512499
0.515537
0.518997
0.522921
0.527233
0.531991
0.537076
0.542579
0.548341
0.554478
0.560866
0.567608
0.57459
0.581931
0.589527
0.597511
0.605804
0.614532
0.623641
0.63324
0.643301
0.653904
0.665038
0.676732
0.688996
0.701813
0.715191
0.729039
0.743448
0.757174
2.31141
1.20421
0.433212
0.369784
0.43842
0.500708
0.522181
0.523601
0.521382
0.51991
0.520038
0.521168
0.522897
0.524401
0.525426
0.526272
0.527105
0.528052
0.529124
0.53041
0.531917
0.533728
0.535833
0.538314
0.541159
0.544432
0.548124
0.552276
0.556887
0.56197
0.567525
0.573539
0.580019
0.586939
0.594333
0.602139
0.610411
0.619071
0.6282
0.637703
0.647683
0.65803
0.668869
0.680076
0.69177
0.703827
0.716343
0.729181
0.742467
0.755075
2.31412
1.21003
0.437381
0.371825
0.441547
0.505428
0.527825
0.529514
0.52735
0.526001
0.526473
0.527989
0.530259
0.532453
0.534172
0.5357
0.537226
0.538857
0.540588
0.542448
0.544435
0.546581
0.548901
0.551428
0.554195
0.557226
0.560566
0.564226
0.56826
0.572668
0.577506
0.582761
0.588491
0.594664
0.601333
0.608459
0.616087
0.62417
0.632741
0.641761
0.651242
0.661161
0.671505
0.682264
0.6934
0.704925
0.71677
0.72895
0.741458
0.753352
2.31709
1.21771
0.463755
0.387915
0.44715
0.506288
0.528866
0.532107
0.531231
0.530861
0.531753
0.533682
0.536219
0.538518
0.540544
0.542447
0.544404
0.546445
0.548622
0.550903
0.553334
0.555884
0.558609
0.56148
0.564557
0.567816
0.571318
0.575044
0.579056
0.58334
0.587958
0.592902
0.598223
0.603919
0.610024
0.616542
0.623488
0.630879
0.63871
0.647001
0.655721
0.664898
0.674485
0.684505
0.694896
0.705676
0.716773
0.728185
0.739933
0.751114
1.90566
0.813643
0.324841
0.323675
0.376465
0.414353
0.427239
0.43028
0.432568
0.435906
0.440676
0.446586
0.453312
0.460131
0.466841
0.473503
0.480239
0.487036
0.493905
0.500787
0.507689
0.514573
0.521454
0.528308
0.535158
0.541992
0.548836
0.555688
0.562572
0.569498
0.576485
0.583561
0.590739
0.598061
0.605533
0.613207
0.621078
0.629202
0.637569
0.64622
0.655148
0.664378
0.673895
0.683723
0.693837
0.704247
0.714927
0.725867
0.737118
0.747798
2.31217
1.20899
0.465249
0.403592
0.466279
0.527484
0.549432
0.550372
0.546232
0.542402
0.540196
0.538824
0.53823
0.537832
0.537097
0.536372
0.535802
0.535645
0.535828
0.53651
0.537618
0.539224
0.541301
0.543883
0.546938
0.55049
0.5545
0.558992
0.563911
0.569277
0.575038
0.581198
0.587707
0.594575
0.60176
0.609272
0.617078
0.625183
0.633566
0.642234
0.651173
0.66039
0.669874
0.679625
0.689625
0.699865
0.71033
0.720998
0.731929
0.742297
2.29419
1.1699
0.460322
0.422798
0.485882
0.54629
0.566192
0.566236
0.562516
0.559279
0.558522
0.558926
0.560013
0.561278
0.562152
0.562792
0.563384
0.564043
0.564778
0.565603
0.566523
0.567587
0.568837
0.57032
0.572065
0.574121
0.576501
0.579242
0.582356
0.585869
0.589781
0.594117
0.598877
0.604075
0.609702
0.61576
0.622237
0.629126
0.636413
0.644084
0.652118
0.6605
0.669206
0.678221
0.687539
0.697129
0.706988
0.717079
0.727452
0.737309
1.88786
0.805115
0.340909
0.355394
0.406355
0.443128
0.452857
0.452679
0.451739
0.452584
0.455894
0.460514
0.466052
0.472116
0.478206
0.484329
0.490548
0.496872
0.503251
0.509644
0.51601
0.522342
0.528624
0.53486
0.541042
0.547183
0.553288
0.559386
0.565492
0.571641
0.577856
0.584161
0.590584
0.597149
0.603881
0.610798
0.617924
0.625269
0.632849
0.640669
0.648746
0.657076
0.665671
0.674511
0.683595
0.692913
0.702449
0.712193
0.722184
0.731682
1.87402
0.796345
0.339624
0.356688
0.398325
0.426954
0.434869
0.434827
0.43382
0.433308
0.434037
0.435668
0.43822
0.441424
0.444911
0.448739
0.452991
0.457705
0.462863
0.468443
0.474405
0.480727
0.487365
0.494295
0.501472
0.508873
0.516455
0.524199
0.532069
0.540053
0.548122
0.55629
0.564525
0.572853
0.581247
0.58974
0.598313
0.606997
0.615788
0.624692
0.633705
0.642846
0.652116
0.661528
0.671078
0.680776
0.690618
0.700596
0.710754
0.720371
1.88892
0.806089
0.345152
0.373701
0.430961
0.466931
0.473669
0.469614
0.464529
0.461423
0.46047
0.460439
0.46103
0.461994
0.463031
0.464202
0.465631
0.467389
0.46951
0.472009
0.474906
0.478213
0.481957
0.486134
0.490761
0.495823
0.501329
0.507249
0.513585
0.520299
0.527396
0.534828
0.542594
0.550649
0.558986
0.567558
0.576366
0.585363
0.594544
0.603897
0.613418
0.623081
0.632888
0.642811
0.652857
0.663002
0.673256
0.683593
0.694085
0.703983
2.34086
1.12453
0.469246
0.447677
0.51323
0.574989
0.595628
0.59503
0.589734
0.584433
0.581424
0.579517
0.577955
0.576587
0.575037
0.573306
0.571535
0.569825
0.568215
0.566738
0.565412
0.56428
0.563362
0.562711
0.562349
0.562335
0.562679
0.563445
0.564624
0.566254
0.568368
0.570969
0.574086
0.577699
0.581835
0.586462
0.5916
0.59721
0.603304
0.609833
0.616797
0.624152
0.631881
0.639976
0.648391
0.657112
0.6661
0.67534
0.684841
0.693903
1.88938
0.807275
0.346268
0.363509
0.415843
0.456101
0.468572
0.469575
0.469023
0.468998
0.471281
0.474795
0.478999
0.483733
0.488556
0.493368
0.498209
0.50314
0.508117
0.513133
0.518126
0.523108
0.528037
0.532941
0.537788
0.542617
0.547401
0.552183
0.556965
0.561776
0.566623
0.571541
0.576529
0.581638
0.586867
0.592269
0.597833
0.603615
0.609596
0.615832
0.622293
0.62903
0.636016
0.643261
0.650755
0.658508
0.6665
0.67473
0.683215
0.691322
1.88911
0.807421
0.347576
0.364576
0.416119
0.454612
0.465063
0.464001
0.461128
0.458568
0.458099
0.458937
0.46052
0.462724
0.465141
0.467727
0.470592
0.473816
0.477405
0.481345
0.485608
0.490177
0.495031
0.500151
0.505517
0.511102
0.516888
0.522849
0.528967
0.535241
0.541647
0.548184
0.554838
0.561603
0.568472
0.575442
0.582512
0.589686
0.596966
0.604355
0.611859
0.619476
0.627218
0.635081
0.64308
0.651207
0.659475
0.66787
0.676438
0.684575
2.34286
1.12819
0.472907
0.449736
0.516479
0.580734
0.603203
0.603316
0.598241
0.593175
0.590395
0.588842
0.587719
0.586872
0.585873
0.584712
0.58349
0.582368
0.581332
0.580476
0.579736
0.579227
0.578879
0.578819
0.578972
0.579451
0.580211
0.581295
0.582716
0.584486
0.586609
0.589089
0.591922
0.595111
0.59865
0.602542
0.606778
0.611353
0.616254
0.621478
0.627006
0.632834
0.638941
0.645326
0.651964
0.658854
0.665973
0.673316
0.680885
0.688127
1.88983
0.808811
0.353541
0.381463
0.439708
0.479666
0.489631
0.487949
0.484901
0.483511
0.484932
0.487603
0.490949
0.494782
0.49868
0.50263
0.506691
0.51092
0.515283
0.519768
0.52433
0.528967
0.533652
0.538387
0.54316
0.547969
0.552813
0.557695
0.562623
0.567601
0.572637
0.577748
0.58293
0.58821
0.593583
0.599072
0.604673
0.610406
0.616266
0.62227
0.62842
0.634727
0.641191
0.647818
0.654606
0.661562
0.668681
0.675954
0.683409
0.690509
1.87524
0.799764
0.351248
0.378145
0.427548
0.459466
0.467121
0.465995
0.464316
0.463602
0.464127
0.465324
0.467222
0.469506
0.471855
0.474334
0.477038
0.480019
0.483282
0.486829
0.490646
0.49473
0.499069
0.50366
0.508487
0.513545
0.518815
0.524291
0.529954
0.535795
0.5418
0.547952
0.554256
0.560691
0.567263
0.573953
0.580771
0.5877
0.594753
0.601912
0.609187
0.616561
0.624046
0.631628
0.639322
0.64711
0.655006
0.662998
0.671133
0.678837
1.87422
0.79939
0.351765
0.37539
0.422445
0.454118
0.46234
0.461882
0.460767
0.460149
0.460419
0.461243
0.462726
0.464561
0.466408
0.468309
0.470363
0.472616
0.475087
0.477774
0.480687
0.483831
0.487215
0.490839
0.494711
0.498829
0.503198
0.507813
0.512676
0.517782
0.523131
0.528716
0.534533
0.540573
0.546829
0.55329
0.559951
0.566795
0.573823
0.581022
0.588388
0.595913
0.603593
0.611414
0.619369
0.627449
0.635659
0.643994
0.652484
0.660546
1.88907
0.809147
0.354961
0.362699
0.413325
0.452125
0.463072
0.462662
0.460875
0.45963
0.459666
0.460476
0.462016
0.463919
0.465746
0.467552
0.469468
0.471559
0.473841
0.476314
0.478978
0.481833
0.484886
0.488139
0.491595
0.495257
0.499129
0.503212
0.507509
0.512022
0.516752
0.521701
0.526867
0.532252
0.537853
0.543672
0.549701
0.555943
0.562389
0.56904
0.575884
0.58292
0.590135
0.597532
0.605104
0.61285
0.620753
0.628811
0.637036
0.644864
2.31242
1.20487
0.48559
0.431551
0.492639
0.556883
0.58289
0.586393
0.583732
0.581004
0.579718
0.579404
0.579896
0.58073
0.581271
0.581565
0.581799
0.582085
0.582462
0.582933
0.583499
0.584165
0.584942
0.585839
0.586868
0.588037
0.589358
0.59084
0.592492
0.594322
0.596341
0.598555
0.600974
0.603604
0.606453
0.609525
0.612827
0.616362
0.620136
0.624147
0.628402
0.632897
0.637637
0.642614
0.647835
0.653286
0.658966
0.664856
0.670983
0.676875
2.32265
1.229
0.466274
0.405428
0.481499
0.557579
0.588764
0.593451
0.590819
0.587958
0.586969
0.587422
0.588713
0.59053
0.592213
0.593612
0.594944
0.596358
0.597913
0.599594
0.601399
0.603312
0.605342
0.607483
0.609747
0.612125
0.61463
0.617253
0.620006
0.622883
0.625893
0.629033
0.632312
0.635726
0.639287
0.642988
0.646841
0.650841
0.654999
0.65931
0.663785
0.668418
0.67322
0.678185
0.683322
0.688619
0.694084
0.699703
0.705499
0.711036
2.31281
1.20636
0.486815
0.432611
0.494409
0.559878
0.586953
0.591109
0.589059
0.586949
0.58638
0.587036
0.588546
0.590537
0.592337
0.593931
0.595506
0.597189
0.599019
0.600994
0.603105
0.60535
0.607729
0.610247
0.612905
0.615706
0.618651
0.621742
0.624978
0.628362
0.631892
0.635573
0.639401
0.64338
0.647507
0.651786
0.656212
0.660792
0.665518
0.670397
0.675422
0.6806
0.685922
0.691397
0.697014
0.702781
0.708686
0.714736
0.720944
0.726882
1.88896
0.809199
0.356154
0.364343
0.416413
0.457034
0.469138
0.469158
0.467572
0.466558
0.467201
0.468824
0.471305
0.474259
0.47719
0.480153
0.483258
0.486582
0.490122
0.493879
0.497831
0.501982
0.506315
0.510838
0.515536
0.520415
0.525459
0.530674
0.536046
0.541579
0.54726
0.553093
0.559065
0.565182
0.571428
0.577813
0.58432
0.590957
0.597711
0.604589
0.611577
0.618685
0.625896
0.633221
0.640643
0.648175
0.655802
0.663539
0.671407
0.678898
1.8742
0.800025
0.355372
0.380514
0.428605
0.460156
0.467682
0.466518
0.464781
0.463902
0.464119
0.464971
0.466513
0.468395
0.470228
0.472078
0.474042
0.476178
0.478488
0.48098
0.483643
0.486489
0.489514
0.492729
0.49613
0.499726
0.503512
0.507497
0.511675
0.516053
0.520625
0.525396
0.530361
0.535523
0.540876
0.546422
0.552156
0.558077
0.564179
0.570463
0.576921
0.583553
0.59035
0.597312
0.604431
0.611704
0.619125
0.626692
0.634422
0.641785
1.87704
0.803125
0.35946
0.395195
0.451589
0.4846
0.490529
0.487
0.482818
0.480872
0.48086
0.481656
0.483068
0.484735
0.486334
0.487956
0.4897
0.491611
0.493687
0.495923
0.498315
0.500866
0.503578
0.506455
0.509497
0.512708
0.516089
0.519642
0.523369
0.52727
0.531349
0.535604
0.540038
0.544648
0.549438
0.554405
0.559551
0.564873
0.570373
0.576046
0.581893
0.587911
0.5941
0.600454
0.606972
0.61365
0.620484
0.627467
0.634613
0.641423
1.19185
1.04997
0.498465
0.190722
0.00966992
0.108589
0.159582
0.208033
0.229727
0.234186
0.222632
0.211237
0.200951
0.191401
0.179354
0.164886
0.147543
0.127608
0.105769
0.0826359
0.0587942
0.0351018
0.0157756
0.0234555
0.047245
0.071538
0.0957223
0.119442
0.142799
0.165711
0.188253
0.210342
0.232015
0.253171
0.273219
0.292332
0.311902
0.332292
0.352299
0.371485
0.390041
0.408061
0.425626
0.442706
0.459331
0.475461
0.491125
0.506287
0.520973
0.535145
0.548826
0.561975
0.574612
0.586687
0.598217
0.609146
0.619486
0.629176
0.638225
0.646563
0.6542
0.661061
0.667157
0.672416
0.676854
0.680409
0.683116
0.684939
0.685943
0.686232
0.686155
0.685762
0.684707
0.68248
0.679265
0.675808
0.672243
0.668645
0.665041
0.661553
0.658244
0.655229
0.65254
0.650256
0.648371
0.646927
0.645888
0.645265
0.645014
0.645074
0.64531
0.645724
0.646445
0.647624
0.649106
0.650696
0.65231
0.654017
0.655677
0.660433
1.12227
1.0367
0.807045
0.550067
0.503095
0.431836
0.381638
0.340755
0.310341
0.291777
0.260621
0.230487
0.210964
0.209271
0.216399
0.226975
0.239445
0.253403
0.268552
0.284451
0.300851
0.317364
0.33372
0.349939
0.366707
0.383728
0.400923
0.418058
0.435186
0.452149
0.469033
0.485694
0.502222
0.518487
0.534173
0.549116
0.564139
0.579886
0.595784
0.61104
0.625793
0.640199
0.654317
0.66813
0.681628
0.694787
0.707604
0.720064
0.732165
0.743889
0.755233
0.766175
0.77671
0.786811
0.796469
0.805652
0.814348
0.822518
0.830146
0.837193
0.843638
0.849441
0.85458
0.859018
0.862738
0.865713
0.867939
0.86941
0.870139
0.87029
0.87009
0.869576
0.868465
0.866374
0.863353
0.860043
0.856609
0.853169
0.849747
0.846456
0.843346
0.840527
0.838029
0.835921
0.834202
0.832902
0.831992
0.831478
0.831332
0.831446
0.8317
0.832124
0.83278
0.833842
0.835143
0.836565
0.837956
0.839423
0.84064
0.844443
1.0749
1.07604
1.00863
0.900512
0.831713
0.781658
0.745676
0.715565
0.690735
0.67267
0.657695
0.643442
0.63342
0.628353
0.626857
0.627161
0.628739
0.631223
0.634669
0.639002
0.644166
0.649987
0.65638
0.663246
0.670818
0.679001
0.687776
0.696945
0.706515
0.716328
0.726434
0.736692
0.747174
0.75773
0.768106
0.778059
0.788121
0.798916
0.810275
0.82139
0.832195
0.842838
0.853354
0.86378
0.874062
0.884207
0.89416
0.903939
0.913492
0.922836
0.931922
0.940762
0.949305
0.957561
0.965475
0.973052
0.980239
0.987034
0.993383
0.999282
1.00467
1.00955
1.01386
1.0176
1.02072
1.02321
1.02504
1.02622
1.02673
1.02674
1.02647
1.02591
1.0248
1.02285
1.02008
1.01699
1.01376
1.01053
1.00734
1.00428
1.00142
0.998837
0.996565
0.994657
0.99312
0.991973
0.991192
0.990791
0.990698
0.990829
0.991051
0.99143
0.992004
0.992932
0.994038
0.995272
0.996437
0.997655
0.99846
1.00153
1.04762
1.08462
1.08372
1.05039
1.0087
0.979959
0.961568
0.947822
0.935621
0.92457
0.915736
0.908114
0.901274
0.896115
0.893518
0.892247
0.891251
0.890233
0.889253
0.888468
0.888006
0.887941
0.888283
0.889186
0.890691
0.892823
0.895643
0.899033
0.903
0.90743
0.91236
0.917684
0.923464
0.929541
0.935669
0.941635
0.94783
0.954743
0.962445
0.970312
0.978101
0.985824
0.993572
1.00134
1.00915
1.01695
1.02472
1.03243
1.04006
1.04759
1.055
1.06226
1.06934
1.07622
1.08288
1.08928
1.0954
1.10121
1.10667
1.11175
1.11643
1.12066
1.12443
1.12768
1.1304
1.13256
1.13414
1.13513
1.13546
1.13536
1.13507
1.13449
1.13339
1.13156
1.12901
1.12615
1.1231
1.12004
1.11702
1.11417
1.1115
1.10912
1.10702
1.10529
1.10388
1.10286
1.10216
1.10182
1.10175
1.10187
1.10206
1.10238
1.1029
1.10372
1.10466
1.10573
1.10672
1.10773
1.10824
1.11087
1.02131
1.06922
1.09419
1.0977
1.08864
1.08098
1.07719
1.07561
1.07399
1.0713
1.06767
1.06473
1.0626
1.0597
1.0562
1.05335
1.05063
1.04767
1.04447
1.04111
1.03775
1.03455
1.03167
1.02922
1.0273
1.02603
1.02542
1.02548
1.02625
1.02757
1.0295
1.03197
1.03502
1.03849
1.04211
1.04573
1.04966
1.05434
1.05987
1.06578
1.07182
1.0779
1.08407
1.09033
1.09669
1.10313
1.10962
1.11614
1.12266
1.12914
1.13558
1.14193
1.14817
1.15427
1.1602
1.16593
1.17144
1.17668
1.18163
1.18624
1.19051
1.19437
1.19781
1.20078
1.20327
1.20522
1.20665
1.20747
1.20769
1.20755
1.20724
1.20665
1.20552
1.20376
1.20144
1.19878
1.1959
1.19298
1.1901
1.18739
1.18488
1.18265
1.1807
1.17909
1.17781
1.17689
1.17626
1.17598
1.17594
1.17606
1.17624
1.17657
1.17709
1.17787
1.17871
1.17972
1.1806
1.18151
1.18188
1.18432
0.990925
1.04461
1.0808
1.10399
1.11616
1.12392
1.1308
1.13774
1.14368
1.14801
1.15024
1.1506
1.15015
1.14975
1.14838
1.14565
1.14231
1.1387
1.13499
1.13086
1.12661
1.12219
1.11799
1.11397
1.11049
1.10746
1.10517
1.10346
1.10252
1.10214
1.10248
1.10341
1.10499
1.10702
1.10922
1.11152
1.11419
1.11761
1.12187
1.1266
1.13159
1.13675
1.14203
1.14744
1.15296
1.15859
1.16432
1.17012
1.17596
1.18182
1.18766
1.19347
1.19919
1.20482
1.2103
1.21562
1.22074
1.22563
1.23025
1.23458
1.23857
1.24219
1.24541
1.24819
1.25051
1.25234
1.25361
1.25429
1.25441
1.25427
1.25394
1.2533
1.25212
1.25038
1.24819
1.24568
1.24294
1.24013
1.23735
1.23473
1.2323
1.23017
1.22832
1.2268
1.2256
1.22472
1.22413
1.22389
1.22387
1.22398
1.22417
1.22452
1.22504
1.22581
1.2266
1.22755
1.22838
1.22921
1.22949
1.23184
0.961313
1.01324
1.05627
1.08938
1.11423
1.13274
1.14794
1.16115
1.17276
1.18219
1.1893
1.19385
1.19631
1.19703
1.19715
1.1965
1.19427
1.19087
1.18706
1.18288
1.17841
1.17376
1.1691
1.16454
1.16029
1.15645
1.1532
1.15056
1.14862
1.1473
1.1467
1.14669
1.14741
1.14858
1.14992
1.15141
1.15332
1.15598
1.15943
1.1634
1.16772
1.17229
1.17703
1.18192
1.18692
1.19206
1.1973
1.20264
1.20804
1.2135
1.21895
1.2244
1.22979
1.2351
1.24028
1.24533
1.25019
1.25484
1.25923
1.26335
1.26713
1.27057
1.27362
1.27627
1.27844
1.28012
1.28126
1.2818
1.28186
1.28171
1.28136
1.28066
1.27942
1.27766
1.27553
1.27311
1.2705
1.26779
1.26511
1.26256
1.26023
1.25815
1.25637
1.25489
1.25373
1.25286
1.25232
1.2521
1.25212
1.25222
1.25241
1.25278
1.25332
1.2541
1.25487
1.2558
1.25659
1.25737
1.2576
1.2599
0.935225
0.98296
1.02684
1.06484
1.09627
1.12168
1.14315
1.16147
1.17733
1.19064
1.2015
1.20951
1.21508
1.21822
1.21969
1.22001
1.21983
1.21834
1.21537
1.21149
1.20719
1.20282
1.19828
1.19379
1.1894
1.18536
1.18173
1.17868
1.17622
1.17444
1.1733
1.17283
1.17307
1.17377
1.17462
1.17566
1.17717
1.17941
1.18241
1.18592
1.18983
1.19403
1.19846
1.20304
1.20776
1.2126
1.21757
1.22262
1.22777
1.23295
1.23817
1.24337
1.24855
1.25363
1.25862
1.26346
1.26813
1.27259
1.27681
1.28074
1.28437
1.28765
1.29055
1.29302
1.29504
1.29657
1.29759
1.29799
1.29798
1.29782
1.29745
1.29666
1.29534
1.29355
1.29146
1.28911
1.28661
1.284
1.28142
1.27895
1.27667
1.27462
1.27287
1.27141
1.27027
1.26942
1.2689
1.2687
1.26873
1.26883
1.26902
1.26942
1.26997
1.27076
1.27152
1.27245
1.27321
1.27396
1.27416
1.27643
0.911931
0.955578
0.997897
1.03749
1.0722
1.10218
1.12744
1.14928
1.1682
1.18458
1.19821
1.20927
1.21752
1.2234
1.22698
1.22898
1.22969
1.22978
1.2289
1.22657
1.223
1.21912
1.21494
1.21079
1.20665
1.2028
1.19919
1.19609
1.19345
1.19148
1.19008
1.1894
1.18937
1.18982
1.19039
1.19119
1.1925
1.19453
1.19727
1.2005
1.20413
1.20809
1.2123
1.21669
1.22124
1.22591
1.23069
1.23557
1.24053
1.24553
1.25057
1.25559
1.26058
1.26549
1.2703
1.27497
1.27947
1.28375
1.2878
1.29157
1.29503
1.29813
1.30086
1.30316
1.30503
1.30641
1.30728
1.30757
1.30751
1.30732
1.3069
1.30601
1.30461
1.30281
1.30075
1.29848
1.29607
1.29358
1.29112
1.28875
1.28655
1.28457
1.28285
1.28142
1.28029
1.27947
1.27895
1.27877
1.27881
1.2789
1.2791
1.27951
1.28008
1.28087
1.28163
1.28255
1.28329
1.28401
1.28418
1.28645
0.890358
0.930004
0.970076
1.00919
1.04527
1.07741
1.1056
1.13017
1.15164
1.17026
1.18622
1.19955
1.21034
1.21862
1.22459
1.22855
1.23102
1.23207
1.23229
1.23191
1.23045
1.22778
1.2242
1.22047
1.21676
1.21322
1.20988
1.20692
1.20436
1.20236
1.20091
1.20012
1.19997
1.20024
1.20065
1.20132
1.20252
1.20443
1.20698
1.20998
1.21338
1.2171
1.22109
1.2253
1.22968
1.23418
1.23881
1.24352
1.24831
1.25314
1.258
1.26284
1.26766
1.27239
1.27704
1.28153
1.28586
1.28997
1.29384
1.29742
1.3007
1.30362
1.30618
1.30831
1.31002
1.31124
1.31194
1.31212
1.31205
1.31182
1.31131
1.31033
1.30887
1.30708
1.30507
1.30287
1.30058
1.29824
1.29593
1.29368
1.29159
1.28968
1.28802
1.28661
1.28551
1.28468
1.28418
1.28399
1.28403
1.28412
1.28431
1.28472
1.28528
1.28607
1.28683
1.28773
1.28846
1.28915
1.2893
1.29157
0.870212
0.906651
0.944427
0.982391
1.01849
1.05162
1.0813
1.10767
1.13092
1.1514
1.1692
1.18455
1.1974
1.20793
1.21607
1.2222
1.22649
1.22935
1.23087
1.23144
1.23125
1.2304
1.22843
1.22555
1.2224
1.21921
1.21619
1.21343
1.21103
1.20907
1.20761
1.20673
1.20644
1.20652
1.20675
1.20728
1.20836
1.21016
1.21252
1.21531
1.21848
1.22198
1.22578
1.22981
1.23404
1.23842
1.24292
1.24749
1.25215
1.25683
1.26154
1.26623
1.27088
1.27545
1.27993
1.28425
1.2884
1.29232
1.296
1.29939
1.30248
1.30521
1.30757
1.30952
1.31104
1.31209
1.31262
1.31271
1.31261
1.31235
1.31176
1.31069
1.30919
1.30741
1.30547
1.30339
1.30125
1.29908
1.29694
1.29486
1.2929
1.29109
1.28951
1.28815
1.28707
1.28626
1.28576
1.28556
1.2856
1.28568
1.28587
1.28627
1.28682
1.28759
1.28834
1.28922
1.28993
1.29059
1.29072
1.29299
0.849473
0.883502
0.919385
0.956142
0.991859
1.0253
1.05587
1.08342
1.10808
1.12999
1.14938
1.16633
1.18097
1.19332
1.20356
1.21165
1.21789
1.22246
1.22565
1.22764
1.22856
1.22863
1.22816
1.22687
1.22476
1.22207
1.21931
1.2167
1.21445
1.21256
1.21115
1.21023
1.20989
1.2098
1.20993
1.21041
1.21146
1.2132
1.21544
1.21807
1.22105
1.22437
1.228
1.23187
1.23596
1.24022
1.24459
1.24906
1.25358
1.25813
1.26269
1.26723
1.27172
1.27612
1.28042
1.28455
1.28851
1.29224
1.29573
1.29892
1.30181
1.30434
1.3065
1.30826
1.30959
1.31046
1.31082
1.31083
1.31072
1.31041
1.30975
1.30859
1.30708
1.30534
1.3035
1.30155
1.29959
1.2976
1.29565
1.29373
1.29193
1.29024
1.28875
1.28745
1.28642
1.28562
1.28512
1.28491
1.28493
1.285
1.28518
1.28555
1.28607
1.28682
1.28755
1.28841
1.2891
1.28973
1.28984
1.29212
0.82881
0.860545
0.89454
0.929872
0.964797
0.998027
1.02893
1.05718
1.08282
1.10587
1.12653
1.14486
1.16103
1.17502
1.18702
1.19693
1.20497
1.21125
1.21607
1.21952
1.22184
1.22313
1.22349
1.22322
1.22246
1.22098
1.21895
1.2167
1.2146
1.21283
1.21146
1.2106
1.21018
1.21003
1.21001
1.21049
1.21154
1.21318
1.21528
1.21772
1.22054
1.22366
1.22712
1.23083
1.23479
1.2389
1.24316
1.24749
1.2519
1.25631
1.26073
1.26511
1.26944
1.27366
1.27777
1.28171
1.28547
1.28899
1.29228
1.29525
1.29793
1.30024
1.30219
1.30373
1.30486
1.30552
1.30576
1.30572
1.30557
1.3052
1.30441
1.30319
1.30171
1.30008
1.29836
1.29659
1.2948
1.29302
1.29124
1.28952
1.28787
1.28633
1.28493
1.28373
1.28273
1.28198
1.28146
1.28125
1.28123
1.2813
1.28146
1.28179
1.28229
1.283
1.2837
1.28453
1.28518
1.28579
1.28587
1.28817
0.810165
0.839519
0.871419
0.904995
0.938648
0.971127
1.00178
1.03022
1.05637
1.08019
1.1018
1.12124
1.13864
1.15403
1.16755
1.17909
1.18879
1.19675
1.20316
1.20814
1.2119
1.21452
1.21618
1.21696
1.21706
1.21658
1.21571
1.21434
1.2127
1.21109
1.20988
1.20905
1.20871
1.20849
1.20859
1.20919
1.21035
1.21204
1.2141
1.2165
1.21925
1.22232
1.2257
1.22934
1.23321
1.23725
1.24142
1.24567
1.24996
1.25426
1.25855
1.26278
1.26693
1.27097
1.27486
1.27859
1.28212
1.28541
1.28843
1.29116
1.29357
1.29563
1.29732
1.29861
1.29951
1.29995
1.30005
1.29999
1.29978
1.29929
1.29839
1.29715
1.29573
1.29424
1.29268
1.29111
1.28952
1.28795
1.28638
1.28487
1.2834
1.28203
1.28077
1.27968
1.27875
1.27805
1.27755
1.27732
1.27728
1.27735
1.27748
1.27778
1.27823
1.2789
1.27955
1.28034
1.28096
1.28151
1.28158
1.28388
0.795479
0.822212
0.851695
0.883122
0.915013
0.946202
0.976032
1.0041
1.03023
1.05436
1.07652
1.09673
1.11506
1.13156
1.14627
1.15927
1.1705
1.18005
1.18804
1.1946
1.19987
1.20397
1.20703
1.20916
1.21048
1.2111
1.21121
1.2109
1.21038
1.20966
1.20886
1.20845
1.20832
1.20838
1.20873
1.20958
1.21094
1.21266
1.21472
1.21712
1.21985
1.22288
1.2262
1.22977
1.23354
1.23748
1.24154
1.24568
1.24985
1.25401
1.25814
1.26219
1.26615
1.26998
1.27365
1.27713
1.2804
1.28343
1.28618
1.28864
1.29076
1.29254
1.29396
1.295
1.29565
1.29589
1.29588
1.29578
1.2955
1.29488
1.29388
1.29267
1.29137
1.29004
1.28868
1.28732
1.28596
1.28461
1.28326
1.28196
1.2807
1.27951
1.27842
1.27746
1.27664
1.276
1.27553
1.27529
1.27524
1.2753
1.27541
1.27566
1.27606
1.27667
1.27728
1.27801
1.27858
1.27908
1.27911
1.28142
0.786157
0.810222
0.837136
0.866225
0.896085
0.925667
0.954292
0.981581
1.00729
1.03135
1.05369
1.07434
1.0933
1.11065
1.12638
1.14059
1.15317
1.16419
1.17372
1.18186
1.18869
1.19435
1.19891
1.20252
1.20523
1.20719
1.20849
1.20929
1.20966
1.20975
1.20965
1.20962
1.20971
1.21005
1.21069
1.21169
1.21306
1.21477
1.21683
1.2192
1.22189
1.22486
1.22809
1.23155
1.23521
1.23901
1.24294
1.24691
1.25093
1.25492
1.25887
1.26272
1.26647
1.27006
1.27349
1.2767
1.27971
1.28245
1.28492
1.28707
1.28891
1.29039
1.29153
1.2923
1.2927
1.29279
1.29273
1.29255
1.29212
1.29135
1.29033
1.28922
1.28809
1.28695
1.2858
1.28466
1.28351
1.28238
1.28126
1.28017
1.27912
1.27813
1.27721
1.27639
1.27568
1.2751
1.27467
1.27443
1.27436
1.2744
1.2745
1.2747
1.27503
1.27558
1.27613
1.2768
1.27732
1.27776
1.27775
1.28007
0.780325
0.802075
0.826645
0.8535
0.881374
0.909295
0.936624
0.962966
0.988083
1.01183
1.03415
1.05501
1.07442
1.09238
1.10893
1.12409
1.13783
1.15012
1.16103
1.17059
1.17888
1.18598
1.19197
1.19695
1.201
1.20423
1.20669
1.20852
1.20985
1.21077
1.2114
1.21191
1.21243
1.21309
1.21394
1.21507
1.21648
1.21822
1.22027
1.22263
1.22527
1.22817
1.23129
1.23464
1.23815
1.24182
1.24556
1.24939
1.25321
1.25702
1.26074
1.26438
1.26787
1.27122
1.27436
1.27731
1.28
1.28244
1.28458
1.28642
1.28793
1.28912
1.28995
1.29046
1.29062
1.29061
1.29049
1.29019
1.28957
1.28869
1.28774
1.28678
1.28583
1.28489
1.28395
1.28301
1.28209
1.28117
1.28027
1.2794
1.27856
1.27778
1.27704
1.27637
1.27577
1.27527
1.27489
1.27465
1.27457
1.2746
1.27467
1.27483
1.2751
1.27557
1.27606
1.27666
1.27711
1.27747
1.27742
1.27974
0.776287
0.796299
0.818957
0.843871
0.869915
0.896219
0.922212
0.947508
0.971878
0.99516
1.01727
1.03816
1.0578
1.07619
1.09335
1.10927
1.12394
1.13731
1.1494
1.16023
1.16986
1.17831
1.18569
1.19201
1.19738
1.20182
1.20547
1.20839
1.21072
1.2125
1.21391
1.21504
1.21606
1.21707
1.21819
1.21947
1.22099
1.22276
1.22482
1.22713
1.22971
1.23251
1.23554
1.23874
1.24211
1.24559
1.24917
1.25278
1.2564
1.25997
1.26348
1.26686
1.2701
1.27316
1.27603
1.27865
1.28105
1.28315
1.28497
1.28647
1.28767
1.28853
1.28908
1.2893
1.28931
1.28922
1.28897
1.28843
1.28766
1.28682
1.28599
1.2852
1.28443
1.28368
1.28295
1.28222
1.28151
1.28081
1.28013
1.27949
1.27888
1.2783
1.27774
1.27723
1.27675
1.27634
1.27601
1.27578
1.2757
1.27572
1.27577
1.27589
1.2761
1.27648
1.27691
1.27742
1.2778
1.27808
1.27798
1.28031
0.773276
0.79196
0.813161
0.83654
0.861104
0.886052
0.910848
0.935167
0.958776
0.981538
1.00334
1.02414
1.04387
1.06254
1.08013
1.09663
1.11205
1.12632
1.13942
1.15136
1.16216
1.17186
1.18046
1.18804
1.19462
1.2003
1.2051
1.20912
1.21243
1.21516
1.21736
1.21919
1.22074
1.22218
1.22359
1.22508
1.2267
1.22852
1.23055
1.23282
1.2353
1.23801
1.24089
1.24395
1.24713
1.25043
1.25379
1.25718
1.26056
1.2639
1.26713
1.27025
1.2732
1.27597
1.27852
1.28084
1.2829
1.28467
1.28614
1.28732
1.28817
1.28872
1.28897
1.289
1.28892
1.28868
1.28817
1.28744
1.28667
1.28594
1.28526
1.28463
1.28404
1.28348
1.28294
1.28241
1.28191
1.28143
1.28099
1.28057
1.28018
1.2798
1.27943
1.27906
1.27871
1.27839
1.27811
1.27792
1.27784
1.27784
1.27788
1.27797
1.27812
1.27842
1.27877
1.27919
1.27949
1.27969
1.27954
1.28187
0.769933
0.787718
0.807868
0.830092
0.853477
0.87731
0.901132
0.924616
0.947567
0.969838
0.991337
1.01199
1.03176
1.05061
1.06853
1.08549
1.10151
1.1165
1.13045
1.14332
1.15515
1.16591
1.17563
1.18435
1.19209
1.19889
1.20481
1.20987
1.21419
1.21781
1.22081
1.22331
1.22542
1.22728
1.229
1.23067
1.2324
1.23424
1.23624
1.23842
1.2408
1.24335
1.24607
1.24894
1.25193
1.255
1.25813
1.26127
1.26439
1.26745
1.2704
1.27323
1.27589
1.27835
1.28059
1.28258
1.2843
1.28574
1.28687
1.2877
1.28823
1.28847
1.2885
1.28841
1.28816
1.28763
1.28689
1.28615
1.28547
1.28485
1.28431
1.28383
1.2834
1.283
1.28264
1.2823
1.28199
1.28172
1.28149
1.28129
1.2811
1.2809
1.2807
1.28047
1.28023
1.27999
1.27978
1.27962
1.27954
1.27953
1.27956
1.27962
1.27973
1.27995
1.28021
1.28054
1.28075
1.28088
1.2807
1.28303
0.765796
0.78287
0.802238
0.823603
0.846118
0.869098
0.892115
0.914915
0.937303
0.959158
0.980372
1.00089
1.02065
1.03964
1.0578
1.07515
1.09163
1.10722
1.12185
1.13552
1.14819
1.15989
1.17058
1.18031
1.18904
1.19684
1.20371
1.20972
1.21489
1.21933
1.22308
1.22624
1.22892
1.23124
1.2333
1.23521
1.23707
1.23896
1.24094
1.24305
1.2453
1.24771
1.25026
1.25293
1.2557
1.25854
1.26141
1.26429
1.26712
1.26989
1.27254
1.27506
1.2774
1.27954
1.28144
1.2831
1.28447
1.28555
1.28632
1.28682
1.28701
1.28702
1.2869
1.28658
1.286
1.28523
1.28447
1.28379
1.2832
1.2827
1.28229
1.28195
1.28167
1.28144
1.28125
1.28108
1.28097
1.28092
1.28093
1.28093
1.28093
1.28091
1.28087
1.28077
1.28064
1.2805
1.28037
1.28025
1.28018
1.28016
1.28018
1.28022
1.28029
1.28043
1.28062
1.28085
1.28097
1.28103
1.28083
1.28314
0.75977
0.776326
0.79508
0.815785
0.837617
0.859943
0.882354
0.90461
0.926545
0.948045
0.969025
0.989415
1.00917
1.02825
1.04662
1.06425
1.08113
1.09719
1.11241
1.12674
1.14016
1.15265
1.16422
1.17482
1.18451
1.19325
1.20109
1.20802
1.21413
1.21944
1.22404
1.22795
1.23129
1.23412
1.23661
1.23883
1.24091
1.24292
1.24494
1.24701
1.24918
1.25145
1.25384
1.25631
1.25886
1.26145
1.26407
1.26665
1.2692
1.27164
1.27398
1.27615
1.27817
1.27996
1.28152
1.2828
1.28381
1.28451
1.28494
1.28508
1.28504
1.28486
1.28442
1.28373
1.28291
1.28211
1.2814
1.28078
1.28028
1.27989
1.2796
1.2794
1.27926
1.27918
1.27916
1.27918
1.27926
1.27944
1.27968
1.2799
1.28007
1.28021
1.28031
1.28035
1.28035
1.28033
1.28029
1.28022
1.28017
1.28015
1.28016
1.28018
1.28022
1.2803
1.2804
1.28052
1.28056
1.28057
1.28032
1.2826
0.754035
0.769969
0.788096
0.808135
0.829276
0.850926
0.872702
0.894396
0.91585
0.936973
0.957673
0.977896
0.997581
1.01669
1.03519
1.05305
1.07023
1.08673
1.10244
1.11736
1.13145
1.1447
1.15707
1.16855
1.17913
1.18882
1.1976
1.20551
1.21253
1.21875
1.22418
1.22889
1.23291
1.23641
1.23939
1.24203
1.24437
1.24656
1.24864
1.25072
1.25281
1.25497
1.25717
1.25946
1.26176
1.26411
1.26643
1.26873
1.27094
1.27307
1.27505
1.2769
1.27855
1.27999
1.28117
1.28209
1.2827
1.28303
1.2831
1.28303
1.28276
1.28215
1.2813
1.2804
1.27955
1.27877
1.27809
1.27753
1.27711
1.27683
1.27666
1.27659
1.27659
1.27662
1.27672
1.27696
1.27732
1.27771
1.27812
1.2785
1.27883
1.27912
1.27936
1.27954
1.27967
1.27974
1.27978
1.27978
1.27977
1.27976
1.27975
1.27975
1.27977
1.27979
1.27981
1.27983
1.27982
1.27976
1.27939
1.28159
0.747795
0.763243
0.780824
0.800301
0.82088
0.841969
0.863227
0.884447
0.905512
0.926312
0.946792
0.966863
0.986503
1.00563
1.02425
1.04229
1.05975
1.07657
1.09272
1.10813
1.12282
1.13669
1.14977
1.16199
1.17336
1.18384
1.19345
1.20215
1.20998
1.21694
1.22311
1.22849
1.23317
1.23718
1.24065
1.24364
1.24628
1.24864
1.25083
1.25291
1.25494
1.25697
1.25901
1.26107
1.26314
1.2652
1.26723
1.2692
1.27108
1.27286
1.2745
1.27599
1.27728
1.27834
1.27915
1.27969
1.27992
1.27992
1.27979
1.27939
1.27865
1.27767
1.27666
1.27571
1.27484
1.27407
1.27343
1.27294
1.27261
1.27244
1.27239
1.27241
1.27247
1.27263
1.27297
1.27345
1.27399
1.27455
1.27509
1.27562
1.27611
1.27654
1.27692
1.27723
1.27747
1.27765
1.27777
1.27784
1.27786
1.27786
1.27786
1.27785
1.27784
1.27782
1.27779
1.27774
1.27763
1.27747
1.27698
1.27909
0.736639
0.752183
0.769799
0.789166
0.80955
0.830369
0.85135
0.87229
0.893117
0.913717
0.934058
0.95405
0.973674
0.992856
1.01159
1.02981
1.0475
1.06463
1.08113
1.09694
1.11206
1.12642
1.14004
1.15284
1.16484
1.17599
1.18631
1.19577
1.20441
1.21217
1.21914
1.22527
1.23068
1.23534
1.2394
1.24286
1.24591
1.24854
1.25092
1.25307
1.25513
1.25706
1.25898
1.26083
1.26269
1.26446
1.2662
1.26782
1.26937
1.27077
1.27207
1.27317
1.27411
1.27477
1.27519
1.27531
1.27528
1.27502
1.27439
1.27345
1.27238
1.27126
1.27018
1.26916
1.26825
1.26748
1.26687
1.26646
1.26624
1.26619
1.26621
1.26628
1.26647
1.26686
1.26744
1.26809
1.26879
1.26951
1.27021
1.2709
1.27154
1.27213
1.27266
1.2731
1.27347
1.27376
1.27398
1.27412
1.2742
1.27422
1.27422
1.27421
1.27418
1.27413
1.27404
1.27393
1.27372
1.27347
1.27288
1.27492
0.720845
0.73685
0.754866
0.7745
0.794995
0.815829
0.836755
0.857619
0.878355
0.898885
0.919171
0.939151
0.958795
0.978053
0.996899
1.01529
1.03321
1.05062
1.06748
1.08373
1.09935
1.11429
1.12853
1.14203
1.15477
1.16672
1.17786
1.18817
1.19766
1.20629
1.21411
1.2211
1.22731
1.23276
1.23753
1.24164
1.24521
1.24829
1.251
1.25337
1.25554
1.25749
1.25934
1.26105
1.26269
1.26418
1.26561
1.26688
1.26807
1.2691
1.27001
1.27071
1.27123
1.27143
1.27145
1.27131
1.27083
1.26999
1.26885
1.26762
1.26636
1.26513
1.26395
1.26286
1.26191
1.26115
1.2606
1.26027
1.26018
1.2602
1.26027
1.26044
1.26082
1.26144
1.26218
1.26301
1.26386
1.26475
1.26562
1.26647
1.26727
1.26802
1.26869
1.26929
1.26978
1.2702
1.27051
1.27074
1.27088
1.27094
1.27094
1.27093
1.2709
1.27082
1.27067
1.27049
1.27019
1.26986
1.26916
1.27113
0.709578
0.724876
0.742265
0.76136
0.781404
0.801872
0.822491
0.843119
0.863665
0.884071
0.904273
0.92423
0.943887
0.963217
0.982169
1.00073
1.01884
1.0365
1.05369
1.07036
1.08645
1.10194
1.11677
1.13095
1.1444
1.15714
1.1691
1.18029
1.19065
1.20021
1.20892
1.21683
1.22391
1.2302
1.23572
1.24054
1.2447
1.24828
1.25134
1.25398
1.25626
1.25826
1.26002
1.26159
1.26298
1.26421
1.26528
1.26622
1.26703
1.26771
1.26823
1.26854
1.26863
1.26857
1.26826
1.26752
1.26643
1.26518
1.26381
1.26239
1.26097
1.2596
1.25832
1.25718
1.25623
1.2555
1.25502
1.25481
1.2548
1.25485
1.255
1.25533
1.25589
1.25668
1.25756
1.25853
1.25953
1.26056
1.26157
1.26257
1.26351
1.2644
1.2652
1.26593
1.26654
1.26707
1.26748
1.26779
1.26799
1.26808
1.26809
1.26809
1.26805
1.26795
1.26776
1.26751
1.26714
1.26674
1.26595
1.26787
0.70537
0.719306
0.73541
0.753338
0.77234
0.791908
0.811755
0.831741
0.851758
0.871747
0.891629
0.91136
0.930875
0.950139
0.969099
0.987732
1.006
1.02387
1.04133
1.05833
1.07482
1.09077
1.10614
1.12089
1.13498
1.14839
1.16107
1.173
1.18414
1.19449
1.20401
1.2127
1.22056
1.22759
1.23379
1.23922
1.24391
1.24794
1.25135
1.25426
1.25669
1.25874
1.26045
1.26188
1.26303
1.26398
1.2647
1.26528
1.26571
1.26601
1.26611
1.26607
1.26582
1.2652
1.26419
1.2629
1.26146
1.25991
1.25831
1.25668
1.25508
1.25358
1.25222
1.25105
1.25011
1.24944
1.24906
1.24895
1.24898
1.24909
1.24932
1.24982
1.25057
1.25149
1.25251
1.25362
1.25476
1.25593
1.25708
1.25822
1.2593
1.26033
1.26126
1.26212
1.26285
1.26349
1.26399
1.26439
1.26465
1.26479
1.26482
1.26481
1.26476
1.26465
1.26442
1.26412
1.26366
1.2632
1.26233
1.26419
0.698576
0.712311
0.728031
0.745461
0.763922
0.782946
0.802277
0.821785
0.841387
0.861015
0.880613
0.900117
0.919486
0.938658
0.957607
0.976276
0.99465
1.01268
1.03036
1.04763
1.06448
1.08082
1.09665
1.1119
1.12656
1.14056
1.1539
1.16651
1.17839
1.18947
1.19975
1.2092
1.21781
1.22556
1.23248
1.23857
1.24388
1.24843
1.25229
1.25551
1.25817
1.26032
1.26202
1.26333
1.26428
1.26492
1.26531
1.26553
1.2656
1.26555
1.26534
1.2648
1.26387
1.26259
1.2611
1.25944
1.25766
1.2558
1.25391
1.25205
1.25028
1.24866
1.24723
1.24605
1.24515
1.24454
1.24425
1.24422
1.24428
1.24445
1.2448
1.24545
1.24635
1.2474
1.24854
1.24977
1.25103
1.25232
1.2536
1.25487
1.25607
1.25722
1.25828
1.25925
1.2601
1.26083
1.26143
1.26191
1.26223
1.26242
1.26247
1.26246
1.26241
1.26228
1.26202
1.26166
1.26114
1.26061
1.25966
1.26146
0.700694
0.713195
0.727704
0.743998
0.761406
0.779461
0.797916
0.816638
0.835552
0.854585
0.873684
0.892782
0.911832
0.930776
0.949577
0.968181
0.986561
1.00467
1.02249
1.03997
1.05707
1.07374
1.08994
1.10562
1.12075
1.13526
1.14915
1.16234
1.17483
1.18654
1.19748
1.20759
1.21686
1.22527
1.23283
1.23951
1.24536
1.25038
1.25463
1.25815
1.26101
1.26326
1.26496
1.26616
1.26689
1.26723
1.26731
1.26725
1.26708
1.26666
1.26584
1.2646
1.2631
1.26137
1.25946
1.2574
1.25525
1.25306
1.2509
1.24883
1.24691
1.2452
1.24373
1.24256
1.24169
1.24115
1.24096
1.24099
1.24108
1.2413
1.24178
1.24257
1.24358
1.24474
1.24599
1.24732
1.24868
1.25008
1.25147
1.25284
1.25416
1.25541
1.25658
1.25765
1.2586
1.25943
1.26011
1.26066
1.26104
1.26127
1.26134
1.26133
1.26127
1.26114
1.26084
1.26044
1.25985
1.25926
1.25822
1.25996
0.702756
0.71487
0.728924
0.744648
0.761443
0.77887
0.796713
0.81485
0.833226
0.851769
0.87044
0.88917
0.907924
0.926634
0.945272
0.963774
0.982118
1.00024
1.01813
1.0357
1.05293
1.06976
1.08615
1.10204
1.11741
1.13221
1.1464
1.15994
1.17279
1.18491
1.19627
1.20682
1.21656
1.22545
1.23348
1.24063
1.24692
1.25234
1.25694
1.26075
1.2638
1.26615
1.26785
1.26893
1.26943
1.2695
1.26941
1.26916
1.26861
1.26762
1.26619
1.26445
1.26249
1.26033
1.258
1.25556
1.25307
1.2506
1.24822
1.246
1.24398
1.24222
1.24075
1.2396
1.23879
1.23834
1.23822
1.23827
1.23841
1.23872
1.23931
1.24022
1.2413
1.24254
1.24386
1.24528
1.24672
1.2482
1.24967
1.25113
1.25252
1.25387
1.25511
1.25627
1.25729
1.2582
1.25895
1.25956
1.26
1.26027
1.26035
1.26034
1.26029
1.26015
1.25983
1.25939
1.25875
1.2581
1.257
1.25869
0.692127
0.705081
0.719856
0.736139
0.753333
0.771025
0.789046
0.807292
0.82573
0.844299
0.862976
0.881699
0.900445
0.919151
0.9378
0.956328
0.974721
0.992912
1.01089
1.02856
1.04592
1.06289
1.07945
1.09553
1.11112
1.12616
1.14064
1.15447
1.16767
1.18015
1.19192
1.20289
1.21309
1.22242
1.23092
1.23851
1.24524
1.25106
1.25602
1.2601
1.26338
1.26585
1.26758
1.26856
1.26886
1.26877
1.26856
1.26807
1.26707
1.26553
1.26362
1.26144
1.25902
1.25642
1.25369
1.2509
1.24812
1.24542
1.24287
1.24053
1.23845
1.23667
1.23522
1.23412
1.23337
1.23301
1.23296
1.23303
1.23321
1.2336
1.23431
1.23531
1.23648
1.23779
1.23919
1.24068
1.24221
1.24377
1.24533
1.24687
1.24836
1.24979
1.25112
1.25236
1.25347
1.25446
1.25529
1.25596
1.25646
1.25677
1.25688
1.25687
1.25682
1.25668
1.25637
1.2559
1.2552
1.25452
1.25335
1.25499
0.674551
0.688229
0.703706
0.720621
0.738355
0.756521
0.774951
0.793556
0.812306
0.831152
0.85007
0.869011
0.88795
0.906836
0.925645
0.944327
0.962863
0.981202
0.999333
1.01719
1.03475
1.05194
1.06876
1.08513
1.10106
1.11647
1.13137
1.14567
1.15937
1.17239
1.18473
1.1963
1.20712
1.21709
1.22623
1.23445
1.2418
1.24818
1.25367
1.25819
1.26183
1.26455
1.26642
1.26736
1.26757
1.26742
1.26706
1.26627
1.26485
1.26284
1.26047
1.25781
1.25495
1.25192
1.24883
1.24571
1.24268
1.23978
1.2371
1.23467
1.23255
1.23076
1.22934
1.22828
1.2276
1.22733
1.22733
1.22742
1.22764
1.22813
1.22895
1.23005
1.23131
1.2327
1.2342
1.23578
1.23741
1.23907
1.24073
1.24237
1.24397
1.2455
1.24694
1.24828
1.2495
1.25057
1.25149
1.25224
1.2528
1.25317
1.25331
1.25331
1.25326
1.25313
1.25281
1.25233
1.25158
1.25085
1.24961
1.25122
0.658575
0.672163
0.687584
0.704499
0.722282
0.740548
0.759103
0.777855
0.796748
0.815744
0.834808
0.853898
0.872985
0.892022
0.910985
0.929826
0.948522
0.967023
0.985337
1.00348
1.02137
1.03897
1.05625
1.07317
1.08968
1.10575
1.12132
1.13635
1.1508
1.16461
1.17774
1.19014
1.20177
1.21256
1.22249
1.23151
1.23958
1.24667
1.25276
1.25784
1.26191
1.26497
1.26702
1.26799
1.26814
1.26795
1.26745
1.26639
1.26458
1.26213
1.2593
1.25619
1.25288
1.24946
1.24601
1.2426
1.23933
1.23626
1.23345
1.23095
1.2288
1.22702
1.22562
1.22461
1.224
1.22379
1.22383
1.22394
1.22422
1.22482
1.22575
1.22693
1.22828
1.22977
1.23136
1.23305
1.23478
1.23655
1.23832
1.24008
1.24179
1.24343
1.24499
1.24644
1.24775
1.24893
1.24994
1.25077
1.2514
1.25182
1.252
1.252
1.25196
1.25183
1.25151
1.251
1.25021
1.24944
1.24815
1.24972
0.687206
0.6977
0.710132
0.724282
0.739629
0.755723
0.772373
0.789436
0.806873
0.824597
0.842589
0.860761
0.879099
0.897513
0.915997
0.934463
0.952914
0.97128
0.989535
1.00764
1.02561
1.04335
1.06084
1.07801
1.09483
1.11122
1.12717
1.14258
1.15745
1.17169
1.18527
1.19811
1.21019
1.22143
1.23181
1.24124
1.24973
1.2572
1.26364
1.26902
1.27334
1.27656
1.27871
1.27961
1.27968
1.27945
1.27881
1.27745
1.27522
1.27233
1.26901
1.26541
1.26162
1.25777
1.25391
1.25019
1.24664
1.24337
1.2404
1.23782
1.2356
1.2338
1.2324
1.23142
1.23085
1.23069
1.23074
1.23089
1.23123
1.23191
1.23291
1.23414
1.23553
1.23708
1.23873
1.24047
1.24226
1.24409
1.24592
1.24774
1.24951
1.25121
1.25283
1.25434
1.25571
1.25694
1.258
1.25888
1.25955
1.26001
1.2602
1.26021
1.26017
1.26002
1.25969
1.25915
1.25832
1.2575
1.25615
1.25766
0.720617
0.730249
0.741609
0.754604
0.768752
0.78367
0.799161
0.815114
0.831491
0.848238
0.865321
0.882684
0.900286
0.918069
0.935989
0.953993
0.972038
0.990063
1.00804
1.02589
1.04359
1.06107
1.07832
1.09525
1.11184
1.12801
1.14375
1.15898
1.17369
1.18777
1.20124
1.21398
1.22601
1.23721
1.24759
1.25703
1.26558
1.27309
1.27962
1.28505
1.28944
1.29266
1.29482
1.29561
1.29558
1.29528
1.29452
1.29292
1.29032
1.28705
1.2833
1.27929
1.27509
1.27088
1.2667
1.26272
1.25897
1.25556
1.25249
1.24985
1.24761
1.24581
1.24443
1.24349
1.24297
1.24285
1.2429
1.24307
1.24346
1.24418
1.24522
1.24646
1.24787
1.24943
1.25109
1.25283
1.25463
1.25645
1.25829
1.26011
1.26188
1.2636
1.26522
1.26674
1.26813
1.26937
1.27045
1.27134
1.27203
1.27249
1.27269
1.2727
1.27265
1.2725
1.27215
1.2716
1.27074
1.26988
1.26848
1.26993
0.737146
0.747319
0.75913
0.772482
0.786845
0.801887
0.817383
0.833295
0.849544
0.866146
0.88302
0.900179
0.917531
0.935088
0.95275
0.970532
0.98833
1.00616
1.02391
1.04154
1.05895
1.07617
1.09308
1.10971
1.12594
1.14182
1.15721
1.17216
1.18654
1.20038
1.21357
1.22613
1.23793
1.24901
1.25924
1.26864
1.27708
1.2846
1.29108
1.29655
1.3009
1.30416
1.30624
1.30699
1.30686
1.3065
1.30566
1.3039
1.30109
1.29755
1.29354
1.28926
1.28482
1.28038
1.27604
1.27192
1.26809
1.26463
1.26156
1.25892
1.25672
1.25496
1.25363
1.25274
1.25229
1.2522
1.25227
1.25246
1.25289
1.25363
1.25469
1.25594
1.25735
1.2589
1.26055
1.26228
1.26407
1.26588
1.26771
1.26951
1.27128
1.27298
1.27461
1.27612
1.27751
1.27875
1.27984
1.28073
1.28143
1.2819
1.28211
1.28212
1.28207
1.28192
1.28157
1.28102
1.28015
1.27928
1.27786
1.2793
0.691951
0.704729
0.719121
0.734902
0.751476
0.768523
0.78583
0.803377
0.821086
0.83899
0.857011
0.875179
0.893402
0.91171
0.930002
0.948313
0.966536
0.984708
1.00272
1.02063
1.03833
1.05583
1.07302
1.08994
1.10646
1.12264
1.13834
1.1536
1.1683
1.18248
1.19599
1.20889
1.22103
1.23245
1.243
1.25274
1.26149
1.26932
1.27607
1.2818
1.28636
1.2898
1.29196
1.29277
1.29263
1.29224
1.29136
1.28953
1.28661
1.28291
1.27875
1.27431
1.26974
1.2652
1.2608
1.25664
1.25282
1.24937
1.24635
1.24376
1.24162
1.23993
1.23866
1.23783
1.23744
1.23739
1.23747
1.23769
1.23814
1.23893
1.24004
1.24133
1.24279
1.24437
1.24607
1.24784
1.24967
1.25153
1.25341
1.25526
1.25708
1.25884
1.26052
1.26208
1.26352
1.26481
1.26594
1.26688
1.26761
1.26812
1.26835
1.26838
1.26833
1.2682
1.26787
1.26733
1.26647
1.26561
1.2642
1.26567
0.654684
0.66751
0.682128
0.698234
0.71521
0.732698
0.7505
0.768564
0.786825
0.805278
0.823859
0.842564
0.861325
0.880139
0.898933
0.917709
0.936392
0.954988
0.973425
0.991707
1.00978
1.02765
1.04524
1.06255
1.0795
1.09609
1.11222
1.1279
1.14303
1.15762
1.17156
1.18486
1.19742
1.20921
1.22016
1.23024
1.23935
1.24748
1.25454
1.2605
1.26528
1.26887
1.27116
1.27199
1.27188
1.27149
1.27056
1.26864
1.26557
1.2617
1.25734
1.25272
1.24797
1.24328
1.23875
1.23451
1.2306
1.22712
1.22406
1.22147
1.21932
1.21764
1.21639
1.21557
1.21521
1.21518
1.21527
1.21549
1.21598
1.21681
1.21795
1.21929
1.22079
1.22242
1.22416
1.22598
1.22787
1.22978
1.23172
1.23363
1.23551
1.23732
1.23905
1.24067
1.24217
1.2435
1.24468
1.24565
1.24642
1.24695
1.24721
1.24724
1.24721
1.24708
1.24675
1.2462
1.24533
1.24447
1.24306
1.24455
0.653332
0.665234
0.678948
0.694206
0.710413
0.727208
0.744401
0.761933
0.779738
0.797803
0.816066
0.834512
0.853075
0.871742
0.890442
0.909168
0.927846
0.946473
0.964976
0.983353
1.00153
1.01951
1.03721
1.05463
1.07169
1.08838
1.10462
1.12041
1.13566
1.15035
1.16441
1.17782
1.19049
1.2024
1.21345
1.22364
1.23286
1.24108
1.24824
1.25428
1.25914
1.26277
1.26511
1.26595
1.26584
1.26545
1.26449
1.26251
1.25932
1.2553
1.25078
1.24599
1.24108
1.23624
1.23157
1.2272
1.22319
1.21961
1.21649
1.21384
1.21165
1.20993
1.20866
1.20784
1.20747
1.20744
1.20752
1.20775
1.20824
1.20909
1.21025
1.2116
1.21311
1.21475
1.2165
1.21833
1.22023
1.22216
1.2241
1.22603
1.22792
1.22975
1.23149
1.23312
1.23463
1.23598
1.23716
1.23814
1.23892
1.23945
1.23971
1.23975
1.2397
1.23957
1.23923
1.23867
1.23778
1.23689
1.23546
1.23693
)
;

boundaryField
{
    inlet
    {
        type            calculated;
        value           uniform 3.00001;
    }
    outlet
    {
        type            calculated;
        value           nonuniform List<scalar> 
40
(
0.660433
0.844443
1.00153
1.11087
1.18432
1.23184
1.2599
1.27643
1.28645
1.29157
1.29299
1.29212
1.28817
1.28388
1.28142
1.28007
1.27974
1.28031
1.28187
1.28303
1.28314
1.2826
1.28159
1.27909
1.27492
1.27113
1.26787
1.26419
1.26146
1.25996
1.25869
1.25499
1.25122
1.24972
1.25766
1.26993
1.2793
1.26567
1.24455
1.23693
)
;
    }
    bottom
    {
        type            symmetryPlane;
    }
    top
    {
        type            symmetryPlane;
    }
    obstacle
    {
        type            calculated;
        value           uniform 0;
    }
    defaultFaces
    {
        type            empty;
    }
}


// ************************************************************************* //
