/*--------------------------------*- C++ -*----------------------------------*\
| =========                 |                                                 |
| \\      /  F ield         | OpenFOAM: The Open Source CFD Toolbox           |
|  \\    /   O peration     | Version:  2412                                  |
|   \\  /    A nd           | Website:  www.openfoam.com                      |
|    \\/     M anipulation  |                                                 |
\*---------------------------------------------------------------------------*/
FoamFile
{
    version     2.0;
    format      ascii;
    arch        "LSB;label=32;scalar=64";
    class       volScalarField;
    location    "30";
    object      Ma;
}
// * * * * * * * * * * * * * * * * * * * * * * * * * * * * * * * * * * * * * //

dimensions      [0 0 0 0 0 0 0];

internalField   nonuniform List<scalar> 
7000
(
2.25597
0.994165
0.300521
0.338438
0.401061
0.442386
0.450593
0.446123
0.439769
0.434859
0.432014
0.429741
0.427142
0.424055
0.420584
0.416808
0.412742
0.408364
0.403653
0.398592
0.393171
0.387374
0.381188
0.374596
0.367583
0.36013
0.352221
0.343835
0.334954
0.325556
0.315623
0.305131
0.294061
0.282392
0.270106
0.257183
0.24361
0.229372
0.214464
0.198882
0.182632
0.165726
0.148189
0.130053
0.111368
0.0921923
0.0725905
0.0528468
0.0319229
0.0155243
2.25603
0.994226
0.300319
0.338273
0.400907
0.442239
0.450445
0.445979
0.43963
0.434728
0.431887
0.429618
0.427022
0.423939
0.420472
0.416702
0.412642
0.408269
0.403564
0.398511
0.393097
0.387307
0.38113
0.374548
0.367546
0.360104
0.352208
0.343836
0.33497
0.325589
0.315674
0.305202
0.294155
0.28251
0.27025
0.257356
0.243815
0.229613
0.214745
0.199207
0.183009
0.166164
0.148701
0.13066
0.112102
0.093117
0.0738188
0.0546556
0.0351572
0.0220571
2.25616
0.994423
0.300451
0.338307
0.400937
0.442271
0.450479
0.446019
0.439688
0.434796
0.431969
0.429705
0.42712
0.424042
0.42059
0.416827
0.412782
0.408419
0.403732
0.39869
0.393297
0.387523
0.381369
0.374806
0.367832
0.360415
0.352552
0.34421
0.335385
0.326042
0.316175
0.305751
0.294761
0.283177
0.270988
0.258171
0.244717
0.230613
0.215857
0.20045
0.184403
0.167741
0.150499
0.132744
0.114565
0.0961164
0.0776336
0.0598396
0.0430408
0.0335721
2.25633
0.994729
0.300722
0.338385
0.401018
0.442371
0.450582
0.446136
0.439819
0.434955
0.432138
0.429893
0.427315
0.42426
0.420818
0.417082
0.413049
0.408716
0.404044
0.399036
0.393662
0.387928
0.381799
0.375283
0.368339
0.360977
0.353153
0.344877
0.336101
0.326836
0.317032
0.306701
0.295792
0.28432
0.272233
0.259552
0.246232
0.232295
0.217716
0.202522
0.186718
0.170346
0.153462
0.136147
0.118554
0.100896
0.0835503
0.0674573
0.0533027
0.0461802
2.25658
0.99516
0.301072
0.338454
0.401103
0.442492
0.450712
0.446286
0.439981
0.435159
0.432353
0.43014
0.427571
0.424551
0.421123
0.417425
0.413412
0.40912
0.404474
0.399512
0.394172
0.388489
0.382405
0.375947
0.36906
0.361765
0.354014
0.345815
0.337131
0.327957
0.318267
0.308044
0.297277
0.285936
0.274026
0.261509
0.248408
0.234681
0.220378
0.205464
0.190015
0.174037
0.157639
0.140921
0.124072
0.107408
0.0913715
0.077029
0.0651081
0.059494
2.25691
0.995733
0.301515
0.338526
0.401199
0.442637
0.450881
0.446457
0.440211
0.435394
0.432648
0.430433
0.427922
0.424901
0.421537
0.417845
0.413902
0.40962
0.405052
0.400108
0.394854
0.389199
0.383212
0.376795
0.370019
0.362781
0.355155
0.347035
0.338492
0.329425
0.319897
0.309816
0.299236
0.28808
0.276387
0.264109
0.251268
0.237851
0.223869
0.209359
0.194331
0.178893
0.163087
0.147116
0.131165
0.115612
0.100984
0.088297
0.0781875
0.0736194
2.25733
0.996459
0.302058
0.338601
0.401306
0.442815
0.451085
0.446689
0.440472
0.435706
0.432987
0.430818
0.42833
0.42536
0.422025
0.418393
0.414482
0.41027
0.40574
0.400879
0.395672
0.390115
0.384185
0.377885
0.371179
0.364083
0.356544
0.348593
0.340162
0.331295
0.32191
0.312066
0.301672
0.290794
0.279345
0.267393
0.254871
0.241843
0.22828
0.214245
0.199771
0.184938
0.169887
0.154751
0.139833
0.125478
0.112234
0.101078
0.0924442
0.0886246
2.25784
0.997351
0.30271
0.338682
0.401426
0.443025
0.451332
0.446969
0.440791
0.43608
0.433402
0.43128
0.428832
0.425914
0.422627
0.419053
0.4152
0.411055
0.406595
0.40181
0.396688
0.391221
0.385395
0.3792
0.372624
0.36565
0.358273
0.350466
0.342236
0.333541
0.324404
0.31477
0.30468
0.294064
0.282984
0.271365
0.259289
0.24669
0.233664
0.22019
0.206374
0.192282
0.178048
0.163895
0.150053
0.136957
0.125074
0.115262
0.107842
0.104622
2.25846
0.99842
0.30348
0.33877
0.401561
0.443271
0.451629
0.447299
0.441181
0.436521
0.433902
0.431826
0.429437
0.426571
0.42335
0.419838
0.416062
0.411989
0.407617
0.402921
0.397902
0.392542
0.38684
0.380776
0.374347
0.367535
0.360332
0.352726
0.344703
0.336257
0.327368
0.318042
0.308248
0.298014
0.287294
0.276148
0.264517
0.2525
0.240039
0.227274
0.214187
0.200955
0.187669
0.174546
0.161895
0.150027
0.139452
0.130888
0.124492
0.121715
2.25918
0.99968
0.304377
0.338868
0.401715
0.44356
0.451977
0.4477
0.441633
0.437053
0.434482
0.43248
0.43014
0.427355
0.424195
0.420773
0.417068
0.413098
0.408814
0.404236
0.399325
0.394104
0.388534
0.382634
0.376369
0.369752
0.362752
0.355379
0.347606
0.339441
0.33086
0.321873
0.312461
0.302635
0.29239
0.281735
0.270694
0.259273
0.247543
0.235511
0.22332
0.210999
0.198784
0.186793
0.175337
0.164783
0.155438
0.14799
0.142489
0.140144
2.26002
1.00114
0.30541
0.338976
0.401891
0.443892
0.452388
0.448155
0.442182
0.43766
0.435177
0.433228
0.43098
0.428256
0.425196
0.421848
0.418257
0.414376
0.410221
0.405753
0.400993
0.395907
0.390514
0.384783
0.378727
0.372318
0.365567
0.358451
0.350977
0.343128
0.334909
0.326311
0.317336
0.30799
0.298275
0.288213
0.277815
0.267125
0.256171
0.245037
0.233779
0.222544
0.211437
0.200702
0.190516
0.181221
0.173163
0.166806
0.162133
0.160098
2.26098
1.00282
0.306587
0.3391
0.402091
0.444279
0.452863
0.448708
0.442804
0.438388
0.435966
0.434118
0.431933
0.42932
0.426336
0.423111
0.41961
0.415869
0.411825
0.407519
0.402895
0.397999
0.392775
0.387267
0.38142
0.375277
0.368784
0.361986
0.354831
0.347363
0.339538
0.331398
0.322911
0.314118
0.305005
0.295612
0.285954
0.276071
0.266025
0.255856
0.245695
0.235597
0.22577
0.216326
0.207538
0.199606
0.192762
0.187488
0.183629
0.182023
2.26207
1.00471
0.307917
0.339242
0.402321
0.44472
0.453417
0.449333
0.443547
0.439215
0.436898
0.435127
0.433052
0.430525
0.427665
0.424541
0.421181
0.417559
0.413679
0.409516
0.405085
0.400365
0.39537
0.390076
0.384502
0.378623
0.372458
0.365983
0.359222
0.352151
0.344801
0.337151
0.329238
0.321046
0.312628
0.303973
0.295156
0.286178
0.277139
0.268074
0.259094
0.250314
0.241828
0.233863
0.226513
0.220064
0.214644
0.210543
0.207567
0.206264
2.26328
1.00683
0.309401
0.339397
0.402593
0.445217
0.454052
0.450063
0.444396
0.440179
0.437959
0.436295
0.434321
0.431914
0.429168
0.426182
0.422953
0.419492
0.415766
0.411793
0.407548
0.403055
0.398283
0.393263
0.38796
0.382409
0.376576
0.370496
0.364141
0.357548
0.350696
0.343622
0.33632
0.328826
0.321157
0.31335
0.305446
0.297496
0.289562
0.281729
0.274075
0.266728
0.259803
0.25342
0.247778
0.242927
0.239021
0.236286
0.234365
0.233711
2.26461
1.00917
0.31104
0.339556
0.402918
0.445776
0.45478
0.450906
0.445373
0.441289
0.439172
0.437628
0.435766
0.433492
0.430875
0.428035
0.424958
0.421666
0.418121
0.414348
0.410322
0.406063
0.40156
0.396819
0.391843
0.386627
0.381191
0.375517
0.369644
0.363543
0.357277
0.350804
0.344212
0.337459
0.330647
0.323752
0.316882
0.310052
0.303361
0.296883
0.290714
0.284967
0.279762
0.275234
0.271477
0.268666
0.266692
0.26572
0.265189
0.265154
2.26607
1.01174
0.312843
0.339753
0.403283
0.446421
0.455625
0.451877
0.446522
0.442559
0.440578
0.439141
0.437425
0.435272
0.432818
0.430118
0.427226
0.424099
0.420771
0.417197
0.413427
0.409412
0.405212
0.400771
0.396155
0.391309
0.386301
0.381082
0.375721
0.370182
0.364526
0.358748
0.352891
0.346991
0.341072
0.33522
0.329445
0.323878
0.318541
0.313582
0.309072
0.305151
0.301923
0.299519
0.298079
0.297579
0.298076
0.299505
0.30115
0.302675
2.26765
1.01454
0.314804
0.339981
0.403702
0.447174
0.456607
0.453011
0.447857
0.444029
0.442189
0.440873
0.439306
0.437292
0.435005
0.432466
0.429763
0.42683
0.423721
0.420382
0.416869
0.413142
0.409247
0.405157
0.400906
0.396486
0.391918
0.387217
0.382389
0.377475
0.372474
0.367449
0.3624
0.357406
0.352489
0.347728
0.343196
0.338955
0.335147
0.331827
0.329176
0.327311
0.32639
0.326514
0.327914
0.330654
0.33452
0.339626
0.344725
0.348723
2.26934
1.01753
0.316908
0.340246
0.40419
0.448059
0.457757
0.454356
0.449402
0.445751
0.444032
0.44287
0.441433
0.439596
0.437456
0.435117
0.432586
0.429885
0.426984
0.423919
0.420662
0.417259
0.41368
0.409974
0.406111
0.402147
0.398057
0.393898
0.38966
0.385394
0.381119
0.376874
0.372715
0.368674
0.364846
0.361266
0.358061
0.355305
0.353119
0.351684
0.351059
0.351506
0.353198
0.356408
0.361327
0.368067
0.376898
0.387631
0.399367
0.40997
2.2711
1.02069
0.319132
0.340562
0.404771
0.449104
0.459114
0.455933
0.451211
0.447735
0.446147
0.445135
0.443849
0.442185
0.440222
0.438075
0.435753
0.433275
0.430626
0.427825
0.424874
0.421784
0.418574
0.415244
0.411828
0.408318
0.404766
0.401158
0.397566
0.393975
0.390474
0.38706
0.383832
0.380819
0.378118
0.375817
0.373995
0.372841
0.37242
0.372921
0.374586
0.377703
0.382626
0.389493
0.39892
0.411249
0.426945
0.447104
0.470987
0.498594
2.27293
1.02393
0.321412
0.34094
0.40548
0.450365
0.460758
0.457821
0.453386
0.450054
0.448613
0.447718
0.446604
0.445086
0.443321
0.441347
0.439253
0.436988
0.434612
0.432077
0.42945
0.426691
0.423865
0.420942
0.417982
0.414969
0.411959
0.408959
0.406013
0.403162
0.40044
0.397927
0.395647
0.393729
0.392202
0.39124
0.390881
0.39131
0.392695
0.395382
0.399588
0.405684
0.41389
0.425051
0.439617
0.459155
0.48508
0.520592
0.571925
0.664901
2.27501
1.02767
0.323947
0.341215
0.40628
0.451965
0.462912
0.460348
0.456261
0.453157
0.451875
0.451202
0.450302
0.44906
0.447542
0.44588
0.444074
0.442176
0.440146
0.438045
0.435837
0.433592
0.431274
0.42896
0.426615
0.424326
0.422061
0.41992
0.417881
0.416052
0.414434
0.41314
0.412213
0.41177
0.411913
0.412685
0.414247
0.417013
0.421203
0.426895
0.434586
0.444557
0.457828
0.474814
0.497601
0.527608
0.56959
0.631144
0.729821
0.881472
2.27721
1.03164
0.326957
0.342166
0.40801
0.454834
0.466502
0.464317
0.460549
0.457503
0.456263
0.45568
0.454942
0.453876
0.452577
0.451142
0.449618
0.448015
0.446346
0.444619
0.442859
0.441075
0.439301
0.437545
0.435854
0.434234
0.432751
0.431412
0.430304
0.429436
0.428929
0.428797
0.429162
0.430044
0.431681
0.434269
0.437982
0.4429
0.449466
0.45779
0.468589
0.482302
0.499809
0.522619
0.551789
0.591352
0.643909
0.71803
0.828973
0.967126
2.2785
1.03396
0.32883
0.343226
0.410173
0.45858
0.471227
0.46954
0.466099
0.463074
0.46187
0.461405
0.460832
0.459945
0.458834
0.457606
0.456316
0.454979
0.453611
0.452221
0.450836
0.449473
0.448163
0.446928
0.445805
0.444825
0.444033
0.443472
0.443202
0.44329
0.443748
0.444652
0.446237
0.448642
0.451864
0.456152
0.461587
0.468577
0.477192
0.488159
0.501492
0.51849
0.539208
0.565766
0.599038
0.641708
0.697364
0.767747
0.86416
0.967466
2.27966
1.03607
0.332144
0.346924
0.415037
0.464994
0.478236
0.47642
0.47263
0.469257
0.467978
0.467617
0.467207
0.466496
0.465591
0.464593
0.463588
0.462562
0.46155
0.460539
0.459575
0.458656
0.457833
0.45711
0.456545
0.456155
0.45601
0.456123
0.45654
0.457351
0.458724
0.460706
0.463355
0.466844
0.471237
0.476839
0.483677
0.492267
0.502615
0.515403
0.530882
0.549715
0.572834
0.600696
0.635319
0.677089
0.728921
0.790936
0.868859
0.949895
2.27609
1.02967
0.334281
0.356822
0.427457
0.479817
0.493317
0.490518
0.485516
0.481268
0.47961
0.479056
0.478483
0.477614
0.476554
0.475461
0.474398
0.473375
0.472399
0.471488
0.470663
0.469953
0.469375
0.468977
0.468781
0.46882
0.469091
0.46976
0.470839
0.472442
0.474537
0.477325
0.480773
0.485169
0.49048
0.497074
0.504974
0.514554
0.526081
0.539787
0.556352
0.575907
0.599477
0.627359
0.660587
0.700045
0.746328
0.800692
0.864196
0.928771
2.28202
1.02253
0.358732
0.382355
0.448474
0.498366
0.510276
0.506524
0.50078
0.496398
0.494697
0.494008
0.493309
0.49236
0.491295
0.490218
0.489186
0.48819
0.487253
0.486373
0.485596
0.484923
0.48441
0.484027
0.483898
0.484053
0.4846
0.485466
0.486856
0.488704
0.491255
0.494401
0.498485
0.50335
0.509461
0.516587
0.525355
0.535458
0.547706
0.56182
0.578643
0.598169
0.621055
0.64778
0.678641
0.714582
0.755554
0.802424
0.855615
0.909171
1.87633
0.772009
0.273256
0.344116
0.417756
0.441224
0.441128
0.437147
0.433503
0.43341
0.435584
0.438472
0.441472
0.444515
0.447654
0.450902
0.45422
0.457563
0.460901
0.464217
0.467491
0.470671
0.473813
0.476954
0.480146
0.483327
0.486619
0.489939
0.493562
0.497371
0.501674
0.506364
0.5118
0.517896
0.52502
0.533154
0.542606
0.553542
0.566083
0.580721
0.597298
0.616685
0.638454
0.663779
0.692057
0.724528
0.760514
0.800986
0.845793
0.890533
1.8689
0.771401
0.282161
0.355347
0.428336
0.447791
0.443316
0.435955
0.430298
0.428404
0.428316
0.428719
0.42932
0.430224
0.431572
0.433353
0.435611
0.438218
0.441294
0.44472
0.448604
0.452671
0.457148
0.461792
0.466825
0.471979
0.477518
0.483246
0.489339
0.495662
0.502396
0.509466
0.517028
0.525163
0.533961
0.543708
0.554311
0.566331
0.579524
0.594594
0.611242
0.63022
0.651261
0.675018
0.701355
0.730662
0.762973
0.798096
0.836496
0.87417
1.86794
0.770087
0.284294
0.365059
0.44362
0.463692
0.457504
0.448126
0.441121
0.43839
0.437491
0.436893
0.436305
0.435903
0.435816
0.436087
0.436717
0.43772
0.439253
0.441237
0.443725
0.446641
0.450161
0.454162
0.458796
0.463938
0.469667
0.475916
0.48271
0.490078
0.497955
0.506542
0.515632
0.525583
0.536004
0.547446
0.559505
0.572775
0.586944
0.602619
0.619545
0.638277
0.658693
0.681192
0.705727
0.732534
0.761575
0.792776
0.826388
0.858914
1.86943
0.773369
0.290088
0.367274
0.44369
0.464289
0.459065
0.450543
0.443965
0.441603
0.441128
0.44095
0.440733
0.440623
0.440708
0.441013
0.441602
0.44251
0.443698
0.44518
0.446984
0.449218
0.451859
0.45507
0.458756
0.463136
0.468048
0.473768
0.480041
0.487238
0.494982
0.503742
0.513048
0.523417
0.534429
0.546562
0.559472
0.573571
0.588567
0.604822
0.622183
0.640922
0.661007
0.682655
0.705837
0.730683
0.75713
0.785224
0.81501
0.843658
1.87254
0.780052
0.297772
0.361233
0.429069
0.450305
0.448017
0.441949
0.436341
0.434467
0.434505
0.435036
0.435623
0.436338
0.43723
0.438402
0.439862
0.441547
0.443417
0.445525
0.447869
0.450532
0.45349
0.45686
0.460597
0.464874
0.469589
0.474998
0.480925
0.487696
0.495076
0.503398
0.512435
0.52248
0.533349
0.54526
0.558084
0.572001
0.586938
0.603039
0.620264
0.638748
0.658392
0.679335
0.701455
0.724927
0.749535
0.775258
0.802273
0.828109
1.88112
0.786631
0.300021
0.349023
0.412201
0.441241
0.444209
0.439522
0.434369
0.432088
0.431844
0.432367
0.433086
0.434006
0.435102
0.436435
0.438031
0.439887
0.442
0.444397
0.447071
0.450078
0.453388
0.457088
0.461125
0.465642
0.470548
0.476049
0.482009
0.488682
0.495928
0.503985
0.512751
0.522408
0.532894
0.544359
0.556735
0.570153
0.584547
0.600037
0.616551
0.634199
0.652897
0.672747
0.693647
0.71563
0.738553
0.762376
0.787192
0.810841
2.26308
1.10599
0.40718
0.399176
0.459361
0.508054
0.519343
0.514452
0.507529
0.501481
0.497965
0.495494
0.493383
0.491365
0.489338
0.487367
0.485643
0.484154
0.483007
0.48216
0.481732
0.481683
0.482138
0.483071
0.484552
0.486618
0.489302
0.492663
0.496703
0.501513
0.507071
0.513485
0.520728
0.528921
0.538016
0.548142
0.55923
0.571399
0.584572
0.598856
0.614145
0.63054
0.647915
0.666323
0.685677
0.705966
0.727091
0.74897
0.771681
0.793288
2.27249
1.12788
0.391657
0.377125
0.449991
0.510703
0.529099
0.528216
0.523994
0.520191
0.518749
0.518374
0.518358
0.518319
0.517904
0.517276
0.516604
0.515975
0.515408
0.514934
0.514567
0.514373
0.514372
0.514645
0.515228
0.5162
0.517596
0.519529
0.521993
0.525144
0.528931
0.533546
0.538904
0.545189
0.552328
0.560458
0.569553
0.579707
0.590904
0.603177
0.616548
0.63097
0.646467
0.662944
0.680372
0.698683
0.717784
0.737579
0.758135
0.7777
2.29742
1.1766
0.434237
0.383991
0.447088
0.503378
0.521855
0.522882
0.521056
0.519872
0.520291
0.521522
0.523317
0.525118
0.526526
0.527726
0.52885
0.529998
0.531146
0.532327
0.533514
0.534758
0.536051
0.537454
0.538968
0.540666
0.542564
0.544736
0.547229
0.550108
0.553441
0.557279
0.561721
0.566795
0.572622
0.579212
0.586684
0.595023
0.604328
0.614573
0.625806
0.637996
0.651171
0.665316
0.680402
0.696402
0.713215
0.730687
0.748909
0.766291
1.90074
0.805027
0.305802
0.316892
0.374009
0.414893
0.429173
0.432999
0.435822
0.439473
0.444404
0.45015
0.456587
0.463082
0.469259
0.475255
0.481221
0.487183
0.493127
0.499012
0.504835
0.510573
0.516247
0.521833
0.52737
0.532832
0.538288
0.543708
0.549186
0.55471
0.560354
0.566162
0.572198
0.578529
0.585208
0.592334
0.599932
0.608123
0.616896
0.626386
0.636548
0.647522
0.659217
0.671741
0.684976
0.698942
0.713575
0.7289
0.744913
0.760228
2.30593
1.19373
0.44958
0.386636
0.440662
0.492233
0.509232
0.509291
0.506145
0.503668
0.502411
0.502226
0.502681
0.503077
0.503402
0.503906
0.504731
0.506007
0.507703
0.509862
0.512435
0.515476
0.518938
0.522865
0.527178
0.531936
0.537021
0.542524
0.548284
0.55442
0.560805
0.567545
0.574524
0.581864
0.589456
0.597439
0.605728
0.614456
0.623561
0.633159
0.643216
0.653818
0.664947
0.676638
0.688897
0.701709
0.715081
0.728923
0.743324
0.757043
2.31117
1.20371
0.432881
0.36973
0.438371
0.500627
0.522078
0.523489
0.52127
0.5198
0.519928
0.521059
0.522789
0.524293
0.525318
0.526166
0.527
0.527949
0.529024
0.530313
0.531822
0.533637
0.535744
0.538229
0.541077
0.544353
0.548047
0.552202
0.556814
0.561898
0.567454
0.573468
0.579948
0.586867
0.594259
0.602063
0.610333
0.618991
0.628117
0.637617
0.647594
0.657939
0.668775
0.679978
0.691668
0.703722
0.716234
0.729067
0.742348
0.75495
2.31389
1.20953
0.437057
0.371771
0.441498
0.505349
0.527723
0.529403
0.527239
0.525892
0.526364
0.527881
0.530152
0.532345
0.534064
0.535593
0.53712
0.538751
0.540483
0.542345
0.544333
0.54648
0.548802
0.551331
0.554099
0.557132
0.560474
0.564136
0.568171
0.57258
0.57742
0.582676
0.588406
0.59458
0.601249
0.608374
0.616
0.624083
0.632651
0.64167
0.651148
0.661063
0.671404
0.682159
0.693292
0.704812
0.716652
0.728828
0.741331
0.753221
2.31688
1.21726
0.463426
0.387825
0.447095
0.506221
0.528778
0.532008
0.53113
0.530759
0.531651
0.53358
0.536118
0.538416
0.540443
0.542346
0.544304
0.546346
0.548523
0.550805
0.553235
0.555786
0.558512
0.561384
0.564461
0.56772
0.571223
0.57495
0.578962
0.583248
0.587865
0.592811
0.598131
0.603829
0.609933
0.616451
0.623396
0.630787
0.638616
0.646905
0.655623
0.664797
0.67438
0.684397
0.694784
0.705561
0.716653
0.728061
0.739804
0.75098
1.90562
0.813582
0.324705
0.323678
0.376481
0.414374
0.42726
0.430302
0.432593
0.435933
0.440703
0.446614
0.45334
0.460158
0.466867
0.473527
0.48026
0.487054
0.493918
0.500797
0.507694
0.514572
0.521448
0.528297
0.535141
0.541969
0.548807
0.555654
0.562531
0.569453
0.576434
0.583505
0.590679
0.597997
0.605465
0.613134
0.621002
0.629123
0.637486
0.646134
0.655058
0.664285
0.673797
0.683621
0.693731
0.704136
0.714811
0.725747
0.736993
0.747668
2.31198
1.20857
0.464945
0.403495
0.4662
0.527382
0.549308
0.550234
0.54609
0.542258
0.540052
0.538679
0.538085
0.537689
0.536956
0.536234
0.535669
0.535517
0.535705
0.536393
0.537507
0.53912
0.541202
0.54379
0.54685
0.550407
0.55442
0.558916
0.563836
0.569205
0.574966
0.581126
0.587634
0.594501
0.601685
0.609195
0.616998
0.625101
0.633481
0.642146
0.651082
0.660296
0.669777
0.679523
0.68952
0.699755
0.710216
0.720879
0.731807
0.742169
2.29402
1.16956
0.460049
0.422683
0.485792
0.546187
0.566071
0.566109
0.562389
0.559153
0.558396
0.558799
0.559886
0.56115
0.562022
0.562661
0.563253
0.563911
0.564646
0.56547
0.566391
0.567455
0.568708
0.570192
0.571941
0.573999
0.576383
0.579126
0.582244
0.58576
0.589675
0.594013
0.598777
0.603976
0.609605
0.615663
0.622142
0.62903
0.636317
0.643985
0.652019
0.660397
0.669101
0.678113
0.687429
0.697015
0.706871
0.716957
0.727327
0.73718
1.88783
0.80507
0.340768
0.355363
0.406342
0.443121
0.452856
0.452684
0.451749
0.452601
0.455914
0.460537
0.466077
0.472142
0.478231
0.484352
0.490568
0.496888
0.503264
0.509651
0.516012
0.522338
0.528614
0.534843
0.541019
0.547153
0.553253
0.559344
0.565445
0.571589
0.5778
0.5841
0.59052
0.59708
0.603809
0.610723
0.617846
0.625187
0.632765
0.640581
0.648656
0.656982
0.665575
0.674411
0.683491
0.692805
0.702337
0.712076
0.722063
0.731556
1.87402
0.796327
0.339515
0.356659
0.398325
0.426968
0.434883
0.434836
0.433828
0.433316
0.434049
0.435683
0.43824
0.441448
0.44494
0.448772
0.453028
0.457746
0.462907
0.468488
0.474452
0.480775
0.487412
0.49434
0.501515
0.508911
0.516489
0.524227
0.532091
0.540068
0.548131
0.556291
0.56452
0.57284
0.581228
0.589713
0.59828
0.606957
0.615741
0.624639
0.633646
0.642782
0.652046
0.661452
0.670996
0.680689
0.690525
0.700499
0.71065
0.720262
1.88891
0.806044
0.345011
0.373645
0.43094
0.466892
0.473619
0.469566
0.464484
0.461383
0.460431
0.460402
0.460994
0.461959
0.462999
0.464172
0.465605
0.467366
0.469492
0.471994
0.474897
0.478208
0.481958
0.48614
0.490771
0.495837
0.501346
0.507268
0.513605
0.52032
0.527416
0.534846
0.542609
0.550661
0.558992
0.56756
0.576361
0.585352
0.594526
0.603873
0.613386
0.623044
0.632843
0.642759
0.652797
0.662937
0.673183
0.683514
0.693998
0.703892
2.34071
1.12426
0.469012
0.447557
0.513124
0.574863
0.595479
0.594869
0.58957
0.584267
0.581257
0.579348
0.577783
0.576413
0.574859
0.573126
0.571354
0.569642
0.568033
0.566555
0.565232
0.564101
0.563187
0.562539
0.562184
0.562175
0.562526
0.563299
0.564486
0.566125
0.568246
0.570856
0.573982
0.577602
0.581745
0.586379
0.591522
0.597137
0.603234
0.609766
0.616732
0.624088
0.631816
0.63991
0.648323
0.657042
0.666026
0.675262
0.684759
0.693816
1.88936
0.807235
0.34615
0.363469
0.41582
0.456081
0.468551
0.469556
0.469007
0.468985
0.471272
0.47479
0.478997
0.483731
0.488554
0.493365
0.498205
0.503134
0.508108
0.51312
0.518109
0.523085
0.52801
0.532908
0.53775
0.542573
0.547353
0.55213
0.556908
0.561715
0.566559
0.571474
0.576459
0.581566
0.586794
0.592195
0.59776
0.603542
0.609522
0.615758
0.62222
0.628957
0.635942
0.643187
0.65068
0.658432
0.666423
0.674652
0.683135
0.691239
1.8891
0.807383
0.347461
0.364536
0.416093
0.454584
0.465033
0.463969
0.461094
0.458534
0.458068
0.45891
0.460496
0.462703
0.465122
0.467712
0.47058
0.473809
0.477401
0.481345
0.48561
0.490182
0.495037
0.500159
0.505525
0.51111
0.516894
0.522853
0.528969
0.53524
0.541643
0.548176
0.554827
0.561588
0.568453
0.575418
0.582485
0.589654
0.596931
0.604315
0.611815
0.619428
0.627167
0.635027
0.643023
0.651146
0.659411
0.667803
0.676368
0.684502
2.34273
1.12795
0.472696
0.449622
0.516378
0.580615
0.603062
0.603163
0.598083
0.593014
0.590232
0.588677
0.587551
0.5867
0.585697
0.584533
0.583308
0.582184
0.581147
0.580289
0.579551
0.579041
0.578696
0.578637
0.578795
0.579277
0.580042
0.58113
0.582558
0.584332
0.586463
0.588948
0.591787
0.59498
0.598526
0.602423
0.606665
0.611243
0.616149
0.621376
0.626908
0.632738
0.638849
0.645234
0.651874
0.658765
0.665885
0.673228
0.680798
0.688039
1.88982
0.808778
0.353419
0.381408
0.439685
0.479631
0.489588
0.487907
0.484861
0.483477
0.484903
0.487578
0.490926
0.49476
0.49866
0.50261
0.506672
0.5109
0.515263
0.519745
0.524307
0.528939
0.533622
0.538352
0.543122
0.547925
0.552766
0.557643
0.562568
0.567542
0.572575
0.577681
0.582862
0.588138
0.593508
0.598995
0.604594
0.610325
0.616184
0.622186
0.628335
0.634641
0.641105
0.64773
0.654519
0.661474
0.668592
0.675865
0.68332
0.690418
1.87526
0.799751
0.351148
0.378098
0.427534
0.459445
0.467092
0.465963
0.464281
0.463568
0.464094
0.465293
0.467193
0.469478
0.47183
0.474311
0.477018
0.480002
0.48327
0.486819
0.49064
0.494727
0.499069
0.503661
0.508491
0.513549
0.518821
0.524295
0.529958
0.535797
0.5418
0.547949
0.554251
0.560682
0.567252
0.573937
0.580752
0.587678
0.594727
0.601882
0.609153
0.616522
0.624003
0.631582
0.639271
0.647056
0.654949
0.662937
0.671069
0.678769
1.87423
0.799385
0.351673
0.375346
0.422432
0.4541
0.462312
0.46185
0.460733
0.460114
0.460384
0.461209
0.462692
0.464528
0.466375
0.468278
0.470334
0.47259
0.475063
0.477753
0.48067
0.483817
0.487204
0.490832
0.494708
0.49883
0.503202
0.50782
0.512687
0.517795
0.523147
0.528733
0.534552
0.540592
0.546848
0.553308
0.559968
0.56681
0.573836
0.581032
0.588396
0.595917
0.603594
0.611411
0.619362
0.627437
0.635644
0.643974
0.65246
0.660517
1.88906
0.809112
0.354847
0.362656
0.413293
0.452092
0.463033
0.462619
0.460831
0.459584
0.45962
0.460431
0.461971
0.463874
0.465701
0.467508
0.469426
0.471518
0.473803
0.476278
0.478945
0.481803
0.484859
0.488114
0.491575
0.49524
0.499116
0.503202
0.507503
0.512019
0.516753
0.521704
0.526874
0.532261
0.537866
0.543685
0.549718
0.555959
0.562408
0.569058
0.575904
0.582938
0.590154
0.597548
0.605119
0.612861
0.620764
0.628817
0.637041
0.644863
2.31231
1.20463
0.485399
0.431466
0.492564
0.556791
0.582779
0.58627
0.583606
0.580874
0.579586
0.579272
0.579761
0.580591
0.58113
0.58142
0.581653
0.581936
0.582313
0.58278
0.583347
0.58401
0.584788
0.585683
0.586713
0.587882
0.589206
0.590687
0.592342
0.594173
0.596197
0.598412
0.600837
0.603469
0.606324
0.609398
0.612707
0.616244
0.620024
0.624039
0.628301
0.632799
0.637544
0.642525
0.647751
0.653204
0.658889
0.664782
0.670913
0.676807
2.32252
1.22873
0.466079
0.405359
0.481434
0.557491
0.588654
0.593331
0.590698
0.587835
0.586848
0.587301
0.588591
0.590407
0.592089
0.593486
0.594816
0.59623
0.597783
0.599463
0.601266
0.603177
0.605206
0.607346
0.609608
0.611985
0.614489
0.617111
0.619863
0.622738
0.625748
0.628887
0.632166
0.63558
0.639141
0.642842
0.646696
0.650696
0.654856
0.659168
0.663644
0.668278
0.673082
0.678049
0.683188
0.688487
0.693954
0.699576
0.705374
0.710913
2.31271
1.20615
0.48665
0.432529
0.494345
0.559799
0.586859
0.591008
0.588956
0.586844
0.586274
0.586931
0.58844
0.59043
0.592229
0.593823
0.595396
0.597079
0.598908
0.600883
0.602992
0.605236
0.607614
0.610131
0.612787
0.615589
0.618531
0.621622
0.624856
0.62824
0.631768
0.635448
0.639274
0.643253
0.647378
0.651657
0.656082
0.660661
0.665385
0.670265
0.675288
0.680466
0.685787
0.691262
0.696878
0.702645
0.708549
0.7146
0.720808
0.726746
1.88895
0.809179
0.356052
0.364301
0.416383
0.457002
0.469101
0.469118
0.467532
0.466518
0.467162
0.468788
0.471271
0.474227
0.477161
0.480127
0.483235
0.486563
0.490106
0.493868
0.497822
0.501976
0.506311
0.510838
0.515536
0.520418
0.525462
0.530679
0.53605
0.541584
0.547262
0.553096
0.559065
0.565181
0.571424
0.577807
0.584309
0.590945
0.597693
0.604569
0.611551
0.618656
0.625862
0.633184
0.6406
0.648128
0.655749
0.663483
0.671345
0.678832
1.87422
0.800022
0.355288
0.380469
0.428584
0.46013
0.46765
0.466482
0.464741
0.463859
0.464076
0.464928
0.46647
0.468351
0.470184
0.472035
0.473999
0.476138
0.47845
0.480944
0.483609
0.486459
0.489486
0.492706
0.496109
0.49971
0.503499
0.507489
0.511669
0.516052
0.520627
0.525403
0.53037
0.535536
0.540891
0.546441
0.552174
0.558099
0.564201
0.570488
0.576944
0.583578
0.590373
0.597337
0.604452
0.611726
0.619143
0.626709
0.634434
0.641796
1.87704
0.803103
0.359359
0.395135
0.45155
0.484552
0.490473
0.486941
0.482757
0.480811
0.4808
0.481596
0.483007
0.484672
0.48627
0.487892
0.489636
0.491548
0.493623
0.495861
0.498253
0.500807
0.503519
0.506398
0.509441
0.512656
0.516037
0.519595
0.523323
0.527229
0.531308
0.535568
0.540002
0.544618
0.549409
0.554381
0.559528
0.564855
0.570355
0.576033
0.581881
0.587903
0.594092
0.60045
0.606967
0.613648
0.620482
0.627468
0.634613
0.641425
1.19152
1.04877
0.497477
0.190535
0.0109299
0.108743
0.160308
0.208644
0.230226
0.234577
0.222863
0.211386
0.201057
0.191521
0.179484
0.16503
0.147698
0.127763
0.105942
0.0827978
0.0589751
0.0352609
0.0158725
0.0232604
0.0469714
0.0712775
0.0954108
0.119117
0.142429
0.165331
0.187826
0.209899
0.231529
0.252669
0.272673
0.291773
0.311307
0.331678
0.351636
0.370799
0.389306
0.407298
0.42481
0.441858
0.458423
0.474514
0.490113
0.505227
0.519838
0.533953
0.54755
0.56063
0.573168
0.585161
0.596577
0.607407
0.617615
0.627187
0.636081
0.64428
0.651738
0.658437
0.66433
0.669403
0.673616
0.676966
0.679435
0.681046
0.681806
0.681973
0.68179
0.68122
0.679869
0.67735
0.673959
0.670345
0.666659
0.662936
0.659241
0.65566
0.652287
0.649202
0.646467
0.644121
0.642191
0.64068
0.639586
0.638887
0.638552
0.638523
0.638675
0.639007
0.639636
0.640721
0.642099
0.643609
0.64515
0.646818
0.648456
0.653232
1.12189
1.03595
0.806055
0.549153
0.502135
0.431212
0.381334
0.340607
0.310347
0.29179
0.260407
0.230117
0.210542
0.20879
0.215928
0.226478
0.238935
0.252845
0.267972
0.283822
0.300197
0.316662
0.332983
0.34915
0.365878
0.382856
0.400013
0.417107
0.434199
0.451125
0.467972
0.484596
0.501088
0.517317
0.532969
0.547881
0.562875
0.578591
0.59445
0.609669
0.624382
0.638749
0.652823
0.666593
0.680041
0.693152
0.705915
0.718322
0.730361
0.742025
0.753299
0.764172
0.774624
0.784643
0.794203
0.803288
0.811867
0.81992
0.827413
0.834322
0.840611
0.846255
0.851217
0.855476
0.859
0.86178
0.863801
0.865068
0.865613
0.865617
0.865315
0.864639
0.863272
0.860871
0.857642
0.854157
0.850598
0.847024
0.843501
0.840103
0.836917
0.834013
0.831454
0.829272
0.827492
0.826114
0.825136
0.82453
0.824293
0.824315
0.824485
0.824813
0.825373
0.826331
0.827532
0.828866
0.830181
0.831591
0.832779
0.836578
1.07461
1.07543
1.00802
0.899549
0.831122
0.780813
0.744904
0.714813
0.689999
0.671904
0.656784
0.642439
0.63244
0.627298
0.625775
0.626024
0.627518
0.629914
0.633287
0.637544
0.642653
0.648417
0.654775
0.661601
0.669154
0.67731
0.686078
0.695229
0.704801
0.714601
0.724715
0.734962
0.745453
0.755997
0.766384
0.776326
0.786401
0.797182
0.808549
0.819641
0.83045
0.841065
0.851581
0.861974
0.87225
0.882356
0.892297
0.902028
0.91156
0.920849
0.929904
0.938679
0.94718
0.955359
0.963218
0.970706
0.977823
0.984514
0.990776
0.996553
1.00184
1.00658
1.01076
1.01434
1.01731
1.01962
1.02129
1.02229
1.02263
1.02251
1.02215
1.02145
1.02012
1.0179
1.01493
1.01168
1.00832
1.00497
1.00168
0.998537
0.995601
0.992945
0.990612
0.988642
0.987043
0.985827
0.984976
0.984477
0.984314
0.984366
0.984524
0.984822
0.985314
0.986153
0.987184
0.988345
0.989448
0.990615
0.991393
0.994456
1.04735
1.08415
1.08311
1.0497
1.00807
0.979367
0.961016
0.947239
0.934972
0.923852
0.914954
0.907208
0.900235
0.895058
0.892465
0.891174
0.89016
0.889119
0.88813
0.887339
0.886888
0.886835
0.887203
0.888134
0.889663
0.891832
0.894682
0.89811
0.902108
0.906574
0.911532
0.916888
0.922692
0.928792
0.93494
0.940925
0.947138
0.954064
0.961777
0.969645
0.977436
0.985152
0.992899
1.00066
1.00845
1.01622
1.02398
1.03166
1.03927
1.04675
1.05413
1.06133
1.06838
1.07519
1.0818
1.08812
1.09417
1.09988
1.10527
1.11024
1.11482
1.11893
1.12258
1.12569
1.12828
1.13028
1.13172
1.13253
1.13273
1.13254
1.13214
1.13143
1.13012
1.12806
1.12536
1.12235
1.11919
1.11603
1.11294
1.11001
1.10729
1.10486
1.10273
1.10095
1.0995
1.09843
1.09768
1.09728
1.09717
1.09724
1.09738
1.09765
1.0981
1.09886
1.09975
1.10078
1.10172
1.1027
1.1032
1.10582
1.02101
1.06888
1.09373
1.09716
1.08808
1.08044
1.07668
1.07509
1.07343
1.07069
1.06699
1.06401
1.06181
1.05888
1.05537
1.05253
1.0498
1.04684
1.04363
1.04028
1.03691
1.03374
1.03086
1.02843
1.02652
1.02527
1.02468
1.02476
1.02553
1.02686
1.0288
1.03128
1.03433
1.0378
1.04141
1.04503
1.04896
1.05363
1.05915
1.06504
1.07106
1.07712
1.08326
1.08949
1.09583
1.10223
1.10869
1.11516
1.12165
1.12808
1.13448
1.14077
1.14696
1.15299
1.15887
1.16452
1.16996
1.17511
1.17998
1.18449
1.18866
1.1924
1.19573
1.19857
1.20094
1.20275
1.20405
1.20468
1.20479
1.20457
1.20418
1.20345
1.20213
1.20016
1.19769
1.19489
1.1919
1.18888
1.18593
1.18316
1.1806
1.17833
1.17635
1.1747
1.17338
1.17241
1.17175
1.17142
1.17134
1.17142
1.17155
1.17183
1.17229
1.17302
1.17381
1.17477
1.17561
1.17648
1.17682
1.17926
0.990657
1.04427
1.08043
1.10357
1.1157
1.12347
1.13036
1.13731
1.14324
1.14753
1.14971
1.15001
1.14952
1.1491
1.14772
1.14498
1.14164
1.13803
1.13432
1.13019
1.12595
1.12154
1.11736
1.11336
1.10989
1.10687
1.1046
1.10291
1.10198
1.10162
1.10197
1.10291
1.10449
1.10653
1.10873
1.11103
1.1137
1.11712
1.12138
1.1261
1.13108
1.13623
1.14149
1.14687
1.15237
1.15798
1.16368
1.16945
1.17526
1.18108
1.18688
1.19264
1.19832
1.20388
1.20931
1.21457
1.21962
1.22443
1.22898
1.23321
1.23711
1.24062
1.24374
1.2464
1.2486
1.25029
1.25142
1.25192
1.25195
1.25174
1.25134
1.25057
1.24922
1.2473
1.24497
1.24232
1.23947
1.23657
1.23372
1.23105
1.2286
1.22642
1.22454
1.22299
1.22175
1.22085
1.22025
1.21996
1.21991
1.21999
1.22014
1.22045
1.22092
1.22164
1.22238
1.2233
1.22408
1.22487
1.22513
1.22748
0.961072
1.01293
1.05592
1.08899
1.11382
1.13232
1.14754
1.16076
1.17237
1.18177
1.18885
1.19338
1.1958
1.19648
1.19659
1.19592
1.19368
1.19029
1.18647
1.1823
1.17783
1.1732
1.16855
1.16401
1.15976
1.15595
1.15271
1.15009
1.14816
1.14686
1.14626
1.14627
1.147
1.14817
1.1495
1.151
1.1529
1.15557
1.15901
1.16297
1.16728
1.17184
1.17656
1.18142
1.1864
1.19151
1.19672
1.20203
1.20739
1.21281
1.21823
1.22363
1.22897
1.23422
1.23935
1.24434
1.24913
1.2537
1.25801
1.26204
1.26574
1.26908
1.27203
1.27456
1.27661
1.27816
1.27916
1.27954
1.2795
1.2793
1.27888
1.27804
1.27664
1.27473
1.27246
1.26992
1.26719
1.26438
1.26163
1.25903
1.25665
1.25455
1.25274
1.25124
1.25006
1.24919
1.24862
1.24836
1.24834
1.24842
1.24858
1.24891
1.2494
1.25013
1.25085
1.25174
1.25249
1.25323
1.25343
1.25573
0.934993
0.98269
1.02653
1.06449
1.09591
1.1213
1.14278
1.16111
1.17696
1.19027
1.2011
1.20909
1.21462
1.21773
1.21917
1.21949
1.2193
1.21779
1.21482
1.21094
1.20666
1.20229
1.19777
1.19329
1.18891
1.18489
1.18127
1.17824
1.1758
1.17403
1.1729
1.17245
1.17269
1.1734
1.17423
1.17528
1.17679
1.17904
1.18203
1.18553
1.18943
1.19362
1.19802
1.20259
1.20728
1.21211
1.21704
1.22207
1.22717
1.23233
1.2375
1.24267
1.24779
1.25283
1.25775
1.26254
1.26714
1.27153
1.27567
1.27953
1.28307
1.28626
1.28905
1.29142
1.29331
1.29472
1.29559
1.29587
1.29577
1.29556
1.29509
1.29417
1.29269
1.29078
1.28856
1.28609
1.28347
1.28078
1.27813
1.27561
1.27329
1.27123
1.26945
1.26798
1.26682
1.26597
1.26542
1.26519
1.26519
1.26526
1.26543
1.26579
1.2663
1.26703
1.26775
1.26862
1.26934
1.27004
1.27021
1.27248
0.91171
0.955328
0.997617
1.03718
1.07187
1.10183
1.12709
1.14893
1.16785
1.18423
1.19785
1.20888
1.2171
1.22296
1.22651
1.22849
1.22918
1.22927
1.22838
1.22605
1.22248
1.21861
1.21443
1.2103
1.20617
1.20233
1.19873
1.19565
1.19302
1.19107
1.18968
1.18901
1.18899
1.18944
1.19001
1.19081
1.19212
1.19416
1.19689
1.20011
1.20374
1.20768
1.21187
1.21625
1.22077
1.22542
1.23018
1.23502
1.23995
1.24492
1.24991
1.2549
1.25984
1.2647
1.26946
1.27407
1.27851
1.28273
1.2867
1.29039
1.29377
1.29678
1.2994
1.30161
1.30336
1.30462
1.30533
1.30551
1.30541
1.30515
1.30461
1.30358
1.30203
1.30013
1.29795
1.29557
1.29306
1.29049
1.28795
1.28552
1.28328
1.28127
1.27953
1.27808
1.27694
1.2761
1.27556
1.27535
1.27535
1.27543
1.2756
1.27597
1.27649
1.27723
1.27795
1.2788
1.2795
1.28016
1.2803
1.28257
0.890148
0.929771
0.969816
1.00891
1.04496
1.07709
1.10527
1.12983
1.15131
1.16992
1.18587
1.19918
1.20995
1.2182
1.22415
1.22809
1.23054
1.23157
1.23179
1.2314
1.22993
1.22725
1.22369
1.21996
1.21626
1.21274
1.20941
1.20647
1.20392
1.20194
1.2005
1.19972
1.19958
1.19985
1.20026
1.20094
1.20215
1.20406
1.20661
1.20961
1.213
1.21671
1.22069
1.22488
1.22923
1.23372
1.23832
1.24301
1.24776
1.25256
1.25738
1.26219
1.26696
1.27166
1.27624
1.28068
1.28495
1.289
1.2928
1.2963
1.2995
1.30233
1.30479
1.30682
1.30841
1.30952
1.31007
1.31016
1.31004
1.30975
1.30913
1.308
1.3064
1.3045
1.30237
1.30008
1.29769
1.29526
1.29286
1.29056
1.28841
1.28647
1.28477
1.28335
1.28222
1.28138
1.28084
1.28063
1.28063
1.2807
1.28087
1.28124
1.28176
1.2825
1.28321
1.28405
1.28472
1.28536
1.28546
1.28773
0.870019
0.906435
0.944192
0.982132
1.01821
1.05132
1.08099
1.10736
1.13059
1.15107
1.16887
1.1842
1.19703
1.20754
1.21566
1.22175
1.22603
1.22886
1.23037
1.23093
1.23075
1.22989
1.22791
1.22503
1.2219
1.21873
1.21572
1.21297
1.21059
1.20865
1.2072
1.20634
1.20605
1.20614
1.20638
1.20691
1.20801
1.20981
1.21217
1.21496
1.21812
1.22162
1.2254
1.22942
1.23363
1.23798
1.24246
1.24701
1.25163
1.25629
1.26096
1.26561
1.27022
1.27475
1.27917
1.28344
1.28753
1.29139
1.295
1.29831
1.30132
1.30397
1.30623
1.30808
1.30949
1.31043
1.31082
1.31082
1.31069
1.31036
1.30965
1.30844
1.3068
1.30491
1.30285
1.30068
1.29844
1.29618
1.29396
1.29181
1.28978
1.28793
1.2863
1.28491
1.2838
1.28298
1.28244
1.28222
1.28221
1.28228
1.28244
1.2828
1.28331
1.28403
1.28472
1.28555
1.28619
1.28679
1.28688
1.28915
0.849291
0.883301
0.919166
0.955906
0.991604
1.02503
1.05559
1.08313
1.10777
1.12968
1.14906
1.166
1.18062
1.19296
1.20317
1.21124
1.21745
1.222
1.22518
1.22715
1.22806
1.22813
1.22766
1.22637
1.22426
1.22158
1.21884
1.21624
1.21401
1.21213
1.21074
1.20984
1.2095
1.20942
1.20956
1.21004
1.21111
1.21286
1.2151
1.21772
1.22071
1.22401
1.22763
1.23149
1.23557
1.2398
1.24416
1.24859
1.25309
1.2576
1.26214
1.26663
1.27108
1.27544
1.27969
1.28377
1.28767
1.29133
1.29476
1.29787
1.30069
1.30313
1.30521
1.30686
1.30809
1.30883
1.30909
1.30904
1.30888
1.30849
1.30768
1.30638
1.30475
1.30292
1.30096
1.29893
1.29686
1.29479
1.29274
1.29076
1.28887
1.28713
1.28558
1.28425
1.28316
1.28235
1.2818
1.28156
1.28154
1.2816
1.28175
1.28208
1.28257
1.28326
1.28393
1.28473
1.28535
1.28592
1.28598
1.28826
0.828637
0.860357
0.894336
0.929651
0.96456
0.997773
1.02866
1.0569
1.08253
1.10557
1.12623
1.14455
1.1607
1.17467
1.18666
1.19653
1.20455
1.21082
1.21562
1.21905
1.22136
1.22264
1.22299
1.22272
1.22197
1.22048
1.21847
1.21623
1.21414
1.2124
1.21104
1.2102
1.20979
1.20964
1.20964
1.21013
1.2112
1.21285
1.21496
1.21739
1.2202
1.22332
1.22677
1.23047
1.23441
1.2385
1.24275
1.24705
1.25143
1.25581
1.2602
1.26454
1.26883
1.27301
1.27707
1.28095
1.28466
1.28812
1.29134
1.29425
1.29685
1.29907
1.30094
1.30238
1.30341
1.30395
1.3041
1.30403
1.30382
1.30334
1.30241
1.30106
1.29947
1.29774
1.29591
1.29405
1.29216
1.29029
1.28842
1.28662
1.28488
1.28327
1.28181
1.28055
1.2795
1.27871
1.27815
1.27789
1.27784
1.27789
1.27802
1.27832
1.27877
1.27943
1.28007
1.28083
1.28142
1.28196
1.282
1.28429
0.810005
0.839345
0.871231
0.904792
0.93843
0.970894
1.00154
1.02996
1.0561
1.07991
1.10151
1.12094
1.13833
1.15371
1.16721
1.17872
1.1884
1.19634
1.20273
1.20769
1.21143
1.21404
1.2157
1.21647
1.21657
1.21609
1.21523
1.21387
1.21223
1.21065
1.20945
1.20864
1.20831
1.20809
1.2082
1.20882
1.20999
1.21168
1.21374
1.21614
1.21888
1.22194
1.22531
1.22894
1.2328
1.23681
1.24096
1.24518
1.24945
1.25372
1.25797
1.26216
1.26628
1.27027
1.27412
1.27779
1.28127
1.28449
1.28746
1.29012
1.29246
1.29443
1.29604
1.29724
1.29804
1.29837
1.29841
1.2983
1.29803
1.29742
1.29639
1.29502
1.29351
1.29191
1.29026
1.28859
1.28691
1.28524
1.28359
1.28197
1.28042
1.27896
1.27763
1.27647
1.27549
1.27472
1.27418
1.2739
1.27383
1.27387
1.27398
1.27423
1.27463
1.27524
1.27584
1.27657
1.27712
1.2776
1.27761
1.27992
0.795324
0.822045
0.851514
0.88293
0.914805
0.945984
0.975798
1.00385
1.02997
1.0541
1.07624
1.09645
1.11476
1.13125
1.14594
1.15893
1.17013
1.17966
1.18763
1.19417
1.19942
1.20351
1.20655
1.20867
1.20998
1.2106
1.21071
1.21041
1.20988
1.20917
1.20838
1.20799
1.20786
1.20793
1.20831
1.20916
1.21053
1.21225
1.21432
1.21672
1.21944
1.22247
1.22578
1.22933
1.23309
1.23702
1.24105
1.24517
1.24931
1.25344
1.25753
1.26155
1.26547
1.26925
1.27287
1.27631
1.27952
1.28249
1.28518
1.28757
1.28962
1.29133
1.29266
1.29361
1.29416
1.29432
1.29428
1.29412
1.29375
1.29299
1.29186
1.29056
1.28917
1.28775
1.2863
1.28484
1.28338
1.28193
1.28049
1.27908
1.27772
1.27644
1.27527
1.27422
1.27333
1.27262
1.2721
1.2718
1.27171
1.27174
1.27182
1.27203
1.27237
1.27292
1.27348
1.27414
1.27465
1.27507
1.27505
1.27736
0.786005
0.810063
0.836961
0.866042
0.895885
0.925457
0.954067
0.981346
1.00705
1.03109
1.05342
1.07406
1.09301
1.11035
1.12607
1.14025
1.15281
1.16382
1.17332
1.18144
1.18825
1.19389
1.19843
1.20202
1.20472
1.20668
1.20797
1.20877
1.20915
1.20923
1.20914
1.20912
1.20922
1.20958
1.21024
1.21124
1.21261
1.21432
1.21638
1.21876
1.22145
1.22441
1.22763
1.23108
1.23472
1.23851
1.24241
1.24637
1.25035
1.25431
1.25823
1.26204
1.26575
1.2693
1.27268
1.27585
1.2788
1.28148
1.28389
1.28597
1.28774
1.28915
1.29021
1.29089
1.2912
1.29123
1.29114
1.2909
1.29036
1.28946
1.28833
1.28714
1.28591
1.28468
1.28344
1.2822
1.28096
1.27973
1.2785
1.27731
1.27615
1.27506
1.27404
1.27313
1.27233
1.27168
1.27118
1.27087
1.27076
1.27078
1.27083
1.27098
1.27126
1.27175
1.27225
1.27285
1.2733
1.27366
1.27361
1.27592
0.780181
0.801923
0.826483
0.853325
0.881189
0.909094
0.936414
0.96274
0.987849
1.01158
1.0339
1.05474
1.07414
1.09209
1.10862
1.12377
1.13748
1.14975
1.16064
1.17018
1.17845
1.18552
1.1915
1.19646
1.2005
1.20371
1.20616
1.20799
1.20932
1.21024
1.21087
1.21139
1.21192
1.21259
1.21345
1.21459
1.21601
1.21775
1.21981
1.22217
1.2248
1.2277
1.23082
1.23415
1.23765
1.24129
1.24502
1.24882
1.25261
1.25639
1.26008
1.26369
1.26714
1.27044
1.27353
1.27643
1.27907
1.28145
1.28353
1.28531
1.28675
1.28787
1.28863
1.28905
1.28914
1.28909
1.28893
1.28852
1.2878
1.28682
1.28578
1.28474
1.28369
1.28266
1.28163
1.2806
1.27957
1.27856
1.27755
1.27657
1.27562
1.27472
1.27388
1.2731
1.27241
1.27183
1.27137
1.27105
1.27092
1.27091
1.27095
1.27106
1.27127
1.27166
1.2721
1.27263
1.27301
1.2733
1.2732
1.27552
0.776152
0.796152
0.818805
0.843708
0.869744
0.896035
0.922017
0.947301
0.971659
0.994931
1.01703
1.03791
1.05753
1.07592
1.09306
1.10896
1.12361
1.13696
1.14903
1.15984
1.16945
1.17789
1.18525
1.19154
1.19689
1.20132
1.20496
1.20787
1.21019
1.21197
1.21338
1.21451
1.21554
1.21655
1.21769
1.21897
1.2205
1.22228
1.22434
1.22665
1.22923
1.23203
1.23505
1.23824
1.2416
1.24506
1.24862
1.2522
1.2558
1.25934
1.26282
1.26615
1.26936
1.27237
1.2752
1.27777
1.28011
1.28216
1.28393
1.28536
1.2865
1.28728
1.28776
1.2879
1.28787
1.28774
1.28742
1.28679
1.28591
1.28499
1.28409
1.28321
1.28235
1.28151
1.28068
1.27987
1.27905
1.27825
1.27746
1.27671
1.27597
1.27527
1.2746
1.27397
1.27339
1.27289
1.27247
1.27217
1.272
1.27197
1.27199
1.27207
1.27222
1.27252
1.27288
1.27332
1.27363
1.27385
1.27371
1.27603
0.773139
0.79182
0.813011
0.836387
0.860938
0.885882
0.910663
0.934977
0.958572
0.981328
1.00312
1.0239
1.04362
1.06229
1.07986
1.09635
1.11175
1.126
1.13908
1.15101
1.16178
1.17146
1.18003
1.18759
1.19415
1.19982
1.20459
1.2086
1.2119
1.21463
1.21682
1.21865
1.22021
1.22166
1.22306
1.22457
1.22619
1.22802
1.23005
1.23233
1.2348
1.23751
1.24038
1.24343
1.24659
1.24988
1.25321
1.25659
1.25993
1.26325
1.26644
1.26953
1.27243
1.27517
1.27767
1.27995
1.28194
1.28368
1.28508
1.2862
1.28698
1.28748
1.28765
1.28764
1.28752
1.28721
1.28662
1.2858
1.28496
1.28415
1.28339
1.28268
1.282
1.28135
1.28072
1.28011
1.2795
1.27892
1.27836
1.27782
1.2773
1.27679
1.2763
1.27581
1.27535
1.27493
1.27456
1.27428
1.2741
1.27404
1.27405
1.27409
1.27418
1.27439
1.27466
1.27502
1.27524
1.27539
1.2752
1.27752
0.769792
0.787572
0.807717
0.829935
0.853314
0.877138
0.900955
0.924425
0.947373
0.969628
0.991123
1.01176
1.03153
1.05036
1.06827
1.08522
1.10123
1.11619
1.13012
1.14298
1.15478
1.16551
1.17522
1.18391
1.19164
1.19841
1.20431
1.20935
1.21366
1.21726
1.22026
1.22275
1.22487
1.22672
1.22845
1.23012
1.23186
1.2337
1.23571
1.23789
1.24027
1.24281
1.24554
1.24839
1.25137
1.25442
1.25753
1.26064
1.26374
1.26676
1.2697
1.27248
1.27511
1.27752
1.27973
1.28166
1.28334
1.28472
1.2858
1.28657
1.28705
1.28722
1.28721
1.28708
1.28675
1.28615
1.28535
1.28455
1.2838
1.28311
1.2825
1.28193
1.28142
1.28094
1.28049
1.28005
1.27965
1.27927
1.27892
1.27859
1.27827
1.27794
1.2776
1.27725
1.2769
1.27656
1.27624
1.27598
1.27579
1.2757
1.27568
1.2757
1.27575
1.27587
1.27605
1.2763
1.27644
1.27652
1.27631
1.27862
0.765658
0.782726
0.80209
0.823446
0.845958
0.868927
0.891939
0.914729
0.937108
0.958953
0.980159
1.00067
1.02042
1.0394
1.05755
1.07488
1.09135
1.10692
1.12153
1.13518
1.14783
1.15951
1.17017
1.17987
1.18858
1.19637
1.20321
1.2092
1.21435
1.21878
1.22251
1.22567
1.22835
1.23066
1.23272
1.23464
1.2365
1.2384
1.24038
1.24249
1.24474
1.24715
1.24969
1.25236
1.25511
1.25794
1.26079
1.26365
1.26646
1.2692
1.27182
1.2743
1.2766
1.27871
1.28057
1.28218
1.2835
1.28453
1.28526
1.2857
1.28584
1.28581
1.28565
1.28525
1.2846
1.28378
1.28297
1.28224
1.28159
1.28102
1.28053
1.28011
1.27976
1.27944
1.27916
1.27892
1.27871
1.27853
1.27839
1.27828
1.27815
1.278
1.27781
1.2776
1.27735
1.27709
1.27684
1.27661
1.27643
1.27631
1.27627
1.27626
1.27628
1.27632
1.27641
1.27655
1.2766
1.27661
1.27637
1.27865
0.759636
0.776185
0.794936
0.815633
0.837459
0.859776
0.88218
0.904426
0.926353
0.947843
0.968815
0.989194
1.00894
1.028
1.04637
1.06398
1.08085
1.09689
1.1121
1.1264
1.13981
1.15227
1.16382
1.1744
1.18406
1.19277
1.20059
1.20751
1.2136
1.21888
1.22347
1.22737
1.2307
1.23353
1.23601
1.23823
1.24032
1.24233
1.24435
1.24643
1.2486
1.25087
1.25325
1.25571
1.25826
1.26083
1.26343
1.26599
1.26851
1.27093
1.27324
1.27538
1.27736
1.27911
1.28063
1.28187
1.28284
1.2835
1.28387
1.28397
1.2839
1.28368
1.28316
1.2824
1.28153
1.2807
1.27994
1.27927
1.27871
1.27825
1.27789
1.27762
1.27741
1.27725
1.27713
1.27708
1.27708
1.2771
1.27719
1.27728
1.27734
1.27734
1.2773
1.27724
1.27712
1.27695
1.27677
1.27658
1.27642
1.27629
1.27621
1.27616
1.27615
1.27615
1.27615
1.27616
1.27614
1.27609
1.27576
1.27797
0.7539
0.769828
0.787952
0.807984
0.829119
0.850761
0.87253
0.894215
0.915661
0.936774
0.957465
0.977679
0.997354
1.01646
1.03494
1.05279
1.06996
1.08643
1.10213
1.11704
1.13111
1.14433
1.15667
1.16814
1.17869
1.18836
1.19711
1.20499
1.21199
1.2182
1.2236
1.22829
1.23232
1.23579
1.23878
1.24141
1.24375
1.24594
1.24803
1.25011
1.2522
1.25435
1.25656
1.25883
1.26114
1.26346
1.26577
1.26805
1.27024
1.27234
1.2743
1.27611
1.27773
1.27913
1.28028
1.28115
1.28173
1.28201
1.28205
1.28194
1.28162
1.28095
1.28003
1.2791
1.2782
1.27738
1.27666
1.27605
1.27557
1.27522
1.27499
1.27485
1.27478
1.27477
1.2748
1.27489
1.27511
1.27541
1.27569
1.27595
1.27615
1.27631
1.27641
1.27645
1.27643
1.27639
1.2763
1.27617
1.27602
1.27589
1.27577
1.27569
1.27563
1.27558
1.27553
1.27547
1.27534
1.27518
1.27471
1.27683
0.747664
0.763105
0.780681
0.800153
0.820724
0.841807
0.863056
0.88427
0.905324
0.926118
0.946585
0.966651
0.986277
1.0054
1.02401
1.04203
1.05948
1.07628
1.09242
1.10782
1.12247
1.13633
1.14938
1.16158
1.17293
1.18339
1.19297
1.20164
1.20945
1.21639
1.22253
1.2279
1.23256
1.23657
1.24002
1.24301
1.24564
1.24801
1.25019
1.25228
1.25431
1.25634
1.25837
1.26043
1.26249
1.26454
1.26655
1.26851
1.27036
1.27212
1.27373
1.27519
1.27644
1.27748
1.27825
1.27875
1.27894
1.27893
1.27876
1.27829
1.27749
1.27648
1.27544
1.27445
1.27354
1.27273
1.27204
1.27149
1.27111
1.27088
1.27078
1.27075
1.27077
1.27085
1.27106
1.27141
1.27185
1.27231
1.27274
1.27314
1.27349
1.27379
1.27402
1.27419
1.27429
1.27432
1.27429
1.27424
1.27415
1.27403
1.27389
1.27377
1.27365
1.27356
1.27344
1.27331
1.27309
1.27284
1.27226
1.2743
0.736521
0.75206
0.769666
0.789029
0.809402
0.830216
0.851185
0.872119
0.892934
0.913528
0.933857
0.953841
0.973453
0.992626
1.01134
1.02955
1.04723
1.06435
1.08083
1.09662
1.11172
1.12607
1.13966
1.15244
1.16442
1.17554
1.18584
1.19528
1.20388
1.21163
1.21857
1.22469
1.23008
1.23472
1.23877
1.24223
1.24526
1.24789
1.25027
1.25242
1.25447
1.25641
1.25833
1.26017
1.26201
1.26377
1.2655
1.2671
1.26864
1.27002
1.27129
1.27237
1.27327
1.2739
1.27428
1.27438
1.27432
1.27404
1.27335
1.27235
1.27124
1.2701
1.26899
1.26794
1.26699
1.26617
1.26552
1.26505
1.26478
1.26468
1.26468
1.26471
1.26483
1.2651
1.26556
1.26611
1.26672
1.26732
1.26792
1.26847
1.26899
1.26943
1.26982
1.27011
1.27033
1.27046
1.27052
1.2705
1.27046
1.27039
1.27027
1.27012
1.26995
1.2698
1.26961
1.26942
1.26911
1.26878
1.2681
1.27008
0.720742
0.736741
0.754748
0.774374
0.794859
0.815684
0.836602
0.857456
0.878183
0.898703
0.91898
0.938949
0.958584
0.977829
0.996666
1.01504
1.03295
1.05035
1.06719
1.08343
1.09903
1.11395
1.12817
1.14165
1.15437
1.16629
1.17741
1.18769
1.19715
1.20576
1.21355
1.22052
1.22671
1.23214
1.23689
1.24099
1.24455
1.24762
1.25032
1.25269
1.25485
1.25681
1.25865
1.26035
1.26198
1.26347
1.26487
1.26614
1.2673
1.26831
1.2692
1.26987
1.27035
1.27054
1.27054
1.27037
1.26984
1.26895
1.26778
1.26652
1.26524
1.26398
1.26276
1.26164
1.26066
1.25986
1.25926
1.25888
1.25873
1.25872
1.25877
1.25889
1.25918
1.25969
1.26033
1.26107
1.26182
1.2626
1.26334
1.26408
1.26473
1.26535
1.26587
1.26632
1.26665
1.26691
1.26705
1.26711
1.26709
1.26705
1.26698
1.26684
1.26662
1.26642
1.26615
1.26588
1.26549
1.26508
1.2643
1.2662
0.709484
0.724775
0.742156
0.761242
0.781278
0.801737
0.822347
0.842965
0.863503
0.883898
0.90409
0.924036
0.943684
0.963002
0.981944
1.00049
1.01859
1.03624
1.05342
1.07007
1.08614
1.1016
1.11642
1.13057
1.14401
1.15672
1.16866
1.17982
1.19016
1.19969
1.20838
1.21625
1.22331
1.22958
1.23508
1.23988
1.24402
1.24759
1.25064
1.25327
1.25555
1.25754
1.2593
1.26086
1.26224
1.26346
1.26452
1.26544
1.26624
1.26689
1.2674
1.26768
1.26775
1.26767
1.26733
1.26655
1.26542
1.26414
1.26275
1.2613
1.25986
1.25846
1.25715
1.25598
1.25499
1.25422
1.2537
1.25344
1.25339
1.25342
1.25353
1.25378
1.25427
1.25495
1.25576
1.25662
1.25753
1.25843
1.25934
1.2602
1.26102
1.26175
1.26242
1.26298
1.26344
1.26379
1.26404
1.26415
1.26418
1.26415
1.26409
1.26398
1.26376
1.2635
1.26316
1.26282
1.26234
1.26187
1.261
1.26286
0.705283
0.719214
0.735314
0.753234
0.772229
0.791788
0.811627
0.831603
0.851612
0.871591
0.891464
0.911185
0.930689
0.949942
0.968891
0.987512
1.00576
1.02362
1.04107
1.05806
1.07453
1.09046
1.1058
1.12054
1.1346
1.14799
1.16064
1.17255
1.18366
1.19398
1.20347
1.21214
1.21997
1.22698
1.23315
1.23856
1.24323
1.24724
1.25064
1.25353
1.25595
1.258
1.2597
1.26112
1.26226
1.26319
1.2639
1.26447
1.26488
1.26516
1.26525
1.26519
1.26492
1.26426
1.26321
1.26191
1.26044
1.25888
1.25725
1.25559
1.25397
1.25244
1.25105
1.24986
1.24889
1.24818
1.24775
1.2476
1.24762
1.24769
1.24788
1.24828
1.24895
1.24979
1.25074
1.25174
1.25278
1.25383
1.25488
1.25588
1.25684
1.25771
1.25851
1.25919
1.25977
1.26023
1.26057
1.26077
1.26083
1.26082
1.26077
1.26067
1.26046
1.26017
1.25976
1.25934
1.25878
1.25824
1.25729
1.25909
0.698499
0.712229
0.727945
0.745369
0.763823
0.782839
0.802161
0.82166
0.841252
0.860871
0.880458
0.899953
0.91931
0.938473
0.957409
0.976068
0.994427
1.01244
1.03011
1.04737
1.06419
1.08052
1.09633
1.11156
1.12619
1.14018
1.15349
1.16607
1.17792
1.18897
1.19922
1.20864
1.21722
1.22494
1.23184
1.23791
1.24319
1.24773
1.25157
1.25477
1.25741
1.25955
1.26124
1.26254
1.26348
1.2641
1.26448
1.26469
1.26475
1.26469
1.26445
1.26389
1.26293
1.26163
1.26011
1.25844
1.25664
1.25476
1.25285
1.25097
1.24917
1.24753
1.24608
1.24488
1.24394
1.24329
1.24296
1.24289
1.24294
1.24307
1.24338
1.24394
1.24476
1.24572
1.24679
1.24792
1.24908
1.25026
1.25143
1.25256
1.25364
1.25464
1.25555
1.25636
1.25704
1.2576
1.25802
1.2583
1.25842
1.25842
1.25838
1.25829
1.25809
1.25778
1.25731
1.25682
1.25617
1.25557
1.25453
1.25627
0.700607
0.713106
0.727614
0.743905
0.761309
0.779359
0.797808
0.816523
0.835429
0.854454
0.873543
0.892632
0.911673
0.930607
0.949395
0.967988
0.986356
1.00445
1.02225
1.03972
1.05681
1.07346
1.08964
1.1053
1.1204
1.13489
1.14875
1.16192
1.17437
1.18606
1.19697
1.20705
1.21629
1.22467
1.23219
1.23885
1.24467
1.24966
1.25389
1.2574
1.26024
1.26247
1.26415
1.26533
1.26605
1.26637
1.26645
1.26639
1.2662
1.26576
1.26492
1.26366
1.26213
1.26038
1.25845
1.25638
1.25421
1.252
1.24982
1.24774
1.2458
1.24407
1.24258
1.24138
1.24048
1.23991
1.23967
1.23966
1.23974
1.23993
1.24035
1.24106
1.242
1.24307
1.24424
1.24548
1.24675
1.24804
1.24932
1.25056
1.25175
1.25286
1.25388
1.25479
1.25557
1.25622
1.25672
1.25707
1.25724
1.25727
1.25724
1.25715
1.25695
1.25663
1.25612
1.25557
1.25484
1.25416
1.25304
1.25471
0.702665
0.714778
0.728831
0.744553
0.761345
0.778768
0.796606
0.814737
0.833106
0.851642
0.870306
0.889027
0.907772
0.926472
0.945099
0.963589
0.981921
1.00003
1.0179
1.03546
1.05267
1.06948
1.08585
1.10173
1.11708
1.13185
1.14602
1.15952
1.17235
1.18444
1.19577
1.20629
1.216
1.22486
1.23286
1.23998
1.24623
1.25163
1.2562
1.25998
1.26301
1.26534
1.26702
1.26809
1.26856
1.26863
1.26853
1.26828
1.26771
1.2667
1.26524
1.2635
1.26152
1.25933
1.25699
1.25454
1.25203
1.24955
1.24716
1.24492
1.24289
1.24111
1.23963
1.23845
1.23761
1.23712
1.23696
1.237
1.23711
1.23737
1.2379
1.23873
1.23976
1.24091
1.24216
1.24348
1.24484
1.24621
1.24757
1.24889
1.25016
1.25136
1.25246
1.25346
1.25432
1.25504
1.25561
1.25602
1.25624
1.25629
1.25626
1.25617
1.25598
1.25566
1.25511
1.25452
1.25372
1.25298
1.25178
1.25339
0.692055
0.705005
0.719775
0.736054
0.753242
0.770928
0.788943
0.807182
0.825612
0.844174
0.862842
0.881557
0.900292
0.91899
0.937627
0.956144
0.974523
0.992703
1.01067
1.02833
1.04567
1.06261
1.07915
1.09521
1.11079
1.1258
1.14025
1.15407
1.16724
1.17969
1.19143
1.20237
1.21253
1.22183
1.2303
1.23786
1.24455
1.25034
1.25527
1.25933
1.26258
1.26503
1.26674
1.26769
1.26798
1.26789
1.26767
1.26716
1.26615
1.26459
1.26267
1.26047
1.25804
1.25542
1.25268
1.24988
1.2471
1.24439
1.24183
1.23948
1.23739
1.2356
1.23413
1.233
1.23222
1.23182
1.23173
1.23179
1.23195
1.2323
1.23293
1.23387
1.23497
1.23621
1.23754
1.23894
1.24037
1.24183
1.24327
1.24469
1.24605
1.24734
1.24852
1.2496
1.25054
1.25135
1.25199
1.25246
1.25273
1.25281
1.25278
1.2527
1.25252
1.25219
1.25163
1.25099
1.25013
1.24934
1.24807
1.24964
0.674515
0.688183
0.703654
0.72056
0.738287
0.756444
0.774865
0.793461
0.812202
0.831039
0.849947
0.868878
0.887806
0.906681
0.925477
0.944149
0.96267
0.980997
0.999111
1.01695
1.0345
1.05167
1.06847
1.08482
1.10073
1.11612
1.13099
1.14527
1.15894
1.17193
1.18424
1.19579
1.20657
1.2165
1.22561
1.2338
1.2411
1.24746
1.25291
1.2574
1.26101
1.2637
1.26555
1.26646
1.26665
1.2665
1.26613
1.26533
1.26389
1.26186
1.25948
1.25681
1.25393
1.2509
1.24779
1.24469
1.24164
1.23875
1.23605
1.23362
1.23149
1.22969
1.22825
1.22717
1.22645
1.22614
1.22611
1.22619
1.22639
1.22683
1.22758
1.22862
1.22981
1.23114
1.23255
1.23405
1.23557
1.23714
1.23868
1.2402
1.24166
1.24306
1.24434
1.24553
1.24656
1.24746
1.24818
1.24873
1.24906
1.24918
1.24916
1.24909
1.24892
1.2486
1.24801
1.24734
1.24642
1.24559
1.24425
1.24578
0.658571
0.672148
0.687562
0.704466
0.72224
0.740495
0.759039
0.77778
0.796663
0.815648
0.8347
0.853779
0.872853
0.89188
0.91083
0.929658
0.948339
0.966827
0.985125
1.00325
1.02112
1.03871
1.05597
1.07287
1.08936
1.1054
1.12095
1.13595
1.15037
1.16416
1.17726
1.18963
1.20121
1.21198
1.22187
1.23085
1.23887
1.24593
1.25198
1.25703
1.26106
1.26408
1.2661
1.26704
1.26717
1.26698
1.26647
1.26539
1.26356
1.2611
1.25826
1.25513
1.25182
1.24839
1.24494
1.24153
1.23826
1.23518
1.23238
1.22987
1.22771
1.22591
1.2245
1.22346
1.22282
1.22258
1.2226
1.2227
1.22294
1.22347
1.22434
1.22547
1.22675
1.22817
1.22968
1.23127
1.23291
1.23458
1.23623
1.23787
1.23944
1.24095
1.24235
1.24364
1.24478
1.24577
1.24658
1.2472
1.2476
1.24776
1.24775
1.24769
1.24753
1.24721
1.24662
1.24591
1.24494
1.24407
1.24267
1.24416
0.687144
0.69764
0.710076
0.724224
0.739571
0.75566
0.772309
0.789363
0.806796
0.82451
0.842496
0.860656
0.878987
0.897387
0.915863
0.934314
0.952755
0.971104
0.989347
1.00743
1.02538
1.0431
1.06058
1.07772
1.09452
1.11089
1.12681
1.1422
1.15704
1.17124
1.18479
1.1976
1.20964
1.22084
1.23118
1.24058
1.24902
1.25644
1.26285
1.26819
1.27247
1.27565
1.27776
1.27863
1.27868
1.27843
1.27778
1.27641
1.27416
1.27124
1.26791
1.2643
1.26051
1.25665
1.25281
1.24908
1.24553
1.24226
1.2393
1.2367
1.23448
1.23266
1.23124
1.23024
1.22963
1.22944
1.22948
1.2296
1.22991
1.23052
1.23147
1.23264
1.23398
1.23544
1.23702
1.23867
1.24037
1.2421
1.24382
1.24551
1.24716
1.24872
1.25019
1.25154
1.25275
1.25379
1.25466
1.25532
1.25577
1.25595
1.25596
1.2559
1.25574
1.25541
1.2548
1.25405
1.25304
1.25211
1.25065
1.25207
0.720499
0.730135
0.741499
0.754496
0.768648
0.783564
0.799055
0.815005
0.83138
0.84812
0.865199
0.882554
0.900149
0.917922
0.935834
0.953826
0.971859
0.989871
1.00783
1.02567
1.04335
1.06082
1.07805
1.09495
1.11152
1.12767
1.14339
1.1586
1.17327
1.18733
1.20076
1.21348
1.22546
1.23663
1.24697
1.25638
1.26487
1.27235
1.27883
1.28422
1.28856
1.29175
1.29386
1.29462
1.29457
1.29426
1.29348
1.29185
1.28924
1.28594
1.28219
1.27817
1.27397
1.26975
1.26559
1.26161
1.25786
1.25445
1.25138
1.24873
1.24648
1.24467
1.24327
1.2423
1.24174
1.24159
1.24163
1.24179
1.24214
1.2428
1.24378
1.24497
1.24632
1.2478
1.24939
1.25105
1.25276
1.25448
1.25621
1.25792
1.25957
1.26115
1.26263
1.26399
1.26521
1.26628
1.26716
1.26784
1.26831
1.26851
1.26851
1.26845
1.26829
1.26796
1.26734
1.26657
1.26552
1.26454
1.26303
1.2644
0.73701
0.747184
0.758995
0.772347
0.786709
0.80175
0.817244
0.833153
0.849398
0.865995
0.882864
0.900017
0.917363
0.93491
0.952564
0.970335
0.988123
1.00594
1.02368
1.0413
1.05869
1.07589
1.09278
1.10939
1.12561
1.14146
1.15683
1.17175
1.18611
1.19993
1.21309
1.22561
1.23738
1.24843
1.25862
1.26798
1.27638
1.28386
1.2903
1.29572
1.30003
1.30325
1.30528
1.30601
1.30587
1.30549
1.30463
1.30283
1.29999
1.29645
1.29244
1.28815
1.28372
1.27928
1.27495
1.27084
1.26702
1.26355
1.26048
1.25784
1.25563
1.25385
1.25251
1.25159
1.2511
1.25098
1.25104
1.25121
1.25159
1.25229
1.25328
1.25448
1.25583
1.25731
1.25889
1.26054
1.26223
1.26395
1.26567
1.26736
1.26901
1.27058
1.27206
1.27342
1.27464
1.27571
1.27659
1.27728
1.27776
1.27796
1.27797
1.2779
1.27775
1.27742
1.27679
1.27601
1.27495
1.27396
1.27242
1.27377
0.691875
0.704647
0.719029
0.734803
0.751367
0.768406
0.785704
0.803242
0.820943
0.838837
0.85685
0.875007
0.893222
0.911517
0.929801
0.948098
0.966312
0.984469
1.00247
1.02036
1.03805
1.05553
1.07271
1.08961
1.10612
1.12227
1.13795
1.15319
1.16786
1.18201
1.1955
1.20837
1.22047
1.23186
1.24238
1.25207
1.26079
1.26858
1.27529
1.28098
1.28549
1.28889
1.29101
1.29179
1.29164
1.29124
1.29034
1.28848
1.28552
1.28182
1.27767
1.27323
1.26867
1.26414
1.25975
1.25561
1.25179
1.24835
1.24533
1.24274
1.2406
1.23889
1.23761
1.23675
1.23633
1.23624
1.23632
1.23652
1.23693
1.23767
1.23872
1.23995
1.24134
1.24286
1.24447
1.24616
1.2479
1.24966
1.25143
1.25317
1.25486
1.25648
1.258
1.25941
1.26067
1.26178
1.26271
1.26343
1.26393
1.26415
1.26418
1.26411
1.26396
1.26364
1.26302
1.26224
1.26118
1.2602
1.25867
1.26004
0.654688
0.667508
0.682117
0.698215
0.71518
0.732657
0.750448
0.768499
0.78675
0.805188
0.823759
0.842449
0.8612
0.879997
0.898782
0.91754
0.936214
0.954791
0.973218
0.991478
1.00954
1.02739
1.04497
1.06226
1.07919
1.09575
1.11186
1.12751
1.14262
1.15718
1.1711
1.18436
1.19688
1.20864
1.21955
1.22959
1.23866
1.24675
1.25376
1.25968
1.26443
1.26796
1.27021
1.27101
1.27089
1.27049
1.26954
1.26759
1.26449
1.26061
1.25626
1.25165
1.24692
1.24224
1.23773
1.23349
1.22961
1.22612
1.22308
1.22048
1.21833
1.21663
1.21537
1.21453
1.21414
1.21408
1.21416
1.21437
1.21481
1.21559
1.21668
1.21796
1.21939
1.22095
1.22261
1.22435
1.22614
1.22796
1.22977
1.23157
1.23331
1.23499
1.23657
1.23802
1.23934
1.24049
1.24145
1.24221
1.24273
1.24298
1.24302
1.24296
1.2428
1.24248
1.24186
1.24107
1.23999
1.23901
1.23747
1.23886
0.653332
0.665235
0.678946
0.694201
0.710404
0.727192
0.744379
0.7619
0.779699
0.797751
0.816006
0.834437
0.852992
0.871642
0.890334
0.909041
0.92771
0.946316
0.964809
0.983164
1.00133
1.01929
1.03697
1.05437
1.07141
1.08807
1.1043
1.12005
1.13527
1.14994
1.16397
1.17734
1.18997
1.20184
1.21286
1.223
1.23218
1.24036
1.24747
1.25347
1.25828
1.26187
1.26415
1.26496
1.26485
1.26443
1.26346
1.26143
1.25821
1.25418
1.24967
1.24489
1.24
1.23517
1.23051
1.22615
1.22216
1.21859
1.21547
1.21282
1.21063
1.2089
1.20761
1.20676
1.20636
1.2063
1.20638
1.20659
1.20704
1.20784
1.20894
1.21024
1.21168
1.21326
1.21493
1.21668
1.21849
1.22032
1.22215
1.22397
1.22573
1.22742
1.22901
1.23049
1.23182
1.23298
1.23396
1.23473
1.23526
1.23552
1.23556
1.2355
1.23535
1.23502
1.23439
1.23358
1.23249
1.23148
1.22992
1.2313
)
;

boundaryField
{
    inlet
    {
        type            calculated;
        value           uniform 3.00001;
    }
    outlet
    {
        type            calculated;
        value           nonuniform List<scalar> 
40
(
0.653232
0.836578
0.994456
1.10582
1.17926
1.22748
1.25573
1.27248
1.28257
1.28773
1.28915
1.28826
1.28429
1.27992
1.27736
1.27592
1.27552
1.27603
1.27752
1.27862
1.27865
1.27797
1.27683
1.2743
1.27008
1.2662
1.26286
1.25909
1.25627
1.25471
1.25339
1.24964
1.24578
1.24416
1.25207
1.2644
1.27377
1.26004
1.23886
1.2313
)
;
    }
    bottom
    {
        type            symmetryPlane;
    }
    top
    {
        type            symmetryPlane;
    }
    obstacle
    {
        type            calculated;
        value           uniform 0;
    }
    defaultFaces
    {
        type            empty;
    }
}


// ************************************************************************* //
