/*--------------------------------*- C++ -*----------------------------------*\
| =========                 |                                                 |
| \\      /  F ield         | OpenFOAM: The Open Source CFD Toolbox           |
|  \\    /   O peration     | Version:  2412                                  |
|   \\  /    A nd           | Website:  www.openfoam.com                      |
|    \\/     M anipulation  |                                                 |
\*---------------------------------------------------------------------------*/
FoamFile
{
    version     2.0;
    format      ascii;
    arch        "LSB;label=32;scalar=64";
    class       volScalarField;
    location    "30";
    object      T;
}
// * * * * * * * * * * * * * * * * * * * * * * * * * * * * * * * * * * * * * //

dimensions      [0 0 0 1 0 0 0];

internalField   nonuniform List<scalar> 
7000
(
1.31911
2.65688
2.7198
2.66983
2.66467
2.64799
2.64457
2.64731
2.64936
2.65156
2.65282
2.65383
2.65496
2.65631
2.65781
2.65944
2.66117
2.66303
2.66499
2.6671
2.66931
2.67166
2.67412
2.67672
2.67943
2.68227
2.68521
2.68828
2.69144
2.69472
2.69807
2.70153
2.70504
2.70863
2.71225
2.7159
2.71954
2.72317
2.72673
2.73022
2.73357
2.73678
2.73977
2.74254
2.74499
2.74715
2.74889
2.75029
2.75124
2.75178
1.31918
2.65709
2.72005
2.66993
2.66479
2.64811
2.6447
2.64743
2.64949
2.65168
2.65293
2.65394
2.65507
2.65642
2.65792
2.65954
2.66127
2.66312
2.66509
2.66719
2.6694
2.67175
2.67421
2.6768
2.67951
2.68234
2.68528
2.68834
2.6915
2.69477
2.69812
2.70157
2.70508
2.70866
2.71227
2.71591
2.71954
2.72316
2.72671
2.73019
2.73352
2.73672
2.73969
2.74244
2.74488
2.747
2.74876
2.75005
2.75098
2.75133
1.31916
2.657
2.71995
2.66991
2.66475
2.64806
2.64464
2.64739
2.64939
2.65163
2.65283
2.65388
2.65497
2.65636
2.65781
2.65947
2.66115
2.66305
2.66496
2.6671
2.66926
2.67165
2.67406
2.67669
2.67934
2.68221
2.6851
2.6882
2.6913
2.69461
2.69791
2.70139
2.70486
2.70846
2.71204
2.7157
2.71932
2.72294
2.7265
2.72997
2.73333
2.73649
2.73951
2.74218
2.74466
2.74675
2.7485
2.74985
2.75068
2.75109
1.31913
2.65683
2.71977
2.66991
2.6647
2.64795
2.64454
2.64725
2.64932
2.65146
2.65274
2.6537
2.65487
2.65617
2.6577
2.65927
2.66104
2.66282
2.66484
2.66686
2.66913
2.67138
2.67391
2.6764
2.67918
2.68189
2.68492
2.68785
2.69111
2.69422
2.69769
2.70097
2.70461
2.708
2.71175
2.7152
2.71897
2.72242
2.72608
2.72945
2.73285
2.73604
2.73899
2.74184
2.74411
2.74634
2.74801
2.74927
2.75028
2.75046
1.3191
2.6566
2.71953
2.66993
2.66466
2.64782
2.64443
2.64703
2.64925
2.65123
2.65265
2.65345
2.65476
2.6559
2.65757
2.65899
2.66087
2.66252
2.66464
2.66654
2.66889
2.67105
2.67363
2.67605
2.67885
2.68153
2.68453
2.68747
2.69066
2.69385
2.69717
2.70059
2.70401
2.70763
2.71107
2.71483
2.71821
2.72202
2.72524
2.72897
2.73197
2.73538
2.73821
2.741
2.74361
2.74541
2.74739
2.74865
2.74931
2.74988
1.31905
2.65631
2.71924
2.66997
2.6646
2.64769
2.64423
2.64703
2.6489
2.65121
2.65227
2.65342
2.65434
2.65585
2.65712
2.65892
2.66039
2.66243
2.66412
2.66642
2.66833
2.6709
2.67301
2.67585
2.67818
2.68126
2.6838
2.68712
2.68988
2.69339
2.69636
2.70002
2.70319
2.70692
2.71027
2.71398
2.71748
2.72104
2.72463
2.72788
2.73143
2.73414
2.73747
2.73981
2.7425
2.74474
2.74609
2.74768
2.74861
2.74859
1.319
2.65595
2.71888
2.67002
2.66454
2.64749
2.64403
2.64677
2.64872
2.65091
2.65207
2.65308
2.65414
2.65548
2.6569
2.6585
2.66017
2.66197
2.66388
2.6659
2.66808
2.67031
2.67276
2.67518
2.67791
2.6805
2.68352
2.68626
2.68954
2.69241
2.69594
2.69891
2.70264
2.70571
2.70955
2.71272
2.71654
2.71979
2.72345
2.72673
2.73005
2.73335
2.73592
2.73892
2.7409
2.74328
2.74517
2.74615
2.74686
2.7476
1.31894
2.65552
2.71844
2.67009
2.66447
2.64725
2.64378
2.64646
2.64847
2.65057
2.65178
2.65271
2.65381
2.65507
2.65652
2.65806
2.65973
2.66149
2.66339
2.66539
2.66752
2.66976
2.67211
2.6746
2.67717
2.6799
2.68266
2.68565
2.68857
2.69181
2.69484
2.69831
2.70138
2.70506
2.7081
2.71191
2.71495
2.71874
2.72179
2.72535
2.72842
2.73154
2.73472
2.73702
2.73974
2.74144
2.74309
2.74488
2.74571
2.74547
1.31887
2.655
2.71792
2.67018
2.66438
2.64697
2.64347
2.64618
2.64809
2.65024
2.65136
2.65233
2.65334
2.65466
2.65602
2.65759
2.65918
2.66097
2.66279
2.6648
2.66685
2.66909
2.67138
2.67384
2.67636
2.67902
2.68178
2.68463
2.68761
2.69062
2.69381
2.69693
2.70034
2.70349
2.70711
2.71016
2.71393
2.71681
2.7206
2.7233
2.72688
2.7295
2.73248
2.7354
2.73717
2.73986
2.74128
2.7422
2.74292
2.74392
1.31879
2.6544
2.71731
2.67028
2.66427
2.64663
2.64312
2.64571
2.64777
2.64973
2.65098
2.65177
2.65292
2.65405
2.65554
2.65693
2.65864
2.66025
2.66217
2.66401
2.66616
2.66823
2.67059
2.67289
2.67546
2.67798
2.68075
2.68347
2.68643
2.68934
2.69246
2.69553
2.69877
2.70198
2.70526
2.7086
2.71181
2.71525
2.71822
2.72171
2.72428
2.72771
2.72985
2.73284
2.73527
2.73651
2.73876
2.74032
2.7411
2.74059
1.3187
2.65369
2.7166
2.6704
2.66415
2.64626
2.64267
2.64537
2.64719
2.64932
2.65034
2.65131
2.65222
2.65353
2.65478
2.65635
2.65782
2.65958
2.66128
2.66326
2.66518
2.66738
2.66952
2.67192
2.67428
2.67688
2.67945
2.68222
2.68499
2.68791
2.69086
2.6939
2.69699
2.70011
2.70331
2.70645
2.7097
2.71278
2.71602
2.71891
2.72203
2.72456
2.72748
2.72943
2.73209
2.73436
2.73508
2.73612
2.7368
2.7382
1.31859
2.65289
2.7158
2.67053
2.66401
2.6458
2.6422
2.64473
2.64676
2.64861
2.64984
2.65054
2.65166
2.65268
2.65415
2.65542
2.65711
2.65858
2.66048
2.66216
2.66428
2.66617
2.6685
2.67059
2.67312
2.67541
2.67813
2.68059
2.68348
2.68611
2.68913
2.69191
2.69501
2.69791
2.70104
2.70404
2.70709
2.71017
2.71301
2.71614
2.71863
2.72169
2.72378
2.72636
2.72793
2.72982
2.73212
2.73329
2.73396
2.73306
1.31847
2.65197
2.71488
2.67068
2.66385
2.64531
2.64162
2.64422
2.64604
2.64802
2.64904
2.64987
2.65078
2.65195
2.65319
2.65461
2.65605
2.65768
2.65931
2.66116
2.66299
2.66505
2.66707
2.66933
2.67153
2.67398
2.67635
2.67898
2.6815
2.68428
2.68691
2.68982
2.69253
2.69554
2.69827
2.70133
2.70402
2.70705
2.70966
2.71248
2.71508
2.71737
2.72009
2.72174
2.72417
2.7254
2.726
2.72688
2.7274
2.72926
1.31834
2.65097
2.71381
2.67104
2.66347
2.64475
2.64097
2.64351
2.64533
2.64721
2.64826
2.64898
2.64992
2.65096
2.65224
2.65352
2.65501
2.65647
2.65817
2.65982
2.66173
2.66356
2.66567
2.66767
2.66997
2.67212
2.67459
2.67689
2.6795
2.68194
2.68464
2.6872
2.68994
2.6926
2.69532
2.69803
2.70068
2.70333
2.70591
2.70833
2.71078
2.71288
2.71479
2.71683
2.71786
2.72001
2.72157
2.72239
2.72272
2.7211
1.3182
2.64989
2.71254
2.67175
2.66277
2.64411
2.64023
2.64267
2.64453
2.64627
2.64735
2.64795
2.64892
2.64984
2.65113
2.6523
2.65378
2.65515
2.6568
2.65838
2.66019
2.66199
2.66394
2.66594
2.66801
2.67022
2.67237
2.67478
2.67698
2.67957
2.68179
2.68451
2.68672
2.68949
2.69171
2.69441
2.69663
2.6991
2.70133
2.7035
2.70558
2.70752
2.70926
2.71059
2.71193
2.71185
2.71225
2.71241
2.71297
2.71469
1.31805
2.64868
2.71118
2.67234
2.66211
2.64341
2.63937
2.64187
2.64348
2.64534
2.6462
2.64692
2.64765
2.64871
2.64975
2.65107
2.65227
2.65379
2.65514
2.65687
2.65837
2.6603
2.66193
2.66403
2.6658
2.66805
2.66993
2.67229
2.6743
2.67669
2.67884
2.68118
2.68346
2.68566
2.68805
2.69004
2.69242
2.69418
2.69631
2.69788
2.6995
2.7008
2.70203
2.70304
2.70357
2.70492
2.70455
2.70452
2.7032
2.70084
1.31788
2.64734
2.70973
2.67289
2.66143
2.64261
2.63841
2.64095
2.64233
2.64427
2.64494
2.64574
2.64629
2.64741
2.64826
2.64962
2.65066
2.65217
2.6534
2.65506
2.65648
2.65826
2.65986
2.66173
2.66351
2.66543
2.66738
2.66933
2.67141
2.67335
2.67552
2.67742
2.67959
2.68147
2.68349
2.68537
2.68707
2.68893
2.69021
2.6918
2.69275
2.69354
2.69384
2.69394
2.69328
2.69146
2.69077
2.68861
2.68795
2.68784
1.3177
2.64589
2.70817
2.67346
2.6607
2.64169
2.63736
2.63973
2.6412
2.64288
2.6437
2.64423
2.64493
2.64576
2.6468
2.64783
2.64906
2.65022
2.65164
2.65293
2.65451
2.65593
2.65765
2.65917
2.66101
2.66262
2.66453
2.66623
2.66814
2.66991
2.67174
2.67356
2.67524
2.67704
2.67848
2.6801
2.6813
2.68247
2.68352
2.68389
2.6847
2.68461
2.68424
2.68327
2.68206
2.68042
2.67613
2.67256
2.66672
2.6607
1.31751
2.64435
2.70653
2.67404
2.65988
2.64068
2.63616
2.63841
2.63987
2.64139
2.64222
2.64263
2.64332
2.64403
2.64502
2.64597
2.6471
2.64821
2.64946
2.65073
2.65208
2.65351
2.65493
2.65649
2.65794
2.65962
2.66108
2.66283
2.66427
2.66603
2.66743
2.6691
2.67044
2.67189
2.67314
2.67417
2.67526
2.67562
2.67625
2.67609
2.67523
2.67447
2.67205
2.66994
2.66528
2.65993
2.65477
2.64502
2.63539
2.62274
1.31731
2.64275
2.70484
2.67462
2.65895
2.63957
2.63477
2.63709
2.6382
2.63987
2.64044
2.64101
2.64144
2.64232
2.643
2.64411
2.64494
2.64618
2.64714
2.64849
2.64957
2.651
2.65217
2.65365
2.6549
2.65637
2.65768
2.65908
2.66042
2.66167
2.66299
2.66401
2.66524
2.66596
2.66695
2.66726
2.66791
2.66779
2.66744
2.66658
2.6655
2.66283
2.66061
2.65531
2.65066
2.64069
2.62786
2.61095
2.58208
2.51104
1.31729
2.64181
2.7005
2.67513
2.65755
2.63782
2.63271
2.63482
2.63594
2.63733
2.63804
2.63831
2.63887
2.63939
2.64025
2.64096
2.64198
2.64279
2.64393
2.64482
2.64606
2.64701
2.64832
2.64929
2.65063
2.65158
2.6529
2.65379
2.65501
2.65579
2.65681
2.65741
2.65806
2.65836
2.65857
2.65825
2.65766
2.65676
2.65487
2.65283
2.64872
2.64513
2.63749
2.63141
2.61844
2.60622
2.58348
2.54736
2.48962
2.36406
1.31727
2.64083
2.69578
2.67532
2.65564
2.63545
2.62984
2.63192
2.63279
2.63422
2.63484
2.63514
2.63553
2.63606
2.63671
2.63744
2.63819
2.63901
2.63983
2.64073
2.64159
2.64253
2.64339
2.64435
2.64515
2.64609
2.64678
2.64765
2.64816
2.64887
2.6491
2.6496
2.64956
2.64938
2.6489
2.64832
2.6468
2.64552
2.64241
2.63998
2.63489
2.62896
2.6213
2.60788
2.59493
2.56854
2.5418
2.49173
2.41723
2.31802
1.31724
2.64017
2.69331
2.67516
2.65406
2.63316
2.62693
2.62877
2.62954
2.63097
2.63154
2.63178
2.63207
2.63252
2.63307
2.6337
2.63435
2.63505
2.63575
2.6365
2.63723
2.638
2.63871
2.63945
2.6401
2.64073
2.64124
2.64167
2.64193
2.64209
2.64193
2.64154
2.64099
2.63981
2.63856
2.63623
2.63413
2.63022
2.6271
2.62081
2.61617
2.60616
2.59869
2.58345
2.56681
2.54294
2.50654
2.46404
2.39209
2.31853
1.31712
2.63903
2.6925
2.67397
2.65212
2.63036
2.62367
2.62561
2.62645
2.62796
2.62849
2.62855
2.62865
2.62892
2.62917
2.62962
2.62993
2.63042
2.63076
2.63128
2.63166
2.63219
2.63258
2.6331
2.63348
2.63394
2.63425
2.63465
2.63476
2.63483
2.63472
2.63438
2.63379
2.6325
2.63123
2.62844
2.62611
2.62119
2.61682
2.60953
2.60135
2.59132
2.57735
2.56329
2.54112
2.51832
2.48442
2.44403
2.39092
2.32901
1.31689
2.64023
2.70399
2.6706
2.6521
2.62873
2.62152
2.62425
2.62521
2.62706
2.62754
2.62748
2.62744
2.62748
2.62756
2.62767
2.62773
2.62776
2.62775
2.6277
2.62763
2.62746
2.6273
2.62696
2.62668
2.62621
2.62584
2.62503
2.62456
2.62346
2.62281
2.62135
2.62048
2.61845
2.61715
2.61432
2.6118
2.60796
2.60281
2.59718
2.58815
2.57881
2.56471
2.54882
2.52839
2.5026
2.47341
2.43473
2.39202
2.34483
1.30178
2.58662
2.69855
2.67706
2.65967
2.63615
2.62926
2.63216
2.63322
2.63475
2.63461
2.63418
2.6335
2.63296
2.63237
2.63184
2.63121
2.63065
2.62999
2.62944
2.62876
2.62824
2.62751
2.62702
2.62613
2.62559
2.62435
2.62343
2.62158
2.62026
2.61761
2.61579
2.61228
2.61003
2.60556
2.60278
2.59709
2.59356
2.58643
2.58094
2.57197
2.56269
2.55066
2.53539
2.51801
2.49464
2.46888
2.43592
2.3983
2.35813
1.72048
2.46903
2.72877
2.70695
2.68437
2.67407
2.67461
2.67615
2.67755
2.67782
2.67663
2.67517
2.67355
2.67176
2.66979
2.66759
2.66518
2.66257
2.65974
2.65677
2.65356
2.65031
2.64676
2.6433
2.63931
2.63539
2.63096
2.62787
2.62401
2.62146
2.61779
2.6151
2.6108
2.60715
2.60193
2.5969
2.59074
2.58379
2.57683
2.56746
2.55926
2.54695
2.5364
2.52035
2.50557
2.48453
2.46328
2.43571
2.40599
2.37322
1.73237
2.46211
2.72327
2.70221
2.67743
2.66845
2.67235
2.67405
2.67673
2.67756
2.67775
2.67761
2.67735
2.67706
2.67638
2.67577
2.67445
2.67348
2.67145
2.67014
2.6674
2.66569
2.66227
2.65998
2.65605
2.65343
2.64902
2.64488
2.63924
2.63383
2.62723
2.62107
2.61487
2.60889
2.60317
2.59615
2.59013
2.58138
2.57387
2.56307
2.55341
2.54033
2.52777
2.51213
2.49581
2.47697
2.45611
2.43322
2.40781
2.38174
1.72913
2.46766
2.72524
2.70251
2.67386
2.66439
2.66922
2.67166
2.67483
2.67595
2.67629
2.67643
2.6766
2.67658
2.67648
2.67622
2.67563
2.67523
2.67432
2.6736
2.67202
2.67095
2.66871
2.66702
2.66414
2.66152
2.65809
2.65446
2.65031
2.64539
2.64067
2.63415
2.62808
2.61909
2.61182
2.60172
2.59375
2.58349
2.5749
2.56369
2.55334
2.54052
2.52748
2.51228
2.49618
2.47791
2.45812
2.43634
2.41284
2.3899
1.73183
2.46095
2.72071
2.69702
2.67079
2.66115
2.6657
2.66796
2.67113
2.67238
2.67278
2.67306
2.6734
2.6737
2.67396
2.674
2.67392
2.67367
2.67323
2.67254
2.67185
2.67055
2.66957
2.66757
2.66625
2.66354
2.66174
2.65805
2.65565
2.65073
2.64764
2.64139
2.6371
2.62958
2.62345
2.61426
2.6057
2.59435
2.58352
2.57072
2.55815
2.54443
2.53051
2.51521
2.49912
2.48152
2.46336
2.44331
2.42226
2.40157
1.741
2.44279
2.70918
2.68467
2.66706
2.65769
2.66065
2.66236
2.66544
2.6665
2.66715
2.66724
2.66746
2.66758
2.66771
2.66771
2.66766
2.66748
2.6673
2.66683
2.66649
2.66569
2.66511
2.66385
2.66291
2.66086
2.65948
2.65651
2.65457
2.65056
2.64764
2.64271
2.6386
2.63263
2.62695
2.61966
2.61223
2.6032
2.59352
2.58228
2.57014
2.5562
2.54157
2.52548
2.50916
2.49141
2.47319
2.45389
2.43387
2.41438
1.73595
2.43637
2.70583
2.67714
2.66927
2.65604
2.65615
2.65816
2.66116
2.66227
2.66334
2.66344
2.66371
2.66391
2.66407
2.66414
2.66412
2.66402
2.66386
2.66352
2.66322
2.66255
2.66204
2.66093
2.66014
2.65842
2.65724
2.65474
2.65299
2.64969
2.64697
2.64279
2.63879
2.63366
2.62847
2.62208
2.61544
2.60755
2.59926
2.58964
2.57941
2.56768
2.55515
2.54099
2.52591
2.50944
2.4922
2.47385
2.45474
2.43611
1.35699
2.46746
2.67924
2.66854
2.64653
2.62388
2.61685
2.62089
2.62286
2.62574
2.62717
2.6282
2.629
2.63001
2.63073
2.63182
2.63248
2.63346
2.63396
2.63479
2.63511
2.63585
2.63598
2.63616
2.63617
2.63607
2.63584
2.63526
2.63468
2.63348
2.6323
2.63041
2.62841
2.62543
2.62219
2.6176
2.61256
2.60617
2.59926
2.591
2.5823
2.57221
2.56157
2.54972
2.53699
2.52308
2.50826
2.49239
2.47559
2.45913
1.36041
2.47704
2.68636
2.67712
2.65249
2.62352
2.61389
2.61472
2.6167
2.61866
2.61948
2.61957
2.61977
2.6198
2.62006
2.6204
2.62077
2.62109
2.62143
2.62166
2.62194
2.62203
2.62219
2.62211
2.62194
2.62156
2.62117
2.6203
2.61961
2.61812
2.61698
2.61477
2.61286
2.60991
2.60709
2.60355
2.5999
2.59544
2.59049
2.58483
2.57811
2.57053
2.56153
2.55162
2.54078
2.52911
2.51674
2.50353
2.48943
2.47563
1.34961
2.41271
2.66944
2.66958
2.65017
2.62378
2.61401
2.61406
2.61477
2.61532
2.61499
2.61413
2.61337
2.61234
2.61167
2.61098
2.61048
2.60983
2.60934
2.6087
2.60823
2.60759
2.6071
2.60642
2.60586
2.60508
2.60437
2.60354
2.60265
2.60156
2.60019
2.59865
2.59663
2.59447
2.59166
2.58871
2.58503
2.58117
2.57651
2.57145
2.56571
2.55963
2.55294
2.54565
2.53758
2.52822
2.51769
2.50661
2.49482
2.48345
1.74167
2.39665
2.67504
2.66133
2.65255
2.63864
2.63347
2.63372
2.63348
2.63319
2.63239
2.63116
2.62976
2.6281
2.62648
2.6249
2.62322
2.6215
2.61965
2.61779
2.61579
2.61382
2.61168
2.60961
2.60733
2.60521
2.60282
2.60072
2.59824
2.59581
2.59325
2.59061
2.58781
2.58476
2.58158
2.57794
2.5742
2.56981
2.56534
2.56004
2.55467
2.54836
2.542
2.53467
2.52709
2.51908
2.51096
2.50194
2.49221
2.48263
1.34702
2.39567
2.66023
2.66583
2.6495
2.62422
2.61562
2.61428
2.61554
2.61581
2.61553
2.61518
2.6143
2.61338
2.61273
2.61188
2.61116
2.6101
2.60915
2.60782
2.60668
2.60531
2.60415
2.60265
2.60138
2.59952
2.59793
2.59542
2.59341
2.59069
2.58834
2.58526
2.58246
2.5789
2.57567
2.57174
2.56803
2.56363
2.55929
2.5543
2.54915
2.54337
2.53724
2.5306
2.52342
2.51584
2.50771
2.49929
2.49033
2.48172
1.34834
2.40656
2.66742
2.67129
2.65098
2.62226
2.611
2.61081
2.61178
2.61249
2.61236
2.61167
2.61091
2.60992
2.60932
2.60858
2.60798
2.60709
2.60628
2.60515
2.604
2.60234
2.60066
2.5985
2.59633
2.59383
2.59131
2.58851
2.5856
2.5825
2.5792
2.57581
2.57224
2.56868
2.56473
2.56081
2.55641
2.55212
2.54725
2.54255
2.53721
2.53208
2.52621
2.52051
2.51404
2.50765
2.50046
2.49318
2.48535
2.47801
1.34776
2.40222
2.66464
2.66934
2.64838
2.61896
2.60696
2.60682
2.60762
2.60853
2.60825
2.6074
2.60658
2.60547
2.60476
2.604
2.60338
2.60257
2.60181
2.60088
2.59991
2.59876
2.59748
2.596
2.59429
2.59238
2.59017
2.58779
2.58505
2.58217
2.57887
2.57547
2.57164
2.56777
2.56347
2.5591
2.55426
2.5493
2.54395
2.53843
2.53262
2.52659
2.52034
2.51382
2.50715
2.50015
2.49312
2.48563
2.47808
2.47071
1.34492
2.3792
2.64748
2.66157
2.64242
2.61458
2.60277
2.60134
2.60164
2.60188
2.60122
2.60045
2.59911
2.59802
2.59694
2.59607
2.59503
2.5941
2.59295
2.59191
2.59065
2.58952
2.58815
2.5869
2.58539
2.58396
2.58223
2.58051
2.57845
2.57635
2.57389
2.57128
2.5683
2.56505
2.56143
2.55751
2.5533
2.54873
2.54389
2.53861
2.53313
2.52718
2.52106
2.51447
2.50775
2.50058
2.49334
2.48583
2.47821
2.47087
1.75128
2.37314
2.64571
2.64176
2.62831
2.61421
2.60933
2.60958
2.60956
2.60944
2.60886
2.6082
2.60697
2.60583
2.60455
2.60343
2.60206
2.60074
2.59916
2.59762
2.59583
2.59406
2.59207
2.59009
2.5879
2.58569
2.5833
2.58084
2.57821
2.57548
2.57267
2.5697
2.56664
2.56332
2.55988
2.55608
2.55217
2.54783
2.54329
2.53833
2.53311
2.52751
2.52172
2.51559
2.50927
2.50263
2.49575
2.48859
2.48109
2.47395
1.34702
2.38882
2.65262
2.65983
2.63929
2.60895
2.59762
2.59626
2.59789
2.59921
2.59905
2.59855
2.59796
2.59669
2.59602
2.59481
2.59407
2.59259
2.59164
2.58991
2.58838
2.58653
2.58472
2.58258
2.58051
2.57828
2.5762
2.5739
2.57176
2.5693
2.56677
2.56387
2.56092
2.55764
2.55429
2.55067
2.54692
2.54294
2.53884
2.53451
2.53
2.52519
2.52009
2.51464
2.50889
2.50284
2.49651
2.48997
2.48312
2.47657
1.35072
2.41208
2.65483
2.64887
2.62692
2.59636
2.58561
2.58587
2.58766
2.58958
2.58992
2.58968
2.58921
2.58844
2.58793
2.58741
2.58695
2.58633
2.58567
2.58487
2.58398
2.58296
2.58181
2.5805
2.57901
2.57717
2.57509
2.57269
2.57007
2.56718
2.56419
2.561
2.55767
2.55416
2.55048
2.54663
2.54261
2.53841
2.53403
2.52949
2.52475
2.51986
2.51485
2.50974
2.50439
2.4989
2.49313
2.48718
2.48092
2.47496
1.77118
2.3722
2.63849
2.61755
2.61122
2.59593
2.59319
2.59395
2.59506
2.59634
2.59608
2.59559
2.59524
2.59458
2.594
2.59343
2.59284
2.59216
2.59144
2.59061
2.58973
2.58873
2.58765
2.58642
2.58508
2.58357
2.5819
2.58002
2.57793
2.57553
2.57279
2.56977
2.56643
2.56284
2.55896
2.55486
2.55051
2.54596
2.54119
2.53626
2.53107
2.52571
2.52005
2.51423
2.50824
2.50211
2.4959
2.48959
2.48316
2.47704
1.7977
2.35518
2.62649
2.60588
2.60271
2.59278
2.5894
2.58962
2.58987
2.59043
2.59017
2.58955
2.58891
2.58789
2.58686
2.58573
2.58455
2.58322
2.58182
2.58029
2.5787
2.57699
2.5753
2.57352
2.57176
2.56992
2.56809
2.56618
2.56426
2.5623
2.56041
2.55838
2.55639
2.5542
2.55197
2.54947
2.54688
2.54393
2.5406
2.53692
2.53302
2.52884
2.52444
2.51973
2.51479
2.50955
2.50403
2.49819
2.4921
2.48619
1.76253
2.38166
2.6501
2.6193
2.61352
2.59937
2.5962
2.59831
2.59979
2.60062
2.60035
2.59986
2.59881
2.59761
2.59633
2.59502
2.59358
2.59207
2.59043
2.58873
2.58692
2.58508
2.58299
2.5808
2.57835
2.57582
2.57305
2.57023
2.56718
2.56411
2.56082
2.55757
2.55411
2.5506
2.5469
2.54317
2.53923
2.53532
2.53143
2.5275
2.52342
2.51924
2.51488
2.51045
2.50586
2.50118
2.49631
2.49134
2.48611
2.48118
1.28618
2.49458
2.64473
2.64203
2.61676
2.58405
2.572
2.57244
2.57508
2.57746
2.57872
2.57894
2.57917
2.57914
2.57908
2.57901
2.57885
2.57854
2.57808
2.57743
2.5766
2.57556
2.5744
2.57305
2.57158
2.56989
2.56816
2.56602
2.56378
2.56138
2.55877
2.55599
2.55288
2.54969
2.54619
2.54262
2.53876
2.53484
2.53066
2.52645
2.52201
2.51755
2.51305
2.50832
2.50346
2.49838
2.4932
2.48781
2.4823
2.47703
1.77179
2.36723
2.63954
2.61694
2.61065
2.59524
2.5903
2.59121
2.59163
2.59322
2.59285
2.59227
2.59182
2.59103
2.59028
2.58942
2.58865
2.58768
2.58675
2.58559
2.58449
2.58314
2.58184
2.58027
2.57874
2.57692
2.57513
2.57303
2.57071
2.5681
2.56531
2.56223
2.55915
2.55583
2.5525
2.54889
2.54526
2.54131
2.53734
2.53302
2.52869
2.52399
2.51913
2.51406
2.50891
2.50356
2.49811
2.4925
2.48677
2.48129
1.7732
2.36542
2.63744
2.61503
2.60879
2.5935
2.58854
2.58965
2.5907
2.5918
2.59233
2.59183
2.5914
2.5906
2.58975
2.58881
2.58783
2.58668
2.58544
2.58406
2.58258
2.58098
2.5793
2.57751
2.57562
2.57365
2.57156
2.56945
2.56738
2.56522
2.56305
2.56072
2.55821
2.55551
2.55261
2.54955
2.54633
2.54295
2.53939
2.53569
2.53179
2.52776
2.52352
2.51914
2.51455
2.50985
2.50492
2.4999
2.49464
2.48955
1.28559
2.49097
2.64204
2.63936
2.61361
2.57897
2.56604
2.56554
2.56807
2.57013
2.57108
2.57103
2.57089
2.5705
2.57019
2.56972
2.56943
2.5688
2.56836
2.56747
2.56682
2.56567
2.56479
2.56335
2.56223
2.56061
2.55897
2.5572
2.5553
2.55329
2.55116
2.54895
2.54663
2.54422
2.54169
2.53902
2.53621
2.53326
2.53017
2.52689
2.52347
2.51987
2.51613
2.51221
2.50816
2.50391
2.49955
2.495
2.49033
2.48579
1.76673
2.37287
2.64063
2.60989
2.60347
2.5875
2.58445
2.58662
2.58752
2.58964
2.58939
2.58885
2.58839
2.58755
2.58676
2.58587
2.58501
2.58397
2.58291
2.58168
2.58043
2.57903
2.57758
2.57601
2.57434
2.57257
2.57068
2.56869
2.56655
2.56432
2.56194
2.55932
2.55657
2.5536
2.55051
2.54722
2.54382
2.54022
2.53653
2.53272
2.52883
2.52481
2.52066
2.51639
2.51198
2.50746
2.50279
2.49801
2.49308
2.48835
1.7946
2.35599
2.62405
2.59594
2.59192
2.58021
2.57694
2.57814
2.57845
2.57916
2.57898
2.57858
2.57812
2.57737
2.57666
2.5759
2.5751
2.57419
2.57321
2.57212
2.57095
2.56968
2.56833
2.56687
2.56534
2.5637
2.56198
2.56016
2.55825
2.55625
2.55416
2.55211
2.54993
2.54777
2.54545
2.54313
2.54062
2.53803
2.5352
2.53224
2.52904
2.52575
2.52225
2.51866
2.51487
2.51098
2.50689
2.5027
2.49829
2.49412
1.79922
2.35075
2.61902
2.59275
2.58911
2.57786
2.57404
2.57472
2.5749
2.57529
2.57515
2.57474
2.57424
2.57349
2.57271
2.57193
2.57107
2.57013
2.56909
2.56797
2.56673
2.56541
2.56397
2.56244
2.56079
2.55904
2.55716
2.5552
2.55309
2.5509
2.54857
2.54614
2.54359
2.54094
2.53817
2.53531
2.53233
2.52932
2.52621
2.52305
2.51978
2.51644
2.51295
2.50937
2.50566
2.50185
2.49791
2.49386
2.48964
2.48564
1.77977
2.35597
2.61659
2.60301
2.59366
2.57721
2.57218
2.57266
2.57327
2.57389
2.57387
2.5734
2.57288
2.57205
2.57124
2.57046
2.56961
2.5687
2.56768
2.56659
2.56539
2.56411
2.56272
2.56125
2.55966
2.55798
2.55618
2.55428
2.55225
2.55012
2.54786
2.54549
2.54299
2.54037
2.53762
2.53475
2.53175
2.52863
2.52537
2.522
2.51851
2.5149
2.51117
2.50733
2.50337
2.49929
2.49509
2.49078
2.48633
2.48209
1.34477
2.37988
2.63802
2.63738
2.61519
2.58174
2.56753
2.56515
2.56646
2.56758
2.56753
2.56727
2.56658
2.56558
2.56467
2.56388
2.56305
2.56218
2.56118
2.56011
2.55892
2.55767
2.55628
2.55482
2.55323
2.55155
2.54974
2.54783
2.54578
2.54364
2.54135
2.53896
2.53642
2.53378
2.53098
2.52809
2.52503
2.52188
2.51855
2.51513
2.51154
2.50786
2.504
2.50006
2.49594
2.49175
2.48739
2.48296
2.47836
2.47398
1.34602
2.38749
2.6529
2.657
2.63096
2.59247
2.57494
2.57259
2.57423
2.57551
2.57596
2.57561
2.57478
2.57378
2.57272
2.57185
2.57097
2.57007
2.56903
2.56795
2.56674
2.56548
2.56411
2.56268
2.56113
2.55953
2.55779
2.556
2.55406
2.55207
2.54993
2.54772
2.54537
2.54294
2.54036
2.5377
2.53489
2.53199
2.52893
2.52578
2.52247
2.51906
2.51549
2.51182
2.50799
2.50406
2.49998
2.49579
2.49145
2.48728
1.3451
2.37936
2.63634
2.63636
2.61344
2.58011
2.56495
2.56296
2.56431
2.56523
2.56564
2.56522
2.56451
2.56348
2.56254
2.56171
2.56091
2.56003
2.55908
2.55804
2.55693
2.55573
2.55447
2.55311
2.55168
2.55014
2.54854
2.54682
2.54503
2.54312
2.54114
2.53904
2.53685
2.53454
2.53215
2.52962
2.52702
2.52426
2.52144
2.51846
2.5154
2.51218
2.50889
2.50544
2.50191
2.49822
2.49445
2.49051
2.48649
2.48257
1.78105
2.35424
2.61407
2.59972
2.59006
2.57218
2.5671
2.56746
2.56805
2.56909
2.56893
2.56839
2.5679
2.56702
2.56626
2.56545
2.56467
2.56374
2.56281
2.56172
2.56063
2.55938
2.55813
2.55671
2.55529
2.5537
2.55209
2.55032
2.54853
2.54657
2.54458
2.54242
2.54023
2.53786
2.53546
2.53287
2.53026
2.52746
2.52462
2.52159
2.51853
2.51527
2.51198
2.50849
2.50496
2.50123
2.49746
2.49349
2.48945
2.4855
1.80127
2.34725
2.61462
2.5874
2.58386
2.5726
2.5691
2.57018
2.57048
2.57091
2.57077
2.57025
2.5697
2.5688
2.56798
2.56709
2.56621
2.56519
2.56414
2.56295
2.56173
2.56037
2.55897
2.55743
2.55585
2.55412
2.55234
2.55041
2.54843
2.5463
2.54411
2.54176
2.53935
2.53678
2.53416
2.53136
2.52851
2.52549
2.5224
2.51915
2.51583
2.51234
2.50879
2.50507
2.50128
2.49732
2.4933
2.48911
2.48484
2.4807
1.78824
2.36086
2.62704
2.59541
2.58879
2.57468
2.5722
2.57423
2.57572
2.57664
2.57661
2.5761
2.57556
2.57473
2.57396
2.57314
2.57229
2.57132
2.5703
2.56916
2.56797
2.56666
2.5653
2.56382
2.56228
2.56061
2.55889
2.55703
2.5551
2.55304
2.55091
2.54864
2.54629
2.54381
2.54125
2.53854
2.53576
2.53283
2.52981
2.52665
2.5234
2.52
2.51651
2.51288
2.50915
2.50528
2.50132
2.49722
2.49301
2.48895
2.17225
2.34554
2.7626
2.86067
2.8528
2.81269
2.81142
2.81103
2.80396
2.80293
2.80614
2.80772
2.80919
2.8101
2.81201
2.81343
2.81563
2.81752
2.81923
2.82034
2.82087
2.82106
2.82012
2.81927
2.81645
2.81399
2.81021
2.80636
2.80163
2.79668
2.7911
2.78525
2.77895
2.77241
2.76577
2.75882
2.75181
2.74405
2.73604
2.72794
2.71988
2.71169
2.70353
2.69529
2.68711
2.6789
2.67081
2.66274
2.65484
2.647
2.63937
2.63185
2.62459
2.6175
2.61071
2.60414
2.59793
2.592
2.58649
2.58132
2.57664
2.57235
2.56861
2.56533
2.56264
2.56045
2.55888
2.55781
2.55735
2.55722
2.55734
2.55769
2.55857
2.56001
2.56208
2.56429
2.56651
2.56875
2.57096
2.5731
2.5751
2.57693
2.57854
2.57993
2.58106
2.58196
2.5826
2.58302
2.58321
2.58325
2.58314
2.58289
2.58254
2.5818
2.58106
2.58
2.57915
2.57798
2.57706
2.574
2.18043
2.26047
2.45067
2.62852
2.69742
2.73185
2.75778
2.7819
2.7956
2.80819
2.81602
2.82597
2.83138
2.83099
2.82714
2.82201
2.81473
2.80762
2.79863
2.7901
2.78016
2.77088
2.76061
2.75108
2.74044
2.73042
2.71947
2.7092
2.69817
2.68781
2.67681
2.66644
2.65553
2.64523
2.6347
2.62486
2.61471
2.60447
2.59384
2.58354
2.57348
2.5636
2.55387
2.54429
2.53488
2.52565
2.51663
2.50781
2.49921
2.49083
2.48271
2.47484
2.46725
2.45994
2.45295
2.44627
2.43996
2.43401
2.42847
2.42335
2.41868
2.41448
2.41079
2.40761
2.40499
2.40292
2.40142
2.40048
2.40009
2.40011
2.40039
2.40096
2.40209
2.40388
2.40635
2.40904
2.41177
2.41453
2.41723
2.41984
2.42227
2.4245
2.42644
2.42811
2.42946
2.43051
2.43124
2.4317
2.43187
2.43185
2.43171
2.43142
2.43105
2.43027
2.42951
2.42839
2.42754
2.42637
2.4256
2.42273
2.2268
2.21307
2.27121
2.35878
2.41084
2.46101
2.49463
2.52185
2.54281
2.5586
2.57038
2.57951
2.58621
2.58874
2.58805
2.58642
2.58261
2.57824
2.57285
2.56702
2.56042
2.55372
2.54646
2.53936
2.53162
2.52405
2.51586
2.50798
2.49957
2.49156
2.48305
2.47498
2.46644
2.45837
2.45005
2.44244
2.43451
2.42651
2.4179
2.40957
2.40139
2.39344
2.38549
2.37772
2.36997
2.3624
2.35489
2.3476
2.34038
2.3334
2.32653
2.31991
2.31344
2.30725
2.30125
2.29557
2.29012
2.28503
2.28021
2.27581
2.27173
2.26812
2.26488
2.26215
2.25985
2.25809
2.25678
2.25603
2.25575
2.25585
2.25618
2.2567
2.25775
2.2594
2.26169
2.26417
2.26675
2.26931
2.27183
2.27423
2.27648
2.2785
2.28029
2.28178
2.28301
2.28392
2.28458
2.28495
2.28508
2.28504
2.28492
2.28465
2.28432
2.28361
2.28294
2.28193
2.2812
2.28019
2.27971
2.2773
2.25964
2.22043
2.21606
2.24114
2.27161
2.29415
2.30938
2.32122
2.33176
2.34103
2.34868
2.35481
2.35956
2.36318
2.36472
2.36498
2.36494
2.36484
2.36465
2.36438
2.36388
2.36323
2.36247
2.36117
2.35962
2.35781
2.35549
2.35296
2.34996
2.34682
2.34323
2.33955
2.33541
2.33124
2.32686
2.32274
2.31836
2.31359
2.30813
2.30259
2.297
2.29153
2.28592
2.28037
2.27467
2.26905
2.26332
2.25771
2.25204
2.24652
2.24097
2.23562
2.23028
2.22518
2.22014
2.21537
2.21072
2.2064
2.20223
2.19845
2.19489
2.19176
2.1889
2.18652
2.18447
2.18295
2.18179
2.18119
2.18099
2.18115
2.18148
2.182
2.18302
2.18457
2.18669
2.189
2.19147
2.1939
2.19632
2.19856
2.20068
2.20254
2.20422
2.20557
2.20671
2.20752
2.20812
2.20841
2.20852
2.20845
2.20835
2.20812
2.20783
2.20718
2.20662
2.20571
2.20511
2.20424
2.20399
2.20191
2.27513
2.241
2.21932
2.21186
2.21891
2.22354
2.2256
2.22619
2.22721
2.22907
2.23191
2.23422
2.2363
2.23813
2.24089
2.24317
2.2454
2.24784
2.25053
2.25336
2.25628
2.25905
2.26167
2.2639
2.26584
2.2672
2.26816
2.26863
2.26836
2.26781
2.26671
2.26526
2.26325
2.26099
2.25847
2.25603
2.25325
2.24998
2.24595
2.24163
2.23715
2.23265
2.22801
2.22333
2.2185
2.21364
2.20867
2.20371
2.19868
2.19373
2.18874
2.18386
2.179
2.17431
2.16968
2.16527
2.16097
2.15694
2.15307
2.14954
2.14621
2.14328
2.14061
2.13839
2.13649
2.13507
2.13402
2.13354
2.13343
2.13363
2.13394
2.13451
2.13554
2.13709
2.13905
2.14126
2.14365
2.14602
2.14837
2.15055
2.15259
2.15438
2.15596
2.15725
2.1583
2.15906
2.1596
2.15985
2.15992
2.15985
2.15974
2.15949
2.1592
2.15853
2.15804
2.15715
2.15663
2.15581
2.15568
2.15368
2.29858
2.25478
2.23057
2.21071
2.20094
2.19406
2.18833
2.18223
2.17741
2.17362
2.17192
2.17144
2.17206
2.17243
2.17353
2.17577
2.17834
2.18152
2.18448
2.1881
2.19148
2.19533
2.19867
2.20218
2.20493
2.20764
2.20943
2.21106
2.21176
2.21232
2.2121
2.21144
2.21025
2.20874
2.207
2.20526
2.20316
2.20055
2.19721
2.1935
2.18957
2.18552
2.18135
2.1771
2.17274
2.1683
2.16377
2.15919
2.15456
2.14994
2.14531
2.14073
2.1362
2.13177
2.12743
2.12325
2.1192
2.11537
2.11173
2.10836
2.10524
2.10244
2.09995
2.09783
2.09606
2.09473
2.09381
2.09342
2.0934
2.09359
2.09391
2.09453
2.09558
2.09711
2.09898
2.10109
2.10337
2.10569
2.10796
2.11009
2.11205
2.11378
2.11529
2.11652
2.11751
2.11823
2.11871
2.11894
2.11898
2.11891
2.11879
2.11851
2.11821
2.11752
2.11708
2.1162
2.11572
2.11494
2.11488
2.11294
2.3222
2.28221
2.24855
2.22374
2.20331
2.18835
2.17595
2.16547
2.15595
2.1485
2.14263
2.13915
2.13704
2.13668
2.13673
2.13731
2.13919
2.14203
2.14526
2.14864
2.15231
2.15608
2.15986
2.16356
2.16699
2.17011
2.1727
2.17488
2.17641
2.17753
2.17799
2.1781
2.1775
2.17658
2.17552
2.17435
2.17285
2.17078
2.16807
2.16492
2.16152
2.15789
2.15416
2.15029
2.14634
2.14227
2.13813
2.13389
2.12963
2.1253
2.12099
2.11668
2.11243
2.10822
2.10414
2.10015
2.09634
2.09268
2.08924
2.08601
2.08307
2.08039
2.07805
2.07602
2.07439
2.07315
2.07236
2.07204
2.07209
2.07226
2.07261
2.07327
2.07436
2.07589
2.0777
2.07974
2.08192
2.08416
2.08636
2.08843
2.09033
2.09201
2.09346
2.09465
2.09559
2.09629
2.09675
2.09695
2.09696
2.0969
2.09677
2.09646
2.09615
2.09546
2.09503
2.09417
2.09373
2.09299
2.09298
2.09107
2.33825
2.30429
2.27119
2.24268
2.21852
2.19944
2.18194
2.16699
2.15405
2.14353
2.13468
2.12846
2.12389
2.12157
2.12024
2.12022
2.12036
2.12159
2.12395
2.12706
2.13061
2.13404
2.13771
2.14121
2.14473
2.14786
2.15074
2.15307
2.15501
2.15634
2.1572
2.15749
2.15726
2.1566
2.15585
2.15496
2.1537
2.15187
2.14944
2.14659
2.14344
2.14004
2.13649
2.13279
2.12902
2.12512
2.12116
2.1171
2.11301
2.10886
2.10471
2.10056
2.09646
2.09241
2.08848
2.08464
2.08097
2.07744
2.07414
2.07105
2.06824
2.06568
2.06347
2.06157
2.06007
2.05894
2.05826
2.05804
2.05813
2.05831
2.0587
2.05943
2.0606
2.06213
2.06391
2.06588
2.06797
2.07011
2.07223
2.07424
2.07609
2.07774
2.07915
2.08032
2.08125
2.08193
2.08236
2.08254
2.08254
2.08247
2.08234
2.08201
2.08169
2.08099
2.08056
2.07971
2.07929
2.07858
2.07862
2.07671
2.35213
2.32058
2.28992
2.26004
2.23427
2.21097
2.1921
2.17544
2.16093
2.14791
2.13728
2.1283
2.12194
2.11708
2.11442
2.1126
2.11212
2.11182
2.11247
2.11409
2.11702
2.12
2.12338
2.12645
2.12971
2.13251
2.13534
2.13753
2.13958
2.14086
2.14192
2.14219
2.14212
2.14158
2.14096
2.14019
2.13901
2.13729
2.13497
2.13228
2.12927
2.12602
2.12256
2.11898
2.11528
2.11149
2.10762
2.1037
2.09971
2.0957
2.09167
2.08766
2.08368
2.07978
2.07597
2.07228
2.06873
2.06536
2.06219
2.05925
2.05656
2.05417
2.05208
2.05033
2.04894
2.04794
2.04738
2.04725
2.04734
2.04756
2.04801
2.04881
2.05005
2.05156
2.0533
2.0552
2.0572
2.05924
2.06126
2.06319
2.06498
2.06657
2.06795
2.06909
2.07
2.07066
2.07109
2.07125
2.07124
2.07117
2.07104
2.07069
2.07037
2.06966
2.06923
2.0684
2.06799
2.06732
2.06739
2.06547
2.36798
2.33886
2.30956
2.28041
2.25335
2.22897
2.20734
2.18849
2.1718
2.15737
2.1449
2.13452
2.12597
2.11947
2.11465
2.11151
2.10945
2.10859
2.10819
2.10836
2.1093
2.11094
2.1136
2.11636
2.11919
2.12175
2.12423
2.12629
2.12815
2.12944
2.13043
2.13077
2.1307
2.13028
2.12976
2.12906
2.12796
2.12633
2.12419
2.12173
2.11896
2.11596
2.11275
2.10939
2.1059
2.10232
2.09864
2.09491
2.09111
2.08729
2.08345
2.07962
2.07582
2.07209
2.06843
2.0649
2.0615
2.05828
2.05525
2.05246
2.04991
2.04766
2.0457
2.04408
2.04282
2.04194
2.0415
2.04144
2.04154
2.04178
2.04228
2.04316
2.04443
2.04595
2.04765
2.04948
2.05138
2.05332
2.05522
2.05707
2.05878
2.06033
2.06168
2.06282
2.06372
2.06439
2.06482
2.06499
2.06499
2.06493
2.0648
2.06446
2.06413
2.06344
2.06301
2.0622
2.0618
2.06116
2.06127
2.05934
2.383
2.35515
2.32677
2.29816
2.27101
2.24585
2.22332
2.20305
2.18522
2.16929
2.15551
2.14344
2.13342
2.12502
2.11862
2.11362
2.11019
2.10772
2.10647
2.1058
2.10589
2.10646
2.10774
2.10977
2.11204
2.1144
2.11661
2.11866
2.12047
2.12193
2.12307
2.12372
2.124
2.12395
2.12381
2.12345
2.12268
2.12135
2.11956
2.11745
2.11501
2.11232
2.10938
2.10626
2.10296
2.09956
2.09603
2.09246
2.0888
2.08513
2.08143
2.07774
2.07408
2.07048
2.06696
2.06356
2.0603
2.05723
2.05434
2.0517
2.04929
2.04719
2.04537
2.0439
2.04276
2.04202
2.0417
2.0417
2.04181
2.04208
2.04264
2.04359
2.04489
2.0464
2.04804
2.04978
2.05156
2.05337
2.05514
2.05687
2.05848
2.05997
2.06127
2.06239
2.06327
2.06394
2.06437
2.06456
2.06456
2.0645
2.06438
2.06405
2.06374
2.06306
2.06263
2.06185
2.06146
2.06085
2.06099
2.05904
2.40595
2.37796
2.34911
2.31984
2.29168
2.26537
2.24139
2.21979
2.20043
2.18325
2.16797
2.15466
2.14307
2.13334
2.12519
2.11882
2.11383
2.11023
2.10766
2.10612
2.10538
2.10541
2.10588
2.10712
2.10879
2.11111
2.11351
2.11587
2.11785
2.11966
2.12098
2.12203
2.12251
2.12291
2.123
2.12281
2.12225
2.12112
2.11953
2.11767
2.11546
2.11303
2.11029
2.10738
2.10424
2.101
2.09761
2.09418
2.09064
2.08711
2.08352
2.07999
2.07643
2.07299
2.06957
2.06633
2.06318
2.06026
2.05748
2.05499
2.05269
2.05073
2.04902
2.04769
2.04665
2.04605
2.04579
2.04583
2.04595
2.04625
2.04688
2.0479
2.0492
2.05067
2.05224
2.05388
2.05555
2.05723
2.05889
2.0605
2.06203
2.06344
2.06471
2.06579
2.06668
2.06735
2.0678
2.068
2.06803
2.06798
2.06787
2.06757
2.06727
2.06661
2.0662
2.06543
2.06506
2.06447
2.06463
2.06265
2.43185
2.40567
2.37762
2.34861
2.31994
2.29281
2.26755
2.24464
2.22379
2.20523
2.18852
2.17387
2.16089
2.14981
2.14025
2.13254
2.12624
2.1215
2.11786
2.11547
2.11391
2.11332
2.1135
2.11407
2.11519
2.11696
2.11897
2.12131
2.12354
2.12546
2.1271
2.12828
2.12915
2.12973
2.13033
2.13025
2.12989
2.12908
2.12778
2.12624
2.12431
2.12216
2.11965
2.11697
2.114
2.11095
2.10768
2.10439
2.10096
2.09757
2.09407
2.09067
2.08721
2.08389
2.08059
2.07749
2.07444
2.07165
2.06898
2.06662
2.06443
2.06261
2.06101
2.05983
2.05891
2.05845
2.05825
2.05829
2.05844
2.0588
2.05951
2.06058
2.06187
2.06326
2.06475
2.06627
2.06782
2.06936
2.07091
2.0724
2.07384
2.07517
2.07639
2.07744
2.07832
2.07899
2.07947
2.07969
2.07976
2.07972
2.07963
2.07936
2.07908
2.07845
2.07806
2.07731
2.07695
2.07638
2.07656
2.07453
2.45222
2.42964
2.40437
2.37744
2.35001
2.32342
2.2981
2.27466
2.25304
2.23346
2.21571
2.19988
2.18576
2.17342
2.16265
2.15362
2.1461
2.14012
2.13539
2.13194
2.12946
2.12799
2.12726
2.12742
2.12788
2.12897
2.1305
2.13232
2.13429
2.13643
2.13799
2.13944
2.14019
2.14104
2.14144
2.14126
2.14076
2.13975
2.13837
2.13669
2.13469
2.13242
2.12986
2.12709
2.12409
2.12096
2.11769
2.11438
2.11098
2.10759
2.10418
2.10084
2.09751
2.09432
2.09118
2.08823
2.08538
2.08277
2.08033
2.07816
2.07623
2.07461
2.07326
2.07226
2.07157
2.07128
2.07121
2.07128
2.07149
2.07196
2.07277
2.07386
2.07509
2.07638
2.07774
2.0791
2.08048
2.08185
2.08323
2.08455
2.08584
2.08704
2.08815
2.08911
2.08993
2.09056
2.09103
2.09126
2.09134
2.09131
2.09122
2.09099
2.09073
2.09015
2.08979
2.08908
2.08875
2.08823
2.08845
2.0864
2.46392
2.44543
2.42404
2.40057
2.37604
2.35159
2.32782
2.30522
2.28403
2.26438
2.24636
2.22992
2.2151
2.20181
2.19009
2.17979
2.17104
2.16368
2.15766
2.15281
2.14906
2.14625
2.1443
2.14311
2.14257
2.14265
2.14293
2.14356
2.14439
2.14508
2.14592
2.1463
2.14656
2.14655
2.14632
2.14573
2.1447
2.14336
2.14175
2.13985
2.1377
2.13528
2.13265
2.1298
2.1268
2.12364
2.12041
2.1171
2.11378
2.11044
2.10716
2.10391
2.10077
2.09771
2.09479
2.09201
2.08943
2.08702
2.08485
2.08291
2.08125
2.07986
2.07878
2.078
2.07756
2.07741
2.07745
2.07757
2.07788
2.07847
2.07937
2.08042
2.08154
2.0827
2.08387
2.08505
2.08623
2.08741
2.08858
2.08972
2.09081
2.09185
2.0928
2.09364
2.09436
2.09494
2.09536
2.0956
2.09567
2.09565
2.09558
2.09539
2.09516
2.09464
2.0943
2.09365
2.09336
2.0929
2.09317
2.09111
2.46596
2.45031
2.43216
2.4118
2.39034
2.36848
2.34695
2.32601
2.30608
2.28719
2.26959
2.25319
2.23813
2.22431
2.21182
2.20052
2.19059
2.18186
2.1744
2.168
2.16271
2.15829
2.1548
2.15199
2.14992
2.14839
2.14737
2.14664
2.14634
2.14619
2.14626
2.14625
2.14614
2.14582
2.14524
2.1444
2.14325
2.14183
2.14012
2.13818
2.13597
2.13356
2.13092
2.12813
2.12517
2.12211
2.11894
2.11576
2.11253
2.10934
2.10618
2.10312
2.10013
2.09729
2.09456
2.09203
2.08964
2.0875
2.08556
2.0839
2.08247
2.08136
2.0805
2.07997
2.07972
2.07972
2.0798
2.08
2.08045
2.08116
2.08207
2.08303
2.08401
2.085
2.08598
2.08697
2.08796
2.08895
2.08992
2.09087
2.09179
2.09266
2.09347
2.0942
2.09483
2.09535
2.09574
2.09599
2.09607
2.09606
2.09601
2.09587
2.09568
2.09522
2.09492
2.09434
2.09408
2.09369
2.09401
2.09193
2.46663
2.45262
2.43632
2.41799
2.39846
2.37846
2.35846
2.33889
2.31991
2.30179
2.28454
2.26835
2.25313
2.23903
2.22593
2.21394
2.20301
2.19325
2.18452
2.17692
2.17027
2.16463
2.15983
2.15584
2.15252
2.14979
2.14768
2.14609
2.14488
2.14399
2.14334
2.14276
2.14219
2.1415
2.14066
2.1396
2.13833
2.13679
2.13503
2.13301
2.13081
2.12839
2.12582
2.12306
2.12021
2.11722
2.1142
2.11111
2.10806
2.105
2.10205
2.09914
2.0964
2.09375
2.09131
2.089
2.08693
2.08503
2.08342
2.08201
2.0809
2.08002
2.07946
2.07914
2.0791
2.07916
2.07931
2.07967
2.08023
2.08102
2.08186
2.0827
2.08353
2.08435
2.08517
2.08597
2.08678
2.08758
2.08837
2.08914
2.08988
2.09058
2.09124
2.09184
2.09238
2.09283
2.09319
2.09343
2.09353
2.09353
2.09349
2.0934
2.09324
2.09288
2.09262
2.09212
2.09191
2.09159
2.09198
2.08988
2.4651
2.45253
2.43782
2.42122
2.40349
2.3852
2.36669
2.34837
2.3304
2.31299
2.29625
2.28027
2.2651
2.25078
2.23734
2.22477
2.21315
2.20248
2.19278
2.18404
2.17621
2.16929
2.16311
2.15784
2.15326
2.14949
2.14629
2.14371
2.14154
2.13985
2.13842
2.13725
2.13613
2.13509
2.1339
2.13266
2.13119
2.1296
2.12773
2.12574
2.12349
2.12115
2.11859
2.11597
2.11317
2.11036
2.10743
2.10456
2.10162
2.09881
2.09599
2.09336
2.09078
2.08843
2.08617
2.08418
2.08232
2.08076
2.07936
2.07829
2.07741
2.07686
2.07649
2.07646
2.07651
2.07665
2.07697
2.07746
2.07819
2.07893
2.07967
2.08036
2.08104
2.08169
2.08234
2.08296
2.08359
2.08419
2.0848
2.08536
2.08593
2.08645
2.08696
2.08743
2.08787
2.08824
2.08856
2.08878
2.08891
2.08892
2.08889
2.08883
2.08872
2.08844
2.08823
2.08781
2.08765
2.08741
2.08785
2.08574
2.45846
2.44753
2.43453
2.41952
2.40325
2.38623
2.36903
2.35178
2.3348
2.31811
2.30196
2.28629
2.2713
2.25692
2.24329
2.23034
2.21818
2.20679
2.19631
2.18661
2.17783
2.16979
2.16268
2.15628
2.15075
2.14583
2.14169
2.13807
2.1351
2.13251
2.13044
2.12858
2.12705
2.12554
2.12416
2.12265
2.12115
2.11942
2.11764
2.11561
2.11351
2.11118
2.10881
2.10623
2.10367
2.10094
2.09827
2.0955
2.09285
2.09017
2.08766
2.08517
2.08291
2.08072
2.0788
2.07699
2.07549
2.07412
2.07309
2.07221
2.07168
2.0713
2.07126
2.0713
2.07143
2.07174
2.07222
2.07289
2.07359
2.07423
2.07484
2.0754
2.07593
2.07642
2.0769
2.07735
2.0778
2.07822
2.07863
2.07902
2.07939
2.07975
2.08012
2.08046
2.0808
2.08111
2.08138
2.08158
2.08172
2.08175
2.08174
2.0817
2.08163
2.08144
2.08128
2.08094
2.08085
2.08067
2.08115
2.07905
2.45849
2.44694
2.43377
2.41905
2.40333
2.38704
2.37039
2.35378
2.33725
2.32107
2.30517
2.28978
2.27482
2.26046
2.2466
2.23343
2.22082
2.20899
2.19782
2.1875
2.17789
2.16915
2.16114
2.15394
2.14742
2.14171
2.13661
2.13226
2.12842
2.12524
2.12251
2.12028
2.11834
2.11668
2.11509
2.1136
2.11204
2.11046
2.10872
2.1069
2.1049
2.10281
2.10056
2.09825
2.09581
2.09337
2.09084
2.08836
2.08586
2.08347
2.08111
2.07893
2.07682
2.07494
2.07318
2.07168
2.07035
2.06931
2.06845
2.0679
2.06752
2.06744
2.06747
2.0676
2.06792
2.06839
2.06905
2.0697
2.07031
2.07086
2.07135
2.0718
2.0722
2.07258
2.07293
2.07326
2.07357
2.07386
2.07412
2.07437
2.0746
2.07485
2.0751
2.07537
2.07563
2.0759
2.07613
2.07634
2.07648
2.07655
2.07656
2.07654
2.0765
2.07639
2.07629
2.07605
2.076
2.07587
2.07637
2.07427
2.46169
2.4499
2.43639
2.42151
2.40568
2.38949
2.37313
2.35674
2.34046
2.32438
2.30864
2.29322
2.27829
2.26376
2.24981
2.23632
2.22348
2.21119
2.19965
2.18875
2.17866
2.16925
2.16068
2.1528
2.14579
2.13944
2.13394
2.12905
2.12492
2.12131
2.11828
2.11572
2.11352
2.11158
2.10989
2.10829
2.10676
2.1052
2.10359
2.10186
2.10004
2.09809
2.09605
2.0939
2.0917
2.08942
2.08715
2.08486
2.08262
2.08043
2.07834
2.07636
2.07453
2.07285
2.07138
2.0701
2.06906
2.06824
2.06768
2.06733
2.06724
2.06729
2.06743
2.06778
2.06829
2.06895
2.0696
2.07019
2.07071
2.07117
2.07156
2.07189
2.07217
2.07242
2.07264
2.07283
2.073
2.07313
2.07324
2.07332
2.07342
2.07354
2.07368
2.07385
2.07404
2.07424
2.07444
2.07462
2.07476
2.07485
2.07489
2.07489
2.07488
2.07484
2.07478
2.07466
2.07464
2.07459
2.07509
2.073
2.46529
2.45456
2.44205
2.42787
2.41258
2.39667
2.38052
2.3643
2.34814
2.33217
2.31643
2.30104
2.28598
2.27138
2.25718
2.24354
2.23036
2.21782
2.20583
2.19457
2.18392
2.17406
2.16484
2.15644
2.14869
2.14176
2.13547
2.12997
2.12503
2.12078
2.11704
2.11385
2.11111
2.10883
2.10679
2.10498
2.10324
2.1016
2.09992
2.09823
2.09644
2.09461
2.09267
2.0907
2.08864
2.08658
2.08449
2.08245
2.08043
2.07852
2.07667
2.07498
2.0734
2.07203
2.07081
2.06984
2.06908
2.06858
2.06828
2.06823
2.06829
2.06849
2.06892
2.06952
2.07022
2.07088
2.0715
2.07203
2.0725
2.07285
2.07315
2.07335
2.07352
2.07363
2.07373
2.07375
2.07374
2.07371
2.07363
2.07354
2.07348
2.07347
2.07349
2.07353
2.07361
2.07374
2.07387
2.07401
2.07414
2.07424
2.0743
2.07433
2.07435
2.07435
2.07434
2.07434
2.07438
2.07439
2.07494
2.07292
2.46452
2.45469
2.44302
2.42979
2.41556
2.40067
2.38545
2.37003
2.35458
2.33915
2.32388
2.30878
2.29395
2.27942
2.26527
2.25148
2.23816
2.22528
2.21296
2.2012
2.19006
2.17953
2.16968
2.16047
2.15198
2.14415
2.13706
2.13061
2.12491
2.1198
2.11536
2.11144
2.1081
2.10513
2.10262
2.10038
2.09841
2.09657
2.09485
2.09312
2.09141
2.08965
2.08786
2.08602
2.08416
2.08228
2.08043
2.07861
2.07687
2.0752
2.07365
2.07221
2.07094
2.06984
2.06896
2.06829
2.06787
2.06767
2.06769
2.0678
2.0681
2.06864
2.0694
2.07016
2.0709
2.07156
2.07215
2.07264
2.07303
2.0733
2.07349
2.07359
2.07364
2.07364
2.07361
2.07352
2.07335
2.07308
2.07286
2.07263
2.07246
2.07231
2.07224
2.07218
2.0722
2.07223
2.0723
2.07238
2.07251
2.0726
2.0727
2.07275
2.07281
2.07284
2.0729
2.07295
2.07307
2.07318
2.07382
2.0719
2.46656
2.45647
2.44499
2.43202
2.41808
2.40356
2.3887
2.37365
2.35849
2.34336
2.32827
2.31336
2.2986
2.28414
2.26992
2.25609
2.24258
2.22952
2.21689
2.20482
2.19324
2.1823
2.17193
2.16225
2.15318
2.14485
2.13718
2.13029
2.12408
2.11861
2.11375
2.10951
2.10581
2.10263
2.09988
2.09748
2.09536
2.09344
2.09167
2.08996
2.08832
2.08666
2.08503
2.08335
2.08172
2.08006
2.07847
2.07689
2.07543
2.07402
2.07276
2.0716
2.07063
2.06981
2.06924
2.06885
2.06873
2.06875
2.06891
2.06931
2.06994
2.07075
2.07159
2.07238
2.07312
2.07377
2.07433
2.07476
2.07507
2.07525
2.07534
2.07535
2.07534
2.07527
2.0751
2.07482
2.07448
2.0741
2.07376
2.07343
2.07316
2.0729
2.07273
2.07258
2.07251
2.07247
2.0725
2.07253
2.07261
2.07268
2.07281
2.07289
2.073
2.07306
2.07317
2.07327
2.07347
2.07364
2.07436
2.07251
2.476
2.46609
2.45458
2.44172
2.42787
2.4135
2.39875
2.38386
2.36882
2.35381
2.33878
2.32391
2.30915
2.29465
2.28035
2.2664
2.25273
2.23948
2.22663
2.21433
2.2025
2.19129
2.18059
2.17056
2.16108
2.15229
2.14406
2.13651
2.12951
2.1232
2.11745
2.11243
2.10792
2.10409
2.10066
2.09779
2.09519
2.09299
2.09092
2.08913
2.08735
2.08576
2.08412
2.08262
2.08108
2.07969
2.07826
2.07702
2.07577
2.07473
2.07369
2.07291
2.07217
2.07174
2.07143
2.07143
2.07151
2.07177
2.07236
2.0732
2.07411
2.07506
2.07598
2.07684
2.07762
2.07829
2.07882
2.0792
2.07942
2.0795
2.07949
2.07945
2.07934
2.07911
2.0787
2.07825
2.07772
2.07722
2.07669
2.07624
2.07577
2.07541
2.07505
2.07481
2.07458
2.07447
2.07439
2.07439
2.07441
2.07445
2.07456
2.07464
2.0748
2.0749
2.07508
2.07521
2.0755
2.07572
2.07653
2.07475
2.4722
2.46409
2.45401
2.44238
2.42976
2.41659
2.40296
2.38909
2.37496
2.36074
2.3464
2.33208
2.31776
2.30356
2.28946
2.27559
2.2619
2.24852
2.23541
2.22267
2.21031
2.1984
2.18695
2.17603
2.16563
2.15585
2.14665
2.13811
2.13019
2.12297
2.11635
2.11042
2.10506
2.10037
2.09617
2.09257
2.08935
2.08661
2.08413
2.082
2.08001
2.07828
2.07662
2.07517
2.07376
2.07255
2.07138
2.07042
2.0695
2.0688
2.06814
2.06775
2.06745
2.06747
2.06758
2.06783
2.06844
2.06924
2.0703
2.0714
2.07252
2.07361
2.07465
2.0756
2.07644
2.07711
2.07762
2.07793
2.07806
2.07805
2.078
2.07788
2.07762
2.07715
2.07662
2.07594
2.07532
2.0746
2.07397
2.07329
2.07273
2.07214
2.0717
2.07124
2.07096
2.07067
2.07054
2.07042
2.07042
2.07044
2.07049
2.07057
2.07076
2.0709
2.07117
2.07135
2.07175
2.07203
2.07295
2.07128
2.46786
2.45913
2.44916
2.43801
2.42596
2.41336
2.40035
2.38703
2.37348
2.35973
2.34585
2.33188
2.3179
2.30391
2.29001
2.2762
2.26257
2.2491
2.23587
2.2229
2.21029
2.19802
2.1862
2.17481
2.16395
2.15358
2.14381
2.1346
2.12603
2.11807
2.1108
2.10414
2.09817
2.0928
2.08808
2.08391
2.08031
2.07718
2.07452
2.07223
2.07027
2.06856
2.06707
2.06576
2.06462
2.06363
2.06277
2.06205
2.06145
2.06097
2.06062
2.06047
2.06052
2.06064
2.06099
2.06172
2.0627
2.06381
2.06501
2.06625
2.06747
2.06867
2.06976
2.07076
2.07158
2.07223
2.07266
2.07289
2.07293
2.0729
2.0728
2.07259
2.07218
2.07163
2.07095
2.07025
2.06949
2.06875
2.06799
2.06729
2.06659
2.06598
2.06541
2.06495
2.06453
2.06424
2.06401
2.06391
2.06386
2.06388
2.06392
2.064
2.06419
2.06436
2.06469
2.06491
2.06537
2.06569
2.06666
2.06502
2.47194
2.46258
2.45193
2.44016
2.42768
2.41474
2.40153
2.38808
2.37446
2.36067
2.34681
2.33284
2.31888
2.30491
2.29103
2.27721
2.26354
2.25001
2.23669
2.22359
2.21083
2.19839
2.18636
2.17472
2.16359
2.15294
2.14287
2.13334
2.12446
2.11618
2.10858
2.1016
2.09531
2.08965
2.08473
2.0804
2.07673
2.07354
2.07087
2.06855
2.06666
2.06501
2.06369
2.06253
2.06166
2.06089
2.06036
2.05989
2.0596
2.05935
2.05933
2.05939
2.05963
2.06018
2.06102
2.06209
2.06327
2.06454
2.06585
2.06718
2.06848
2.06972
2.07082
2.07179
2.07256
2.07313
2.07348
2.0736
2.07359
2.07352
2.07337
2.07305
2.07251
2.07185
2.07108
2.07029
2.06944
2.06861
2.06776
2.06697
2.06619
2.06549
2.06485
2.0643
2.06382
2.06346
2.06318
2.06302
2.06296
2.06297
2.063
2.06308
2.06327
2.06345
2.06384
2.0641
2.06463
2.06498
2.06598
2.06438
2.4806
2.47155
2.46105
2.44926
2.43664
2.42349
2.41
2.39626
2.38235
2.36831
2.35418
2.34002
2.32584
2.31171
2.29765
2.28371
2.26989
2.25628
2.24284
2.22965
2.21672
2.20413
2.19188
2.18006
2.16866
2.15775
2.14734
2.13749
2.12821
2.11955
2.11151
2.10414
2.09743
2.09141
2.08604
2.0813
2.07717
2.07363
2.07064
2.06814
2.06608
2.06442
2.06311
2.0621
2.06137
2.06088
2.06058
2.06041
2.06036
2.06041
2.06059
2.06103
2.06174
2.06275
2.06391
2.06521
2.06661
2.06806
2.06955
2.07102
2.07242
2.0737
2.07483
2.07577
2.0765
2.07701
2.07727
2.07732
2.07728
2.07717
2.07692
2.0765
2.07585
2.07509
2.07426
2.07338
2.07246
2.07154
2.07063
2.06974
2.0689
2.06812
2.06741
2.06678
2.06624
2.06581
2.06549
2.06527
2.06519
2.06519
2.06522
2.06529
2.06548
2.06568
2.06611
2.0664
2.067
2.06739
2.06842
2.06686
2.47792
2.46994
2.46068
2.45002
2.43844
2.42625
2.41362
2.40067
2.38741
2.37395
2.36028
2.3465
2.33261
2.31871
2.30479
2.29093
2.27714
2.26349
2.24997
2.23666
2.22357
2.21077
2.19828
2.18618
2.17446
2.16321
2.15242
2.14217
2.13245
2.12335
2.11484
2.107
2.09979
2.09327
2.08741
2.08225
2.07774
2.07388
2.07061
2.06792
2.06572
2.06401
2.06272
2.06182
2.06127
2.06102
2.06097
2.06102
2.06116
2.06151
2.06212
2.06309
2.06428
2.06564
2.06714
2.06875
2.07045
2.07216
2.07387
2.07549
2.07701
2.07836
2.07952
2.08046
2.08116
2.08161
2.08179
2.08179
2.08173
2.08157
2.08124
2.0807
2.07996
2.07913
2.0782
2.07724
2.07624
2.07524
2.07424
2.07327
2.07234
2.07148
2.07068
2.06997
2.06936
2.06886
2.06846
2.0682
2.06806
2.06805
2.06808
2.06815
2.06833
2.06854
2.06901
2.06934
2.07001
2.07045
2.07155
2.07005
2.4802
2.47202
2.46244
2.45181
2.44037
2.42842
2.41605
2.4034
2.39042
2.37725
2.36384
2.35031
2.33661
2.32287
2.30904
2.29527
2.28149
2.26784
2.25427
2.24092
2.22776
2.21492
2.20235
2.19019
2.17837
2.16701
2.15608
2.14567
2.13575
2.12641
2.11763
2.10948
2.10194
2.09506
2.08882
2.08326
2.07836
2.07413
2.07053
2.06755
2.06516
2.06332
2.06199
2.06115
2.06077
2.06072
2.06081
2.06101
2.06147
2.06224
2.06337
2.06474
2.06628
2.06798
2.06982
2.07173
2.07369
2.07564
2.07751
2.07927
2.08086
2.08225
2.08342
2.08434
2.085
2.08539
2.08551
2.08547
2.08538
2.08518
2.08477
2.08412
2.08332
2.08241
2.08143
2.0804
2.07934
2.07827
2.07721
2.07617
2.07518
2.07424
2.07338
2.07261
2.07193
2.07137
2.07092
2.07061
2.07044
2.0704
2.07043
2.0705
2.07068
2.07089
2.07139
2.07175
2.07249
2.07296
2.07413
2.07267
2.48651
2.47916
2.47027
2.46016
2.44916
2.43764
2.42561
2.41325
2.40052
2.38755
2.3743
2.3609
2.34732
2.33368
2.31993
2.30619
2.29241
2.27873
2.2651
2.25165
2.23831
2.22525
2.21237
2.19986
2.18761
2.1758
2.16434
2.15339
2.14287
2.13294
2.12349
2.11472
2.1065
2.09901
2.09212
2.086
2.08053
2.07583
2.07177
2.06847
2.06576
2.06377
2.06231
2.06153
2.06124
2.06132
2.0615
2.06191
2.0627
2.06395
2.06549
2.06727
2.06923
2.07135
2.07356
2.07582
2.07807
2.08025
2.08231
2.08419
2.08588
2.08732
2.0885
2.08941
2.09003
2.09036
2.09043
2.09038
2.09026
2.08997
2.08948
2.08871
2.08783
2.08683
2.08577
2.08463
2.08348
2.08228
2.08113
2.07997
2.07887
2.07782
2.07686
2.07597
2.07521
2.07454
2.07403
2.07363
2.0734
2.07332
2.07334
2.0734
2.07356
2.07379
2.07431
2.0747
2.0755
2.07602
2.07726
2.07587
2.47835
2.47151
2.46332
2.45403
2.4439
2.43323
2.42205
2.41049
2.39849
2.38615
2.37346
2.36053
2.34734
2.33401
2.32052
2.30697
2.29334
2.27972
2.26611
2.25258
2.2391
2.22582
2.21266
2.19979
2.18714
2.17485
2.16287
2.15135
2.14021
2.12963
2.11952
2.11004
2.10112
2.09292
2.08535
2.07855
2.07244
2.06714
2.06255
2.05879
2.0557
2.05344
2.05182
2.05103
2.05078
2.0509
2.0512
2.05185
2.05304
2.05472
2.05672
2.05895
2.06137
2.0639
2.0665
2.06908
2.07162
2.07402
2.07626
2.07827
2.08004
2.08153
2.08274
2.08364
2.08424
2.08451
2.08456
2.08449
2.08433
2.08397
2.08339
2.08253
2.08158
2.08048
2.07934
2.0781
2.07686
2.07557
2.07431
2.07304
2.07186
2.07069
2.06964
2.06864
2.06779
2.06702
2.06644
2.06595
2.06568
2.06554
2.06556
2.06561
2.06575
2.06598
2.06652
2.06695
2.06781
2.06837
2.0697
2.06838
2.47448
2.46705
2.45839
2.44865
2.43818
2.4272
2.41582
2.40408
2.39205
2.37974
2.36716
2.35435
2.34133
2.32813
2.31477
2.30131
2.28777
2.27422
2.26064
2.24706
2.23356
2.22017
2.20695
2.19392
2.18114
2.16865
2.15649
2.1447
2.13335
2.12245
2.11209
2.10227
2.09306
2.08449
2.07661
2.06944
2.06303
2.05738
2.05255
2.04849
2.04526
2.04282
2.04119
2.04042
2.0403
2.04045
2.04086
2.04172
2.04314
2.04514
2.0474
2.04993
2.05257
2.05535
2.05811
2.06086
2.06347
2.06596
2.0682
2.07023
2.07195
2.07342
2.07454
2.07539
2.07591
2.07612
2.0761
2.07603
2.07583
2.07541
2.07475
2.07385
2.07284
2.07172
2.07052
2.06926
2.06797
2.06664
2.06534
2.06404
2.06279
2.06159
2.06048
2.05946
2.05855
2.05776
2.05712
2.05662
2.0563
2.05616
2.05617
2.05622
2.05635
2.05658
2.05712
2.05756
2.05845
2.05903
2.06036
2.05906
2.46641
2.45857
2.44945
2.43945
2.42857
2.41739
2.40575
2.39396
2.38177
2.36947
2.3568
2.34405
2.33097
2.31786
2.30449
2.29114
2.27759
2.26412
2.25052
2.23707
2.22359
2.21034
2.19716
2.18428
2.17157
2.15926
2.1472
2.13561
2.12438
2.1137
2.10346
2.09387
2.0848
2.07645
2.0687
2.06173
2.05544
2.04998
2.04523
2.04135
2.0382
2.03593
2.03441
2.03387
2.03391
2.03414
2.03466
2.03572
2.03741
2.03962
2.04216
2.04489
2.04777
2.0507
2.05363
2.05646
2.05916
2.06166
2.06392
2.0659
2.0676
2.06897
2.07006
2.07082
2.07127
2.07141
2.07137
2.07127
2.07102
2.07057
2.06984
2.06896
2.06793
2.06683
2.06562
2.06438
2.06309
2.0618
2.0605
2.05923
2.05799
2.05683
2.05572
2.05472
2.05381
2.05305
2.0524
2.05193
2.05159
2.05148
2.05149
2.05155
2.05169
2.05192
2.05246
2.05292
2.05382
2.05441
2.05573
2.05444
2.48012
2.4726
2.46387
2.45407
2.44342
2.43223
2.42053
2.4085
2.39609
2.38342
2.37045
2.3573
2.34394
2.33046
2.31686
2.30321
2.28952
2.27587
2.26224
2.24873
2.2353
2.22206
2.20897
2.19616
2.18356
2.17133
2.15938
2.14787
2.13671
2.12608
2.11587
2.10627
2.09715
2.08874
2.08088
2.07381
2.06734
2.06175
2.05683
2.05283
2.04954
2.04722
2.04563
2.04517
2.04526
2.04554
2.04616
2.04742
2.04942
2.05192
2.05479
2.05782
2.06101
2.06417
2.06733
2.0703
2.07313
2.07567
2.07798
2.07994
2.08164
2.08296
2.08402
2.08471
2.08512
2.08519
2.08515
2.08502
2.08473
2.08424
2.08347
2.08256
2.08152
2.08038
2.07916
2.07789
2.07657
2.07526
2.07393
2.07263
2.07137
2.07017
2.06904
2.068
2.06707
2.06627
2.0656
2.0651
2.06475
2.06461
2.06462
2.06468
2.06482
2.06506
2.06561
2.06608
2.06701
2.06763
2.06898
2.0677
2.47582
2.46894
2.46098
2.45178
2.44188
2.43131
2.4204
2.40898
2.39732
2.38518
2.37287
2.36014
2.3473
2.33412
2.3209
2.30741
2.29395
2.2803
2.26676
2.25316
2.23977
2.22636
2.21323
2.20017
2.18748
2.17494
2.16284
2.15096
2.13961
2.12856
2.11811
2.10806
2.09868
2.08979
2.08165
2.07408
2.06736
2.0613
2.05615
2.05173
2.04829
2.04563
2.04402
2.04337
2.0435
2.04381
2.04449
2.04589
2.04814
2.05095
2.05413
2.05751
2.06103
2.06453
2.06795
2.07119
2.07422
2.07694
2.07937
2.08145
2.0832
2.08459
2.08565
2.08637
2.08676
2.08684
2.08679
2.08665
2.08634
2.0858
2.085
2.08404
2.08296
2.08178
2.08052
2.07919
2.07783
2.07645
2.07508
2.07372
2.0724
2.07114
2.06995
2.06886
2.06788
2.06702
2.06631
2.06575
2.06537
2.0652
2.06519
2.06524
2.06538
2.06562
2.06619
2.06667
2.06765
2.0683
2.06972
2.0685
2.47846
2.47161
2.46366
2.45446
2.44465
2.43415
2.42337
2.41206
2.40056
2.38857
2.37643
2.36384
2.35115
2.33808
2.32498
2.31158
2.29821
2.28461
2.27112
2.25746
2.24399
2.23044
2.21716
2.20387
2.19095
2.17811
2.16572
2.15349
2.1418
2.13036
2.11955
2.10908
2.09934
2.09003
2.08154
2.07357
2.06652
2.06008
2.05465
2.0499
2.04625
2.04337
2.04165
2.04089
2.04101
2.04132
2.04203
2.0435
2.04587
2.04886
2.05222
2.05583
2.05953
2.06323
2.06679
2.07018
2.07328
2.07609
2.07855
2.08067
2.08241
2.08382
2.08486
2.08559
2.08594
2.08602
2.08596
2.08581
2.08548
2.0849
2.08406
2.08307
2.08195
2.08073
2.07942
2.07806
2.07665
2.07523
2.0738
2.07239
2.07102
2.06971
2.06847
2.06733
2.06629
2.06539
2.06463
2.06404
2.06362
2.06343
2.0634
2.06345
2.06358
2.06381
2.06438
2.06487
2.06586
2.06652
2.06797
2.06678
2.47338
2.46604
2.45758
2.44799
2.43777
2.42697
2.41586
2.40432
2.39253
2.38037
2.36798
2.35528
2.34242
2.3293
2.31608
2.30267
2.28923
2.27567
2.26214
2.24857
2.23509
2.22164
2.20836
2.1952
2.18228
2.16956
2.15718
2.14508
2.1334
2.12208
2.11127
2.10092
2.09117
2.08196
2.07345
2.06558
2.05849
2.05213
2.04666
2.04199
2.0383
2.0355
2.03375
2.0331
2.03321
2.03354
2.03429
2.0358
2.03822
2.04129
2.04471
2.04837
2.0521
2.0558
2.05937
2.06273
2.0658
2.06856
2.07097
2.07304
2.07474
2.07609
2.07709
2.07776
2.07808
2.07814
2.07807
2.07791
2.07756
2.07696
2.07612
2.07511
2.074
2.07277
2.07148
2.07011
2.06872
2.06729
2.06587
2.06446
2.0631
2.06178
2.06055
2.0594
2.05837
2.05747
2.05672
2.05612
2.05571
2.05551
2.05548
2.05553
2.05566
2.05589
2.05645
2.05694
2.05793
2.05857
2.05999
2.05878
2.48183
2.47458
2.46617
2.45666
2.44645
2.4357
2.42457
2.41304
2.40121
2.38902
2.37659
2.36385
2.35092
2.33776
2.32447
2.31101
2.29749
2.28388
2.27028
2.25666
2.24312
2.22963
2.2163
2.2031
2.19013
2.17737
2.16494
2.1528
2.14106
2.1297
2.11884
2.10844
2.09863
2.08938
2.08081
2.07288
2.06574
2.05933
2.0538
2.0491
2.04535
2.04253
2.04077
2.04012
2.04023
2.04057
2.04134
2.0429
2.0454
2.04854
2.05207
2.0558
2.05962
2.06339
2.06702
2.07041
2.07353
2.07631
2.07875
2.08081
2.08252
2.08386
2.08486
2.08552
2.08584
2.08588
2.08581
2.08565
2.08529
2.08468
2.08382
2.08281
2.08168
2.08045
2.07915
2.07778
2.07638
2.07494
2.07352
2.0721
2.07073
2.0694
2.06816
2.06701
2.06598
2.06506
2.0643
2.0637
2.06329
2.06308
2.06306
2.06311
2.06323
2.06347
2.06403
2.06453
2.06552
2.06617
2.06759
2.06637
)
;

boundaryField
{
    inlet
    {
        type            fixedValue;
        value           uniform 1;
    }
    outlet
    {
        type            zeroGradient;
    }
    bottom
    {
        type            symmetryPlane;
    }
    top
    {
        type            symmetryPlane;
    }
    obstacle
    {
        type            zeroGradient;
    }
    defaultFaces
    {
        type            empty;
    }
}


// ************************************************************************* //
