/*--------------------------------*- C++ -*----------------------------------*\
| =========                 |                                                 |
| \\      /  F ield         | OpenFOAM: The Open Source CFD Toolbox           |
|  \\    /   O peration     | Version:  2412                                  |
|   \\  /    A nd           | Website:  www.openfoam.com                      |
|    \\/     M anipulation  |                                                 |
\*---------------------------------------------------------------------------*/
FoamFile
{
    version     2.0;
    format      ascii;
    arch        "LSB;label=32;scalar=64";
    class       volScalarField;
    location    "27.5";
    object      Ma;
}
// * * * * * * * * * * * * * * * * * * * * * * * * * * * * * * * * * * * * * //

dimensions      [0 0 0 0 0 0 0];

internalField   nonuniform List<scalar> 
7000
(
2.25598
0.994172
0.300525
0.338438
0.401062
0.442387
0.450594
0.446124
0.43977
0.43486
0.432014
0.429742
0.427143
0.424055
0.420584
0.416809
0.412743
0.408364
0.403654
0.398593
0.393172
0.387374
0.381188
0.374596
0.367584
0.360131
0.352222
0.343836
0.334955
0.325557
0.315623
0.305131
0.294062
0.282393
0.270106
0.257183
0.24361
0.229372
0.214464
0.198882
0.182632
0.165726
0.148189
0.130053
0.111368
0.0921924
0.0725906
0.0528469
0.0319229
0.0155243
2.25603
0.994233
0.300323
0.338273
0.400907
0.442239
0.450446
0.44598
0.439631
0.434729
0.431888
0.429619
0.427023
0.42394
0.420473
0.416703
0.412642
0.40827
0.403565
0.398511
0.393097
0.387308
0.381131
0.374549
0.367546
0.360105
0.352209
0.343836
0.334971
0.32559
0.315674
0.305203
0.294155
0.28251
0.27025
0.257357
0.243815
0.229613
0.214745
0.199208
0.183009
0.166164
0.148701
0.13066
0.112102
0.0931171
0.073819
0.0546557
0.0351572
0.0220572
2.25616
0.99443
0.300456
0.338308
0.400937
0.442272
0.45048
0.44602
0.439689
0.434797
0.43197
0.429705
0.427121
0.424043
0.420591
0.416828
0.412783
0.40842
0.403733
0.398691
0.393297
0.387523
0.38137
0.374807
0.367833
0.360416
0.352553
0.344211
0.335385
0.326043
0.316175
0.305752
0.294762
0.283178
0.270988
0.258171
0.244717
0.230614
0.215857
0.20045
0.184403
0.167741
0.150499
0.132745
0.114565
0.0961165
0.0776337
0.0598397
0.0430408
0.0335721
2.25634
0.994736
0.300727
0.338385
0.401018
0.442371
0.450583
0.446137
0.439819
0.434956
0.432139
0.429894
0.427316
0.424261
0.420819
0.417083
0.41305
0.408716
0.404045
0.399037
0.393663
0.387929
0.3818
0.375283
0.36834
0.360978
0.353154
0.344878
0.336102
0.326837
0.317032
0.306702
0.295792
0.28432
0.272234
0.259552
0.246232
0.232295
0.217716
0.202523
0.186718
0.170346
0.153462
0.136148
0.118554
0.100896
0.0835504
0.0674574
0.0533027
0.0461803
2.25659
0.995167
0.301076
0.338454
0.401103
0.442493
0.450712
0.446287
0.439982
0.435159
0.432354
0.430141
0.427572
0.424551
0.421124
0.417426
0.413413
0.409121
0.404475
0.399513
0.394173
0.38849
0.382405
0.375947
0.369061
0.361766
0.354015
0.345816
0.337131
0.327957
0.318267
0.308045
0.297278
0.285937
0.274027
0.261509
0.248408
0.234682
0.220378
0.205464
0.190015
0.174037
0.157639
0.140921
0.124072
0.107409
0.0913717
0.0770291
0.0651082
0.0594941
2.25692
0.995739
0.301519
0.338526
0.401199
0.442638
0.450882
0.446458
0.440211
0.435395
0.432648
0.430434
0.427922
0.424902
0.421538
0.417846
0.413902
0.409621
0.405052
0.400109
0.394855
0.3892
0.383213
0.376795
0.370019
0.362782
0.355155
0.347036
0.338493
0.329425
0.319898
0.309817
0.299236
0.28808
0.276388
0.264109
0.251268
0.237851
0.223869
0.209359
0.194332
0.178893
0.163088
0.147116
0.131165
0.115612
0.100984
0.0882971
0.0781876
0.0736195
2.25733
0.996466
0.302063
0.338602
0.401306
0.442815
0.451086
0.44669
0.440473
0.435706
0.432988
0.430818
0.428331
0.425361
0.422026
0.418393
0.414483
0.410271
0.405741
0.40088
0.395672
0.390116
0.384185
0.377886
0.37118
0.364083
0.356544
0.348594
0.340162
0.331296
0.321911
0.312067
0.301672
0.290794
0.279345
0.267394
0.254871
0.241844
0.22828
0.214245
0.199771
0.184938
0.169887
0.154751
0.139833
0.125479
0.112234
0.101078
0.0924443
0.0886248
2.25785
0.997357
0.302715
0.338682
0.401426
0.443026
0.451333
0.44697
0.440792
0.436081
0.433402
0.431281
0.428833
0.425915
0.422628
0.419054
0.415201
0.411056
0.406596
0.401811
0.396689
0.391221
0.385396
0.379201
0.372625
0.365651
0.358274
0.350467
0.342236
0.333542
0.324405
0.314771
0.30468
0.294064
0.282985
0.271366
0.259289
0.246691
0.233664
0.220191
0.206374
0.192282
0.178048
0.163895
0.150053
0.136957
0.125074
0.115263
0.107842
0.104622
2.25846
0.998427
0.303484
0.33877
0.401562
0.443271
0.45163
0.447299
0.441182
0.436522
0.433902
0.431827
0.429437
0.426572
0.423351
0.419839
0.416062
0.41199
0.407618
0.402921
0.397903
0.392543
0.38684
0.380777
0.374347
0.367535
0.360332
0.352727
0.344703
0.336258
0.327369
0.318042
0.308249
0.298014
0.287295
0.276149
0.264518
0.252501
0.24004
0.227275
0.214187
0.200955
0.18767
0.174546
0.161895
0.150027
0.139452
0.130888
0.124492
0.121715
2.25919
0.999687
0.304381
0.338868
0.401716
0.44356
0.451978
0.447701
0.441634
0.437054
0.434482
0.432481
0.430141
0.427356
0.424195
0.420773
0.417069
0.413099
0.408815
0.404236
0.399326
0.394104
0.388535
0.382635
0.376369
0.369753
0.362752
0.35538
0.347606
0.339441
0.330861
0.321873
0.312462
0.302635
0.29239
0.281735
0.270695
0.259273
0.247543
0.235511
0.22332
0.210999
0.198785
0.186793
0.175337
0.164783
0.155438
0.14799
0.142489
0.140144
2.26003
1.00115
0.305414
0.338976
0.401891
0.443892
0.452389
0.448156
0.442183
0.437661
0.435178
0.433229
0.43098
0.428256
0.425197
0.421849
0.418257
0.414377
0.410222
0.405754
0.400993
0.395908
0.390515
0.384783
0.378727
0.372318
0.365568
0.358452
0.350978
0.343129
0.334909
0.326311
0.317337
0.307991
0.298276
0.288214
0.277815
0.267125
0.256171
0.245037
0.233779
0.222544
0.211437
0.200702
0.190516
0.181222
0.173164
0.166806
0.162133
0.160098
2.26099
1.00282
0.306592
0.3391
0.402092
0.44428
0.452864
0.448709
0.442804
0.438389
0.435967
0.434119
0.431934
0.42932
0.426336
0.423112
0.419611
0.41587
0.411826
0.407519
0.402896
0.398
0.392776
0.387268
0.38142
0.375277
0.368785
0.361986
0.354832
0.347364
0.339539
0.331399
0.322912
0.314119
0.305006
0.295612
0.285955
0.276071
0.266026
0.255857
0.245696
0.235597
0.22577
0.216326
0.207538
0.199606
0.192762
0.187488
0.18363
0.182023
2.26207
1.00472
0.307922
0.339242
0.402321
0.44472
0.453418
0.449334
0.443548
0.439216
0.436899
0.435128
0.433053
0.430526
0.427666
0.424542
0.421182
0.41756
0.413679
0.409517
0.405086
0.400365
0.39537
0.390077
0.384503
0.378623
0.372458
0.365983
0.359222
0.352152
0.344802
0.337151
0.329238
0.321046
0.312628
0.303974
0.295156
0.286179
0.277139
0.268074
0.259095
0.250314
0.241829
0.233864
0.226513
0.220064
0.214644
0.210543
0.207567
0.206264
2.26328
1.00684
0.309406
0.339397
0.402593
0.445217
0.454053
0.450064
0.444397
0.44018
0.437959
0.436295
0.434322
0.431915
0.429169
0.426182
0.422954
0.419493
0.415766
0.411794
0.407548
0.403055
0.398284
0.393264
0.387961
0.38241
0.376576
0.370497
0.364142
0.357549
0.350696
0.343622
0.33632
0.328827
0.321158
0.313351
0.305447
0.297496
0.289563
0.281729
0.274075
0.266728
0.259803
0.25342
0.247778
0.242928
0.239021
0.236287
0.234365
0.233711
2.26461
1.00918
0.311044
0.339556
0.402918
0.445776
0.454781
0.450907
0.445374
0.44129
0.439173
0.437629
0.435767
0.433492
0.430875
0.428036
0.424959
0.421667
0.418122
0.414348
0.410322
0.406064
0.40156
0.39682
0.391844
0.386628
0.381192
0.375517
0.369645
0.363544
0.357277
0.350805
0.344213
0.337459
0.330647
0.323753
0.316882
0.310052
0.303362
0.296883
0.290715
0.284967
0.279763
0.275235
0.271477
0.268666
0.266693
0.265721
0.265189
0.265155
2.26607
1.01175
0.312848
0.339753
0.403283
0.446422
0.455625
0.451878
0.446522
0.44256
0.440579
0.439142
0.437425
0.435273
0.432818
0.430119
0.427227
0.4241
0.420772
0.417198
0.413428
0.409413
0.405213
0.400772
0.396156
0.391309
0.386302
0.381082
0.375721
0.370182
0.364527
0.358749
0.352892
0.346992
0.341073
0.335221
0.329445
0.323878
0.318541
0.313582
0.309073
0.305151
0.301924
0.29952
0.298079
0.29758
0.298076
0.299505
0.30115
0.302675
2.26765
1.01455
0.314809
0.339982
0.403702
0.447174
0.456607
0.453012
0.447858
0.444029
0.44219
0.440873
0.439307
0.437293
0.435006
0.432467
0.429764
0.42683
0.423722
0.420383
0.41687
0.413143
0.409248
0.405158
0.400907
0.396487
0.391919
0.387217
0.382389
0.377476
0.372475
0.36745
0.3624
0.357406
0.352489
0.347728
0.343196
0.338955
0.335147
0.331828
0.329177
0.327312
0.32639
0.326514
0.327915
0.330655
0.33452
0.339626
0.344725
0.348724
2.26934
1.01754
0.316912
0.340247
0.404191
0.44806
0.457758
0.454357
0.449403
0.445752
0.444032
0.442871
0.441434
0.439597
0.437457
0.435118
0.432587
0.429885
0.426985
0.42392
0.420663
0.41726
0.41368
0.409974
0.406112
0.402148
0.398058
0.393899
0.389661
0.385395
0.381119
0.376875
0.372716
0.368675
0.364847
0.361267
0.358061
0.355306
0.35312
0.351684
0.35106
0.351506
0.353198
0.356409
0.361328
0.368067
0.376899
0.387632
0.399367
0.409971
2.27111
1.02069
0.319136
0.340562
0.404771
0.449105
0.459114
0.455934
0.451212
0.447736
0.446148
0.445136
0.44385
0.442186
0.440223
0.438076
0.435754
0.433276
0.430627
0.427825
0.424875
0.421785
0.418575
0.415245
0.411829
0.408319
0.404767
0.401159
0.397567
0.393976
0.390475
0.387061
0.383833
0.38082
0.378119
0.375817
0.373996
0.372842
0.372421
0.372922
0.374586
0.377704
0.382626
0.389493
0.398921
0.411249
0.426945
0.447105
0.470987
0.498595
2.27293
1.02394
0.321416
0.340941
0.40548
0.450366
0.460759
0.457822
0.453387
0.450055
0.448614
0.447719
0.446605
0.445087
0.443322
0.441347
0.439254
0.436989
0.434613
0.432078
0.429451
0.426692
0.423866
0.420943
0.417982
0.41497
0.41196
0.408959
0.406014
0.403163
0.400441
0.397927
0.395648
0.39373
0.392202
0.391241
0.390881
0.391311
0.392696
0.395382
0.399588
0.405685
0.413891
0.425051
0.439618
0.459156
0.48508
0.520593
0.571925
0.664902
2.27501
1.02767
0.32395
0.341215
0.406281
0.451966
0.462913
0.460349
0.456262
0.453158
0.451876
0.451202
0.450303
0.449061
0.447542
0.445881
0.444075
0.442176
0.440147
0.438045
0.435837
0.433593
0.431274
0.428961
0.426615
0.424326
0.422062
0.419921
0.417881
0.416052
0.414434
0.413141
0.412213
0.411771
0.411913
0.412685
0.414248
0.417014
0.421204
0.426895
0.434587
0.444557
0.457829
0.474815
0.497602
0.527609
0.569591
0.631145
0.729822
0.881474
2.27722
1.03165
0.326961
0.342166
0.40801
0.454834
0.466502
0.464317
0.46055
0.457503
0.456264
0.455681
0.454942
0.453877
0.452577
0.451143
0.449618
0.448015
0.446347
0.44462
0.44286
0.441075
0.439302
0.437545
0.435854
0.434235
0.432752
0.431412
0.430304
0.429437
0.428929
0.428798
0.429162
0.430044
0.431681
0.43427
0.437983
0.442901
0.449466
0.45779
0.46859
0.482303
0.49981
0.52262
0.55179
0.591353
0.64391
0.718031
0.828975
0.967129
2.2785
1.03396
0.328834
0.343226
0.410173
0.45858
0.471227
0.46954
0.4661
0.463075
0.46187
0.461405
0.460832
0.459946
0.458835
0.457607
0.456317
0.45498
0.453611
0.452221
0.450837
0.449473
0.448164
0.446928
0.445806
0.444825
0.444034
0.443472
0.443202
0.443291
0.443749
0.444653
0.446238
0.448643
0.451865
0.456153
0.461587
0.468577
0.477192
0.48816
0.501493
0.518491
0.539209
0.565767
0.599039
0.641709
0.697366
0.767748
0.864162
0.96747
2.27966
1.03608
0.332148
0.346924
0.415037
0.464994
0.478237
0.476421
0.472631
0.469257
0.467979
0.467618
0.467208
0.466497
0.465591
0.464594
0.463589
0.462563
0.461551
0.460539
0.459576
0.458657
0.457833
0.457111
0.456545
0.456156
0.456011
0.456124
0.456541
0.457351
0.458725
0.460706
0.463356
0.466845
0.471238
0.47684
0.483678
0.492267
0.502616
0.515403
0.530883
0.549716
0.572835
0.600697
0.63532
0.67709
0.728923
0.790938
0.868862
0.949898
2.2761
1.02968
0.334285
0.356823
0.427458
0.479818
0.493318
0.490519
0.485517
0.481269
0.479612
0.479057
0.478484
0.477615
0.476555
0.475463
0.474399
0.473376
0.4724
0.471489
0.470663
0.469954
0.469376
0.468977
0.468782
0.46882
0.469092
0.469761
0.47084
0.472443
0.474538
0.477326
0.480774
0.48517
0.49048
0.497075
0.504975
0.514555
0.526082
0.539788
0.556353
0.575908
0.599478
0.62736
0.660588
0.700047
0.74633
0.800694
0.864198
0.928774
2.28203
1.02253
0.358736
0.382356
0.448475
0.498367
0.510278
0.506525
0.500782
0.496399
0.494698
0.494009
0.49331
0.492361
0.491296
0.490219
0.489188
0.488191
0.487254
0.486374
0.485598
0.484924
0.484411
0.484028
0.483899
0.484054
0.484601
0.485467
0.486857
0.488705
0.491256
0.494402
0.498486
0.50335
0.509461
0.516587
0.525356
0.535459
0.547707
0.561821
0.578643
0.598171
0.621056
0.647782
0.678643
0.714584
0.755555
0.802426
0.855617
0.909174
1.87633
0.772011
0.27326
0.344116
0.417755
0.441224
0.441129
0.437148
0.433504
0.43341
0.435585
0.438473
0.441473
0.444516
0.447655
0.450903
0.454221
0.457563
0.460902
0.464217
0.467492
0.470671
0.473814
0.476955
0.480147
0.483328
0.486619
0.48994
0.493563
0.497372
0.501675
0.506365
0.5118
0.517897
0.525021
0.533155
0.542607
0.553543
0.566084
0.580722
0.597299
0.616686
0.638455
0.663781
0.692058
0.72453
0.760516
0.800988
0.845795
0.890536
1.8689
0.771403
0.282164
0.355347
0.428336
0.447791
0.443317
0.435955
0.430298
0.428404
0.428316
0.42872
0.42932
0.430224
0.431572
0.433353
0.435611
0.438218
0.441294
0.44472
0.448605
0.452672
0.457148
0.461793
0.466826
0.47198
0.477519
0.483247
0.489339
0.495663
0.502397
0.509467
0.517029
0.525164
0.533962
0.543709
0.554312
0.566332
0.579525
0.594595
0.611243
0.630222
0.651263
0.675019
0.701356
0.730663
0.762975
0.798098
0.836499
0.874173
1.86794
0.770089
0.284297
0.36506
0.44362
0.463692
0.457504
0.448127
0.441122
0.43839
0.437492
0.436894
0.436306
0.435904
0.435817
0.436087
0.436717
0.437721
0.439254
0.441237
0.443725
0.446642
0.450161
0.454162
0.458797
0.463938
0.469667
0.475917
0.48271
0.490079
0.497956
0.506543
0.515632
0.525584
0.536005
0.547447
0.559506
0.572777
0.586945
0.60262
0.619546
0.638278
0.658695
0.681194
0.705728
0.732536
0.761577
0.792778
0.82639
0.858917
1.86943
0.773371
0.290091
0.367274
0.44369
0.464289
0.459065
0.450544
0.443966
0.441603
0.441129
0.44095
0.440734
0.440623
0.440708
0.441014
0.441602
0.44251
0.443698
0.445181
0.446984
0.449219
0.451859
0.45507
0.458756
0.463136
0.468048
0.473768
0.480041
0.487238
0.494983
0.503742
0.513048
0.523418
0.53443
0.546563
0.559473
0.573572
0.588568
0.604823
0.622184
0.640923
0.661008
0.682656
0.705838
0.730685
0.757132
0.785226
0.815013
0.843661
1.87254
0.780054
0.297775
0.361234
0.429068
0.450305
0.448018
0.44195
0.436342
0.434468
0.434505
0.435036
0.435624
0.436338
0.43723
0.438402
0.439863
0.441547
0.443418
0.445525
0.447869
0.450532
0.45349
0.45686
0.460597
0.464874
0.46959
0.474999
0.480925
0.487697
0.495076
0.503398
0.512436
0.522481
0.533349
0.54526
0.558085
0.572001
0.586939
0.60304
0.620265
0.63875
0.658393
0.679336
0.701456
0.724929
0.749537
0.77526
0.802275
0.828111
1.88112
0.786633
0.300025
0.349024
0.4122
0.441241
0.444209
0.439522
0.43437
0.432088
0.431844
0.432367
0.433086
0.434006
0.435102
0.436435
0.438031
0.439887
0.442
0.444397
0.447071
0.450078
0.453388
0.457088
0.461125
0.465642
0.470548
0.476049
0.48201
0.488683
0.495928
0.503985
0.512751
0.522408
0.532894
0.54436
0.556735
0.570154
0.584548
0.600038
0.616552
0.6342
0.652899
0.672748
0.693648
0.715632
0.738554
0.762378
0.787194
0.810843
2.26308
1.106
0.407185
0.399178
0.459362
0.508055
0.519345
0.514453
0.50753
0.501483
0.497967
0.495496
0.493384
0.491367
0.489339
0.487368
0.485644
0.484155
0.483008
0.482161
0.481733
0.481684
0.482139
0.483072
0.484553
0.486618
0.489303
0.492663
0.496704
0.501514
0.507072
0.513485
0.520729
0.528922
0.538016
0.548143
0.559231
0.571399
0.584573
0.598857
0.614146
0.630541
0.647916
0.666325
0.685679
0.705968
0.727092
0.748971
0.771683
0.79329
2.2725
1.12788
0.391661
0.377126
0.449992
0.510705
0.529101
0.528218
0.523996
0.520193
0.518751
0.518376
0.51836
0.518321
0.517906
0.517277
0.516606
0.515977
0.51541
0.514935
0.514569
0.514374
0.514373
0.514646
0.515229
0.516201
0.517597
0.51953
0.521994
0.525145
0.528932
0.533547
0.538905
0.54519
0.552329
0.560459
0.569554
0.579708
0.590905
0.603177
0.616549
0.630971
0.646468
0.662945
0.680373
0.698685
0.717785
0.737581
0.758137
0.777702
2.29742
1.17661
0.434242
0.383992
0.447089
0.50338
0.521856
0.522883
0.521058
0.519873
0.520292
0.521524
0.523318
0.52512
0.526528
0.527728
0.528851
0.529999
0.531148
0.532328
0.533515
0.534759
0.536053
0.537455
0.53897
0.540667
0.542565
0.544737
0.54723
0.550109
0.553442
0.55728
0.561722
0.566796
0.572623
0.579213
0.586685
0.595024
0.604329
0.614575
0.625807
0.637997
0.651172
0.665317
0.680403
0.696403
0.713216
0.730689
0.748911
0.766293
1.90075
0.805028
0.305805
0.316892
0.374008
0.414893
0.429173
0.432999
0.435822
0.439473
0.444404
0.45015
0.456588
0.463082
0.46926
0.475256
0.481221
0.487183
0.493128
0.499013
0.504836
0.510574
0.516248
0.521834
0.527371
0.532834
0.53829
0.543709
0.549187
0.554711
0.560355
0.566163
0.5722
0.578531
0.58521
0.592335
0.599933
0.608124
0.616897
0.626387
0.63655
0.647523
0.659219
0.671742
0.684978
0.698944
0.713577
0.728901
0.744915
0.76023
2.30593
1.19374
0.449584
0.386637
0.440663
0.492234
0.509233
0.509293
0.506147
0.50367
0.502412
0.502227
0.502683
0.503078
0.503403
0.503907
0.504732
0.506008
0.507704
0.509863
0.512436
0.515477
0.518939
0.522866
0.527179
0.531938
0.537022
0.542525
0.548285
0.554421
0.560806
0.567547
0.574526
0.581865
0.589457
0.59744
0.60573
0.614457
0.623562
0.63316
0.643218
0.653819
0.664949
0.676639
0.688899
0.701711
0.715083
0.728925
0.743326
0.757045
2.31117
1.20371
0.432885
0.36973
0.438372
0.500628
0.522079
0.523491
0.521272
0.519801
0.519929
0.521061
0.52279
0.524295
0.52532
0.526167
0.527002
0.527951
0.529025
0.530314
0.531823
0.533638
0.535745
0.53823
0.541078
0.544354
0.548049
0.552203
0.556816
0.5619
0.567455
0.573469
0.579949
0.586868
0.59426
0.602065
0.610334
0.618992
0.628119
0.637619
0.647595
0.65794
0.668776
0.679979
0.69167
0.703723
0.716236
0.729069
0.74235
0.754952
2.31389
1.20954
0.437062
0.371772
0.441499
0.50535
0.527725
0.529405
0.527241
0.525893
0.526366
0.527882
0.530153
0.532346
0.534065
0.535594
0.537121
0.538753
0.540485
0.542347
0.544335
0.546482
0.548803
0.551332
0.5541
0.557134
0.560475
0.564137
0.568173
0.572582
0.577422
0.582678
0.588408
0.594581
0.60125
0.608376
0.616002
0.624084
0.632653
0.641671
0.651149
0.661065
0.671405
0.682161
0.693293
0.704814
0.716654
0.72883
0.741333
0.753223
2.31688
1.21727
0.463431
0.387827
0.447096
0.506222
0.528779
0.532009
0.531131
0.53076
0.531653
0.533581
0.53612
0.538418
0.540444
0.542348
0.544306
0.546347
0.548525
0.550806
0.553237
0.555788
0.558513
0.561385
0.564463
0.567722
0.571224
0.574951
0.578964
0.583249
0.587866
0.592812
0.598132
0.60383
0.609934
0.616452
0.623397
0.630789
0.638617
0.646907
0.655624
0.664799
0.674382
0.684399
0.694786
0.705562
0.716655
0.728063
0.739806
0.750982
1.90563
0.813583
0.324707
0.323678
0.376481
0.414373
0.42726
0.430302
0.432593
0.435933
0.440703
0.446614
0.453341
0.460158
0.466867
0.473527
0.48026
0.487055
0.493919
0.500797
0.507695
0.514573
0.521449
0.528298
0.535142
0.54197
0.548808
0.555655
0.562533
0.569454
0.576435
0.583507
0.590681
0.597999
0.605466
0.613136
0.621003
0.629124
0.637487
0.646136
0.65506
0.664286
0.673799
0.683623
0.693733
0.704138
0.714813
0.725749
0.736995
0.74767
2.31198
1.20858
0.46495
0.403496
0.466201
0.527384
0.54931
0.550236
0.546092
0.54226
0.540054
0.538681
0.538087
0.537691
0.536958
0.536236
0.535671
0.535518
0.535707
0.536395
0.537508
0.539122
0.541203
0.543792
0.546851
0.550408
0.554421
0.558917
0.563837
0.569206
0.574967
0.581128
0.587636
0.594503
0.601687
0.609196
0.617
0.625103
0.633482
0.642148
0.651084
0.660298
0.669779
0.679525
0.689522
0.699757
0.710218
0.720881
0.731809
0.742171
2.29403
1.16957
0.460053
0.422685
0.485794
0.546189
0.566073
0.566111
0.562391
0.559155
0.558398
0.558801
0.559888
0.561152
0.562024
0.562663
0.563255
0.563913
0.564648
0.565472
0.566393
0.567457
0.568709
0.570194
0.571942
0.574
0.576384
0.579128
0.582246
0.585761
0.589677
0.594015
0.598779
0.603977
0.609607
0.615665
0.622143
0.629032
0.636319
0.643987
0.652021
0.660399
0.669103
0.678115
0.687431
0.697017
0.706873
0.716959
0.727329
0.737182
1.88783
0.80507
0.34077
0.355364
0.406342
0.443121
0.452856
0.452684
0.451749
0.452601
0.455914
0.460538
0.466077
0.472142
0.478231
0.484353
0.490569
0.496889
0.503264
0.509651
0.516013
0.522338
0.528615
0.534844
0.54102
0.547154
0.553254
0.559345
0.565447
0.57159
0.577802
0.584101
0.590521
0.597081
0.603811
0.610724
0.617847
0.625189
0.632767
0.640583
0.648658
0.656984
0.665576
0.674412
0.683493
0.692806
0.702339
0.712078
0.722065
0.731558
1.87402
0.796327
0.339517
0.35666
0.398325
0.426968
0.434882
0.434835
0.433828
0.433316
0.434049
0.435683
0.43824
0.441448
0.44494
0.448772
0.453028
0.457746
0.462906
0.468488
0.474452
0.480775
0.487412
0.49434
0.501515
0.508912
0.516489
0.524228
0.532092
0.540068
0.548131
0.556292
0.564521
0.572841
0.581229
0.589714
0.598281
0.606958
0.615743
0.62464
0.633647
0.642783
0.652047
0.661453
0.670997
0.68069
0.690526
0.7005
0.710652
0.720264
1.88891
0.806045
0.345014
0.373645
0.43094
0.466892
0.47362
0.469567
0.464485
0.461383
0.460432
0.460402
0.460995
0.46196
0.462999
0.464172
0.465605
0.467366
0.469492
0.471995
0.474897
0.478209
0.481958
0.48614
0.490772
0.495837
0.501346
0.507268
0.513606
0.520321
0.527417
0.534847
0.542609
0.550661
0.558993
0.567561
0.576361
0.585353
0.594527
0.603874
0.613387
0.623045
0.632844
0.64276
0.652799
0.662938
0.673184
0.683516
0.694
0.703893
2.34071
1.12427
0.469016
0.447559
0.513126
0.574865
0.595481
0.594871
0.589573
0.58427
0.58126
0.57935
0.577786
0.576415
0.574861
0.573128
0.571356
0.569644
0.568035
0.566557
0.565234
0.564103
0.563189
0.56254
0.562186
0.562176
0.562528
0.563301
0.564487
0.566126
0.568247
0.570858
0.573983
0.577603
0.581746
0.58638
0.591523
0.597138
0.603235
0.609767
0.616733
0.624089
0.631817
0.639911
0.648325
0.657043
0.666027
0.675264
0.684761
0.693818
1.88937
0.807235
0.346152
0.36347
0.415821
0.456081
0.468552
0.469556
0.469007
0.468985
0.471273
0.47479
0.478997
0.483732
0.488555
0.493366
0.498206
0.503134
0.508109
0.51312
0.51811
0.523086
0.528011
0.532909
0.537752
0.542575
0.547354
0.552131
0.556909
0.561716
0.56656
0.571476
0.57646
0.581568
0.586795
0.592197
0.597761
0.603543
0.609524
0.615759
0.622221
0.628958
0.635944
0.643189
0.650681
0.658433
0.666425
0.674653
0.683136
0.691241
1.8891
0.807383
0.347463
0.364537
0.416093
0.454585
0.465034
0.463969
0.461094
0.458535
0.458069
0.45891
0.460496
0.462703
0.465122
0.467712
0.470581
0.473809
0.477402
0.481345
0.485611
0.490182
0.495038
0.500159
0.505525
0.51111
0.516895
0.522854
0.52897
0.535241
0.541644
0.548177
0.554828
0.561589
0.568454
0.575419
0.582486
0.589655
0.596932
0.604316
0.611817
0.61943
0.627168
0.635028
0.643024
0.651148
0.659413
0.667804
0.67637
0.684504
2.34274
1.12796
0.4727
0.449624
0.51638
0.580617
0.603064
0.603165
0.598086
0.593017
0.590235
0.58868
0.587553
0.586702
0.5857
0.584535
0.58331
0.582186
0.581149
0.580291
0.579553
0.579043
0.578698
0.578639
0.578797
0.579279
0.580044
0.581132
0.582559
0.584334
0.586465
0.588949
0.591789
0.594982
0.598528
0.602425
0.606666
0.611245
0.616151
0.621377
0.62691
0.632739
0.63885
0.645236
0.651876
0.658767
0.665887
0.67323
0.6808
0.688041
1.88982
0.808779
0.353421
0.381409
0.439685
0.479632
0.489589
0.487908
0.484862
0.483477
0.484904
0.487579
0.490927
0.494761
0.498661
0.502611
0.506673
0.510901
0.515264
0.519746
0.524308
0.52894
0.533623
0.538353
0.543123
0.547927
0.552767
0.557645
0.562569
0.567543
0.572576
0.577682
0.582863
0.588139
0.59351
0.598996
0.604595
0.610326
0.616186
0.622188
0.628337
0.634643
0.641107
0.647732
0.654521
0.661475
0.668594
0.675866
0.683321
0.69042
1.87526
0.799751
0.35115
0.378099
0.427534
0.459446
0.467093
0.465963
0.464281
0.463568
0.464095
0.465293
0.467194
0.469479
0.47183
0.474312
0.477019
0.480003
0.48327
0.48682
0.490641
0.494727
0.49907
0.503661
0.508491
0.513549
0.518821
0.524296
0.529959
0.535797
0.541801
0.54795
0.554252
0.560683
0.567253
0.573938
0.580753
0.587679
0.594728
0.601883
0.609154
0.616523
0.624004
0.631583
0.639273
0.647057
0.65495
0.662939
0.67107
0.678771
1.87423
0.799385
0.351674
0.375347
0.422432
0.4541
0.462313
0.46185
0.460734
0.460114
0.460384
0.461209
0.462692
0.464528
0.466376
0.468278
0.470334
0.47259
0.475063
0.477753
0.48067
0.483817
0.487205
0.490832
0.494709
0.49883
0.503203
0.507821
0.512687
0.517795
0.523147
0.528733
0.534552
0.540592
0.546849
0.553309
0.559968
0.566811
0.573837
0.581033
0.588397
0.595918
0.603595
0.611412
0.619363
0.627438
0.635645
0.643975
0.652461
0.660518
1.88906
0.809112
0.354849
0.362656
0.413294
0.452092
0.463034
0.46262
0.460831
0.459585
0.459621
0.460431
0.461971
0.463874
0.465702
0.467509
0.469427
0.471518
0.473804
0.476278
0.478945
0.481803
0.48486
0.488115
0.491575
0.49524
0.499116
0.503202
0.507504
0.512019
0.516753
0.521704
0.526875
0.532262
0.537867
0.543685
0.549718
0.55596
0.562409
0.569058
0.575904
0.582938
0.590154
0.597548
0.60512
0.612862
0.620765
0.628818
0.637042
0.644864
2.31231
1.20464
0.485403
0.431467
0.492566
0.556793
0.58278
0.586273
0.583608
0.580876
0.579589
0.579274
0.579763
0.580593
0.581132
0.581422
0.581655
0.581938
0.582315
0.582782
0.583349
0.584012
0.58479
0.585685
0.586715
0.587884
0.589208
0.590689
0.592344
0.594175
0.596198
0.598414
0.600839
0.603471
0.606325
0.6094
0.612708
0.616246
0.620026
0.624041
0.628302
0.6328
0.637546
0.642526
0.647752
0.653206
0.658891
0.664784
0.670915
0.676809
2.32252
1.22873
0.466083
0.405361
0.481435
0.557493
0.588656
0.593334
0.5907
0.587838
0.58685
0.587303
0.588594
0.590409
0.592091
0.593488
0.594819
0.596232
0.597785
0.599465
0.601268
0.60318
0.605208
0.607348
0.60961
0.611987
0.614491
0.617113
0.619865
0.62274
0.62575
0.628889
0.632168
0.635582
0.639143
0.642844
0.646698
0.650698
0.654858
0.65917
0.663646
0.66828
0.673084
0.678052
0.68319
0.688489
0.693957
0.699578
0.705376
0.710915
2.31271
1.20615
0.486653
0.432531
0.494346
0.559801
0.58686
0.59101
0.588958
0.586846
0.586276
0.586933
0.588442
0.590432
0.592231
0.593824
0.595398
0.597081
0.59891
0.600885
0.602994
0.605238
0.607615
0.610133
0.612789
0.615591
0.618533
0.621624
0.624857
0.628241
0.63177
0.63545
0.639276
0.643255
0.64738
0.651659
0.656084
0.660663
0.665387
0.670267
0.67529
0.680468
0.685789
0.691264
0.69688
0.702647
0.708551
0.714602
0.72081
0.726748
1.88895
0.809179
0.356054
0.364302
0.416384
0.457003
0.469101
0.469118
0.467532
0.466518
0.467163
0.468789
0.471272
0.474228
0.477162
0.480127
0.483236
0.486564
0.490107
0.493868
0.497823
0.501977
0.506312
0.510838
0.515537
0.520418
0.525463
0.53068
0.53605
0.541585
0.547263
0.553097
0.559065
0.565182
0.571425
0.577808
0.58431
0.590946
0.597694
0.60457
0.611552
0.618657
0.625863
0.633185
0.640601
0.64813
0.65575
0.663484
0.671346
0.678833
1.87422
0.800022
0.35529
0.38047
0.428584
0.460131
0.46765
0.466483
0.464742
0.46386
0.464077
0.464929
0.466471
0.468352
0.470184
0.472035
0.474
0.476138
0.47845
0.480944
0.483609
0.486459
0.489486
0.492706
0.496109
0.49971
0.503499
0.507489
0.51167
0.516053
0.520627
0.525403
0.53037
0.535537
0.540891
0.546441
0.552175
0.5581
0.564201
0.570488
0.576945
0.583579
0.590374
0.597337
0.604453
0.611727
0.619143
0.62671
0.634435
0.641797
1.87704
0.803103
0.359361
0.395136
0.451551
0.484553
0.490474
0.486942
0.482758
0.480812
0.480801
0.481597
0.483008
0.484673
0.486271
0.487892
0.489636
0.491549
0.493624
0.495862
0.498253
0.500807
0.50352
0.506399
0.509442
0.512656
0.516038
0.519595
0.523323
0.52723
0.531309
0.535569
0.540003
0.544619
0.54941
0.554382
0.559529
0.564856
0.570356
0.576034
0.581882
0.587904
0.594092
0.60045
0.606968
0.613649
0.620483
0.627469
0.634614
0.641425
1.19153
1.04879
0.497492
0.190539
0.0109058
0.108739
0.16029
0.208628
0.230213
0.234567
0.222858
0.211383
0.201057
0.19152
0.179484
0.16503
0.147698
0.127764
0.105943
0.0827985
0.0589759
0.035262
0.0158726
0.0232588
0.0469726
0.0712771
0.0954125
0.119118
0.142432
0.165333
0.18783
0.209903
0.231534
0.252674
0.272679
0.291779
0.311314
0.331686
0.351644
0.370808
0.389315
0.407308
0.424821
0.441869
0.458436
0.474527
0.490127
0.505241
0.519854
0.53397
0.547568
0.560649
0.573189
0.585183
0.596601
0.607433
0.617643
0.627217
0.636113
0.644314
0.651774
0.658475
0.664371
0.669447
0.673663
0.677016
0.679488
0.681102
0.681865
0.682033
0.681851
0.681284
0.679937
0.677421
0.674033
0.67042
0.666735
0.663013
0.65932
0.655738
0.652367
0.649281
0.646548
0.644202
0.642272
0.640762
0.639669
0.638971
0.638637
0.638609
0.638763
0.639096
0.639726
0.640813
0.642192
0.643703
0.645246
0.646914
0.648552
0.653328
1.1219
1.03596
0.806072
0.549166
0.502158
0.431222
0.381335
0.340603
0.310338
0.291781
0.260404
0.23012
0.210546
0.208795
0.215933
0.226483
0.238941
0.252852
0.26798
0.283831
0.300206
0.316673
0.332994
0.349163
0.365891
0.382871
0.400029
0.417124
0.434216
0.451143
0.467991
0.484616
0.501109
0.517339
0.532992
0.547904
0.562899
0.578616
0.594475
0.609696
0.624409
0.638777
0.652852
0.666623
0.680072
0.693184
0.705948
0.718355
0.730396
0.74206
0.753336
0.764209
0.774664
0.784684
0.794246
0.803332
0.811913
0.819967
0.827463
0.834374
0.840666
0.846311
0.851276
0.855537
0.859065
0.861847
0.863871
0.865141
0.865688
0.865694
0.865393
0.86472
0.863356
0.860959
0.857732
0.854249
0.850691
0.847119
0.843597
0.8402
0.837015
0.834112
0.831553
0.829372
0.827593
0.826216
0.825239
0.824634
0.824399
0.824422
0.824593
0.824922
0.825483
0.826443
0.827646
0.828981
0.830297
0.831708
0.832897
0.836696
1.07462
1.07544
1.00803
0.899566
0.83113
0.780829
0.744917
0.714826
0.690011
0.671917
0.6568
0.642458
0.632459
0.627319
0.625797
0.626048
0.627545
0.629942
0.633318
0.637577
0.642687
0.648453
0.654812
0.661639
0.669193
0.677349
0.686117
0.695269
0.704841
0.714641
0.724754
0.735001
0.745493
0.756037
0.766423
0.776365
0.78644
0.79722
0.808587
0.819679
0.830488
0.841103
0.85162
0.862013
0.872289
0.882395
0.892336
0.902068
0.9116
0.92089
0.929945
0.938721
0.947223
0.955402
0.963263
0.970752
0.97787
0.984563
0.990826
0.996605
1.00189
1.00663
1.01082
1.0144
1.01737
1.01969
1.02136
1.02236
1.02271
1.02258
1.02222
1.02153
1.0202
1.01798
1.01501
1.01176
1.00841
1.00506
1.00177
0.998629
0.995694
0.993039
0.990707
0.988738
0.987139
0.985924
0.985075
0.984577
0.984415
0.984468
0.984627
0.984925
0.985419
0.98626
0.987291
0.988454
0.989557
0.990725
0.991504
0.994567
1.04735
1.08415
1.08312
1.04971
1.00808
0.979375
0.961023
0.947247
0.934981
0.923863
0.914967
0.907224
0.900255
0.895078
0.892486
0.891196
0.890182
0.889142
0.888153
0.887363
0.886911
0.886859
0.887225
0.888156
0.889684
0.891853
0.894701
0.898128
0.902125
0.90659
0.911547
0.916902
0.922705
0.928805
0.934952
0.940936
0.947148
0.954074
0.961786
0.969653
0.977445
0.985161
0.992906
1.00066
1.00846
1.01623
1.02399
1.03166
1.03928
1.04676
1.05414
1.06134
1.06839
1.0752
1.08181
1.08813
1.09419
1.0999
1.10528
1.11026
1.11484
1.11895
1.1226
1.12571
1.12831
1.13031
1.13175
1.13256
1.13276
1.13257
1.13218
1.13147
1.13016
1.1281
1.12541
1.1224
1.11924
1.11608
1.11299
1.11006
1.10734
1.10491
1.10278
1.101
1.09955
1.09848
1.09773
1.09734
1.09723
1.0973
1.09744
1.09771
1.09816
1.09892
1.09981
1.10084
1.10178
1.10277
1.10326
1.10588
1.02102
1.06888
1.09374
1.09716
1.08809
1.08045
1.07668
1.0751
1.07343
1.0707
1.067
1.06402
1.06183
1.05889
1.05539
1.05255
1.04981
1.04686
1.04365
1.04029
1.03693
1.03375
1.03087
1.02845
1.02654
1.02529
1.02469
1.02477
1.02555
1.02688
1.02882
1.03129
1.03435
1.03781
1.04143
1.04504
1.04897
1.05364
1.05916
1.06505
1.07107
1.07713
1.08328
1.08951
1.09584
1.10224
1.10871
1.11518
1.12166
1.1281
1.1345
1.14079
1.14698
1.15301
1.15889
1.16454
1.16998
1.17513
1.18
1.18452
1.18869
1.19244
1.19577
1.19861
1.20097
1.20279
1.20409
1.20473
1.20483
1.20462
1.20423
1.2035
1.20218
1.20021
1.19775
1.19495
1.19196
1.18894
1.18599
1.18322
1.18066
1.17839
1.17641
1.17477
1.17345
1.17247
1.17181
1.17148
1.1714
1.17148
1.17162
1.1719
1.17236
1.17309
1.17388
1.17484
1.17568
1.17655
1.17689
1.17933
0.990661
1.04428
1.08044
1.10357
1.11571
1.12348
1.13037
1.13732
1.14324
1.14753
1.14972
1.15002
1.14953
1.14912
1.14773
1.14499
1.14166
1.13804
1.13433
1.13021
1.12596
1.12155
1.11737
1.11337
1.1099
1.10689
1.10461
1.10292
1.102
1.10163
1.10198
1.10292
1.1045
1.10654
1.10874
1.11104
1.11371
1.11713
1.12139
1.12611
1.13109
1.13624
1.1415
1.14688
1.15238
1.15799
1.16369
1.16946
1.17527
1.18109
1.18689
1.19265
1.19833
1.2039
1.20933
1.21458
1.21964
1.22445
1.229
1.23323
1.23713
1.24065
1.24376
1.24643
1.24863
1.25032
1.25145
1.25196
1.25198
1.25178
1.25138
1.25061
1.24926
1.24735
1.24501
1.24236
1.23952
1.23661
1.23377
1.2311
1.22864
1.22647
1.22459
1.22304
1.2218
1.2209
1.2203
1.22001
1.21996
1.22004
1.22019
1.2205
1.22097
1.22169
1.22244
1.22335
1.22414
1.22493
1.22519
1.22754
0.961075
1.01293
1.05592
1.089
1.11383
1.13233
1.14754
1.16076
1.17237
1.18178
1.18886
1.19338
1.19581
1.19649
1.1966
1.19593
1.19369
1.1903
1.18648
1.18232
1.17785
1.17322
1.16856
1.16402
1.15977
1.15596
1.15272
1.1501
1.14817
1.14687
1.14627
1.14628
1.147
1.14818
1.14951
1.151
1.15291
1.15558
1.15902
1.16298
1.16729
1.17185
1.17656
1.18143
1.18641
1.19151
1.19672
1.20204
1.20741
1.21282
1.21824
1.22364
1.22898
1.23424
1.23937
1.24435
1.24914
1.25372
1.25803
1.26206
1.26576
1.26911
1.27205
1.27459
1.27664
1.27819
1.27919
1.27958
1.27953
1.27933
1.27891
1.27808
1.27668
1.27477
1.27251
1.26996
1.26723
1.26443
1.26168
1.25908
1.2567
1.25459
1.25279
1.25129
1.25011
1.24923
1.24866
1.24841
1.24839
1.24847
1.24863
1.24896
1.24946
1.25018
1.25091
1.2518
1.25254
1.25328
1.25349
1.25578
0.934996
0.982694
1.02654
1.0645
1.09591
1.12131
1.14278
1.16111
1.17696
1.19027
1.20111
1.2091
1.21462
1.21774
1.21918
1.2195
1.21931
1.2178
1.21483
1.21095
1.20668
1.2023
1.19778
1.1933
1.18892
1.1849
1.18128
1.17825
1.17581
1.17404
1.17291
1.17245
1.17269
1.1734
1.17424
1.17529
1.1768
1.17905
1.18204
1.18554
1.18944
1.19363
1.19803
1.2026
1.20729
1.21211
1.21704
1.22208
1.22718
1.23234
1.23751
1.24268
1.2478
1.25284
1.25777
1.26256
1.26716
1.27155
1.27569
1.27955
1.28309
1.28628
1.28907
1.29144
1.29334
1.29475
1.29562
1.2959
1.29581
1.29559
1.29512
1.2942
1.29272
1.29082
1.2886
1.28613
1.28351
1.28083
1.27818
1.27565
1.27333
1.27127
1.2695
1.26803
1.26687
1.26601
1.26546
1.26524
1.26523
1.26531
1.26547
1.26584
1.26635
1.26708
1.2678
1.26867
1.26939
1.27009
1.27026
1.27253
0.911713
0.955332
0.997621
1.03718
1.07188
1.10184
1.1271
1.14893
1.16786
1.18423
1.19785
1.20889
1.21711
1.22296
1.22652
1.2285
1.22919
1.22928
1.22839
1.22606
1.22249
1.21862
1.21444
1.21031
1.20618
1.20234
1.19874
1.19566
1.19303
1.19108
1.18969
1.18902
1.189
1.18945
1.19002
1.19082
1.19213
1.19417
1.1969
1.20012
1.20375
1.20769
1.21188
1.21626
1.22078
1.22543
1.23018
1.23503
1.23996
1.24493
1.24992
1.25491
1.25985
1.26472
1.26947
1.27409
1.27852
1.28274
1.28672
1.29041
1.29378
1.2968
1.29943
1.30163
1.30338
1.30465
1.30536
1.30554
1.30544
1.30519
1.30464
1.30362
1.30207
1.30017
1.29799
1.29561
1.2931
1.29053
1.28799
1.28557
1.28332
1.28131
1.27957
1.27812
1.27698
1.27614
1.2756
1.27539
1.27539
1.27547
1.27564
1.27601
1.27654
1.27728
1.27799
1.27885
1.27955
1.28021
1.28035
1.28262
0.890151
0.929774
0.96982
1.00891
1.04496
1.07709
1.10527
1.12984
1.15131
1.16992
1.18588
1.19919
1.20996
1.21821
1.22415
1.2281
1.23054
1.23158
1.2318
1.23141
1.22994
1.22726
1.2237
1.21997
1.21627
1.21275
1.20942
1.20648
1.20393
1.20195
1.2005
1.19972
1.19959
1.19986
1.20027
1.20094
1.20215
1.20407
1.20661
1.20961
1.213
1.21671
1.22069
1.22488
1.22924
1.23373
1.23833
1.24301
1.24777
1.25257
1.25739
1.2622
1.26697
1.27167
1.27626
1.2807
1.28496
1.28901
1.29281
1.29632
1.29952
1.30235
1.30481
1.30685
1.30844
1.30954
1.3101
1.31019
1.31007
1.30978
1.30916
1.30804
1.30644
1.30454
1.30241
1.30011
1.29773
1.2953
1.29291
1.2906
1.28845
1.28651
1.28481
1.28339
1.28226
1.28142
1.28088
1.28067
1.28068
1.28075
1.28092
1.28129
1.28181
1.28255
1.28326
1.2841
1.28477
1.28541
1.28551
1.28778
0.870022
0.906438
0.944195
0.982136
1.01822
1.05133
1.08099
1.10736
1.1306
1.15107
1.16887
1.1842
1.19703
1.20754
1.21566
1.22176
1.22603
1.22887
1.23038
1.23094
1.23076
1.2299
1.22792
1.22504
1.22191
1.21874
1.21573
1.21298
1.2106
1.20866
1.20721
1.20635
1.20606
1.20615
1.20638
1.20692
1.20802
1.20982
1.21218
1.21496
1.21813
1.22162
1.22541
1.22942
1.23363
1.23799
1.24246
1.24702
1.25164
1.2563
1.26097
1.26562
1.27023
1.27476
1.27918
1.28345
1.28754
1.2914
1.29501
1.29833
1.30134
1.30399
1.30626
1.30811
1.30952
1.31045
1.31085
1.31085
1.31072
1.31039
1.30968
1.30847
1.30684
1.30495
1.30289
1.30071
1.29848
1.29622
1.294
1.29185
1.28982
1.28797
1.28634
1.28495
1.28384
1.28302
1.28248
1.28226
1.28226
1.28232
1.28248
1.28284
1.28335
1.28407
1.28477
1.28559
1.28624
1.28684
1.28693
1.2892
0.849293
0.883304
0.919169
0.955909
0.991607
1.02504
1.05559
1.08313
1.10778
1.12968
1.14907
1.166
1.18063
1.19296
1.20318
1.21125
1.21746
1.22201
1.22519
1.22716
1.22807
1.22814
1.22767
1.22638
1.22427
1.22159
1.21885
1.21625
1.21401
1.21213
1.21075
1.20984
1.20951
1.20943
1.20957
1.21005
1.21112
1.21287
1.21511
1.21772
1.22071
1.22402
1.22763
1.23149
1.23558
1.2398
1.24416
1.2486
1.2531
1.25761
1.26215
1.26664
1.27109
1.27545
1.2797
1.28378
1.28768
1.29135
1.29477
1.29789
1.3007
1.30315
1.30523
1.30688
1.30811
1.30886
1.30912
1.30907
1.30891
1.30852
1.30771
1.30641
1.30478
1.30295
1.301
1.29897
1.2969
1.29483
1.29278
1.2908
1.28891
1.28717
1.28562
1.28429
1.2832
1.28239
1.28184
1.28161
1.28158
1.28164
1.28179
1.28213
1.28261
1.28331
1.28398
1.28478
1.2854
1.28597
1.28603
1.28831
0.82864
0.86036
0.894339
0.929654
0.964563
0.997777
1.02867
1.05691
1.08253
1.10557
1.12623
1.14455
1.1607
1.17468
1.18666
1.19654
1.20456
1.21083
1.21562
1.21906
1.22136
1.22265
1.223
1.22273
1.22198
1.22049
1.21848
1.21624
1.21415
1.2124
1.21105
1.21021
1.2098
1.20965
1.20965
1.21014
1.2112
1.21286
1.21496
1.2174
1.22021
1.22333
1.22678
1.23048
1.23442
1.23851
1.24275
1.24706
1.25144
1.25582
1.26021
1.26455
1.26884
1.27302
1.27709
1.28097
1.28468
1.28814
1.29136
1.29426
1.29687
1.29909
1.30096
1.3024
1.30344
1.30397
1.30413
1.30406
1.30384
1.30336
1.30244
1.30109
1.2995
1.29777
1.29595
1.29409
1.2922
1.29032
1.28846
1.28665
1.28492
1.28331
1.28185
1.28059
1.27954
1.27875
1.27819
1.27794
1.27789
1.27794
1.27807
1.27836
1.27881
1.27947
1.28011
1.28088
1.28147
1.28201
1.28205
1.28434
0.810008
0.839347
0.871233
0.904794
0.938433
0.970897
1.00154
1.02997
1.0561
1.07991
1.10151
1.12094
1.13833
1.15371
1.16721
1.17873
1.18841
1.19634
1.20274
1.2077
1.21144
1.21405
1.21571
1.21648
1.21658
1.2161
1.21524
1.21388
1.21224
1.21066
1.20945
1.20864
1.20832
1.2081
1.2082
1.20882
1.21
1.21169
1.21374
1.21614
1.21888
1.22195
1.22532
1.22895
1.2328
1.23682
1.24097
1.24519
1.24946
1.25373
1.25798
1.26217
1.26629
1.27028
1.27413
1.2778
1.28128
1.28451
1.28748
1.29013
1.29247
1.29445
1.29606
1.29726
1.29806
1.2984
1.29843
1.29833
1.29805
1.29745
1.29641
1.29505
1.29354
1.29194
1.2903
1.28863
1.28695
1.28528
1.28362
1.28201
1.28045
1.279
1.27767
1.27651
1.27553
1.27476
1.27422
1.27394
1.27387
1.27391
1.27402
1.27428
1.27468
1.27529
1.27589
1.27661
1.27717
1.27765
1.27766
1.27997
0.795326
0.822047
0.851517
0.882933
0.914808
0.945987
0.975801
1.00386
1.02998
1.0541
1.07624
1.09645
1.11476
1.13125
1.14595
1.15893
1.17013
1.17967
1.18764
1.19418
1.19943
1.20352
1.20656
1.20868
1.20999
1.21061
1.21072
1.21042
1.20989
1.20918
1.20839
1.208
1.20787
1.20794
1.20831
1.20917
1.21054
1.21226
1.21433
1.21673
1.21945
1.22248
1.22578
1.22934
1.2331
1.23702
1.24106
1.24517
1.24931
1.25345
1.25754
1.26156
1.26548
1.26926
1.27288
1.27632
1.27954
1.28251
1.2852
1.28759
1.28964
1.29135
1.29268
1.29364
1.29418
1.29435
1.2943
1.29415
1.29377
1.29302
1.29189
1.29059
1.2892
1.28778
1.28633
1.28487
1.28342
1.28196
1.28052
1.27912
1.27776
1.27648
1.27531
1.27426
1.27337
1.27266
1.27214
1.27184
1.27176
1.27178
1.27187
1.27207
1.27242
1.27297
1.27353
1.27419
1.2747
1.27513
1.27511
1.27742
0.786007
0.810065
0.836963
0.866044
0.895887
0.92546
0.954069
0.981349
1.00705
1.0311
1.05342
1.07406
1.09302
1.11035
1.12607
1.14026
1.15282
1.16382
1.17332
1.18145
1.18826
1.1939
1.19844
1.20203
1.20473
1.20669
1.20798
1.20878
1.20916
1.20924
1.20915
1.20913
1.20923
1.20958
1.21024
1.21124
1.21262
1.21433
1.21639
1.21877
1.22146
1.22442
1.22764
1.23108
1.23473
1.23851
1.24242
1.24638
1.25036
1.25432
1.25824
1.26205
1.26576
1.26931
1.27269
1.27586
1.27881
1.28149
1.2839
1.28599
1.28776
1.28917
1.29023
1.29092
1.29122
1.29125
1.29116
1.29092
1.29038
1.28949
1.28836
1.28717
1.28594
1.28471
1.28348
1.28224
1.281
1.27976
1.27854
1.27734
1.27619
1.2751
1.27408
1.27317
1.27238
1.27172
1.27123
1.27092
1.27081
1.27082
1.27088
1.27103
1.27131
1.2718
1.2723
1.2729
1.27335
1.27371
1.27366
1.27598
0.780183
0.801925
0.826486
0.853328
0.881191
0.909097
0.936417
0.962743
0.987852
1.01159
1.0339
1.05474
1.07414
1.09209
1.10863
1.12377
1.13749
1.14976
1.16065
1.17018
1.17846
1.18553
1.19151
1.19647
1.20051
1.20372
1.20617
1.208
1.20933
1.21025
1.21088
1.2114
1.21193
1.2126
1.21346
1.21459
1.21602
1.21776
1.21982
1.22218
1.22481
1.22771
1.23082
1.23416
1.23766
1.2413
1.24503
1.24883
1.25262
1.2564
1.26009
1.2637
1.26715
1.27045
1.27355
1.27644
1.27908
1.28147
1.28355
1.28533
1.28677
1.28789
1.28865
1.28907
1.28917
1.28912
1.28895
1.28855
1.28783
1.28685
1.28581
1.28476
1.28372
1.28269
1.28166
1.28063
1.27961
1.27859
1.27759
1.27661
1.27566
1.27476
1.27392
1.27314
1.27245
1.27187
1.27141
1.2711
1.27096
1.27096
1.271
1.2711
1.27132
1.27171
1.27215
1.27268
1.27306
1.27335
1.27326
1.27558
0.776154
0.796154
0.818808
0.84371
0.869746
0.896037
0.922019
0.947304
0.971662
0.994934
1.01703
1.03791
1.05754
1.07592
1.09306
1.10897
1.12361
1.13697
1.14904
1.15985
1.16945
1.17789
1.18525
1.19155
1.1969
1.20133
1.20497
1.20788
1.2102
1.21198
1.21339
1.21452
1.21555
1.21656
1.2177
1.21898
1.22051
1.22229
1.22435
1.22666
1.22924
1.23204
1.23506
1.23824
1.24161
1.24506
1.24863
1.25221
1.25581
1.25935
1.26283
1.26616
1.26937
1.27238
1.27521
1.27778
1.28013
1.28217
1.28394
1.28538
1.28652
1.2873
1.28778
1.28792
1.28789
1.28776
1.28744
1.28682
1.28594
1.28502
1.28411
1.28324
1.28238
1.28154
1.28071
1.2799
1.27908
1.27829
1.2775
1.27674
1.27601
1.27531
1.27464
1.27401
1.27343
1.27293
1.27251
1.27221
1.27205
1.27202
1.27204
1.27212
1.27227
1.27257
1.27293
1.27338
1.27368
1.2739
1.27376
1.27608
0.773141
0.791822
0.813014
0.836389
0.86094
0.885884
0.910666
0.93498
0.958575
0.981331
1.00312
1.02391
1.04363
1.06229
1.07986
1.09635
1.11175
1.12601
1.13908
1.15101
1.16178
1.17146
1.18004
1.1876
1.19416
1.19982
1.2046
1.20861
1.21191
1.21464
1.21683
1.21866
1.22022
1.22167
1.22307
1.22458
1.2262
1.22803
1.23006
1.23234
1.23481
1.23752
1.24038
1.24344
1.2466
1.24989
1.25322
1.2566
1.25994
1.26326
1.26645
1.26954
1.27244
1.27518
1.27768
1.27997
1.28196
1.28369
1.2851
1.28622
1.287
1.2875
1.28767
1.28766
1.28754
1.28723
1.28664
1.28583
1.28498
1.28418
1.28342
1.28271
1.28203
1.28138
1.28075
1.28014
1.27953
1.27895
1.27839
1.27786
1.27734
1.27683
1.27634
1.27586
1.27539
1.27497
1.27461
1.27433
1.27414
1.27409
1.2741
1.27414
1.27423
1.27444
1.27472
1.27507
1.2753
1.27544
1.27526
1.27758
0.769794
0.787575
0.80772
0.829938
0.853317
0.877141
0.900957
0.924428
0.947375
0.969631
0.991126
1.01176
1.03153
1.05036
1.06828
1.08522
1.10123
1.1162
1.13013
1.14298
1.15479
1.16552
1.17523
1.18391
1.19164
1.19842
1.20432
1.20936
1.21367
1.21727
1.22027
1.22276
1.22488
1.22673
1.22846
1.23013
1.23187
1.23371
1.23572
1.2379
1.24028
1.24282
1.24554
1.24839
1.25138
1.25443
1.25754
1.26065
1.26375
1.26678
1.26971
1.27249
1.27512
1.27753
1.27974
1.28168
1.28336
1.28473
1.28582
1.28659
1.28707
1.28724
1.28723
1.2871
1.28677
1.28618
1.28537
1.28457
1.28382
1.28314
1.28252
1.28196
1.28145
1.28097
1.28051
1.28008
1.27968
1.2793
1.27895
1.27862
1.27831
1.27798
1.27764
1.27729
1.27694
1.2766
1.27629
1.27603
1.27584
1.27575
1.27573
1.27575
1.2758
1.27592
1.2761
1.27636
1.2765
1.27658
1.27637
1.27868
0.76566
0.782728
0.802092
0.823448
0.84596
0.868929
0.891941
0.914731
0.937111
0.958956
0.980162
1.00067
1.02042
1.0394
1.05755
1.07488
1.09135
1.10692
1.12153
1.13519
1.14784
1.15952
1.17018
1.17988
1.18859
1.19637
1.20322
1.20921
1.21436
1.21879
1.22252
1.22568
1.22836
1.23067
1.23273
1.23465
1.23651
1.23841
1.24039
1.2425
1.24475
1.24716
1.2497
1.25237
1.25512
1.25795
1.2608
1.26366
1.26647
1.26921
1.27183
1.27431
1.27661
1.27872
1.28058
1.28219
1.28352
1.28455
1.28527
1.28572
1.28586
1.28582
1.28567
1.28527
1.28462
1.2838
1.28299
1.28226
1.28161
1.28104
1.28055
1.28014
1.27978
1.27947
1.27919
1.27894
1.27874
1.27856
1.27843
1.27832
1.27819
1.27803
1.27785
1.27764
1.2774
1.27714
1.27688
1.27666
1.27648
1.27636
1.27632
1.27631
1.27633
1.27638
1.27646
1.2766
1.27666
1.27667
1.27643
1.27871
0.759639
0.776187
0.794938
0.815635
0.837461
0.859779
0.882182
0.904429
0.926356
0.947846
0.968818
0.989197
1.00895
1.02801
1.04637
1.06398
1.08085
1.0969
1.1121
1.12641
1.13981
1.15228
1.16382
1.17441
1.18407
1.19278
1.2006
1.20752
1.2136
1.21889
1.22348
1.22738
1.23071
1.23354
1.23602
1.23824
1.24033
1.24234
1.24436
1.24643
1.24861
1.25088
1.25326
1.25572
1.25827
1.26084
1.26344
1.26601
1.26852
1.27094
1.27325
1.2754
1.27737
1.27912
1.28065
1.28189
1.28285
1.28351
1.28388
1.28399
1.28392
1.2837
1.28318
1.28242
1.28155
1.28072
1.27996
1.2793
1.27873
1.27827
1.27791
1.27764
1.27743
1.27728
1.27716
1.2771
1.2771
1.27714
1.27722
1.27732
1.27737
1.27738
1.27734
1.27728
1.27716
1.27699
1.27681
1.27663
1.27647
1.27634
1.27626
1.27622
1.2762
1.2762
1.27621
1.27622
1.27619
1.27614
1.27582
1.27803
0.753902
0.76983
0.787954
0.807986
0.829121
0.850763
0.872533
0.894217
0.915664
0.936777
0.957468
0.977682
0.997357
1.01646
1.03495
1.0528
1.06996
1.08644
1.10214
1.11704
1.13111
1.14434
1.15668
1.16814
1.1787
1.18836
1.19712
1.205
1.212
1.21821
1.22362
1.22831
1.23233
1.2358
1.23879
1.24142
1.24376
1.24595
1.24804
1.25012
1.25221
1.25436
1.25657
1.25884
1.26115
1.26347
1.26578
1.26806
1.27025
1.27235
1.27431
1.27612
1.27774
1.27914
1.28029
1.28116
1.28174
1.28202
1.28206
1.28196
1.28163
1.28097
1.28005
1.27912
1.27822
1.2774
1.27668
1.27607
1.27559
1.27524
1.27502
1.27488
1.27481
1.2748
1.27482
1.27492
1.27514
1.27544
1.27572
1.27598
1.27619
1.27635
1.27645
1.27649
1.27647
1.27643
1.27634
1.27622
1.27607
1.27594
1.27582
1.27575
1.27568
1.27564
1.27558
1.27552
1.2754
1.27524
1.27477
1.27689
0.747666
0.763108
0.780684
0.800155
0.820726
0.841809
0.863059
0.884272
0.905327
0.926121
0.946588
0.966654
0.986281
1.0054
1.02401
1.04204
1.05948
1.07629
1.09242
1.10782
1.12248
1.13634
1.14939
1.16159
1.17294
1.18339
1.19298
1.20165
1.20946
1.2164
1.22254
1.22791
1.23257
1.23658
1.24003
1.24302
1.24565
1.24802
1.2502
1.25229
1.25432
1.25635
1.25838
1.26044
1.2625
1.26455
1.26656
1.26852
1.27037
1.27213
1.27374
1.2752
1.27646
1.2775
1.27826
1.27876
1.27896
1.27895
1.27878
1.27831
1.27751
1.2765
1.27546
1.27447
1.27355
1.27275
1.27206
1.27151
1.27113
1.2709
1.2708
1.27078
1.27079
1.27088
1.27109
1.27144
1.27187
1.27234
1.27277
1.27318
1.27353
1.27383
1.27406
1.27423
1.27433
1.27436
1.27434
1.27429
1.2742
1.27408
1.27394
1.27382
1.27371
1.27361
1.2735
1.27337
1.27315
1.2729
1.27232
1.27436
0.736523
0.752062
0.769668
0.789032
0.809404
0.830218
0.851187
0.872122
0.892937
0.91353
0.933859
0.953844
0.973456
0.992629
1.01135
1.02955
1.04724
1.06435
1.08083
1.09663
1.11173
1.12608
1.13967
1.15245
1.16443
1.17555
1.18585
1.19529
1.20389
1.21163
1.21858
1.2247
1.23009
1.23473
1.23878
1.24224
1.24527
1.2479
1.25028
1.25243
1.25448
1.25642
1.25834
1.26018
1.26203
1.26379
1.26551
1.26711
1.26865
1.27003
1.2713
1.27238
1.27328
1.27391
1.2743
1.2744
1.27434
1.27405
1.27337
1.27236
1.27126
1.27012
1.26901
1.26796
1.26701
1.26619
1.26554
1.26507
1.2648
1.2647
1.2647
1.26473
1.26485
1.26512
1.26558
1.26614
1.26675
1.26735
1.26795
1.2685
1.26902
1.26947
1.26985
1.27015
1.27037
1.2705
1.27056
1.27055
1.27051
1.27044
1.27032
1.27017
1.27001
1.26986
1.26967
1.26948
1.26917
1.26885
1.26816
1.27014
0.720743
0.736743
0.75475
0.774376
0.794861
0.815687
0.836604
0.857458
0.878186
0.898705
0.918983
0.938952
0.958587
0.977832
0.996669
1.01505
1.03296
1.05035
1.0672
1.08343
1.09903
1.11395
1.12817
1.14165
1.15437
1.16629
1.17742
1.1877
1.19716
1.20576
1.21356
1.22053
1.22672
1.23215
1.2369
1.241
1.24456
1.24763
1.25033
1.2527
1.25487
1.25682
1.25866
1.26036
1.26199
1.26348
1.26489
1.26615
1.26732
1.26832
1.26921
1.26988
1.27037
1.27055
1.27055
1.27038
1.26986
1.26897
1.2678
1.26654
1.26525
1.26399
1.26278
1.26166
1.26068
1.25987
1.25927
1.2589
1.25875
1.25874
1.25879
1.25891
1.2592
1.25971
1.26036
1.2611
1.26184
1.26262
1.26337
1.26411
1.26477
1.26539
1.26591
1.26636
1.26669
1.26696
1.2671
1.26716
1.26714
1.26711
1.26703
1.26689
1.26668
1.26647
1.26621
1.26594
1.26555
1.26515
1.26436
1.26627
0.709486
0.724776
0.742158
0.761244
0.78128
0.801739
0.82235
0.842967
0.863505
0.8839
0.904093
0.924039
0.943687
0.963005
0.981947
1.00049
1.0186
1.03624
1.05342
1.07007
1.08614
1.10161
1.11643
1.13058
1.14402
1.15673
1.16866
1.17982
1.19017
1.1997
1.20838
1.21626
1.22332
1.22959
1.23509
1.23989
1.24404
1.2476
1.25065
1.25328
1.25556
1.25755
1.25931
1.26087
1.26225
1.26347
1.26453
1.26545
1.26625
1.26691
1.26741
1.26769
1.26776
1.26769
1.26734
1.26656
1.26544
1.26415
1.26276
1.26132
1.25988
1.25847
1.25717
1.25599
1.25501
1.25424
1.25372
1.25346
1.25341
1.25344
1.25355
1.2538
1.25429
1.25498
1.25578
1.25665
1.25755
1.25846
1.25937
1.26023
1.26105
1.26179
1.26246
1.26302
1.26348
1.26383
1.26408
1.2642
1.26423
1.2642
1.26414
1.26403
1.26381
1.26356
1.26322
1.26288
1.2624
1.26194
1.26107
1.26292
0.705285
0.719215
0.735315
0.753236
0.772231
0.79179
0.811629
0.831605
0.851614
0.871593
0.891466
0.911187
0.930691
0.949945
0.968894
0.987516
1.00577
1.02363
1.04107
1.05806
1.07453
1.09047
1.10581
1.12054
1.13461
1.14799
1.16065
1.17256
1.18367
1.19399
1.20348
1.21215
1.21998
1.22699
1.23316
1.23857
1.24324
1.24725
1.25065
1.25355
1.25597
1.25801
1.25971
1.26113
1.26228
1.26321
1.26391
1.26448
1.2649
1.26518
1.26526
1.26521
1.26494
1.26428
1.26323
1.26192
1.26046
1.25889
1.25726
1.25561
1.25399
1.25246
1.25107
1.24987
1.24891
1.2482
1.24776
1.24762
1.24763
1.24771
1.2479
1.2483
1.24897
1.24982
1.25076
1.25177
1.25281
1.25386
1.25491
1.25591
1.25687
1.25775
1.25854
1.25923
1.25982
1.26027
1.26061
1.26082
1.26088
1.26087
1.26083
1.26073
1.26052
1.26023
1.25982
1.25941
1.25884
1.25831
1.25736
1.25915
0.698501
0.71223
0.727946
0.74537
0.763824
0.78284
0.802163
0.821662
0.841254
0.860873
0.88046
0.899956
0.919312
0.938476
0.957411
0.976071
0.99443
1.01245
1.03011
1.04737
1.06419
1.08052
1.09633
1.11156
1.1262
1.14018
1.15349
1.16608
1.17792
1.18898
1.19923
1.20865
1.21723
1.22495
1.23185
1.23792
1.2432
1.24774
1.25158
1.25478
1.25742
1.25956
1.26125
1.26255
1.26349
1.26411
1.2645
1.2647
1.26476
1.2647
1.26447
1.26391
1.26294
1.26164
1.26013
1.25845
1.25665
1.25477
1.25286
1.25098
1.24919
1.24754
1.2461
1.24489
1.24396
1.24331
1.24298
1.24291
1.24296
1.24309
1.24339
1.24396
1.24478
1.24575
1.24681
1.24794
1.24911
1.25029
1.25146
1.25259
1.25367
1.25467
1.25559
1.25639
1.25708
1.25764
1.25807
1.25835
1.25847
1.25847
1.25844
1.25835
1.25815
1.25784
1.25737
1.25689
1.25624
1.25563
1.2546
1.25634
0.700608
0.713108
0.727616
0.743907
0.761311
0.779361
0.79781
0.816525
0.835431
0.854456
0.873546
0.892635
0.911675
0.930609
0.949398
0.967991
0.986359
1.00445
1.02226
1.03972
1.05681
1.07346
1.08964
1.1053
1.1204
1.1349
1.14876
1.16193
1.17438
1.18607
1.19698
1.20705
1.2163
1.22468
1.2322
1.23886
1.24468
1.24968
1.2539
1.25741
1.26025
1.26248
1.26417
1.26535
1.26606
1.26639
1.26646
1.2664
1.26622
1.26578
1.26493
1.26368
1.26215
1.2604
1.25846
1.25639
1.25422
1.25202
1.24984
1.24775
1.24581
1.24408
1.2426
1.2414
1.2405
1.23992
1.23969
1.23968
1.23976
1.23995
1.24037
1.24108
1.24202
1.2431
1.24427
1.2455
1.24678
1.24807
1.24935
1.25059
1.25178
1.25289
1.25391
1.25482
1.25561
1.25626
1.25677
1.25712
1.2573
1.25733
1.25729
1.25721
1.25701
1.25669
1.25618
1.25564
1.25491
1.25423
1.25311
1.25478
0.702667
0.71478
0.728833
0.744555
0.761347
0.778769
0.796608
0.814739
0.833109
0.851645
0.870308
0.889029
0.907774
0.926474
0.945102
0.963592
0.981924
1.00003
1.0179
1.03546
1.05268
1.06948
1.08586
1.10173
1.11708
1.13185
1.14602
1.15953
1.17236
1.18445
1.19578
1.2063
1.21601
1.22487
1.23287
1.23999
1.24624
1.25164
1.25622
1.25999
1.26303
1.26536
1.26704
1.2681
1.26858
1.26864
1.26855
1.26829
1.26772
1.26671
1.26526
1.26351
1.26153
1.25935
1.25701
1.25455
1.25205
1.24957
1.24718
1.24494
1.24291
1.24113
1.23964
1.23847
1.23763
1.23713
1.23698
1.23701
1.23713
1.23738
1.23792
1.23875
1.23978
1.24093
1.24219
1.2435
1.24486
1.24623
1.24759
1.24892
1.2502
1.2514
1.2525
1.25349
1.25436
1.25509
1.25566
1.25607
1.25629
1.25635
1.25631
1.25623
1.25604
1.25572
1.25518
1.25458
1.25378
1.25305
1.25185
1.25346
0.692056
0.705006
0.719777
0.736055
0.753244
0.77093
0.788945
0.807184
0.825614
0.844176
0.862844
0.88156
0.900295
0.918992
0.937629
0.956147
0.974526
0.992706
1.01067
1.02833
1.04567
1.06262
1.07916
1.09522
1.11079
1.12581
1.14026
1.15407
1.16724
1.1797
1.19144
1.20238
1.21254
1.22184
1.23031
1.23787
1.24457
1.25035
1.25528
1.25934
1.2626
1.26504
1.26675
1.26771
1.26799
1.2679
1.26768
1.26718
1.26616
1.2646
1.26268
1.26048
1.25805
1.25544
1.2527
1.2499
1.24711
1.2444
1.24185
1.2395
1.23741
1.23561
1.23414
1.23301
1.23224
1.23184
1.23175
1.23181
1.23196
1.23231
1.23295
1.23389
1.23499
1.23623
1.23756
1.23896
1.2404
1.24186
1.2433
1.24472
1.24608
1.24737
1.24856
1.24964
1.25058
1.25139
1.25203
1.25251
1.25278
1.25287
1.25283
1.25276
1.25258
1.25225
1.25169
1.25106
1.2502
1.24941
1.24814
1.24972
0.674516
0.688185
0.703656
0.720561
0.738289
0.756445
0.774867
0.793463
0.812204
0.831041
0.849949
0.86888
0.887808
0.906684
0.92548
0.944152
0.962673
0.981
0.999114
1.01696
1.0345
1.05167
1.06847
1.08483
1.10074
1.11613
1.131
1.14527
1.15894
1.17194
1.18425
1.19579
1.20657
1.21651
1.22562
1.23381
1.24112
1.24747
1.25292
1.25742
1.26103
1.26372
1.26556
1.26647
1.26667
1.26651
1.26614
1.26534
1.2639
1.26188
1.25949
1.25683
1.25395
1.25092
1.24781
1.2447
1.24166
1.23876
1.23607
1.23364
1.2315
1.22971
1.22826
1.22718
1.22647
1.22616
1.22613
1.22621
1.22641
1.22685
1.2276
1.22864
1.22983
1.23116
1.23257
1.23407
1.2356
1.23716
1.23871
1.24023
1.24169
1.24309
1.24438
1.24557
1.2466
1.24751
1.24823
1.24878
1.24911
1.24924
1.24921
1.24915
1.24898
1.24866
1.24808
1.24741
1.24649
1.24566
1.24433
1.24586
0.658572
0.672149
0.687563
0.704467
0.722242
0.740496
0.759041
0.777782
0.796665
0.815649
0.834702
0.853781
0.872855
0.891882
0.910832
0.92966
0.948342
0.96683
0.985128
1.00325
1.02113
1.03871
1.05598
1.07287
1.08936
1.10541
1.12095
1.13596
1.15038
1.16416
1.17726
1.18963
1.20122
1.21199
1.22188
1.23086
1.23888
1.24594
1.25199
1.25704
1.26107
1.2641
1.26612
1.26705
1.26718
1.26699
1.26649
1.26541
1.26358
1.26111
1.25828
1.25515
1.25184
1.24841
1.24496
1.24155
1.23828
1.2352
1.23239
1.22988
1.22773
1.22593
1.22452
1.22348
1.22283
1.22259
1.22261
1.22271
1.22296
1.22349
1.22436
1.22549
1.22677
1.22819
1.2297
1.2313
1.23294
1.2346
1.23626
1.2379
1.23948
1.24098
1.24239
1.24367
1.24482
1.24581
1.24662
1.24725
1.24765
1.24781
1.24781
1.24775
1.24759
1.24728
1.24669
1.24598
1.24502
1.24414
1.24275
1.24424
0.687145
0.697641
0.710077
0.724225
0.739573
0.755662
0.77231
0.789365
0.806798
0.824512
0.842498
0.860658
0.878989
0.89739
0.915866
0.934317
0.952758
0.971107
0.989351
1.00744
1.02539
1.04311
1.06059
1.07773
1.09453
1.11089
1.12682
1.1422
1.15705
1.17125
1.1848
1.1976
1.20965
1.22085
1.23119
1.24059
1.24903
1.25646
1.26287
1.2682
1.27248
1.27566
1.27778
1.27865
1.27869
1.27845
1.2778
1.27643
1.27418
1.27126
1.26793
1.26432
1.26053
1.25667
1.25282
1.24909
1.24555
1.24228
1.23931
1.23671
1.23449
1.23267
1.23126
1.23025
1.22965
1.22946
1.22949
1.22962
1.22992
1.23053
1.23149
1.23265
1.234
1.23547
1.23704
1.23869
1.2404
1.24212
1.24385
1.24554
1.24719
1.24875
1.25023
1.25157
1.25279
1.25383
1.2547
1.25537
1.25582
1.25601
1.25601
1.25596
1.2558
1.25548
1.25487
1.25412
1.25311
1.25218
1.25072
1.25215
0.720501
0.730137
0.741501
0.754498
0.76865
0.783567
0.799057
0.815007
0.831382
0.848123
0.865202
0.882557
0.900152
0.917925
0.935837
0.953829
0.971863
0.989875
1.00784
1.02567
1.04336
1.06082
1.07805
1.09496
1.11153
1.12768
1.1434
1.1586
1.17328
1.18734
1.20077
1.21348
1.22547
1.23664
1.24698
1.25639
1.26488
1.27236
1.27884
1.28423
1.28858
1.29177
1.29388
1.29464
1.29459
1.29428
1.2935
1.29187
1.28926
1.28596
1.28221
1.27819
1.27399
1.26977
1.2656
1.26162
1.25788
1.25446
1.2514
1.24875
1.2465
1.24469
1.24328
1.24232
1.24176
1.24161
1.24165
1.2418
1.24215
1.24281
1.2438
1.24498
1.24634
1.24782
1.24941
1.25107
1.25278
1.25451
1.25624
1.25794
1.2596
1.26118
1.26266
1.26403
1.26525
1.26632
1.26721
1.26789
1.26836
1.26856
1.26857
1.26851
1.26835
1.26802
1.2674
1.26663
1.26559
1.26461
1.2631
1.26447
0.737012
0.747186
0.758998
0.772349
0.786712
0.801752
0.817247
0.833155
0.849401
0.865997
0.882867
0.900019
0.917365
0.934913
0.952567
0.970338
0.988127
1.00594
1.02368
1.0413
1.05869
1.07589
1.09279
1.1094
1.12562
1.14147
1.15684
1.17176
1.18612
1.19993
1.21309
1.22562
1.23739
1.24844
1.25863
1.26799
1.2764
1.28387
1.29031
1.29574
1.30005
1.30327
1.3053
1.30603
1.30588
1.30551
1.30465
1.30285
1.30001
1.29647
1.29246
1.28817
1.28373
1.2793
1.27497
1.27085
1.26703
1.26357
1.2605
1.25786
1.25564
1.25387
1.25252
1.2516
1.25111
1.25099
1.25105
1.25123
1.25161
1.2523
1.2533
1.2545
1.25585
1.25733
1.25891
1.26056
1.26226
1.26398
1.2657
1.26739
1.26904
1.27061
1.27209
1.27345
1.27468
1.27575
1.27664
1.27733
1.27781
1.27802
1.27803
1.27796
1.2778
1.27748
1.27686
1.27608
1.27502
1.27403
1.2725
1.27384
0.691877
0.704648
0.719031
0.734804
0.751369
0.768408
0.785705
0.803244
0.820945
0.838839
0.856852
0.87501
0.893224
0.91152
0.929804
0.948101
0.966315
0.984472
1.00247
1.02037
1.03805
1.05554
1.07271
1.08961
1.10612
1.12228
1.13795
1.15319
1.16787
1.18202
1.19551
1.20838
1.22048
1.23187
1.24239
1.25208
1.2608
1.26859
1.2753
1.28099
1.2855
1.2889
1.29103
1.2918
1.29165
1.29126
1.29036
1.2885
1.28554
1.28184
1.27768
1.27325
1.26869
1.26415
1.25977
1.25562
1.25181
1.24837
1.24535
1.24276
1.24061
1.2389
1.23763
1.23676
1.23634
1.23626
1.23634
1.23653
1.23695
1.23769
1.23873
1.23997
1.24136
1.24288
1.2445
1.24619
1.24793
1.24969
1.25146
1.25319
1.25489
1.25651
1.25804
1.25944
1.26071
1.26182
1.26275
1.26347
1.26398
1.26421
1.26423
1.26417
1.26402
1.2637
1.26309
1.26231
1.26125
1.26027
1.25874
1.26012
0.654689
0.667509
0.682118
0.698216
0.715181
0.732658
0.750449
0.768501
0.786751
0.805189
0.82376
0.842451
0.861202
0.879999
0.898784
0.917543
0.936216
0.954794
0.97322
0.991482
1.00954
1.02739
1.04497
1.06226
1.07919
1.09575
1.11187
1.12752
1.14263
1.15718
1.1711
1.18437
1.19689
1.20865
1.21956
1.2296
1.23867
1.24676
1.25378
1.2597
1.26444
1.26798
1.27023
1.27103
1.27091
1.27051
1.26956
1.26761
1.26451
1.26063
1.25628
1.25166
1.24694
1.24226
1.23775
1.23351
1.22962
1.22614
1.22309
1.22049
1.21835
1.21665
1.21539
1.21455
1.21415
1.21409
1.21418
1.21438
1.21483
1.21561
1.21669
1.21798
1.21941
1.22097
1.22263
1.22437
1.22616
1.22798
1.2298
1.2316
1.23335
1.23502
1.2366
1.23806
1.23938
1.24053
1.2415
1.24226
1.24279
1.24304
1.24307
1.24302
1.24286
1.24255
1.24193
1.24114
1.24006
1.23908
1.23754
1.23894
0.653333
0.665236
0.678947
0.694202
0.710405
0.727193
0.74438
0.761901
0.7797
0.797752
0.816008
0.834439
0.852994
0.871644
0.890336
0.909043
0.927712
0.946319
0.964811
0.983167
1.00133
1.01929
1.03698
1.05437
1.07141
1.08808
1.1043
1.12006
1.13528
1.14994
1.16398
1.17735
1.18998
1.20185
1.21287
1.22301
1.23219
1.24038
1.24748
1.25348
1.25829
1.26188
1.26417
1.26498
1.26486
1.26445
1.26348
1.26145
1.25823
1.2542
1.24969
1.24491
1.24002
1.23518
1.23053
1.22617
1.22217
1.2186
1.21548
1.21283
1.21064
1.20891
1.20762
1.20677
1.20637
1.20631
1.20639
1.2066
1.20705
1.20785
1.20896
1.21025
1.2117
1.21328
1.21495
1.21671
1.21851
1.22035
1.22218
1.224
1.22576
1.22746
1.22905
1.23053
1.23186
1.23303
1.23401
1.23478
1.23532
1.23558
1.23562
1.23556
1.23541
1.23509
1.23446
1.23365
1.23256
1.23155
1.23
1.23138
)
;

boundaryField
{
    inlet
    {
        type            calculated;
        value           uniform 3.00001;
    }
    outlet
    {
        type            calculated;
        value           nonuniform List<scalar> 
40
(
0.653328
0.836696
0.994567
1.10588
1.17933
1.22754
1.25578
1.27253
1.28262
1.28778
1.2892
1.28831
1.28434
1.27997
1.27742
1.27598
1.27558
1.27608
1.27758
1.27868
1.27871
1.27803
1.27689
1.27436
1.27014
1.26627
1.26292
1.25915
1.25634
1.25478
1.25346
1.24972
1.24586
1.24424
1.25215
1.26447
1.27384
1.26012
1.23894
1.23138
)
;
    }
    bottom
    {
        type            symmetryPlane;
    }
    top
    {
        type            symmetryPlane;
    }
    obstacle
    {
        type            calculated;
        value           uniform 0;
    }
    defaultFaces
    {
        type            empty;
    }
}


// ************************************************************************* //
