/*--------------------------------*- C++ -*----------------------------------*\
| =========                 |                                                 |
| \\      /  F ield         | OpenFOAM: The Open Source CFD Toolbox           |
|  \\    /   O peration     | Version:  2412                                  |
|   \\  /    A nd           | Website:  www.openfoam.com                      |
|    \\/     M anipulation  |                                                 |
\*---------------------------------------------------------------------------*/
FoamFile
{
    version     2.0;
    format      ascii;
    arch        "LSB;label=32;scalar=64";
    class       volScalarField;
    location    "4";
    object      T;
}
// * * * * * * * * * * * * * * * * * * * * * * * * * * * * * * * * * * * * * //

dimensions      [0 0 0 1 0 0 0];

internalField   nonuniform List<scalar> 
7000
(
1
1
1
1
1
1
1
1
1.00001
1.00001
1.00003
1.00003
1.00017
1.00017
1.00099
1.00116
1.00574
1.00003
1.04246
0.905578
1.10929
1.26593
1.89437
2.61132
2.6686
2.62296
2.61793
2.60592
2.60865
2.61721
2.62641
2.63684
2.64604
2.65318
2.66059
2.66888
2.67589
2.68297
2.69005
2.69543
2.70105
2.70615
2.70792
2.70754
2.70478
2.70247
2.70228
2.70571
2.71843
2.72248
1
1
1
1
1
1
1
1
1
1
1.00003
1.00002
1.00015
1.00017
1.00089
1.00116
1.0057
1.00005
1.04234
0.905675
1.10905
1.26518
1.89332
2.61087
2.66843
2.62224
2.61773
2.60579
2.60858
2.61716
2.62643
2.63683
2.64597
2.65307
2.66048
2.66877
2.67576
2.68283
2.68989
2.69527
2.70089
2.70598
2.70773
2.70734
2.70454
2.7022
2.70197
2.7054
2.71803
2.72179
1
1
1
1
1
1
1
1
1
1
1.00002
1.00002
1.00011
0.999919
1.00093
1.00026
1.00535
0.999822
1.04197
0.90588
1.1085
1.26353
1.89114
2.61002
2.66823
2.62014
2.61793
2.60567
2.60864
2.61709
2.62634
2.6367
2.64578
2.65285
2.66025
2.66849
2.67544
2.68248
2.68951
2.69488
2.70053
2.70564
2.7074
2.707
2.70423
2.7019
2.70167
2.70515
2.71778
2.72148
1
1
1
1
1
1
1
1
1
1
1.00001
1
1.00006
0.999822
1.00071
1.00011
1.00523
0.999887
1.04143
0.906234
1.10762
1.26102
1.88759
2.60871
2.66772
2.61742
2.61654
2.60536
2.60843
2.61706
2.62631
2.63646
2.6453
2.65229
2.65975
2.66806
2.67495
2.68184
2.68884
2.6942
2.69976
2.7049
2.70674
2.70637
2.70361
2.7012
2.70092
2.70436
2.71698
2.72057
1
1
1
1
1
1
1
1
1
1
1
0.999993
1.00003
0.999803
1.00059
1.00007
1.00516
0.999652
1.04099
0.906407
1.10631
1.2576
1.88278
2.60763
2.6646
2.61639
2.61526
2.60494
2.60803
2.61659
2.62572
2.63599
2.64498
2.65195
2.65928
2.66738
2.6741
2.68089
2.68772
2.69309
2.69888
2.70399
2.70565
2.70522
2.70248
2.70037
2.70016
2.70361
2.71627
2.71984
1
1
1
1
1
1
1
1
1
0.999998
0.999999
0.999986
1.00002
0.999805
1.00054
1.00006
1.0049
0.999436
1.04004
0.906769
1.10462
1.25323
1.87635
2.60527
2.66309
2.61722
2.61518
2.60342
2.60649
2.61512
2.62463
2.63517
2.64423
2.65095
2.65798
2.66606
2.67266
2.67941
2.68648
2.69176
2.69716
2.70243
2.70453
2.70423
2.70139
2.69867
2.6984
2.70202
2.7147
2.71804
1
1
1
1
1
1
1
1
1
0.999998
0.999999
0.999987
1.00002
0.999821
1.00051
1.00006
1.00466
0.999045
1.03901
0.907084
1.10246
1.24787
1.86832
2.60269
2.65878
2.62134
2.6133
2.60202
2.60478
2.61384
2.62367
2.63352
2.64185
2.64873
2.65601
2.66424
2.67108
2.67756
2.68442
2.69015
2.69595
2.7011
2.70283
2.70245
2.69992
2.69743
2.69698
2.70022
2.71295
2.71674
1
1
1
1
1
1
1
1
1
0.999999
1
0.999993
1.00002
0.999845
1.00048
1.00009
1.00434
0.998598
1.03779
0.907531
1.09982
1.24142
1.85884
2.60183
2.64464
2.62643
2.61249
2.60082
2.60334
2.61229
2.62153
2.63117
2.63937
2.6459
2.65326
2.66174
2.66874
2.67553
2.68235
2.68753
2.69312
2.69836
2.70031
2.69996
2.69712
2.69487
2.69463
2.69782
2.71079
2.71379
1
1
1
1
1
1
1
1
1
1
1
1
1.00003
0.999876
1.00045
1.00009
1.00374
0.998352
1.03635
0.908458
1.09678
1.23361
1.84669
2.59852
2.63124
2.62688
2.60985
2.59801
2.60033
2.60918
2.61851
2.62802
2.63641
2.64358
2.65112
2.65945
2.66592
2.67242
2.67979
2.68555
2.69123
2.69656
2.69862
2.6983
2.69557
2.69235
2.69193
2.69559
2.70743
2.71173
1
1
1
1
1
1
1
1
1
1
1.00001
1.00001
1.00004
0.999917
1.00044
1.00012
1.00332
0.997735
1.03471
0.909251
1.09321
1.22468
1.83183
2.59094
2.62466
2.62319
2.60789
2.59587
2.59796
2.60683
2.61615
2.62574
2.63414
2.64091
2.64814
2.65678
2.6636
2.66958
2.67607
2.6816
2.68731
2.6928
2.69509
2.69486
2.69248
2.68954
2.68833
2.69113
2.70482
2.70731
1
1
1
1
1
1
1
1
1
1
1.00001
1.00001
1.00005
0.999972
1.00042
1.00015
1.00288
0.99708
1.033
0.91033
1.08922
1.21447
1.81414
2.58019
2.61672
2.61842
2.60526
2.59303
2.59483
2.60372
2.6131
2.62256
2.63119
2.63827
2.64492
2.65249
2.65896
2.66556
2.67286
2.67865
2.68388
2.68869
2.69058
2.69028
2.68742
2.68492
2.68483
2.68777
2.69936
2.70427
1
1
1
1
1
1
1
1
1
1
1.00001
1.00001
1.00005
1.00003
1.00035
1.00015
1.00213
0.997009
1.03099
0.911991
1.08488
1.20311
1.79306
2.5652
2.60936
2.61347
2.60163
2.58962
2.59117
2.60038
2.60943
2.6193
2.62755
2.63477
2.64195
2.64977
2.65631
2.66195
2.66868
2.6744
2.68015
2.68555
2.68745
2.6871
2.68456
2.6807
2.67885
2.68148
2.69534
2.69768
1
1
1
1
1
1
1
1
1
1
1.00001
1.00001
1.00003
1.00007
1.00024
1.00022
1.00176
0.996585
1.02875
0.913812
1.08003
1.19086
1.76873
2.54635
2.59903
2.60917
2.59711
2.58555
2.58688
2.59613
2.60561
2.61461
2.62319
2.62966
2.6359
2.64388
2.65038
2.65706
2.66353
2.66889
2.67426
2.67948
2.68169
2.68146
2.67811
2.67508
2.67441
2.67569
2.68634
2.69267
1
1
1
1
1
1
1
1
1
1
1.00001
1.00001
1.00004
1.00005
1.00022
1.00004
1.00134
0.99615
1.02636
0.916121
1.07484
1.17791
1.74071
2.52232
2.5858
2.60346
2.5913
2.58009
2.58144
2.59103
2.60088
2.61024
2.61921
2.62642
2.63242
2.63961
2.64592
2.65081
2.6582
2.66297
2.66726
2.67246
2.67513
2.67501
2.67328
2.66774
2.66524
2.66784
2.68035
2.6829
1
1
1
1
1
1
1
1
1
1
1
0.999999
1
0.999984
1.00007
0.999733
1.00089
0.995838
1.02388
0.919084
1.06928
1.16408
1.7084
2.49194
2.56932
2.59627
2.58517
2.57475
2.57604
2.58522
2.59458
2.60369
2.61076
2.61811
2.62473
2.63251
2.64007
2.64622
2.65233
2.65846
2.66151
2.66459
2.66593
2.6656
2.66245
2.66064
2.65732
2.6567
2.66712
2.6743
1
1
1
1
1
1
1
1
1
0.999999
1
0.999995
1.00001
0.999944
0.999988
0.999603
1.00052
0.9957
1.02153
0.922858
1.06373
1.15114
1.67165
2.4534
2.54687
2.58426
2.57255
2.56763
2.56968
2.58041
2.59038
2.59998
2.60709
2.61291
2.61802
2.62398
2.62992
2.63583
2.64256
2.64866
2.65494
2.65876
2.6592
2.65826
2.65523
2.64707
2.64538
2.64696
2.65592
2.65812
1
1
1
1
1
1
1
1
1
1
1
0.999998
1.00004
0.99991
1
0.99927
0.999796
0.995242
1.01848
0.92479
1.05688
1.12801
1.63314
2.40995
2.51833
2.56932
2.55721
2.55694
2.55905
2.57006
2.58068
2.59169
2.60114
2.60805
2.61276
2.61904
2.62447
2.6279
2.63243
2.63582
2.63977
2.64638
2.64737
2.64651
2.64286
2.63817
2.63031
2.62654
2.63638
2.64198
1
1
1
1
1
1
1
1
1
1
1
0.999999
1
0.999994
1.00002
0.999959
1.00042
0.999397
1.00456
0.965519
1.05445
1.04442
1.59978
2.36353
2.48268
2.54794
2.53804
2.53976
2.54355
2.55704
2.56982
2.58116
2.5904
2.59976
2.60551
2.61039
2.61553
2.62086
2.62603
2.62902
2.63065
2.63277
2.63532
2.63395
2.62881
2.61697
2.6141
2.60945
2.61087
2.61174
1
1
1
1
1
1
1
1
1
1
1.00001
1.00001
1.00003
1.00003
1.00013
1.00022
1.00089
1.00048
1.00495
0.989955
1.03356
1.04894
1.51322
2.38081
2.44184
2.52783
2.51727
2.52056
2.52288
2.5343
2.54444
2.55598
2.56694
2.57924
2.5909
2.60021
2.60769
2.61054
2.6151
2.61767
2.61889
2.61883
2.61738
2.61798
2.61497
2.60461
2.58526
2.57592
2.57633
2.5693
1
1
1
1
1
1
1
1
1
1
1.00001
1.00001
1.00009
1.0001
1.00051
1.00074
1.00306
1.00189
1.01753
0.97178
1.04335
1.18906
1.40301
2.04924
2.37174
2.5267
2.52006
2.5159
2.51355
2.52024
2.52851
2.53676
2.54485
2.55623
2.56773
2.58019
2.59032
2.59881
2.60291
2.60787
2.60745
2.60548
2.60153
2.59224
2.58866
2.5792
2.56322
2.5372
2.51416
2.45434
1
1
1
1
1
1
1
1
1
1
1
1.00002
1.00002
1.0001
1.00011
1.00045
1.00085
1.00253
1.00574
1.01593
1.03218
1.12099
1.2831
1.75648
2.2758
2.50819
2.51562
2.51355
2.50875
2.51521
2.51929
2.52486
2.52827
2.53198
2.53801
2.54569
2.55933
2.56925
2.5788
2.58543
2.59044
2.58931
2.585
2.5752
2.55509
2.53785
2.50551
2.47113
2.41762
2.30607
1
1
1
1
1
1
1
1
1
1
1
1.00002
1.00002
1.00009
1.0001
1.00044
1.0006
1.00245
1.00346
1.01487
1.02148
1.08872
1.20295
1.58429
2.10615
2.44796
2.51648
2.51022
2.50684
2.50364
2.5063
2.50698
2.50734
2.50656
2.50694
2.5086
2.51332
2.52385
2.5327
2.542
2.5496
2.55606
2.55549
2.55052
2.53612
2.50585
2.46941
2.39879
2.32282
2.23199
1
1
1
1
1
1
1
1
1
1
1
1.00001
1.00001
1.00006
1.00006
1.00031
1.00037
1.00168
1.00219
1.00799
1.01426
1.0532
1.14509
1.32749
1.83281
2.28631
2.51977
2.51954
2.51512
2.49977
2.50366
2.50481
2.50404
2.50191
2.49652
2.49305
2.48772
2.4885
2.48919
2.49074
2.49425
2.49708
2.49948
2.49816
2.49288
2.47614
2.443
2.39021
2.29017
2.22507
1
1
1
1
1
1
1
1
1
1
1
1
1.00001
1.00001
1.00004
0.999901
1.00047
1.00012
1.00362
0.998696
1.03124
0.920862
1.08466
1.19698
1.72633
2.4328
2.50701
2.52279
2.50984
2.4999
2.49379
2.49991
2.50166
2.50112
2.49858
2.49292
2.48707
2.47887
2.4723
2.4642
2.45467
2.44981
2.44119
2.43613
2.42558
2.41563
2.39095
2.36401
2.29654
2.23051
1
1
1
1
1
1
1
1
1
1
1
1
1
0.999996
1.00004
0.999885
0.999981
0.998911
0.999382
0.992636
1.01311
0.919951
1.04903
1.08422
1.61199
2.37297
2.4402
2.50348
2.49049
2.49007
2.48717
2.48977
2.49608
2.49844
2.49756
2.49439
2.48734
2.48103
2.46852
2.45736
2.44205
2.4263
2.41009
2.39168
2.37439
2.35268
2.33382
2.30489
2.27633
2.23055
1
1
1
1
1
1
1
1
1
1
1
1
1
1.00002
1.00002
1.0001
1.00011
1.00056
1.00071
1.00339
1.00418
1.01617
1.04565
1.13983
1.33657
2.06172
2.35269
2.41998
2.43543
2.43779
2.44607
2.45695
2.47119
2.48331
2.4895
2.48935
2.4862
2.47948
2.4682
2.45476
2.44086
2.42076
2.40007
2.37638
2.34984
2.32162
2.29093
2.26203
2.22398
2.19965
1
1
1
1
1
1
1
1
1
1
1
1
1
1.00001
1.00001
1.00007
1.00008
1.00039
1.00039
1.00223
0.99766
1.02578
0.925681
1.0738
1.15998
1.67463
2.39079
2.42791
2.44206
2.43142
2.42282
2.42359
2.42836
2.43831
2.45055
2.46205
2.46945
2.46839
2.46341
2.45159
2.43922
2.42034
2.39851
2.37508
2.34653
2.31661
2.28224
2.24792
2.20934
2.17137
1
1
1
1
1
1
1
1
1
1
1
1
1
1.00002
1.00001
1.0001
1.0001
1.00063
1.00099
1.00382
1.00283
1.02064
0.97118
1.04849
1.21307
1.43306
2.07734
2.35708
2.44385
2.44141
2.42656
2.41816
2.41528
2.41673
2.42115
2.42399
2.42951
2.43533
2.44184
2.43938
2.4328
2.4185
2.39869
2.37619
2.34941
2.3199
2.28606
2.25049
2.21288
2.17297
1
1
1
1
1
1
1
1
1
1
1
1
1
1
1.00002
1.00002
1.00008
1.00012
1.00046
1.00071
1.00253
1.00448
1.01314
1.03087
1.08387
1.24426
1.61662
2.15056
2.39355
2.42584
2.42203
2.41554
2.40932
2.40248
2.40085
2.39541
2.3912
2.39064
2.39241
2.39703
2.40115
2.39938
2.39139
2.37451
2.35109
2.32531
2.2957
2.26198
2.22575
2.18761
1
1
1
1
1
1
1
1
1
1
1
1
1
1
1.00001
1.00001
1.00007
1.00007
1.00037
1.00033
1.00193
1.00207
1.01049
1.01294
1.05588
1.14982
1.33708
1.83831
2.22298
2.38632
2.40712
2.4066
2.40432
2.39905
2.3927
2.38852
2.37759
2.37243
2.36423
2.36188
2.36003
2.35868
2.3579
2.35452
2.344
2.32387
2.29936
2.27168
2.24058
2.20944
1
1
1
1
1
1
1
1
1
1
1
1
1
1
1
1.00002
1.00002
1.00013
1.00013
1.00069
1.00083
1.00392
1.00008
1.02625
0.936223
1.07109
1.15957
1.59201
2.24684
2.33597
2.37693
2.37905
2.37931
2.37826
2.37449
2.37124
2.36631
2.35625
2.34866
2.3372
2.332
2.32207
2.31804
2.30981
2.30644
2.30031
2.28781
2.26809
2.24335
2.21718
1
1
1
1
1
1
1
1
1
1
1
1
1
1
1
1
1.00002
1.00003
1.00012
1.00013
1.0005
1.001
1.00311
1.0059
1.01864
1.03591
1.14331
1.29519
1.86336
2.15511
2.34853
2.37102
2.36551
2.36352
2.35981
2.35706
2.35491
2.34978
2.34346
2.33265
2.32231
2.31031
2.29714
2.28561
2.27159
2.26037
2.24812
2.23776
2.22429
2.20833
1
1
1
1
1
1
1
1
1
1
1
1
1
1
1
1
1.00002
1.00002
1.00009
1.00009
1.00047
1.00058
1.00264
1.00168
1.01213
0.974976
1.06249
1.05676
1.5178
2.17153
2.28288
2.33391
2.34065
2.33504
2.33322
2.33412
2.33742
2.33798
2.33598
2.33062
2.32061
2.30929
2.29481
2.27918
2.26345
2.24454
2.22894
2.20916
2.19309
2.17525
1
1
1
1
1
1
1
1
1
1
1
1
1
1
1
1
1
1.00001
1.00002
1.00009
1.00013
1.00045
1.00077
1.00198
1.00526
1.0141
1.03012
1.10977
1.22443
1.63613
2.06074
2.28956
2.30869
2.30514
2.30514
2.30581
2.30874
2.3111
2.31639
2.31685
2.31368
2.30606
2.29383
2.27791
2.26233
2.243
2.22437
2.20417
2.18225
2.16284
1
1
1
1
1
1
1
1
1
1
1
1
1
1
1
1
1
1.00001
1.00001
1.00005
1.00006
1.00027
1.00027
1.00141
0.99944
1.00757
1.00669
1.04229
1.11124
1.24013
1.6702
2.08813
2.27898
2.29151
2.28627
2.28395
2.27889
2.27781
2.27608
2.27717
2.2796
2.28157
2.27908
2.27106
2.2588
2.24226
2.22378
2.2047
2.18244
2.16194
1
1
1
1
1
1
1
1
1
1
1
1
1
1
1
1
1
1
1.00001
1.00001
1.00007
1.00007
1.00038
1.00044
1.00205
1.00255
1.00995
1.0189
1.05735
1.14256
1.33364
1.75916
2.12846
2.28497
2.28845
2.28315
2.27714
2.26839
2.26034
2.24976
2.24418
2.23663
2.23356
2.23257
2.23056
2.22595
2.21584
2.20185
2.18309
2.16379
1
1
1
1
1
1
1
1
1
1
1
1
1
1
1
1
1
1
1
1.00002
1.00002
1.00009
1.00008
1.00046
1.00055
1.00215
1.00379
1.012
1.02478
1.05923
1.18541
1.45683
1.8428
2.14666
2.25802
2.27514
2.27377
2.26887
2.25962
2.24777
2.23583
2.22443
2.21197
2.20226
2.1932
2.18609
2.18095
2.1761
2.1686
2.15795
1
1
1
1
1
1
1
1
1
1
1
1
1
1
1
1
1
0.999999
0.999999
0.999994
0.999993
0.999963
0.999993
0.999769
1.00048
1.00001
1.00505
1.00289
1.0294
0.945877
1.07661
1.17674
1.54419
2.09421
2.1955
2.2361
2.2464
2.24962
2.24735
2.24075
2.23028
2.22021
2.20801
2.19587
2.1832
2.17157
2.15954
2.14952
2.13824
2.13006
1
1
1
1
1
1
1
1
1
1
1
1
1
1
1
1
1
1
1
1
1
1.00002
1.00002
1.00011
1.00014
1.00058
1.00075
1.00322
1.00456
1.01638
1.03665
1.0963
1.2608
1.61129
1.97203
2.17825
2.21771
2.22778
2.22754
2.22631
2.22165
2.2149
2.20614
2.1956
2.18422
2.17187
2.15959
2.14605
2.13323
2.12071
1
1
1
1
1
1
1
1
1
1
1
1
1
1
1
1
1
1
1
1
1
1.00001
1.00001
1.00005
1.00005
1.00027
1.00031
1.00139
1.00199
1.00635
1.01101
1.03905
1.1062
1.21042
1.61389
2.02954
2.16128
2.1804
2.18276
2.1879
2.18841
2.18882
2.18957
2.18733
2.18202
2.17243
2.16209
2.15133
2.13827
2.12911
1
1
1
1
1
1
1
1
1
1
1
1
1
1
1
1
1
1
1
1
1
1
1.00001
1.00001
1.00005
1.00005
1.00027
1.0004
1.00132
1.00247
1.00785
1.01286
1.04613
1.11416
1.23339
1.62894
2.0085
2.15954
2.17351
2.16997
2.16698
2.16146
2.15434
2.15249
2.15298
2.15275
2.15174
2.14842
2.14725
2.14331
1
1
1
1
1
1
1
1
1
1
1
1
1
1
1
1
1
1
1
1
1
1
1
1.00001
1.00001
1.00006
1.00006
1.00033
1.0004
1.00144
1.00281
1.00908
1.01398
1.05131
1.11795
1.24851
1.60434
1.9525
2.14567
2.17206
2.16953
2.16505
2.15564
2.14673
2.14077
2.13731
2.13794
2.14038
2.14813
2.15935
1
1
1
1
1
1
1
1
1
1
1
1
1
1
1
1
1
1
1
1
1
1
1
1
1.00001
1
1.00002
0.999943
1.00027
1.00003
1.00182
1.00026
1.01303
0.962204
1.04425
1.06493
1.33084
1.68719
1.96951
2.12956
2.16047
2.16146
2.15987
2.15598
2.14856
2.14664
2.14911
2.15579
2.1683
2.19062
1
1
1
1
1
1
1
1
1
1
1
1
1
1
1
1
1
1
1
1
1
1
1
1
1
1.00001
1.00001
1.00004
1.00002
1.00024
1.00001
1.00143
1.00123
1.00887
1.00677
1.04215
1.04767
1.32382
1.68696
1.96682
2.12047
2.14798
2.15575
2.1622
2.17005
2.17803
2.19406
2.21275
2.23815
2.26589
1
1
1
1
1
1
1
1
1
1
1
1
1
1
1
1
1
1
1
1
1
1
1
1
1
1
1.00001
1.00001
1.00006
1.00007
1.00033
1.00042
1.00189
1.00217
1.00879
1.01532
1.04762
1.11971
1.24746
1.58002
1.91141
2.09031
2.15105
2.18119
2.21337
2.24332
2.27705
2.31082
2.3405
2.35928
1
1
1
1
1
1
1
1
1
1
1
1
1
1
1
1
1
1
1
1
1
1
1
1
1
1
1
1
1
1.00002
0.999928
1.00027
1.00004
1.00191
1.00059
1.01272
0.964019
1.04548
1.063
1.33397
1.68091
1.96971
2.1438
2.24966
2.32222
2.36686
2.39741
2.40987
2.4098
2.40538
1
1
1
1
1
1
1
1
1
1
1
1
1
1
1
1
1
1
1
1
1
1
1
1
1
1
1
1
1.00001
1.00001
1.00007
1.00006
1.00037
1.00041
1.0019
1.00198
1.00923
1.00644
1.05275
1.01883
1.41559
1.86438
2.23905
2.43085
2.51638
2.51105
2.4995
2.47923
2.446
2.41578
1
1
1
1
1
1
1
1
1
1
1
1
1
1
1
1
1
1
1
1
1
1
1
1
1
1
1
1
1
1.00001
1.00001
1.00006
1.00002
1.00033
1.00031
1.00165
0.996964
1.02767
0.907669
1.09521
1.19927
1.80317
2.64033
2.69897
2.69677
2.63159
2.56334
2.51722
2.4854
2.45971
1
1
1
1
1
1
1
1
1
1
1
1
1
1
1
1
1
1
1
1
1
1
1
1
1
1
1
1
1
1.00001
1
1.00002
0.999997
1.00005
0.999439
0.999833
0.993262
1.02018
0.898083
1.08999
1.18474
1.84061
2.76325
2.78474
2.72292
2.63056
2.57147
2.52458
2.49947
2.48147
1
1
1
1
1
1
1
1
1
1
1
1
1
1
1
1
1
1
1
1
1
1
1
1
1
1
1
1
1.00001
1.00001
1.00003
1.00003
1.00016
1.00018
1.00067
1.00111
1.00428
1.01108
1.01879
1.10107
1.21625
1.79682
2.25695
2.70642
2.75758
2.74045
2.70565
2.65785
2.62306
2.59975
1
1
1
1
1
1
1
1
1
1
1
1
1
1
1
1
1
1
1
1
1
1
1
1
1
1
1
1
1
1
1.00001
1.00001
1.00003
0.999972
0.99967
0.999742
0.995863
1.00383
0.935434
1.07819
1.09363
1.79295
2.76529
2.75182
2.6904
2.65548
2.63382
2.62192
2.61792
2.61458
1
1
1
1
1
1
1
1
1
1
1
1
1
1
1
1
1
1
1
1
1
1
1
1
1
1
1
1
1
1
1.00002
1.00002
1.00008
1.0001
1.0002
1.00059
0.998631
1.00711
0.950149
1.07118
1.07654
1.77702
2.6877
2.73605
2.67918
2.63363
2.59504
2.58718
2.59033
2.59564
1
1
1
1
1
1
1
1
1
1
1
1
1
1
1
1
1
1
1
1
1
1
1
1
1
1
1
1
1
1
1.00001
1.00002
1.00005
1.00011
1.0002
1.00009
0.998182
1.00278
0.968703
1.04201
1.0571
1.71219
2.64803
2.70215
2.67727
2.64626
2.60637
2.58962
2.59057
2.59476
1
1
1
1
1
1
1
1
1
1
1
1
1
1
1
1
1
1
1
1
1
1
1
1
1
1
1
1
1
1
1.00002
1.00002
1.00011
1.0001
1.00061
1.00058
1.00229
1.00515
0.993479
1.04242
1.00239
1.6738
2.58504
2.67005
2.66479
2.6426
2.60737
2.59874
2.60209
2.61022
1
1
1
1
1
1
1
1
1
1
1
1
1
1
1
1
1
1
1
1
1
1
1
1
1
1
1
1
1
1
1.00002
1.00003
1.00021
1.0002
1.00142
1.00167
1.00813
1.00409
1.04168
0.966495
1.15262
1.39158
2.06067
2.68641
2.79924
2.76661
2.72854
2.6993
2.67029
2.64668
1
1
1
1
1
1
1
1
1
1
1
1
1
1
1
1
1
1
1
1
1
1
1
1
1
1
1
1
1
1
1.00002
1.00002
1.00015
1.00014
1.00103
1.00122
1.00697
0.999843
1.04785
0.90209
1.13734
1.35609
2.00385
2.66469
2.81976
2.7825
2.73096
2.70544
2.67616
2.64396
1
1
1
1
1
1
1
1
1
1
1
1
1
1
1
1
1
1
1
1
1
1
1
1
1
1
1
1
1
1
1.00002
1.00003
1.00016
1.00017
1.00114
1.00135
1.00757
1.00074
1.04886
0.90592
1.14244
1.35023
1.99606
2.62608
2.80899
2.77926
2.74383
2.70915
2.66664
2.62648
1
1
1
1
1
1
1
1
1
1
1
1
1
1
1
1
1
1
1
1
1
1
1
1
1
1
1
1
1
1
1.00002
1.00002
1.0001
1.00014
1.00046
1.00115
1.00378
1.00575
1.01998
1.0348
1.1416
1.46769
2.34504
2.57064
2.64107
2.6364
2.62221
2.62358
2.62891
2.63972
1
1
1
1
1
1
1
1
1
1
1
1
1
1
1
1
1
1
1
1
1
1
1
1
1
1
1
1
1
1
1.00002
1.00002
1.00006
1.00012
1.00035
1.00098
1.00267
1.00496
1.01603
1.03515
1.13561
1.45548
2.20546
2.53696
2.64686
2.63221
2.61072
2.61258
2.62318
2.65354
1
1
1
1
1
1
1
1
1
1
1
1
1
1
1
1
1
1
1
1
1
1
1
1
1
1
1
1
1
1
1.00002
1.00002
1.00011
1.00013
1.00061
1.00079
1.00309
1.00534
1.01874
1.0368
1.12228
1.43889
2.19297
2.53064
2.65091
2.63922
2.60645
2.60588
2.61501
2.64305
2.128
2.58931
2.90994
2.99173
2.934
2.86681
2.84449
2.81991
2.80532
2.7937
2.78007
2.7734
2.76214
2.75153
2.74303
2.73644
2.73229
2.72862
2.72846
2.73542
2.74709
2.77045
2.7951
2.82557
2.85283
2.8737
2.89651
2.90897
2.92371
2.93765
2.94347
2.94771
2.9491
2.94873
2.94426
2.94167
2.93468
2.93057
2.91957
2.91372
2.90134
2.89534
2.88317
2.87683
2.86368
2.85716
2.84392
2.83704
2.82498
2.8164
2.8044
2.79554
2.7826
2.77501
2.7611
2.75374
2.73994
2.73123
2.71793
2.70804
2.69456
2.68445
2.67045
2.66041
2.64637
2.63608
2.62256
2.61204
2.59913
2.58883
2.57642
2.56649
2.55463
2.54509
2.53366
2.5248
2.51347
2.5055
2.49422
2.48701
2.47593
2.46919
2.45853
2.45196
2.44187
2.43528
2.42569
2.4192
2.40973
2.40354
2.39393
2.38822
2.37843
2.37315
2.36344
2.35857
2.34959
2.34585
2.33937
2.33935
2.12033
2.34352
2.73834
2.96193
3.10282
3.2152
3.0899
3.01603
3.06325
3.06865
3.04636
3.02926
3.01562
2.99297
2.97062
2.953
2.93875
2.9242
2.91769
2.91405
2.91412
2.91693
2.92262
2.92981
2.93339
2.93524
2.93443
2.92078
2.89651
2.87991
2.86683
2.85291
2.83944
2.82781
2.8193
2.80788
2.7983
2.78848
2.77728
2.76517
2.75097
2.73868
2.72444
2.71278
2.69838
2.68695
2.67473
2.66591
2.65676
2.64995
2.64252
2.63636
2.6288
2.62219
2.6135
2.60519
2.59689
2.58603
2.57868
2.56529
2.55781
2.54353
2.53485
2.52104
2.51126
2.49817
2.48772
2.47515
2.46436
2.45186
2.44109
2.42845
2.41783
2.40533
2.3946
2.38257
2.37163
2.36023
2.34897
2.33823
2.3268
2.31656
2.30513
2.29527
2.28394
2.27444
2.26318
2.25421
2.24301
2.23475
2.22355
2.21598
2.20495
2.19799
2.1875
2.18115
2.1718
2.1667
2.16008
2.15866
2.14233
2.20574
2.35581
2.55511
2.7047
2.93375
3.0295
3.07694
3.12931
3.12801
3.08005
3.0342
3.02992
3.03805
3.06286
3.1085
3.12016
3.11094
3.08975
3.07378
3.05039
3.03186
3.02028
2.98882
2.95403
2.90874
2.85922
2.8198
2.79681
2.77763
2.75965
2.74133
2.72256
2.70515
2.68798
2.67327
2.65973
2.64712
2.6351
2.6226
2.61015
2.59712
2.58364
2.56862
2.5523
2.53505
2.51786
2.50093
2.48478
2.47006
2.45742
2.44725
2.43988
2.43521
2.43308
2.43255
2.4329
2.43411
2.43581
2.437
2.43768
2.43751
2.4368
2.43376
2.43081
2.42433
2.41915
2.41089
2.40416
2.39497
2.3867
2.37714
2.36744
2.35798
2.3471
2.33795
2.32629
2.31745
2.3053
2.2965
2.28414
2.27505
2.26253
2.25335
2.24052
2.23152
2.21839
2.2096
2.19644
2.18777
2.17487
2.16633
2.15394
2.14546
2.13398
2.1257
2.11573
2.10833
2.10142
2.09732
2.15827
2.15073
2.19329
2.26387
2.36313
2.45265
2.61499
2.74816
2.86852
2.96556
3.00306
3.00154
3.00286
3.01207
3.0241
3.04408
3.07241
3.09678
3.111
3.09843
3.05956
3.00625
2.95264
2.90089
2.85231
2.81393
2.78925
2.77527
2.76352
2.75146
2.73848
2.72396
2.70817
2.69024
2.67135
2.65351
2.63679
2.62161
2.60736
2.59389
2.58154
2.56908
2.55782
2.54418
2.52962
2.51197
2.49392
2.47377
2.45331
2.43134
2.40993
2.38898
2.36977
2.35271
2.33777
2.3258
2.31579
2.30837
2.30263
2.29879
2.29602
2.29446
2.29354
2.29322
2.29299
2.29296
2.29284
2.29259
2.29165
2.2906
2.28774
2.28523
2.27949
2.27546
2.26743
2.26242
2.25302
2.24721
2.23662
2.23003
2.21902
2.21151
2.20075
2.19215
2.18187
2.17235
2.16221
2.1522
2.14187
2.13143
2.12108
2.11011
2.10005
2.08865
2.07921
2.06761
2.05932
2.04826
2.04234
2.03431
2.16185
2.13546
2.13549
2.14827
2.18505
2.22881
2.29295
2.36941
2.45193
2.55658
2.66094
2.75745
2.81676
2.85598
2.87691
2.88169
2.88106
2.87985
2.87694
2.88206
2.86668
2.83012
2.77766
2.72757
2.6912
2.66405
2.64873
2.63991
2.63553
2.63078
2.62492
2.61842
2.61111
2.60398
2.59501
2.58556
2.57578
2.56661
2.55698
2.54719
2.53799
2.52756
2.51934
2.50924
2.50013
2.48683
2.47379
2.45702
2.43989
2.4186
2.39715
2.37424
2.35215
2.33194
2.3122
2.29689
2.28148
2.27085
2.25991
2.25305
2.24505
2.24049
2.23412
2.23085
2.22536
2.22265
2.21735
2.21464
2.20908
2.20606
2.20012
2.1968
2.19119
2.18756
2.18223
2.17797
2.17214
2.16693
2.16076
2.15487
2.14854
2.14215
2.13577
2.1289
2.12249
2.11514
2.10871
2.10091
2.09451
2.08624
2.07992
2.07112
2.06484
2.0555
2.0492
2.0395
2.03335
2.02389
2.01894
2.01225
2.1516
2.12574
2.11027
2.10733
2.11026
2.12339
2.15106
2.18483
2.225
2.27909
2.3449
2.41786
2.48318
2.54196
2.59643
2.63748
2.67219
2.68997
2.70733
2.70561
2.68849
2.63614
2.58732
2.54017
2.5
2.47046
2.45705
2.45239
2.45335
2.45338
2.45407
2.45358
2.45268
2.45052
2.44778
2.44547
2.44426
2.44297
2.44115
2.43829
2.43523
2.43046
2.42547
2.41916
2.41232
2.40292
2.39317
2.38129
2.36773
2.35164
2.33292
2.31412
2.29377
2.27607
2.25805
2.24366
2.22988
2.22022
2.21116
2.20583
2.2001
2.19719
2.19288
2.19078
2.18672
2.18462
2.18023
2.17767
2.17204
2.16844
2.16108
2.15578
2.14776
2.14176
2.1334
2.12686
2.11847
2.11136
2.10322
2.09547
2.0879
2.07977
2.0731
2.06483
2.05912
2.05081
2.04579
2.03748
2.03276
2.02447
2.01977
2.01154
2.0067
1.99852
1.99351
1.98537
1.98018
1.97262
1.9682
1.96339
2.1241
2.0972
2.07913
2.06878
2.06457
2.06695
2.07199
2.08759
2.10866
2.13308
2.16729
2.21163
2.25917
2.30408
2.35611
2.39746
2.438
2.48742
2.52583
2.54757
2.53745
2.4956
2.44792
2.39592
2.35831
2.33043
2.31365
2.30464
2.3136
2.32563
2.34179
2.35072
2.36085
2.3657
2.37086
2.3722
2.37382
2.37373
2.37297
2.37127
2.36791
2.36337
2.35842
2.35302
2.34577
2.33617
2.32493
2.31237
2.29767
2.28151
2.26341
2.24577
2.22735
2.21067
2.19481
2.18253
2.17199
2.16521
2.15929
2.15614
2.15258
2.15089
2.14783
2.1462
2.14266
2.14036
2.13539
2.13158
2.12514
2.12002
2.11335
2.10769
2.10088
2.09483
2.08815
2.08215
2.07601
2.0701
2.06458
2.05837
2.05331
2.04648
2.04184
2.03438
2.03019
2.02245
2.01859
2.01102
2.00732
1.99994
1.99622
1.98899
1.98499
1.97788
1.97357
1.96665
1.9621
1.95583
1.95186
1.94824
2.11762
2.08518
2.05508
2.03375
2.02303
2.01646
2.01759
2.02105
2.02891
2.04416
2.065
2.08589
2.12059
2.15594
2.19038
2.2374
2.27618
2.33142
2.39897
2.42933
2.41854
2.38207
2.33496
2.29459
2.25302
2.22507
2.21065
2.20614
2.20945
2.22405
2.24282
2.26288
2.27796
2.29008
2.29642
2.29994
2.30283
2.30404
2.30344
2.30211
2.2993
2.29445
2.2894
2.28465
2.27901
2.27224
2.26348
2.25296
2.24061
2.22696
2.21236
2.19803
2.18396
2.17144
2.16002
2.15123
2.14397
2.13939
2.13552
2.13356
2.13123
2.13009
2.12782
2.12644
2.12325
2.12087
2.11584
2.11077
2.10332
2.09609
2.08747
2.07938
2.07042
2.06213
2.05339
2.045
2.03694
2.02861
2.02173
2.01355
2.00799
1.9999
1.99529
1.98725
1.98304
1.97518
1.97102
1.96348
1.95929
1.95222
1.94822
1.94178
1.93797
1.93215
1.92825
1.92326
1.91912
1.91538
1.91177
1.9108
2.12566
2.0855
2.05238
2.02289
1.99789
1.98442
1.97386
1.9713
1.97404
1.97763
1.99052
2.00857
2.02814
2.06677
2.09084
2.13077
2.18748
2.25148
2.33358
2.35819
2.34068
2.30591
2.2653
2.21899
2.17562
2.14539
2.13127
2.1224
2.11611
2.12083
2.13279
2.1513
2.17027
2.18675
2.19806
2.20334
2.20647
2.20786
2.20766
2.20703
2.20497
2.20217
2.19882
2.19527
2.19142
2.18696
2.18084
2.17279
2.16343
2.1538
2.14461
2.13604
2.12807
2.12097
2.11502
2.11089
2.10783
2.10615
2.10463
2.10388
2.1025
2.10155
2.09916
2.09705
2.09242
2.08769
2.08036
2.07342
2.06452
2.05603
2.04627
2.03723
2.02779
2.01899
2.01068
2.00231
1.99527
1.98715
1.98125
1.97332
1.96843
1.96079
1.9567
1.94945
1.94589
1.93909
1.93581
1.92931
1.92609
1.91995
1.91643
1.91061
1.90661
1.90136
1.89701
1.89267
1.88823
1.88514
1.88172
1.88109
2.15429
2.09896
2.05659
2.02352
1.99494
1.97048
1.95292
1.94066
1.93325
1.9341
1.93686
1.95079
1.9713
1.99803
2.03684
2.07452
2.14587
2.23646
2.29689
2.30279
2.28515
2.25191
2.2133
2.16565
2.1226
2.09496
2.07158
2.05885
2.05333
2.04847
2.05311
2.06368
2.07849
2.10133
2.11879
2.13279
2.14105
2.14611
2.1485
2.14834
2.14767
2.14574
2.14274
2.13944
2.13623
2.13277
2.12811
2.12206
2.11581
2.11002
2.10482
2.10029
2.09655
2.09394
2.09214
2.09116
2.09009
2.08944
2.08809
2.08707
2.08462
2.08261
2.0783
2.07378
2.06597
2.05811
2.04804
2.03833
2.02737
2.01696
2.00599
1.99541
1.98497
1.97473
1.96538
1.95591
1.94796
1.93941
1.93284
1.92513
1.91972
1.91263
1.9081
1.90144
1.89755
1.89126
1.88786
1.88205
1.87903
1.87379
1.87083
1.86624
1.86313
1.85933
1.85593
1.85304
1.8495
1.84778
1.84547
1.84563
2.1746
2.13398
2.08346
2.03614
2.00004
1.97167
1.94775
1.92947
1.91577
1.90726
1.90773
1.91713
1.93873
1.96123
1.99896
2.05853
2.14457
2.23747
2.2667
2.25851
2.23133
2.2046
2.16354
2.12218
2.08586
2.05333
2.02688
2.00935
2.00008
1.9947
1.99284
1.997
2.00564
2.01954
2.03841
2.057
2.07191
2.0822
2.08805
2.09148
2.09314
2.09385
2.09328
2.09264
2.09191
2.09079
2.08932
2.08735
2.0855
2.08348
2.08106
2.07887
2.07753
2.07694
2.07651
2.07613
2.07524
2.07432
2.07192
2.06985
2.06566
2.06127
2.05449
2.047
2.03772
2.0277
2.01657
2.0051
1.99318
1.98132
1.96959
1.9582
1.94734
1.9369
1.92726
1.91792
1.90948
1.90112
1.89369
1.8861
1.87953
1.87261
1.86686
1.86053
1.85558
1.84984
1.84558
1.84041
1.83651
1.83196
1.82826
1.82462
1.82104
1.81844
1.815
1.81348
1.81069
1.81012
1.81003
1.81024
2.17435
2.14309
2.11284
2.07055
2.02773
1.98675
1.95541
1.93127
1.91475
1.90366
1.90289
1.91429
1.93393
1.95968
2.01315
2.08856
2.18232
2.23168
2.22848
2.21554
2.19374
2.16066
2.12261
2.08868
2.05733
2.0302
2.00853
1.98955
1.97758
1.96822
1.96638
1.96554
1.96846
1.97542
1.98792
2.00418
2.0245
2.03893
2.05307
2.06093
2.06782
2.06955
2.07244
2.07224
2.0724
2.07227
2.07198
2.07146
2.07059
2.06939
2.06796
2.06704
2.06561
2.06468
2.06267
2.0612
2.05795
2.05557
2.05116
2.04636
2.03949
2.03159
2.02257
2.0126
2.00233
1.9912
1.98014
1.96836
1.95697
1.94532
1.93441
1.92365
1.9138
1.90422
1.89549
1.88698
1.8792
1.87157
1.86454
1.85768
1.85128
1.84518
1.83938
1.83403
1.82877
1.82416
1.81916
1.81513
1.81032
1.80702
1.80251
1.80005
1.79611
1.79442
1.79158
1.79059
1.78953
1.79006
1.79089
1.79149
2.15513
2.13798
2.11269
2.08599
2.05355
2.01911
1.98542
1.95284
1.93018
1.91939
1.9228
1.93531
1.95738
2.00323
2.06358
2.15315
2.20639
2.20662
2.2016
2.18837
2.16328
2.13311
2.10479
2.07802
2.0527
2.02852
2.00757
1.98828
1.97382
1.96073
1.95365
1.94943
1.94723
1.94817
1.95273
1.96392
1.9761
1.99609
2.01167
2.02891
2.03764
2.0472
2.04999
2.05331
2.05314
2.05334
2.05402
2.05387
2.05304
2.05178
2.04974
2.04846
2.04587
2.04418
2.04066
2.0381
2.03346
2.02856
2.0218
2.0142
2.00571
1.99622
1.98689
1.97663
1.96731
1.95709
1.94808
1.9382
1.92955
1.92018
1.91196
1.90326
1.89555
1.88757
1.88035
1.87302
1.86617
1.85943
1.85286
1.84676
1.84047
1.83512
1.82918
1.82474
1.81909
1.81537
1.81011
1.80712
1.80245
1.80005
1.79629
1.7943
1.7918
1.79039
1.78929
1.7892
1.78981
1.7912
1.79331
1.79339
2.12883
2.11299
2.10161
2.08371
2.05935
2.03621
2.01094
1.98762
1.97412
1.96574
1.972
1.98717
2.02496
2.07479
2.1562
2.2014
2.20197
2.1999
2.19147
2.17512
2.15118
2.12868
2.1063
2.08481
2.06242
2.03994
2.01934
1.99889
1.98246
1.96644
1.95332
1.94255
1.9371
1.93545
1.93605
1.93839
1.94699
1.95667
1.97505
1.99102
2.00861
2.01916
2.02847
2.03087
2.03465
2.03452
2.03447
2.03412
2.03307
2.03173
2.02876
2.02659
2.02222
2.01901
2.0138
2.00888
2.00213
1.99515
1.98733
1.97908
1.97103
1.96227
1.95461
1.94607
1.93913
1.93117
1.92492
1.91751
1.91156
1.90441
1.8984
1.89137
1.88518
1.87834
1.87205
1.86558
1.85928
1.85338
1.84715
1.84203
1.83596
1.83177
1.82588
1.82233
1.81675
1.81377
1.80892
1.80644
1.80262
1.80056
1.79797
1.79645
1.79525
1.79468
1.79489
1.79574
1.79727
1.7986
1.80238
1.80206
2.12744
2.10017
2.07812
2.06444
2.05422
2.03651
2.02637
2.01602
2.01732
2.02449
2.04061
2.07687
2.12735
2.18499
2.2198
2.21855
2.21566
2.20784
2.194
2.17516
2.1561
2.13838
2.12102
2.10184
2.08153
2.05906
2.03796
2.01701
1.99813
1.97913
1.9628
1.94792
1.9361
1.92891
1.92435
1.92488
1.92583
1.92967
1.93834
1.95257
1.96572
1.98117
1.99202
2.00164
2.00598
2.00791
2.00742
2.00622
2.00435
2.00267
1.99904
1.99625
1.9913
1.98734
1.9816
1.97643
1.97026
1.96428
1.95814
1.95161
1.94574
1.9391
1.93378
1.92729
1.92242
1.91608
1.91137
1.90509
1.90025
1.89393
1.88875
1.88235
1.87678
1.8705
1.86465
1.85878
1.85282
1.8477
1.84183
1.83779
1.83218
1.82897
1.82375
1.82124
1.81686
1.81486
1.81149
1.80974
1.80764
1.80628
1.80535
1.80485
1.805
1.8056
1.80667
1.80752
1.80949
1.81108
1.81563
1.81523
2.13153
2.10173
2.07577
2.05435
2.04251
2.03498
2.03677
2.0436
2.05708
2.07857
2.12014
2.17061
2.20818
2.23391
2.23147
2.22637
2.21601
2.20078
2.18752
2.17532
2.16164
2.14504
2.12867
2.10953
2.08952
2.06779
2.0467
2.02528
2.0044
1.98488
1.96594
1.94995
1.93506
1.92342
1.914
1.9099
1.90705
1.90751
1.90851
1.91328
1.92119
1.9361
1.9481
1.96098
1.96872
1.9745
1.9765
1.97694
1.97567
1.97454
1.97196
1.9695
1.96498
1.96209
1.95763
1.95397
1.94935
1.94489
1.94018
1.9349
1.93024
1.92454
1.92019
1.91454
1.91056
1.90504
1.90119
1.89572
1.89174
1.8863
1.882
1.87651
1.87173
1.8662
1.86093
1.85561
1.85003
1.84544
1.8399
1.8361
1.83089
1.82798
1.82378
1.8216
1.81886
1.81731
1.81595
1.81518
1.81485
1.81502
1.81548
1.81631
1.81764
1.81842
1.82011
1.82104
1.82319
1.82398
1.82601
1.82645
2.13147
2.10884
2.0825
2.06001
2.04963
2.05
2.05741
2.07312
2.10573
2.14027
2.19134
2.2214
2.23172
2.23031
2.22343
2.21114
2.19931
2.18832
2.17756
2.16582
2.15449
2.14155
2.12709
2.10937
2.08959
2.06915
2.04817
2.02759
2.00675
1.98743
1.9681
1.95136
1.93474
1.92129
1.90913
1.9007
1.89399
1.89101
1.88947
1.88929
1.89091
1.89649
1.90636
1.91743
1.93176
1.94046
1.94952
1.95235
1.95432
1.95355
1.95254
1.95129
1.94837
1.94609
1.94188
1.93862
1.93418
1.92996
1.92549
1.92056
1.91632
1.91131
1.90762
1.90293
1.89977
1.89543
1.89238
1.88795
1.88443
1.87961
1.87542
1.87039
1.86556
1.8607
1.85536
1.85099
1.8455
1.84159
1.8362
1.83274
1.82831
1.82554
1.82259
1.82073
1.81915
1.81831
1.81796
1.81815
1.81867
1.81936
1.82075
1.82142
1.82287
1.82332
1.8246
1.82481
1.82524
1.82538
1.82449
1.82524
2.11777
2.10744
2.09402
2.08098
2.07656
2.08219
2.09623
2.12566
2.16664
2.20126
2.22179
2.22474
2.21961
2.21314
2.19867
2.18705
2.17907
2.17158
2.16385
2.15423
2.14437
2.13269
2.11904
2.10339
2.0855
2.0677
2.0478
2.0292
2.00909
1.9909
1.9725
1.95578
1.9395
1.92436
1.91082
1.89868
1.88919
1.88177
1.87648
1.87234
1.87122
1.87042
1.87292
1.87881
1.89153
1.90127
1.91376
1.92053
1.92677
1.9284
1.92955
1.92884
1.92809
1.92673
1.92372
1.9211
1.9172
1.91378
1.91042
1.90684
1.90381
1.90008
1.89711
1.89311
1.8899
1.88568
1.88227
1.8781
1.87442
1.87031
1.86605
1.86187
1.85694
1.85272
1.84752
1.84338
1.83818
1.83416
1.82975
1.82647
1.8234
1.82123
1.8196
1.81869
1.81837
1.81854
1.81907
1.81963
1.82079
1.82125
1.8222
1.82222
1.82231
1.822
1.82115
1.8198
1.81752
1.81613
1.81316
1.8134
2.10786
2.10362
2.1062
2.11376
2.12559
2.14412
2.16791
2.20418
2.22646
2.23482
2.23074
2.22364
2.2102
2.19585
2.18217
2.17272
2.16838
2.16436
2.15947
2.15196
2.14384
2.1343
2.12212
2.10882
2.09247
2.07607
2.0582
2.04005
2.0215
2.00307
1.9852
1.9671
1.94987
1.93262
1.91748
1.9018
1.88948
1.87703
1.86766
1.85966
1.8544
1.85001
1.8486
1.84925
1.85283
1.86042
1.87003
1.88381
1.89138
1.90119
1.90343
1.90717
1.90709
1.90697
1.90621
1.90448
1.90163
1.8988
1.89607
1.89292
1.89007
1.8865
1.88337
1.87964
1.8763
1.87256
1.86887
1.86519
1.86121
1.85774
1.8537
1.85045
1.84653
1.84341
1.8395
1.83615
1.8326
1.82963
1.82693
1.82481
1.82312
1.82208
1.82141
1.82142
1.82164
1.82194
1.82267
1.8229
1.82335
1.82311
1.82248
1.82134
1.8196
1.81744
1.814
1.81149
1.80703
1.805
1.80089
1.80079
2.11556
2.11942
2.12997
2.14814
2.17836
2.21591
2.24603
2.26314
2.2631
2.25562
2.24636
2.22588
2.2079
2.19414
2.18349
2.17594
2.17169
2.16845
2.16424
2.15904
2.15182
2.14369
2.1326
2.11984
2.10427
2.08689
2.06856
2.04957
2.03107
2.01179
1.99273
1.97335
1.95486
1.93663
1.91942
1.9029
1.88743
1.87304
1.85994
1.84865
1.83998
1.83272
1.82795
1.82515
1.82513
1.8269
1.83207
1.84315
1.85201
1.86538
1.87246
1.88074
1.88307
1.88618
1.8864
1.88648
1.88575
1.88404
1.88159
1.87845
1.87549
1.8721
1.86899
1.8656
1.86224
1.85901
1.85556
1.85269
1.84936
1.84676
1.84363
1.84117
1.83822
1.83543
1.83255
1.83002
1.82781
1.82606
1.82469
1.8238
1.82323
1.82308
1.8232
1.82328
1.82356
1.82352
1.82343
1.82295
1.82188
1.82011
1.81766
1.81502
1.81095
1.80786
1.80281
1.79972
1.79454
1.79233
1.78836
1.78839
2.15007
2.15949
2.1786
2.20646
2.24523
2.27129
2.28346
2.28107
2.2747
2.26074
2.24102
2.22179
2.20606
2.19507
2.187
2.18106
2.17705
2.17377
2.16943
2.16489
2.1581
2.14989
2.1389
2.12552
2.10994
2.09214
2.07385
2.05434
2.03528
2.01538
1.99598
1.97647
1.95745
1.93904
1.92095
1.90375
1.88677
1.87144
1.85653
1.8439
1.83197
1.82288
1.81483
1.8099
1.80518
1.80537
1.80627
1.80967
1.81714
1.82813
1.84067
1.85021
1.8602
1.86417
1.86937
1.87002
1.87083
1.8704
1.86911
1.8666
1.86411
1.86114
1.85823
1.85514
1.85195
1.84903
1.84586
1.84323
1.84037
1.83812
1.83582
1.83363
1.83147
1.82955
1.82793
1.82657
1.82558
1.8247
1.82421
1.82391
1.82362
1.82331
1.82313
1.82274
1.82208
1.82091
1.8191
1.81673
1.81352
1.81025
1.80579
1.80208
1.79681
1.79307
1.78785
1.78471
1.7802
1.77835
1.77536
1.77563
2.18253
2.21775
2.25935
2.29069
2.3094
2.31008
2.3048
2.29433
2.27328
2.25129
2.23177
2.21445
2.20029
2.19033
2.18263
2.17594
2.17105
2.16744
2.16338
2.15787
2.15182
2.14411
2.13489
2.12264
2.10845
2.09142
2.07403
2.05488
2.03609
2.01656
1.99749
1.9784
1.95939
1.9411
1.92281
1.90538
1.88818
1.87216
1.85661
1.84263
1.82972
1.81826
1.80923
1.80129
1.79547
1.79063
1.78903
1.7897
1.79185
1.79704
1.80723
1.8173
1.83075
1.83911
1.84818
1.85136
1.85512
1.85538
1.85523
1.85441
1.85265
1.85016
1.84751
1.84479
1.84209
1.83974
1.83738
1.83552
1.83378
1.83233
1.83074
1.82946
1.82838
1.82763
1.82722
1.82686
1.82659
1.82627
1.82586
1.82534
1.82457
1.82358
1.82226
1.82044
1.8177
1.81442
1.81033
1.8063
1.80109
1.79678
1.79122
1.78699
1.78158
1.7779
1.77306
1.77049
1.76715
1.76587
1.76454
1.76501
2.23927
2.28677
2.31946
2.33842
2.33895
2.33154
2.31454
2.29142
2.26959
2.24871
2.23076
2.21537
2.20196
2.19134
2.18157
2.17372
2.16808
2.1626
2.15753
2.15268
2.14759
2.14051
2.1327
2.12147
2.1089
2.09373
2.07733
2.05997
2.04163
2.02378
2.00478
1.98652
1.96758
1.94953
1.93137
1.91371
1.89633
1.87929
1.86321
1.84763
1.83355
1.81996
1.809
1.79782
1.79047
1.78239
1.77771
1.77329
1.77352
1.77466
1.77796
1.78475
1.79607
1.80682
1.81856
1.82593
1.83318
1.83576
1.83886
1.83902
1.83883
1.83806
1.83642
1.83451
1.83249
1.83085
1.82962
1.82888
1.82804
1.82751
1.82725
1.8274
1.82763
1.8279
1.8283
1.82864
1.82858
1.82822
1.82724
1.82594
1.82422
1.82184
1.81827
1.81427
1.80919
1.80452
1.79841
1.79357
1.7874
1.78273
1.77684
1.7725
1.76765
1.76425
1.76083
1.75876
1.75718
1.75686
1.75725
1.75713
2.3123
2.33985
2.34682
2.34669
2.34036
2.3232
2.30282
2.28479
2.2674
2.25027
2.23591
2.22163
2.20821
2.19553
2.18394
2.17422
2.16609
2.15922
2.15375
2.14865
2.1442
2.13902
2.13272
2.12476
2.11353
2.10128
2.08651
2.07074
2.05294
2.03462
2.0153
1.99573
1.97607
1.95641
1.93717
1.91814
1.89974
1.88182
1.86499
1.84862
1.8338
1.81934
1.80643
1.79447
1.78355
1.77464
1.76656
1.76032
1.75527
1.75403
1.75455
1.7567
1.76157
1.77046
1.78187
1.79316
1.80366
1.81152
1.81749
1.82008
1.823
1.82319
1.82325
1.82306
1.82251
1.82222
1.82199
1.82228
1.82261
1.82322
1.82448
1.82607
1.82754
1.82877
1.82947
1.82931
1.82849
1.82736
1.82554
1.82296
1.8191
1.81479
1.80908
1.80391
1.79738
1.7919
1.78541
1.77969
1.7737
1.76831
1.76338
1.75919
1.75558
1.75298
1.75127
1.75019
1.75056
1.75108
1.75315
1.75284
2.37068
2.36992
2.36103
2.34272
2.3254
2.30654
2.28964
2.2748
2.26172
2.24778
2.23561
2.22214
2.20829
2.19491
2.18208
2.17079
2.16163
2.1538
2.1475
2.14299
2.13884
2.13443
2.12881
2.12264
2.11382
2.10285
2.08889
2.07331
2.05602
2.03754
2.0182
1.99802
1.97778
1.95735
1.93754
1.91823
1.89935
1.88157
1.86416
1.84825
1.83264
1.81859
1.80453
1.7923
1.7797
1.76948
1.75889
1.75122
1.7433
1.73845
1.73481
1.73497
1.73634
1.73975
1.74686
1.75739
1.76998
1.78114
1.79208
1.79862
1.8052
1.808
1.81137
1.81349
1.81455
1.81579
1.81711
1.81866
1.82023
1.82231
1.82431
1.82648
1.82777
1.82841
1.82799
1.82714
1.82547
1.82302
1.81937
1.81485
1.80909
1.80347
1.79701
1.79086
1.78419
1.77776
1.77143
1.76549
1.76014
1.75522
1.75115
1.74804
1.74559
1.7443
1.74415
1.74454
1.74553
1.74728
1.75079
1.75265
2.3959
2.37706
2.35557
2.335
2.31689
2.29907
2.28371
2.27026
2.25692
2.2435
2.22988
2.21679
2.20191
2.18808
2.17491
2.16253
2.15189
2.14276
2.13493
2.12873
2.12332
2.11887
2.11373
2.10832
2.10093
2.09143
2.07985
2.06555
2.04944
2.03128
2.01267
1.99271
1.97277
1.95272
1.93323
1.91441
1.89625
1.87911
1.86258
1.84715
1.83211
1.81819
1.8044
1.79159
1.7789
1.76694
1.75612
1.74564
1.73741
1.72908
1.72364
1.71884
1.71814
1.7191
1.72174
1.72772
1.73692
1.75008
1.76332
1.77634
1.7866
1.7951
1.80124
1.80652
1.81029
1.81413
1.81692
1.82024
1.8225
1.82516
1.82686
1.82787
1.82783
1.82713
1.82561
1.82357
1.82018
1.8154
1.81002
1.80421
1.79784
1.79128
1.78419
1.77747
1.77061
1.7644
1.75839
1.75303
1.74847
1.74461
1.74166
1.74001
1.73873
1.73891
1.73963
1.7413
1.74342
1.74789
1.75245
1.75597
2.38482
2.36652
2.35059
2.33636
2.32274
2.30858
2.29423
2.27923
2.26359
2.24735
2.23152
2.21537
2.19953
2.18333
2.16851
2.15446
2.14186
2.13097
2.12188
2.11456
2.10866
2.10326
2.09831
2.09263
2.08642
2.07806
2.06839
2.05626
2.04232
2.02618
2.00871
1.99042
1.97152
1.95253
1.93348
1.91537
1.89795
1.88151
1.86587
1.85058
1.83617
1.82169
1.80832
1.7945
1.78186
1.76876
1.75676
1.7447
1.73411
1.72453
1.71618
1.70996
1.70502
1.70368
1.70416
1.7061
1.71067
1.72009
1.73358
1.74922
1.76452
1.77892
1.78989
1.7999
1.80695
1.81354
1.81828
1.82256
1.82543
1.82774
1.82779
1.82715
1.82609
1.82436
1.8214
1.81682
1.812
1.80624
1.80023
1.79335
1.78658
1.77942
1.77255
1.76575
1.75933
1.75342
1.74821
1.74354
1.74017
1.73745
1.73574
1.73512
1.73557
1.73646
1.73821
1.74245
1.74624
1.75217
1.75697
1.76059
2.41888
2.39024
2.36643
2.34711
2.32996
2.31371
2.29785
2.28182
2.26607
2.25
2.23443
2.21804
2.20224
2.18661
2.17127
2.15632
2.14205
2.12879
2.11701
2.1068
2.09827
2.09093
2.08482
2.07912
2.07376
2.06691
2.05911
2.04919
2.03716
2.02341
2.00773
1.99132
1.9736
1.956
1.93801
1.92068
1.90366
1.88735
1.87149
1.85628
1.84127
1.82663
1.81215
1.79788
1.78375
1.77002
1.7563
1.74391
1.73111
1.72049
1.70999
1.70177
1.69534
1.69049
1.69001
1.69047
1.69232
1.6969
1.70636
1.72059
1.73714
1.75505
1.77183
1.78679
1.79866
1.80788
1.81479
1.81921
1.82312
1.82233
1.82211
1.82122
1.81898
1.81524
1.81128
1.80621
1.8006
1.7943
1.78799
1.78128
1.77486
1.76804
1.76185
1.7556
1.75005
1.74489
1.74093
1.73714
1.7353
1.73341
1.73334
1.73374
1.73487
1.73794
1.74128
1.74745
1.75215
1.75812
1.76213
1.7651
2.44971
2.43584
2.42411
2.40611
2.38125
2.35349
2.32669
2.30371
2.28328
2.26405
2.24564
2.22694
2.20835
2.18967
2.17195
2.15489
2.13875
2.12401
2.11067
2.09896
2.08939
2.0816
2.07512
2.06984
2.06454
2.05895
2.05174
2.04392
2.03377
2.02268
2.00922
1.99482
1.97886
1.96215
1.94498
1.92729
1.91027
1.8929
1.87653
1.86006
1.84429
1.82871
1.81344
1.79869
1.78379
1.76952
1.75508
1.74096
1.72786
1.71493
1.7036
1.69432
1.68494
1.68018
1.67641
1.67643
1.67713
1.6796
1.68582
1.696
1.71015
1.72736
1.74638
1.76456
1.78017
1.79218
1.80194
1.80647
1.80989
1.80936
1.80857
1.80677
1.80321
1.79962
1.79484
1.78974
1.78403
1.77844
1.77266
1.76684
1.76131
1.75583
1.75049
1.74604
1.74137
1.73821
1.73517
1.7338
1.73236
1.73258
1.73325
1.73523
1.738
1.74358
1.74848
1.75434
1.7591
1.76315
1.76663
1.76831
2.55409
2.51104
2.47727
2.45003
2.42508
2.40008
2.37462
2.34935
2.32507
2.30221
2.28013
2.2577
2.23497
2.212
2.18998
2.16901
2.14961
2.13191
2.11574
2.10172
2.08929
2.0786
2.06922
2.06063
2.05224
2.04498
2.03781
2.03088
2.02367
2.01494
2.00508
1.99254
1.97885
1.96326
1.94661
1.92917
1.91105
1.8933
1.87523
1.85835
1.8409
1.82436
1.80802
1.79186
1.77654
1.7609
1.74646
1.73247
1.71923
1.70688
1.69599
1.68574
1.67709
1.67145
1.66586
1.66594
1.66662
1.66817
1.67186
1.67993
1.69077
1.70404
1.71919
1.73561
1.75112
1.76446
1.77577
1.78121
1.7856
1.78487
1.78421
1.78255
1.77876
1.77508
1.77034
1.76599
1.761
1.75672
1.75226
1.74814
1.74389
1.74033
1.73653
1.73389
1.73114
1.73019
1.72901
1.72942
1.73019
1.73185
1.73521
1.73923
1.74566
1.75037
1.75696
1.76056
1.76526
1.76669
1.76984
1.76986
2.60679
2.58582
2.55121
2.52021
2.49534
2.47485
2.45478
2.43165
2.40432
2.37345
2.3403
2.30706
2.27577
2.24726
2.22198
2.19887
2.17841
2.15966
2.14291
2.12753
2.11303
2.09923
2.08571
2.07299
2.06104
2.05
2.03986
2.03021
2.02069
2.01081
1.99981
1.98795
1.97376
1.95862
1.94201
1.92478
1.90685
1.88883
1.87067
1.85267
1.83506
1.81814
1.80162
1.78613
1.77125
1.75682
1.74359
1.73063
1.71837
1.70685
1.6965
1.68638
1.67861
1.67236
1.6671
1.66607
1.66642
1.66738
1.66923
1.67329
1.68138
1.69095
1.70034
1.71131
1.72291
1.73558
1.74581
1.75447
1.75853
1.76102
1.75994
1.75867
1.75599
1.75229
1.74758
1.74348
1.73916
1.73559
1.73218
1.72926
1.72661
1.72457
1.72274
1.72207
1.72152
1.72217
1.72322
1.72482
1.72822
1.73251
1.73908
1.7447
1.75162
1.7564
1.76192
1.76443
1.7676
1.76818
1.76965
1.76976
2.61891
2.63517
2.63122
2.60967
2.56411
2.52257
2.48856
2.46104
2.43583
2.41023
2.38441
2.35988
2.33643
2.31226
2.2867
2.25926
2.2322
2.20665
2.18317
2.1614
2.14101
2.12139
2.10321
2.08576
2.06986
2.05487
2.04137
2.02849
2.01677
2.00536
1.99407
1.98246
1.97018
1.9567
1.94191
1.92655
1.91012
1.89352
1.87626
1.85916
1.84213
1.82573
1.80944
1.79415
1.77948
1.76573
1.75303
1.74069
1.72897
1.71852
1.7086
1.69972
1.69304
1.68726
1.68333
1.68164
1.68158
1.68187
1.68258
1.68461
1.68575
1.68803
1.69221
1.69753
1.70376
1.71153
1.72003
1.72641
1.73372
1.7367
1.73927
1.73813
1.73687
1.73513
1.73171
1.7279
1.72391
1.72048
1.71729
1.71492
1.71316
1.71225
1.71228
1.71292
1.71426
1.71595
1.71947
1.72359
1.73016
1.73617
1.74324
1.75013
1.75479
1.7606
1.76211
1.76532
1.76544
1.76603
1.76584
1.76652
2.62546
2.6633
2.66533
2.64134
2.58119
2.53501
2.50604
2.48666
2.4735
2.4651
2.45491
2.43799
2.41617
2.39134
2.36694
2.34366
2.3212
2.29847
2.27479
2.25044
2.22571
2.20105
2.17687
2.15318
2.13011
2.10763
2.08634
2.06667
2.04909
2.03334
2.01952
2.00655
1.9945
1.98201
1.96901
1.95476
1.93904
1.923
1.90576
1.88826
1.87046
1.85295
1.83594
1.81966
1.80467
1.79007
1.7767
1.76421
1.75236
1.74232
1.73282
1.72509
1.71897
1.71396
1.71024
1.7075
1.70551
1.70307
1.70131
1.69863
1.696
1.69397
1.69208
1.69251
1.69324
1.69637
1.7026
1.7087
1.71557
1.72138
1.7262
1.72881
1.72889
1.72803
1.72659
1.72461
1.72161
1.71823
1.71548
1.71354
1.71247
1.71251
1.71271
1.71367
1.71593
1.71872
1.72436
1.72913
1.7372
1.74222
1.74987
1.75357
1.7587
1.76007
1.76235
1.76211
1.762
1.76204
1.76147
1.76211
2.65027
2.68683
2.68715
2.65251
2.57935
2.53265
2.51064
2.50312
2.50135
2.50051
2.49905
2.49563
2.48658
2.46907
2.4482
2.42444
2.3975
2.36778
2.33643
2.30406
2.27168
2.23992
2.20879
2.179
2.15071
2.12464
2.1005
2.07875
2.05901
2.04127
2.02539
2.01107
1.99825
1.9857
1.97368
1.96104
1.94828
1.93491
1.92188
1.90899
1.89623
1.88353
1.87158
1.85928
1.84775
1.83522
1.82344
1.81108
1.79986
1.78946
1.78019
1.77215
1.76511
1.75919
1.75331
1.74807
1.74251
1.73671
1.73088
1.72476
1.71818
1.71264
1.70735
1.70386
1.70157
1.70173
1.70205
1.70374
1.70773
1.71414
1.72002
1.72515
1.72817
1.73094
1.73073
1.72987
1.72864
1.72609
1.7245
1.72287
1.72257
1.72177
1.72298
1.72574
1.729
1.73453
1.74046
1.74593
1.75263
1.75621
1.76159
1.76286
1.76521
1.76479
1.76405
1.7635
1.7622
1.76132
1.75933
1.7599
2.64312
2.64911
2.64709
2.6278
2.59103
2.56395
2.54899
2.54058
2.53375
2.52787
2.52286
2.51856
2.51339
2.50191
2.47633
2.44015
2.40027
2.35991
2.32065
2.28339
2.24795
2.21487
2.1838
2.15486
2.12801
2.10347
2.08079
2.06045
2.04191
2.02621
2.01382
2.00441
1.99876
1.99599
1.99444
1.99266
1.99043
1.98688
1.98156
1.97407
1.96513
1.95428
1.94227
1.92868
1.91457
1.89992
1.88518
1.8709
1.85726
1.84494
1.83387
1.82429
1.81519
1.80778
1.79954
1.79234
1.7844
1.7764
1.76881
1.7597
1.75228
1.74311
1.73639
1.72835
1.72288
1.71842
1.71609
1.71609
1.71653
1.71933
1.72468
1.73194
1.73808
1.7434
1.74672
1.74826
1.74902
1.74874
1.74877
1.74897
1.75012
1.75222
1.75476
1.76038
1.76418
1.77106
1.77505
1.78033
1.78281
1.7854
1.78534
1.785
1.78289
1.78124
1.77863
1.77698
1.77337
1.77177
1.76838
1.76847
2.60725
2.59024
2.59643
2.61377
2.62066
2.61992
2.60919
2.58244
2.55806
2.54148
2.53155
2.52587
2.52007
2.507
2.47717
2.43576
2.3926
2.35055
2.31142
2.27487
2.24137
2.21037
2.18207
2.157
2.13477
2.11638
2.10214
2.09176
2.08538
2.08113
2.07807
2.07486
2.07048
2.06539
2.05936
2.05214
2.04351
2.03314
2.02159
2.00763
1.99331
1.97789
1.96328
1.94911
1.93624
1.92397
1.91259
1.90227
1.89351
1.88605
1.87957
1.87325
1.86611
1.85877
1.84883
1.83902
1.82675
1.8151
1.80191
1.78866
1.7757
1.76328
1.75257
1.74153
1.73461
1.72835
1.72709
1.72816
1.73064
1.73526
1.74018
1.75025
1.76071
1.77082
1.7798
1.78592
1.78987
1.79205
1.79293
1.79425
1.79569
1.79871
1.80243
1.80819
1.81285
1.81869
1.82268
1.82589
1.82774
1.82757
1.82639
1.82323
1.82078
1.81712
1.81401
1.81046
1.80623
1.80398
1.80022
1.80018
2.58787
2.57403
2.58313
2.61102
2.62796
2.6304
2.6219
2.59333
2.56328
2.54444
2.53458
2.52995
2.52465
2.51282
2.48749
2.45518
2.42213
2.39097
2.36288
2.33765
2.31596
2.29608
2.27865
2.2622
2.24616
2.22942
2.21174
2.19225
2.17196
2.15131
2.13049
2.11101
2.09283
2.07624
2.0627
2.05087
2.04137
2.03347
2.02716
2.02107
2.01466
2.0082
2.00173
1.99465
1.9878
1.98122
1.97549
1.96953
1.963
1.95501
1.94611
1.93487
1.92284
1.90899
1.8943
1.8789
1.8638
1.84776
1.83345
1.81986
1.80805
1.79771
1.78983
1.78363
1.77938
1.77565
1.77199
1.77074
1.76992
1.77022
1.77012
1.77198
1.7767
1.78385
1.79139
1.79846
1.80517
1.8096
1.81474
1.81719
1.82235
1.8253
1.83168
1.83485
1.84157
1.84444
1.84969
1.85109
1.85437
1.85504
1.85635
1.85807
1.86057
1.86189
1.86188
1.86143
1.86052
1.85896
1.85689
1.8562
2.67422
2.68291
2.66691
2.62785
2.59817
2.57707
2.56179
2.55186
2.547
2.54655
2.54653
2.54599
2.54044
2.5174
2.47579
2.43746
2.40453
2.37779
2.35649
2.34093
2.32839
2.31647
2.30276
2.28646
2.2668
2.2457
2.22313
2.20092
2.17967
2.16032
2.14293
2.12876
2.11718
2.10792
2.10108
2.09555
2.09067
2.08596
2.08175
2.07696
2.07217
2.06648
2.05933
2.05124
2.04256
2.03327
2.02298
2.01176
1.99911
1.98569
1.97094
1.9559
1.94002
1.92468
1.90963
1.89542
1.88235
1.8702
1.85896
1.8492
1.83851
1.82933
1.81894
1.80964
1.80018
1.79188
1.78355
1.77781
1.77348
1.76962
1.76865
1.76538
1.76726
1.77179
1.77934
1.78956
1.80064
1.81304
1.8258
1.83847
1.85105
1.86337
1.87397
1.88656
1.89297
1.90362
1.90774
1.91501
1.91767
1.92054
1.92225
1.92243
1.92179
1.92024
1.91677
1.91202
1.9073
1.89979
1.89531
1.88731
2.70224
2.71069
2.68012
2.60912
2.55774
2.52876
2.51714
2.51771
2.52618
2.53853
2.54435
2.5451
2.54192
2.52345
2.47556
2.42053
2.3734
2.33721
2.3093
2.28942
2.27431
2.26162
2.25031
2.23711
2.22415
2.20913
2.19521
2.18147
2.16966
2.15974
2.15139
2.14521
2.13933
2.13473
2.12994
2.12487
2.12008
2.11456
2.1096
2.1038
2.09685
2.08992
2.08198
2.07355
2.06503
2.0565
2.04592
2.0354
2.02278
2.01051
1.99554
1.98252
1.96669
1.95377
1.9384
1.92551
1.9109
1.89744
1.88373
1.86961
1.85627
1.84239
1.8295
1.81655
1.80455
1.79383
1.78362
1.77695
1.77109
1.77112
1.77209
1.77508
1.7791
1.79001
1.80325
1.82181
1.84182
1.86297
1.88468
1.90542
1.92536
1.94216
1.95622
1.96514
1.97225
1.9747
1.97459
1.9726
1.96842
1.9638
1.95765
1.95219
1.94464
1.93919
1.93159
1.92688
1.91973
1.91681
1.91107
1.91104
2.69032
2.70279
2.68353
2.62297
2.56691
2.53137
2.5139
2.51125
2.51574
2.52768
2.53534
2.53699
2.53498
2.52108
2.47933
2.42076
2.3694
2.32734
2.29487
2.26932
2.25019
2.23501
2.22308
2.21245
2.20275
2.19321
2.18383
2.1754
2.16734
2.16071
2.15482
2.14946
2.14484
2.13944
2.13461
2.12867
2.1229
2.11798
2.11259
2.10703
2.10238
2.09713
2.09247
2.08589
2.08022
2.07442
2.06736
2.05732
2.04556
2.03318
2.01854
2.00517
1.98948
1.97513
1.95951
1.94447
1.92914
1.91409
1.89937
1.8848
1.87115
1.85756
1.84543
1.83371
1.82357
1.81451
1.80773
1.80229
1.80042
1.80174
1.80459
1.81103
1.81572
1.82639
1.843
1.86131
1.88488
1.90793
1.93309
1.95449
1.97434
1.98823
1.99906
2.00453
2.00731
2.00691
2.00572
2.00224
1.99847
1.99552
1.99172
1.98821
1.98452
1.9813
1.97877
1.97631
1.97383
1.9724
1.97022
1.97039
)
;

boundaryField
{
    inlet
    {
        type            fixedValue;
        value           uniform 1;
    }
    outlet
    {
        type            zeroGradient;
    }
    bottom
    {
        type            symmetryPlane;
    }
    top
    {
        type            symmetryPlane;
    }
    obstacle
    {
        type            zeroGradient;
    }
    defaultFaces
    {
        type            empty;
    }
}


// ************************************************************************* //
