/*--------------------------------*- C++ -*----------------------------------*\
| =========                 |                                                 |
| \\      /  F ield         | OpenFOAM: The Open Source CFD Toolbox           |
|  \\    /   O peration     | Version:  2412                                  |
|   \\  /    A nd           | Website:  www.openfoam.com                      |
|    \\/     M anipulation  |                                                 |
\*---------------------------------------------------------------------------*/
FoamFile
{
    version     2.0;
    format      ascii;
    arch        "LSB;label=32;scalar=64";
    class       volScalarField;
    location    "12";
    object      Ma;
}
// * * * * * * * * * * * * * * * * * * * * * * * * * * * * * * * * * * * * * //

dimensions      [0 0 0 0 0 0 0];

internalField   nonuniform List<scalar> 
7000
(
2.26637
1.01239
0.313222
0.339798
0.403106
0.446165
0.455086
0.450959
0.444909
0.440165
0.437509
0.43551
0.433198
0.4304
0.427185
0.423624
0.419771
0.415587
0.411045
0.406114
0.400764
0.395004
0.388821
0.382188
0.375071
0.367459
0.359353
0.350744
0.341636
0.332005
0.321803
0.311011
0.299623
0.287598
0.274943
0.261677
0.247755
0.233195
0.217992
0.202087
0.185553
0.168433
0.150613
0.13207
0.112996
0.0935784
0.073966
0.054294
0.0331881
0.0155704
2.26645
1.0125
0.313055
0.339742
0.40322
0.446238
0.455096
0.45093
0.444849
0.440103
0.437444
0.435437
0.433114
0.430307
0.427087
0.423526
0.419677
0.415496
0.410959
0.406034
0.400692
0.394943
0.388769
0.382143
0.375031
0.367425
0.359328
0.350734
0.341642
0.332028
0.321844
0.311068
0.299698
0.287692
0.275058
0.261816
0.24792
0.233389
0.218217
0.202348
0.185855
0.168785
0.151024
0.132565
0.113612
0.0943787
0.0750679
0.0559721
0.0363185
0.0221828
2.26655
1.01266
0.313134
0.33967
0.402917
0.445973
0.45493
0.450824
0.444822
0.440102
0.437449
0.435452
0.433151
0.43037
0.427175
0.423634
0.4198
0.415634
0.411112
0.406204
0.400881
0.395153
0.389
0.382398
0.375313
0.367734
0.359667
0.351106
0.342051
0.33248
0.322342
0.311616
0.300299
0.288354
0.275785
0.262617
0.248804
0.234366
0.2193
0.203553
0.187203
0.170302
0.152752
0.134568
0.115993
0.0972962
0.0787923
0.061039
0.0440451
0.0336987
2.26674
1.013
0.313479
0.339842
0.403259
0.446304
0.455187
0.451058
0.445026
0.44032
0.437685
0.435695
0.433391
0.43061
0.427418
0.423883
0.420058
0.415902
0.411397
0.406513
0.401219
0.395525
0.389407
0.382842
0.375797
0.368263
0.360249
0.351747
0.342756
0.333256
0.323196
0.312553
0.301331
0.289489
0.277033
0.263991
0.250318
0.236037
0.221149
0.205606
0.189493
0.172873
0.155667
0.137923
0.11993
0.102027
0.0846448
0.0685577
0.0541899
0.0463203
2.26698
1.01341
0.313784
0.339879
0.403112
0.446165
0.45516
0.451083
0.44515
0.440488
0.437859
0.435875
0.43359
0.430839
0.427685
0.424188
0.420397
0.416269
0.411788
0.406936
0.401682
0.396039
0.38998
0.383472
0.376487
0.369015
0.361069
0.352646
0.343745
0.334344
0.324399
0.313882
0.302796
0.291108
0.278818
0.265957
0.25249
0.238435
0.223802
0.208551
0.192774
0.176547
0.159817
0.142664
0.125428
0.108511
0.0924261
0.0780549
0.0659191
0.05966
2.2673
1.014
0.314309
0.340029
0.403435
0.446556
0.455501
0.451423
0.445461
0.440815
0.438216
0.436252
0.433977
0.431233
0.428095
0.424623
0.420859
0.41676
0.41231
0.407497
0.402296
0.396715
0.390727
0.384298
0.377391
0.370003
0.362151
0.353833
0.345053
0.335788
0.325991
0.315639
0.304736
0.293245
0.281175
0.268557
0.255359
0.241604
0.22731
0.212442
0.197105
0.181388
0.165262
0.148843
0.132511
0.116714
0.102011
0.0892786
0.0789602
0.0738144
2.26771
1.01472
0.314816
0.340118
0.403404
0.446495
0.455554
0.45153
0.445697
0.441146
0.438593
0.436654
0.434404
0.431692
0.428604
0.425192
0.421487
0.417435
0.413027
0.408261
0.403121
0.397617
0.391715
0.385378
0.378575
0.371298
0.363572
0.355393
0.346762
0.337662
0.328043
0.317885
0.307199
0.295952
0.284152
0.271838
0.258977
0.245599
0.231729
0.217339
0.202544
0.187451
0.172054
0.15649
0.141177
0.126583
0.113255
0.102026
0.0932016
0.088857
2.26821
1.0156
0.315499
0.340277
0.403601
0.446762
0.455876
0.451905
0.446138
0.441653
0.439159
0.43727
0.435061
0.432384
0.429332
0.425966
0.422313
0.418316
0.413966
0.409265
0.404194
0.398765
0.392948
0.386708
0.380017
0.372871
0.365293
0.357282
0.348833
0.339932
0.330536
0.320623
0.310209
0.299264
0.287795
0.27585
0.263399
0.250477
0.237119
0.223305
0.209156
0.194796
0.180239
0.165638
0.151427
0.138074
0.126095
0.116212
0.108601
0.104892
2.26879
1.01664
0.316275
0.34036
0.403817
0.446937
0.456011
0.451979
0.446189
0.441743
0.439309
0.437481
0.43533
0.432706
0.42971
0.426406
0.422832
0.418935
0.414698
0.410116
0.405161
0.399844
0.394148
0.38804
0.381507
0.374549
0.367182
0.359405
0.351208
0.342577
0.333472
0.323865
0.313782
0.303204
0.292136
0.280633
0.268674
0.256294
0.243541
0.230401
0.217001
0.203481
0.18987
0.176323
0.163279
0.151178
0.140487
0.131835
0.125267
0.122026
2.26947
1.01786
0.317173
0.340517
0.404035
0.447267
0.45641
0.452428
0.446702
0.44232
0.439945
0.438169
0.436072
0.433509
0.430575
0.427327
0.423811
0.419983
0.415827
0.411342
0.406501
0.401311
0.395749
0.389802
0.383452
0.376704
0.369567
0.362036
0.354097
0.345739
0.336933
0.327665
0.317964
0.307814
0.297218
0.286237
0.274853
0.263106
0.251055
0.23869
0.226146
0.21357
0.201006
0.188596
0.176773
0.165948
0.156495
0.148954
0.143287
0.140501
2.27026
1.01926
0.318189
0.340674
0.404253
0.447613
0.456844
0.452935
0.447298
0.443001
0.440702
0.438998
0.436976
0.434486
0.431632
0.428466
0.425033
0.421298
0.417237
0.41286
0.408142
0.403087
0.39768
0.391905
0.385759
0.379242
0.37236
0.365095
0.357441
0.349393
0.340938
0.332063
0.322804
0.313149
0.303098
0.292717
0.281996
0.270973
0.259723
0.248238
0.236654
0.225131
0.213714
0.202532
0.191989
0.182451
0.174251
0.167798
0.162968
0.160504
2.27116
1.02086
0.31934
0.340843
0.4045
0.448008
0.457339
0.453504
0.447963
0.443747
0.441524
0.439894
0.437951
0.435547
0.432786
0.429725
0.426402
0.422785
0.418854
0.414615
0.410051
0.405164
0.399937
0.394367
0.388445
0.382178
0.375571
0.368607
0.361279
0.353596
0.345542
0.337121
0.328364
0.319268
0.309836
0.300131
0.290159
0.279956
0.269606
0.259111
0.248601
0.23824
0.228085
0.218229
0.209044
0.200858
0.19389
0.188515
0.184505
0.182486
2.27217
1.02267
0.320632
0.341024
0.404778
0.448457
0.457902
0.454149
0.448714
0.444595
0.442453
0.440905
0.439052
0.43674
0.434084
0.431135
0.427938
0.42446
0.420679
0.416603
0.412219
0.407528
0.402516
0.39718
0.391517
0.385533
0.379238
0.372615
0.365662
0.358389
0.350797
0.342879
0.33469
0.32622
0.317474
0.308533
0.299394
0.290109
0.280769
0.271372
0.262055
0.252983
0.244218
0.235818
0.228109
0.221386
0.215819
0.211615
0.208503
0.206791
2.2733
1.0247
0.32207
0.341214
0.405088
0.448978
0.458557
0.454901
0.449585
0.445571
0.443524
0.442071
0.440314
0.438106
0.435563
0.432738
0.429676
0.426347
0.422734
0.418843
0.414664
0.410196
0.405426
0.400353
0.394984
0.389319
0.383376
0.377142
0.370606
0.363799
0.356719
0.349372
0.341805
0.334036
0.326055
0.317953
0.30975
0.301477
0.293257
0.28509
0.277101
0.269461
0.262246
0.255465
0.249396
0.244296
0.240246
0.237428
0.235359
0.234293
2.27455
1.02696
0.323658
0.341396
0.405437
0.449579
0.459316
0.455774
0.450594
0.446696
0.444751
0.443393
0.441751
0.439656
0.437242
0.434556
0.431643
0.428484
0.42505
0.421359
0.417401
0.413176
0.408678
0.403904
0.39886
0.393557
0.388001
0.382199
0.376131
0.369835
0.363329
0.356606
0.349736
0.342733
0.335601
0.328425
0.321249
0.314103
0.307124
0.300318
0.293805
0.287769
0.282299
0.27738
0.273227
0.270096
0.267995
0.26687
0.266283
0.26587
2.27589
1.02942
0.325418
0.341549
0.40583
0.450272
0.460196
0.456784
0.451762
0.447994
0.446157
0.444912
0.443389
0.441419
0.43914
0.436607
0.433853
0.430875
0.427644
0.424173
0.420464
0.416505
0.412298
0.407846
0.403159
0.398245
0.393124
0.387786
0.382243
0.376509
0.370629
0.364599
0.358482
0.352328
0.346114
0.339967
0.333912
0.32801
0.322395
0.317102
0.312253
0.308024
0.30453
0.301762
0.299868
0.299112
0.299411
0.300875
0.302269
0.303405
2.27732
1.03201
0.327288
0.341714
0.406263
0.451058
0.461209
0.457949
0.453117
0.449485
0.447778
0.446644
0.44525
0.443419
0.441286
0.438916
0.436334
0.43355
0.430536
0.427306
0.423861
0.420192
0.416305
0.4122
0.407903
0.403418
0.398756
0.393939
0.388948
0.383829
0.37863
0.373349
0.368053
0.362813
0.357617
0.352561
0.34775
0.343193
0.33909
0.33547
0.332466
0.330298
0.329116
0.328886
0.329874
0.332249
0.336003
0.340858
0.346072
0.34969
2.2788
1.0347
0.32919
0.341908
0.406742
0.451938
0.462368
0.459297
0.454681
0.451213
0.449636
0.448629
0.447369
0.445688
0.443708
0.441511
0.439116
0.436534
0.433755
0.430778
0.427611
0.424251
0.420697
0.416971
0.41309
0.409065
0.404905
0.400637
0.39625
0.39179
0.387318
0.382843
0.378438
0.37417
0.370064
0.366209
0.362719
0.359649
0.357168
0.355406
0.354483
0.354591
0.356008
0.358855
0.363423
0.369812
0.378389
0.38937
0.400597
0.411018
2.28034
1.03748
0.331087
0.342131
0.407282
0.452922
0.46368
0.460838
0.45648
0.45319
0.451757
0.450881
0.449774
0.448247
0.446432
0.444421
0.442214
0.439853
0.437317
0.434607
0.431748
0.428721
0.425536
0.422215
0.418771
0.415227
0.411595
0.407904
0.40416
0.4004
0.396705
0.393094
0.389611
0.386409
0.38344
0.380864
0.378787
0.377313
0.376624
0.376808
0.378147
0.380935
0.385589
0.392155
0.401191
0.413159
0.428649
0.448511
0.472938
0.499887
2.28189
1.0403
0.332982
0.342396
0.407903
0.454088
0.465229
0.462658
0.45859
0.455482
0.454186
0.453445
0.452473
0.451103
0.449456
0.447625
0.445631
0.443489
0.441205
0.438777
0.436212
0.433528
0.43073
0.427833
0.424877
0.421854
0.418788
0.415701
0.412639
0.409602
0.40671
0.404001
0.4015
0.399363
0.397622
0.396383
0.395765
0.395917
0.396996
0.399363
0.403237
0.40901
0.41696
0.427886
0.442165
0.461196
0.486968
0.52282
0.57376
0.666119
2.28374
1.04367
0.335251
0.342775
0.408671
0.455674
0.467374
0.465166
0.461464
0.458562
0.45744
0.456893
0.456139
0.455011
0.453608
0.452037
0.450336
0.448521
0.446592
0.44457
0.442447
0.440243
0.437996
0.435705
0.433387
0.431112
0.428816
0.4266
0.424485
0.422493
0.420736
0.419279
0.418152
0.417534
0.417455
0.418016
0.419335
0.421804
0.425717
0.431117
0.438536
0.448177
0.461142
0.477888
0.500421
0.530161
0.571483
0.633059
0.733639
0.883765
2.2857
1.04727
0.338002
0.343944
0.410411
0.458542
0.470984
0.469156
0.465771
0.462937
0.461832
0.461371
0.460744
0.45978
0.458562
0.457189
0.455732
0.454204
0.452615
0.450965
0.449273
0.447544
0.445837
0.444129
0.442469
0.440876
0.439372
0.437994
0.436829
0.435873
0.435242
0.435009
0.435206
0.435929
0.437336
0.439703
0.44317
0.447855
0.45409
0.462239
0.472655
0.486227
0.50339
0.526045
0.555051
0.59435
0.647082
0.719917
0.832491
0.971579
2.28669
1.0491
0.339558
0.345108
0.412594
0.462298
0.475708
0.474372
0.471287
0.468465
0.467383
0.467021
0.466574
0.4658
0.464735
0.463526
0.462267
0.460992
0.459685
0.458371
0.457055
0.455749
0.454502
0.453319
0.452231
0.451282
0.450497
0.449916
0.449628
0.449659
0.450065
0.450893
0.452351
0.454621
0.457696
0.461823
0.467043
0.47382
0.482158
0.492853
0.505908
0.522541
0.543171
0.569245
0.602726
0.644838
0.701153
0.770996
0.867473
0.972094
2.28744
1.05048
0.3425
0.348925
0.417552
0.468754
0.48274
0.481258
0.47782
0.474632
0.473454
0.473172
0.472888
0.472334
0.471461
0.470428
0.469404
0.468413
0.467455
0.466514
0.46562
0.464771
0.464012
0.46335
0.46282
0.462454
0.462321
0.462437
0.46285
0.463613
0.464943
0.466872
0.469439
0.472825
0.477114
0.482562
0.489317
0.497656
0.507946
0.520382
0.535814
0.554202
0.577311
0.604673
0.639472
0.680749
0.732876
0.795061
0.873042
0.954677
2.28361
1.04349
0.344602
0.358917
0.430167
0.483587
0.497757
0.4953
0.49068
0.486617
0.48502
0.484518
0.48406
0.483365
0.482355
0.481204
0.480131
0.479142
0.478219
0.477364
0.476592
0.475928
0.475396
0.475041
0.474878
0.474946
0.475237
0.475904
0.476985
0.478578
0.480666
0.483404
0.486831
0.491095
0.496371
0.502767
0.510627
0.519985
0.531458
0.54492
0.561484
0.580701
0.604343
0.631854
0.665124
0.704517
0.750732
0.805307
0.868941
0.933779
2.28892
1.03473
0.368581
0.385406
0.451372
0.501954
0.514516
0.511134
0.505812
0.501595
0.499996
0.499407
0.498858
0.498117
0.497133
0.49608
0.495076
0.494148
0.493271
0.492441
0.491705
0.491044
0.490533
0.49015
0.490016
0.490153
0.490661
0.491498
0.492861
0.494704
0.497232
0.500369
0.504426
0.509259
0.515301
0.522358
0.531014
0.541001
0.553149
0.567066
0.583856
0.603166
0.626033
0.652653
0.683437
0.71942
0.760428
0.807421
0.86086
0.914694
1.8803
0.778274
0.282132
0.346469
0.41807
0.443902
0.445054
0.441369
0.437967
0.438058
0.440356
0.443406
0.446559
0.4498
0.45308
0.456483
0.459953
0.463482
0.467003
0.470482
0.473892
0.4772
0.480474
0.483716
0.486937
0.490119
0.493388
0.496651
0.500219
0.503928
0.508167
0.512741
0.518127
0.524099
0.531188
0.539177
0.54859
0.559356
0.571836
0.586314
0.602782
0.622057
0.643676
0.66896
0.697102
0.72959
0.765547
0.806157
0.851153
0.896141
1.87216
0.776638
0.28985
0.357916
0.429144
0.450125
0.44696
0.44048
0.434945
0.433113
0.433162
0.433701
0.434429
0.435424
0.43686
0.438695
0.44105
0.443822
0.447135
0.450726
0.454804
0.45909
0.463833
0.468679
0.473915
0.479194
0.484899
0.490655
0.496842
0.503108
0.509831
0.516763
0.524238
0.532199
0.540881
0.550437
0.560927
0.572785
0.585839
0.600793
0.617278
0.636169
0.657049
0.680727
0.70695
0.736183
0.768483
0.803613
0.842143
0.879973
1.87118
0.775234
0.291558
0.367488
0.444455
0.466021
0.461083
0.452581
0.445664
0.442947
0.44217
0.441717
0.441256
0.440925
0.44087
0.441124
0.441826
0.442928
0.444521
0.446528
0.449144
0.452228
0.456002
0.460237
0.465195
0.470568
0.476634
0.483086
0.490158
0.497649
0.505724
0.514339
0.523544
0.533388
0.543813
0.555058
0.566991
0.580063
0.594065
0.609528
0.626324
0.644864
0.665181
0.687505
0.711981
0.738631
0.767647
0.79883
0.832438
0.865051
1.87224
0.777868
0.296492
0.369438
0.444482
0.466404
0.462298
0.454565
0.448114
0.445805
0.445418
0.445349
0.445283
0.445273
0.445434
0.445808
0.446437
0.447291
0.448459
0.449904
0.451783
0.454046
0.456845
0.460165
0.464102
0.468696
0.473931
0.479926
0.486567
0.494041
0.502136
0.511111
0.520687
0.531193
0.542379
0.554567
0.56754
0.581557
0.596483
0.612567
0.629763
0.648303
0.668229
0.689704
0.712733
0.737514
0.763811
0.79187
0.821577
0.850268
1.87468
0.783704
0.303252
0.363061
0.429699
0.452258
0.450962
0.445223
0.439954
0.438228
0.438342
0.438911
0.439642
0.44051
0.441539
0.442738
0.444158
0.44577
0.447625
0.449709
0.45206
0.454737
0.457745
0.461189
0.465053
0.469481
0.474429
0.480065
0.486323
0.493393
0.50114
0.509799
0.519184
0.529556
0.540702
0.55287
0.565872
0.579955
0.594979
0.611155
0.628382
0.646839
0.666359
0.687215
0.709149
0.732527
0.756979
0.782608
0.809505
0.835284
1.8833
0.790013
0.304856
0.350428
0.412647
0.442929
0.446677
0.442282
0.437507
0.43535
0.43512
0.435623
0.436498
0.437567
0.438734
0.440054
0.441615
0.44344
0.445523
0.44791
0.450562
0.453583
0.456914
0.460676
0.464801
0.469441
0.474528
0.480208
0.486438
0.493364
0.500948
0.509335
0.518461
0.528482
0.539332
0.551135
0.56382
0.577506
0.592123
0.607791
0.624432
0.642189
0.660937
0.680854
0.70176
0.723738
0.746615
0.770375
0.79512
0.818705
2.26648
1.11276
0.412401
0.401118
0.461153
0.510552
0.522306
0.517572
0.510868
0.504901
0.501269
0.498672
0.49659
0.494642
0.492556
0.490511
0.488663
0.487103
0.485861
0.484956
0.484444
0.484367
0.484772
0.485737
0.487241
0.489402
0.492197
0.495718
0.499958
0.504992
0.510812
0.517525
0.5251
0.533625
0.5431
0.5536
0.565075
0.577591
0.591125
0.605702
0.621281
0.637901
0.655464
0.674027
0.693499
0.713884
0.735076
0.757009
0.779755
0.80139
2.27548
1.13384
0.395955
0.378541
0.451358
0.512713
0.531658
0.530984
0.52692
0.52336
0.522027
0.521663
0.521852
0.521987
0.52165
0.521021
0.520312
0.51961
0.518941
0.518339
0.51784
0.517483
0.517331
0.517444
0.517899
0.518779
0.520109
0.522029
0.524541
0.527782
0.531733
0.536531
0.542148
0.548705
0.556154
0.564588
0.574041
0.584528
0.59608
0.608701
0.622402
0.63717
0.652952
0.669704
0.687357
0.705871
0.725136
0.745079
0.765757
0.785427
2.2998
1.18164
0.438061
0.385342
0.448276
0.505016
0.52398
0.525199
0.523541
0.522615
0.523183
0.524711
0.52685
0.528849
0.530399
0.531741
0.532969
0.534193
0.535374
0.536548
0.537691
0.53885
0.540025
0.541276
0.542617
0.54412
0.545823
0.547813
0.550131
0.552882
0.556107
0.559913
0.564352
0.569506
0.575458
0.582238
0.58994
0.598566
0.608177
0.618753
0.630303
0.642802
0.656287
0.670739
0.68612
0.702421
0.719479
0.737195
0.755627
0.773205
1.90198
0.806725
0.308216
0.317468
0.374559
0.415709
0.430334
0.434329
0.437344
0.441249
0.446465
0.452811
0.459793
0.466578
0.473034
0.479361
0.485616
0.491872
0.498042
0.504143
0.510108
0.515973
0.521694
0.527314
0.5328
0.53821
0.543526
0.548822
0.554103
0.559433
0.564849
0.570458
0.576283
0.582433
0.588964
0.595977
0.603517
0.611681
0.620488
0.630048
0.640343
0.651474
0.663377
0.676114
0.689591
0.703763
0.718653
0.734224
0.750473
0.766011
2.30766
1.19752
0.452274
0.387454
0.441447
0.493388
0.510693
0.510812
0.507636
0.505162
0.503883
0.503893
0.504539
0.504989
0.505358
0.50595
0.506905
0.508352
0.510256
0.512659
0.515486
0.518805
0.522558
0.526773
0.53138
0.536405
0.541739
0.547426
0.553366
0.559625
0.5661
0.572864
0.579848
0.58712
0.594635
0.602498
0.610671
0.619271
0.628259
0.637757
0.647737
0.658294
0.669403
0.681109
0.693405
0.706299
0.719781
0.733735
0.748268
0.762123
2.31257
1.20669
0.434997
0.370364
0.439054
0.501713
0.52349
0.525029
0.522864
0.521478
0.521627
0.523036
0.525019
0.526555
0.527585
0.52846
0.529323
0.530315
0.531414
0.532747
0.534326
0.536225
0.53846
0.54109
0.54412
0.547596
0.551528
0.55593
0.56082
0.566167
0.571994
0.578244
0.584939
0.592053
0.599585
0.607503
0.61581
0.624509
0.633585
0.643052
0.652923
0.663183
0.673901
0.685004
0.696578
0.708583
0.721029
0.733868
0.747135
0.759761
2.31499
1.21181
0.438617
0.372142
0.441921
0.506124
0.528833
0.530701
0.528675
0.527491
0.528083
0.52999
0.532624
0.534954
0.536779
0.538413
0.540027
0.541715
0.543481
0.545358
0.547353
0.549522
0.551861
0.554434
0.557264
0.560376
0.563824
0.567616
0.571805
0.576403
0.581437
0.586915
0.592865
0.599264
0.606143
0.613477
0.621275
0.629517
0.63821
0.647323
0.656871
0.666811
0.677161
0.687875
0.698989
0.710447
0.722218
0.73422
0.746647
0.758349
2.31779
1.21915
0.464864
0.388286
0.447386
0.506715
0.5296
0.533071
0.532405
0.532239
0.533274
0.535568
0.538425
0.540938
0.543125
0.545199
0.547296
0.549458
0.551714
0.554071
0.556533
0.559133
0.561869
0.564773
0.567859
0.571158
0.574697
0.578488
0.582569
0.586952
0.591678
0.596766
0.602218
0.608064
0.614324
0.62101
0.628132
0.635688
0.643693
0.652117
0.660977
0.670243
0.679908
0.689977
0.700428
0.711188
0.722294
0.733681
0.745418
0.756563
1.9076
0.815218
0.325874
0.323548
0.376113
0.413885
0.426749
0.429816
0.432293
0.435894
0.440959
0.447404
0.454628
0.461812
0.468869
0.475924
0.483026
0.490179
0.497352
0.50452
0.511658
0.518763
0.525821
0.532837
0.539807
0.546755
0.553678
0.560613
0.567548
0.574533
0.581563
0.588677
0.595906
0.603272
0.610799
0.618522
0.626446
0.634608
0.643016
0.651699
0.660661
0.669916
0.679478
0.689361
0.699515
0.70995
0.720621
0.731559
0.742789
0.753447
2.31271
1.21014
0.465924
0.40339
0.465973
0.527377
0.549528
0.550734
0.546753
0.543087
0.540796
0.539431
0.538922
0.538498
0.537745
0.53694
0.536418
0.536282
0.53654
0.537316
0.538582
0.540334
0.542641
0.545445
0.548793
0.552636
0.556989
0.561816
0.567096
0.572817
0.578924
0.585408
0.592215
0.599364
0.606781
0.614506
0.622474
0.630728
0.63921
0.64797
0.656962
0.666234
0.675761
0.685551
0.695533
0.705741
0.716178
0.726814
0.737721
0.748056
2.29503
1.17178
0.461468
0.422662
0.485735
0.546439
0.566834
0.567359
0.564001
0.561187
0.560653
0.561188
0.56254
0.564017
0.564932
0.565491
0.56596
0.566492
0.567081
0.567729
0.568462
0.56933
0.570412
0.57176
0.573458
0.575521
0.577981
0.580851
0.584126
0.587838
0.591985
0.596599
0.601661
0.607178
0.613123
0.619497
0.626271
0.633439
0.640979
0.64887
0.657106
0.665656
0.674487
0.683587
0.692959
0.702608
0.712504
0.72263
0.733021
0.742889
1.88317
0.80267
0.340746
0.354739
0.405857
0.442894
0.452924
0.452765
0.451889
0.453002
0.456559
0.4615
0.467696
0.474432
0.480989
0.487433
0.493901
0.500426
0.506981
0.513495
0.519908
0.526229
0.532439
0.538582
0.544627
0.550658
0.556667
0.562723
0.568829
0.575006
0.581269
0.587638
0.594152
0.600829
0.607708
0.614773
0.622074
0.629568
0.637317
0.645288
0.653517
0.661994
0.670699
0.679632
0.688776
0.698143
0.707726
0.717502
0.727529
0.737038
1.86736
0.792842
0.340565
0.356503
0.398014
0.426594
0.434349
0.433536
0.431819
0.430786
0.431289
0.432935
0.435916
0.439534
0.443239
0.447175
0.451547
0.456497
0.462042
0.468064
0.474477
0.481183
0.488164
0.495385
0.502869
0.510579
0.518495
0.526557
0.534718
0.542963
0.551278
0.55966
0.56811
0.576643
0.585247
0.593961
0.602745
0.611631
0.62058
0.629621
0.638739
0.647968
0.657306
0.666779
0.676399
0.686159
0.696057
0.706083
0.716285
0.72593
1.88581
0.805014
0.345381
0.372929
0.429252
0.465314
0.472496
0.468495
0.463101
0.459648
0.458381
0.45803
0.458412
0.459379
0.460358
0.461312
0.462463
0.463983
0.465969
0.468436
0.471361
0.474744
0.478559
0.482861
0.4877
0.493118
0.499039
0.505443
0.512277
0.519519
0.527142
0.535133
0.543466
0.552106
0.561016
0.570127
0.579423
0.58887
0.598457
0.608167
0.617996
0.627909
0.637925
0.648018
0.658201
0.668458
0.678792
0.689211
0.699763
0.709723
2.34252
1.1273
0.471263
0.448029
0.513055
0.574335
0.594632
0.594412
0.589557
0.584494
0.581685
0.57983
0.578114
0.576588
0.574886
0.57285
0.570681
0.568526
0.56647
0.564589
0.562842
0.561292
0.559952
0.558871
0.558119
0.557806
0.557947
0.558676
0.559908
0.561658
0.563975
0.566844
0.570299
0.574316
0.578929
0.584082
0.589779
0.595949
0.602602
0.609663
0.61713
0.624985
0.633194
0.641745
0.650595
0.659724
0.669092
0.678671
0.688499
0.697824
1.89018
0.808246
0.347585
0.362787
0.414582
0.454394
0.466724
0.467996
0.46773
0.468107
0.470938
0.474992
0.479585
0.484673
0.489911
0.494993
0.500007
0.505053
0.510062
0.515038
0.519894
0.524646
0.529295
0.533851
0.538322
0.54275
0.547167
0.551637
0.556148
0.560727
0.565368
0.570094
0.57494
0.579944
0.585128
0.590544
0.596189
0.602084
0.608219
0.614606
0.621259
0.628171
0.635363
0.642839
0.650585
0.6586
0.666882
0.675389
0.684177
0.692552
1.88862
0.80749
0.349477
0.364398
0.414727
0.452162
0.461979
0.460628
0.457471
0.454865
0.454696
0.455843
0.457539
0.459814
0.462437
0.465139
0.468124
0.471513
0.475306
0.479457
0.4839
0.488601
0.49355
0.498751
0.504198
0.509872
0.51574
0.521781
0.527983
0.534312
0.540779
0.547373
0.554091
0.560927
0.567867
0.574917
0.582065
0.589313
0.596654
0.604098
0.611631
0.6193
0.62708
0.635018
0.643088
0.651324
0.65971
0.66825
0.676964
0.685238
2.34524
1.13156
0.476846
0.452032
0.517517
0.580572
0.601906
0.6021
0.597587
0.592631
0.59005
0.588821
0.587656
0.5866
0.585513
0.584154
0.582677
0.581231
0.579871
0.578616
0.57755
0.57677
0.576148
0.575791
0.575688
0.575828
0.576371
0.577242
0.57855
0.580271
0.582443
0.58501
0.587977
0.591322
0.59503
0.599092
0.603502
0.608254
0.613331
0.618742
0.624425
0.630439
0.636675
0.643238
0.650004
0.657078
0.664336
0.671866
0.679587
0.687005
1.87303
0.797
0.348757
0.379556
0.437805
0.476834
0.487292
0.486231
0.483291
0.481962
0.483636
0.486763
0.490404
0.494283
0.498438
0.502862
0.507322
0.511736
0.516148
0.520588
0.525067
0.529603
0.534183
0.538787
0.543399
0.548001
0.552628
0.557277
0.562022
0.566845
0.571791
0.576825
0.581966
0.587192
0.592524
0.597946
0.603501
0.609168
0.61499
0.620972
0.627086
0.633399
0.639816
0.646445
0.653188
0.660154
0.667258
0.674583
0.682073
0.689248
1.84785
0.778073
0.337665
0.374211
0.425165
0.45441
0.462403
0.462622
0.461058
0.460006
0.460355
0.461366
0.462714
0.464611
0.467022
0.469927
0.473014
0.476134
0.479414
0.482929
0.486703
0.490792
0.495278
0.500066
0.505093
0.510313
0.51574
0.521349
0.527187
0.533219
0.539479
0.545879
0.552446
0.559083
0.565855
0.572671
0.579637
0.586657
0.59381
0.601047
0.608378
0.615807
0.623298
0.630926
0.638599
0.646444
0.654325
0.662394
0.670549
0.678342
1.83985
0.771939
0.33448
0.370332
0.41955
0.44869
0.457596
0.458708
0.457514
0.456103
0.45576
0.455967
0.456603
0.457899
0.459701
0.462012
0.464334
0.466485
0.468666
0.471011
0.473574
0.476441
0.479783
0.483506
0.487457
0.491653
0.496094
0.500798
0.505864
0.511254
0.517006
0.523007
0.529271
0.535668
0.5423
0.549045
0.556032
0.563154
0.570481
0.577937
0.585538
0.59327
0.601097
0.609084
0.61714
0.625401
0.633724
0.642278
0.650937
0.65924
1.86341
0.789142
0.345397
0.359615
0.409137
0.446292
0.457948
0.459129
0.45773
0.456083
0.455511
0.455419
0.45596
0.457093
0.458845
0.460898
0.462801
0.464645
0.466551
0.468581
0.47077
0.473282
0.476205
0.479348
0.482713
0.486265
0.490079
0.494166
0.498586
0.503345
0.5084
0.513675
0.51919
0.52484
0.530748
0.536829
0.54318
0.549713
0.556463
0.563361
0.570424
0.577617
0.584991
0.592524
0.600249
0.608188
0.616284
0.62464
0.633135
0.641315
2.31368
1.20716
0.48915
0.43305
0.493079
0.556632
0.582075
0.585075
0.581998
0.578891
0.57745
0.577211
0.577368
0.577824
0.578299
0.578582
0.578662
0.578682
0.578718
0.578781
0.578889
0.57915
0.579605
0.580214
0.58103
0.58201
0.583154
0.584478
0.585999
0.587743
0.589766
0.592007
0.594524
0.597219
0.600154
0.603268
0.606628
0.610192
0.614017
0.618026
0.622303
0.62675
0.631451
0.636352
0.641485
0.646898
0.652515
0.658459
0.664586
0.670582
2.32629
1.23715
0.47123
0.405311
0.480749
0.556678
0.588161
0.593587
0.592232
0.589899
0.589283
0.589983
0.590939
0.592308
0.593742
0.594827
0.595779
0.59679
0.597963
0.599287
0.600787
0.602437
0.604245
0.606202
0.60829
0.610544
0.61294
0.615498
0.618234
0.621127
0.624222
0.627485
0.630921
0.634504
0.638206
0.642007
0.645905
0.64988
0.65398
0.658168
0.662509
0.666964
0.671558
0.676309
0.681174
0.686239
0.691406
0.696797
0.702303
0.707642
2.31755
1.2172
0.493464
0.432902
0.493751
0.558825
0.58631
0.591561
0.590613
0.588691
0.588262
0.588949
0.590042
0.591662
0.593325
0.594657
0.595889
0.597205
0.598676
0.60032
0.60215
0.60416
0.606339
0.608713
0.611248
0.614003
0.616953
0.62013
0.623531
0.627158
0.631
0.635055
0.63926
0.643634
0.648091
0.652666
0.657299
0.662019
0.666809
0.671694
0.676659
0.681755
0.686919
0.692241
0.69762
0.703167
0.708789
0.714582
0.720498
0.726193
1.89017
0.814195
0.364509
0.364571
0.416079
0.45716
0.46884
0.468268
0.465898
0.46394
0.46449
0.466116
0.468411
0.471356
0.474061
0.476359
0.478674
0.481219
0.484057
0.487303
0.491054
0.495078
0.499295
0.503722
0.508406
0.51337
0.518624
0.524212
0.53014
0.536334
0.542735
0.549275
0.555944
0.562696
0.569522
0.576451
0.583426
0.590508
0.59761
0.604777
0.611939
0.619151
0.626363
0.633662
0.641006
0.648488
0.65605
0.663789
0.671672
0.679222
1.87524
0.80618
0.367046
0.38254
0.428309
0.460365
0.467598
0.465012
0.461874
0.460029
0.459723
0.460305
0.461568
0.463332
0.46472
0.465716
0.466684
0.467818
0.469186
0.470927
0.473174
0.475716
0.478417
0.481315
0.484459
0.487888
0.491663
0.495811
0.500397
0.505259
0.510379
0.515713
0.521216
0.526904
0.53281
0.538879
0.545158
0.551574
0.558076
0.564694
0.571337
0.578111
0.584967
0.591984
0.599134
0.606471
0.61395
0.621631
0.629472
0.636991
1.87622
0.806211
0.366176
0.395341
0.448176
0.482397
0.490208
0.487043
0.482369
0.479725
0.478909
0.478962
0.479684
0.480775
0.48193
0.483008
0.483994
0.485003
0.486153
0.48752
0.489166
0.491191
0.493554
0.496179
0.499021
0.502092
0.505416
0.508984
0.512894
0.517118
0.521574
0.526306
0.531205
0.536251
0.541482
0.546786
0.552287
0.557909
0.563664
0.569559
0.575526
0.581592
0.587748
0.594008
0.600402
0.606952
0.613648
0.620554
0.627588
0.634364
1.19605
1.06155
0.510017
0.190219
0.00132509
0.105605
0.156804
0.205388
0.227273
0.231941
0.22026
0.208837
0.198181
0.18836
0.176046
0.16149
0.144191
0.124446
0.102868
0.0800514
0.0565284
0.0332945
0.0144511
0.0238511
0.0475438
0.0714463
0.0952009
0.118516
0.141376
0.163848
0.185917
0.207536
0.228776
0.249514
0.26918
0.288019
0.307379
0.327555
0.347319
0.366354
0.384815
0.40281
0.420386
0.437536
0.454282
0.47058
0.486452
0.501818
0.516785
0.531187
0.545182
0.558584
0.571519
0.583895
0.595724
0.606955
0.617642
0.627625
0.637031
0.645693
0.653656
0.660895
0.66732
0.672952
0.677796
0.681754
0.684929
0.687201
0.688747
0.689425
0.689509
0.689025
0.688353
0.687456
0.685988
0.683628
0.680655
0.677653
0.674745
0.671958
0.66935
0.667016
0.665004
0.663348
0.662129
0.661285
0.660939
0.660956
0.66152
0.662354
0.663628
0.665174
0.666929
0.668979
0.671046
0.673475
0.675851
0.678479
0.681001
0.687454
1.12727
1.04514
0.815491
0.558221
0.50516
0.434575
0.383308
0.341225
0.310372
0.291458
0.260446
0.230328
0.212195
0.211321
0.218706
0.229595
0.242426
0.256747
0.272148
0.288288
0.304777
0.321304
0.337518
0.353559
0.370058
0.386772
0.403622
0.420405
0.43708
0.453592
0.469924
0.486005
0.501929
0.517559
0.532586
0.546884
0.561356
0.576529
0.591885
0.606665
0.621032
0.635144
0.649027
0.662682
0.676095
0.689158
0.701963
0.714422
0.726587
0.738456
0.749988
0.761122
0.771874
0.782123
0.791961
0.801286
0.810194
0.818638
0.826621
0.834143
0.841099
0.847549
0.85335
0.858474
0.862981
0.866687
0.869648
0.871947
0.873388
0.874085
0.87415
0.873738
0.873025
0.872078
0.87059
0.868223
0.865266
0.862199
0.85927
0.856398
0.853738
0.851244
0.849169
0.847377
0.84595
0.844844
0.844171
0.843715
0.843613
0.843729
0.8441
0.844661
0.845323
0.846061
0.846889
0.847827
0.848895
0.850059
0.85128
0.855584
1.08119
1.08405
1.01662
0.908401
0.836977
0.785837
0.74872
0.717443
0.691529
0.672894
0.657157
0.642519
0.631537
0.626408
0.624888
0.625594
0.628011
0.631546
0.636209
0.641832
0.648218
0.655248
0.662683
0.670553
0.67894
0.687801
0.697058
0.706561
0.716261
0.726029
0.735971
0.745927
0.755992
0.766008
0.775776
0.785137
0.794564
0.804645
0.815206
0.825487
0.835493
0.845346
0.855089
0.864725
0.874278
0.883686
0.892948
0.902079
0.910954
0.919683
0.928182
0.936476
0.944603
0.952453
0.960043
0.967343
0.97429
0.980942
0.987227
0.99316
0.998708
1.0038
1.00841
1.01246
1.01599
1.01882
1.0212
1.02288
1.02395
1.02473
1.02462
1.02443
1.02405
1.02349
1.02247
1.02072
1.01851
1.01625
1.01404
1.01197
1.01026
1.00865
1.00739
1.0063
1.00569
1.00528
1.0053
1.00558
1.00618
1.00695
1.00799
1.00914
1.01047
1.01182
1.01325
1.0146
1.01601
1.01716
1.01847
1.02187
1.05316
1.0912
1.09105
1.05753
1.01498
0.984936
0.965709
0.951031
0.938102
0.926375
0.917045
0.908922
0.901605
0.895774
0.892699
0.891242
0.890331
0.889564
0.889014
0.888742
0.888861
0.889553
0.89066
0.892303
0.89457
0.897484
0.901023
0.905104
0.909727
0.914781
0.920294
0.926174
0.932493
0.939101
0.9457
0.952058
0.958536
0.965657
0.973461
0.981378
0.989167
0.99688
1.00458
1.01226
1.01995
1.02756
1.03509
1.04253
1.04978
1.0569
1.06379
1.07048
1.07685
1.08303
1.08882
1.09445
1.09965
1.10465
1.10919
1.11349
1.11733
1.1208
1.1239
1.12648
1.12872
1.13035
1.13169
1.13235
1.13271
1.13234
1.13159
1.13066
1.12963
1.12841
1.12678
1.12461
1.12205
1.11946
1.11695
1.1147
1.11267
1.11092
1.10952
1.10844
1.10772
1.10745
1.10745
1.10789
1.10867
1.1097
1.11099
1.11244
1.11402
1.11566
1.11737
1.11905
1.12076
1.12221
1.12363
1.12725
1.02669
1.07478
1.10045
1.10414
1.09456
1.08624
1.08175
1.07962
1.07742
1.07422
1.07014
1.06681
1.06418
1.0607
1.05666
1.05352
1.05074
1.04781
1.04493
1.04179
1.03891
1.03613
1.03381
1.03186
1.03055
1.02984
1.02976
1.03047
1.03177
1.03364
1.03611
1.03911
1.04265
1.04658
1.05064
1.05466
1.05896
1.06397
1.06977
1.07595
1.0822
1.08852
1.09489
1.10137
1.10789
1.11448
1.12105
1.12764
1.13416
1.14061
1.14695
1.15313
1.15917
1.16491
1.17056
1.17575
1.1809
1.18548
1.19002
1.1939
1.19768
1.20082
1.20371
1.206
1.20798
1.20935
1.21038
1.21082
1.21076
1.21008
1.20906
1.2079
1.20664
1.20512
1.20306
1.2006
1.19785
1.19503
1.19226
1.18966
1.18727
1.18519
1.1834
1.18196
1.18088
1.18014
1.17981
1.17974
1.18008
1.18068
1.18159
1.18254
1.18373
1.1849
1.18629
1.18767
1.18907
1.19032
1.19147
1.19501
0.996583
1.05042
1.08637
1.10969
1.12155
1.12882
1.13519
1.14163
1.14717
1.15114
1.15304
1.1532
1.15249
1.15178
1.14998
1.1471
1.14347
1.14021
1.1364
1.13283
1.12862
1.1248
1.12076
1.11738
1.11411
1.11173
1.10967
1.10859
1.10789
1.10803
1.10879
1.11015
1.11207
1.11448
1.1171
1.11978
1.12279
1.12654
1.13109
1.13615
1.14145
1.14693
1.15251
1.15824
1.16406
1.16999
1.176
1.18205
1.18816
1.19423
1.20032
1.20626
1.21215
1.21787
1.22338
1.22876
1.23375
1.23859
1.24298
1.24708
1.25074
1.25395
1.2567
1.25894
1.26068
1.26192
1.26264
1.26265
1.26231
1.2611
1.25968
1.25823
1.25656
1.25462
1.25222
1.24939
1.24647
1.24347
1.2405
1.23772
1.23513
1.23287
1.2309
1.22925
1.22792
1.22692
1.22623
1.22589
1.22582
1.22603
1.22656
1.22711
1.22784
1.22873
1.22977
1.23088
1.23191
1.23288
1.23366
1.23691
0.967033
1.01928
1.06227
1.09494
1.11943
1.13743
1.15214
1.16483
1.17599
1.18504
1.19182
1.19612
1.19829
1.19882
1.1988
1.19782
1.1955
1.19208
1.18847
1.18453
1.18045
1.17619
1.17198
1.1679
1.16406
1.16077
1.15782
1.15575
1.15402
1.15326
1.15283
1.15335
1.15436
1.15585
1.15753
1.15933
1.16148
1.16436
1.16804
1.17225
1.17679
1.18158
1.18655
1.19165
1.19691
1.20229
1.20782
1.21346
1.21916
1.22498
1.23071
1.23655
1.24221
1.24786
1.25335
1.25864
1.26377
1.26859
1.27318
1.2774
1.28125
1.28475
1.28772
1.29026
1.29227
1.2936
1.29445
1.29466
1.29429
1.29311
1.29168
1.29009
1.28826
1.28584
1.28303
1.27995
1.27666
1.27342
1.27016
1.26709
1.26431
1.26182
1.2597
1.25793
1.25658
1.25552
1.25478
1.25438
1.25437
1.25446
1.25475
1.25516
1.25572
1.25643
1.25722
1.25803
1.25875
1.25926
1.25962
1.26232
0.940964
0.988922
1.03273
1.07058
1.10161
1.12651
1.14742
1.16523
1.18053
1.19348
1.20385
1.21164
1.21676
1.21984
1.22089
1.22126
1.22081
1.21912
1.21629
1.21253
1.20876
1.20473
1.20076
1.19671
1.19295
1.1893
1.18634
1.18359
1.18174
1.18024
1.17965
1.17948
1.18017
1.18123
1.18246
1.18382
1.18555
1.18801
1.19121
1.19495
1.19904
1.20348
1.20806
1.2129
1.21777
1.22291
1.22803
1.23342
1.23878
1.24431
1.24981
1.25532
1.26081
1.26618
1.27148
1.27659
1.28156
1.28629
1.29074
1.29494
1.29871
1.30217
1.30519
1.30765
1.30973
1.31122
1.31208
1.31242
1.31208
1.31107
1.3099
1.30841
1.30659
1.30414
1.3012
1.29808
1.29467
1.29124
1.28791
1.28464
1.28173
1.27911
1.27689
1.27501
1.27358
1.27249
1.2717
1.27125
1.27111
1.2712
1.27126
1.2715
1.27201
1.27262
1.27325
1.27391
1.27448
1.27482
1.27494
1.27745
0.917908
0.961584
1.00382
1.04316
1.0776
1.10708
1.13181
1.15314
1.17137
1.18736
1.20034
1.21109
1.21882
1.22446
1.22769
1.22955
1.23009
1.23016
1.2292
1.22701
1.22402
1.22044
1.21708
1.21331
1.21002
1.20657
1.20372
1.20099
1.19901
1.19736
1.19653
1.19617
1.1966
1.19743
1.1984
1.19952
1.20107
1.20332
1.20633
1.20978
1.21363
1.21778
1.22215
1.22675
1.23146
1.23633
1.24131
1.24637
1.25154
1.25675
1.26201
1.26726
1.27248
1.27761
1.28269
1.2876
1.29233
1.29693
1.3012
1.30523
1.30895
1.31221
1.31513
1.31757
1.31946
1.32096
1.32178
1.32209
1.32181
1.321
1.3201
1.31874
1.31693
1.31453
1.31167
1.30861
1.30529
1.30186
1.29854
1.29529
1.29232
1.2897
1.28743
1.28555
1.28407
1.28298
1.28216
1.28169
1.28146
1.28138
1.28146
1.28158
1.28206
1.2826
1.28318
1.28383
1.28429
1.28451
1.28445
1.28671
0.896637
0.936278
0.976174
1.01512
1.0509
1.08271
1.11042
1.13456
1.15544
1.17357
1.18894
1.20181
1.21208
1.22002
1.22565
1.22938
1.2317
1.23268
1.23291
1.23262
1.23132
1.22898
1.22612
1.2228
1.21982
1.21664
1.21394
1.2113
1.20925
1.2075
1.20645
1.20592
1.2061
1.20672
1.20744
1.20838
1.2098
1.21191
1.21473
1.21799
1.22165
1.22562
1.22988
1.23431
1.23892
1.24363
1.24848
1.25337
1.25838
1.2634
1.26848
1.27353
1.27858
1.28356
1.28844
1.29324
1.29784
1.30225
1.30647
1.3103
1.31389
1.31706
1.31977
1.32212
1.32387
1.32523
1.32593
1.32613
1.32582
1.32517
1.32438
1.32312
1.32127
1.31893
1.31619
1.31328
1.31019
1.30703
1.30391
1.30085
1.29801
1.29537
1.29304
1.29109
1.28941
1.28812
1.28727
1.28669
1.28634
1.28612
1.28628
1.28653
1.28713
1.28784
1.28856
1.28933
1.28993
1.29024
1.2901
1.29225
0.877007
0.913129
0.950662
0.988296
1.0241
1.05689
1.08618
1.11215
1.13491
1.1549
1.17223
1.18704
1.19951
1.20952
1.21743
1.2232
1.22732
1.23003
1.23148
1.23209
1.23194
1.2312
1.22959
1.22708
1.22451
1.2216
1.21905
1.21655
1.2145
1.21283
1.21163
1.21105
1.21105
1.21149
1.21203
1.21285
1.21421
1.21623
1.21894
1.222
1.22552
1.22929
1.23339
1.23769
1.24216
1.2468
1.2515
1.25633
1.2612
1.26611
1.27107
1.27599
1.28091
1.28577
1.29051
1.29519
1.29966
1.30393
1.30803
1.31171
1.31517
1.31817
1.32078
1.32294
1.32457
1.32571
1.32625
1.32629
1.3259
1.32533
1.32447
1.32311
1.32114
1.31877
1.31614
1.31335
1.31048
1.30757
1.30468
1.30184
1.29908
1.29654
1.29429
1.29227
1.29048
1.28916
1.28833
1.28773
1.28735
1.28713
1.28737
1.28788
1.28864
1.28958
1.29049
1.29141
1.29216
1.29273
1.29257
1.29469
0.85695
0.890608
0.926054
0.962364
0.997661
1.03062
1.06078
1.08783
1.11197
1.13336
1.15214
1.16857
1.18259
1.19449
1.20418
1.2119
1.21769
1.22203
1.2249
1.2268
1.22759
1.22769
1.22725
1.22618
1.22448
1.22215
1.22005
1.21779
1.21594
1.21439
1.21331
1.21278
1.21272
1.21307
1.21355
1.21437
1.21578
1.21787
1.22044
1.22341
1.22672
1.23035
1.23426
1.23842
1.24277
1.24727
1.25191
1.25664
1.26142
1.26627
1.27113
1.27597
1.28079
1.28554
1.29016
1.29472
1.29905
1.30317
1.30713
1.31064
1.31395
1.31676
1.31924
1.32115
1.32264
1.32356
1.32389
1.32382
1.32343
1.32281
1.32182
1.32028
1.31822
1.31588
1.31338
1.31078
1.30812
1.30544
1.30277
1.30013
1.29757
1.29518
1.29298
1.29096
1.28921
1.28798
1.28721
1.28659
1.28618
1.28602
1.28637
1.2871
1.28795
1.28898
1.28996
1.29096
1.29158
1.29231
1.29219
1.29443
0.836654
0.868083
0.901718
0.936557
0.971052
1.00377
1.03412
1.0619
1.08689
1.10941
1.12942
1.14717
1.16272
1.17613
1.18763
1.19698
1.2046
1.21047
1.21492
1.21815
1.22025
1.22151
1.22193
1.22177
1.22114
1.22
1.21856
1.2167
1.21515
1.21366
1.21268
1.21211
1.21194
1.21211
1.2124
1.21316
1.2145
1.21642
1.21877
1.22149
1.22456
1.22798
1.23171
1.23572
1.23996
1.24439
1.24898
1.25368
1.25846
1.26329
1.26812
1.27294
1.27769
1.28236
1.28689
1.29132
1.29551
1.29948
1.30328
1.30666
1.30977
1.31251
1.31482
1.31664
1.31799
1.31879
1.31903
1.31891
1.3186
1.31797
1.31686
1.3152
1.31317
1.31095
1.30863
1.30627
1.3039
1.30149
1.29906
1.29663
1.29425
1.29196
1.28979
1.28782
1.28623
1.28518
1.28445
1.28386
1.28348
1.28359
1.284
1.28496
1.28573
1.28695
1.28775
1.28888
1.28943
1.29014
1.29003
1.29243
0.817779
0.846991
0.878595
0.91181
0.945022
0.977046
1.00717
1.03504
1.0606
1.08374
1.10474
1.12347
1.14025
1.15496
1.16789
1.17885
1.18799
1.19552
1.20148
1.20621
1.20972
1.21225
1.21396
1.21486
1.2153
1.21519
1.21479
1.21415
1.21326
1.21225
1.21163
1.21126
1.21132
1.21154
1.21201
1.21299
1.21451
1.21644
1.21876
1.2214
1.22441
1.22775
1.23139
1.2353
1.23946
1.24381
1.24832
1.25293
1.25763
1.26233
1.26703
1.27167
1.27623
1.28068
1.28494
1.2891
1.29292
1.2966
1.29985
1.30299
1.30545
1.30785
1.30958
1.31104
1.31185
1.31227
1.31234
1.31214
1.31175
1.31099
1.30976
1.30813
1.30631
1.3044
1.30246
1.30049
1.29849
1.29644
1.29433
1.29221
1.29011
1.28805
1.2861
1.28437
1.28304
1.28218
1.2815
1.28099
1.2807
1.28098
1.28144
1.28239
1.28305
1.2842
1.2849
1.28593
1.28639
1.28705
1.28691
1.28937
0.802405
0.829181
0.858481
0.889682
0.921222
0.952015
0.981364
1.00888
1.03444
1.05793
1.07942
1.09894
1.1166
1.13244
1.14654
1.159
1.16972
1.17889
1.18655
1.19293
1.19813
1.20231
1.20563
1.20812
1.20998
1.21119
1.21187
1.21224
1.21234
1.21231
1.21222
1.21231
1.21259
1.21298
1.21374
1.21485
1.21638
1.21824
1.22047
1.22303
1.22596
1.22921
1.23274
1.23654
1.24057
1.24478
1.24915
1.25362
1.25814
1.26266
1.26718
1.27155
1.27593
1.28001
1.28411
1.28776
1.29146
1.29454
1.29763
1.30012
1.30242
1.30415
1.30557
1.30652
1.30687
1.30695
1.30674
1.30637
1.30569
1.3046
1.30313
1.30156
1.29992
1.29826
1.29662
1.29499
1.29335
1.29166
1.28991
1.28813
1.28638
1.28467
1.28306
1.28168
1.28069
1.27999
1.27938
1.27903
1.2789
1.27927
1.2796
1.28027
1.28081
1.28165
1.28217
1.28297
1.28333
1.28384
1.28364
1.28604
0.792035
0.816252
0.843157
0.872119
0.901722
0.930955
0.959173
0.985952
1.01113
1.03458
1.05632
1.07635
1.09472
1.11149
1.12667
1.1404
1.15256
1.1633
1.17263
1.18073
1.18766
1.19348
1.19843
1.2024
1.20567
1.20824
1.21018
1.21168
1.21266
1.21331
1.21384
1.21432
1.21488
1.21554
1.2165
1.21773
1.21934
1.22126
1.2235
1.22609
1.22898
1.23219
1.23562
1.23938
1.24325
1.24738
1.25156
1.25589
1.26017
1.26455
1.2687
1.27299
1.27684
1.28088
1.28436
1.28792
1.29095
1.29389
1.2963
1.29854
1.30026
1.30163
1.30253
1.30293
1.30297
1.30267
1.30229
1.30167
1.30062
1.2992
1.29772
1.29625
1.29481
1.29341
1.29205
1.29072
1.28941
1.28811
1.28681
1.28547
1.28418
1.28302
1.28197
1.28116
1.28051
1.27996
1.27955
1.27931
1.27928
1.27931
1.27935
1.27955
1.27976
1.2801
1.28045
1.2809
1.2812
1.28147
1.2813
1.28368
0.785423
0.807275
0.831902
0.858714
0.886437
0.914076
0.941031
0.96693
0.991544
1.01475
1.03652
1.05681
1.07568
1.09315
1.10927
1.12408
1.13759
1.14972
1.16055
1.17017
1.17858
1.18592
1.19228
1.19766
1.2022
1.20594
1.20895
1.21129
1.21303
1.21442
1.21557
1.21652
1.21748
1.21852
1.21969
1.22117
1.22288
1.22489
1.22725
1.22991
1.23288
1.23607
1.23956
1.24315
1.24703
1.25089
1.25502
1.259
1.26318
1.26713
1.27119
1.27493
1.27874
1.28205
1.28546
1.28829
1.2911
1.29336
1.29548
1.29711
1.29838
1.29925
1.29966
1.29975
1.29945
1.29906
1.29845
1.29747
1.29614
1.29468
1.29325
1.29195
1.2908
1.28974
1.28877
1.28785
1.28698
1.28615
1.28536
1.28463
1.28396
1.28337
1.28286
1.28238
1.28193
1.28153
1.28122
1.28091
1.28053
1.28023
1.27997
1.27976
1.27968
1.27982
1.2801
1.28051
1.28081
1.28104
1.28095
1.28336
0.781021
0.800939
0.823517
0.848275
0.87414
0.900205
0.925856
0.95073
0.974613
0.99736
1.01891
1.03924
1.05836
1.07628
1.09301
1.1086
1.12301
1.13625
1.1483
1.15916
1.16891
1.17758
1.18515
1.19173
1.1974
1.2022
1.20622
1.20964
1.21256
1.21502
1.2171
1.21894
1.22062
1.22227
1.22399
1.22585
1.2279
1.23019
1.2327
1.23546
1.23843
1.24164
1.24499
1.24853
1.25214
1.2559
1.25967
1.2635
1.26728
1.27105
1.27463
1.2782
1.2814
1.28457
1.28727
1.28985
1.29193
1.29382
1.29521
1.29631
1.29695
1.29722
1.29714
1.29672
1.2962
1.29548
1.29439
1.29293
1.29139
1.2899
1.28853
1.28738
1.2864
1.28562
1.28503
1.2846
1.28427
1.28396
1.28367
1.28339
1.28314
1.28288
1.28257
1.28227
1.28201
1.28175
1.28133
1.28077
1.28036
1.27999
1.27971
1.27959
1.27969
1.28003
1.28048
1.28102
1.28148
1.28181
1.28188
1.28425
0.778117
0.796531
0.817528
0.840671
0.864925
0.889519
0.913915
0.937761
0.960847
0.983036
1.00424
1.02445
1.04362
1.06178
1.07892
1.09506
1.11019
1.12429
1.13728
1.14921
1.16007
1.16989
1.17873
1.18663
1.19364
1.19983
1.20527
1.20996
1.214
1.21751
1.22057
1.22326
1.22568
1.22793
1.2301
1.23226
1.23448
1.23681
1.2393
1.24195
1.24477
1.24776
1.2509
1.25416
1.25754
1.26099
1.26451
1.26802
1.27155
1.27494
1.27834
1.28147
1.28451
1.28724
1.28969
1.29181
1.29358
1.29497
1.29595
1.29651
1.29668
1.29648
1.29588
1.29512
1.29413
1.29282
1.29112
1.28922
1.28745
1.28591
1.28454
1.28332
1.2824
1.28186
1.28156
1.28142
1.28138
1.28138
1.28139
1.28139
1.28137
1.28134
1.28132
1.28125
1.28113
1.28094
1.28054
1.28013
1.27977
1.27953
1.27944
1.27957
1.27989
1.28039
1.28098
1.28158
1.28214
1.28254
1.28263
1.28493
0.775258
0.792796
0.812605
0.834464
0.85749
0.880944
0.904324
0.927317
0.949722
0.971408
0.992298
1.01235
1.03153
1.04984
1.06728
1.08385
1.09956
1.11434
1.12818
1.14106
1.15298
1.16395
1.17398
1.18311
1.19133
1.19871
1.20525
1.21106
1.21614
1.22056
1.22441
1.22774
1.23062
1.23319
1.23556
1.2378
1.24001
1.24227
1.2446
1.24709
1.24967
1.25246
1.25532
1.25838
1.26145
1.26468
1.26788
1.27113
1.27431
1.27747
1.28044
1.28334
1.28597
1.28842
1.29056
1.2924
1.29391
1.29501
1.29574
1.29603
1.29592
1.29548
1.29484
1.29395
1.29261
1.29082
1.28884
1.28685
1.28493
1.28324
1.28187
1.28071
1.2797
1.27897
1.27866
1.27862
1.27868
1.27876
1.27891
1.27908
1.27932
1.2795
1.27956
1.27955
1.27952
1.27931
1.27898
1.27876
1.27868
1.27879
1.27908
1.27952
1.28006
1.28069
1.28142
1.28217
1.28287
1.2833
1.28341
1.28573
0.771351
0.788226
0.807286
0.828315
0.850476
0.873072
0.895686
0.918026
0.93991
0.961216
0.981857
1.0018
1.02101
1.03947
1.05719
1.07414
1.09034
1.10573
1.12028
1.13397
1.14678
1.15868
1.16971
1.17982
1.18905
1.19739
1.20488
1.21152
1.21736
1.22248
1.22693
1.23077
1.23414
1.2371
1.23976
1.24218
1.24451
1.24673
1.24906
1.25135
1.2539
1.25637
1.25919
1.26186
1.26484
1.26768
1.27069
1.27354
1.2765
1.2792
1.28195
1.28433
1.28672
1.28864
1.29052
1.29184
1.29304
1.29368
1.29408
1.29403
1.29369
1.2932
1.29246
1.29129
1.28968
1.28787
1.28612
1.28445
1.2828
1.28127
1.28004
1.27906
1.27822
1.2776
1.27727
1.27705
1.277
1.27708
1.27731
1.27758
1.27782
1.27802
1.27817
1.27828
1.27835
1.27832
1.27837
1.27853
1.2788
1.27918
1.27963
1.28019
1.28088
1.28173
1.28255
1.28335
1.28408
1.28455
1.28467
1.28699
0.765434
0.781846
0.800403
0.820868
0.84243
0.86444
0.886492
0.908347
0.929825
0.95084
0.971292
0.991161
1.01038
1.02895
1.04685
1.0641
1.08067
1.09651
1.11161
1.12592
1.13942
1.15209
1.1639
1.17483
1.1849
1.19408
1.2024
1.2099
1.2166
1.22254
1.22778
1.23238
1.23638
1.2399
1.24296
1.24572
1.24822
1.25061
1.25288
1.25526
1.25752
1.26006
1.26246
1.26514
1.2677
1.27043
1.27299
1.27569
1.2781
1.28063
1.28277
1.28497
1.2867
1.28839
1.2896
1.29067
1.29124
1.29159
1.29147
1.29111
1.29064
1.2899
1.28873
1.28716
1.28549
1.28384
1.28231
1.28083
1.27946
1.27836
1.27746
1.27673
1.27623
1.27584
1.27566
1.27559
1.27578
1.27612
1.27644
1.27686
1.27724
1.27755
1.2778
1.27805
1.27829
1.27855
1.27887
1.27924
1.27966
1.28017
1.28083
1.28155
1.28235
1.28316
1.28392
1.2847
1.28525
1.28553
1.28554
1.28775
0.759569
0.775383
0.793311
0.81313
0.834045
0.855443
0.876933
0.898292
0.919364
0.940059
0.960299
0.980039
0.999247
1.01789
1.03597
1.05346
1.07035
1.08664
1.10225
1.11715
1.13131
1.14471
1.15729
1.16906
1.17999
1.19006
1.19931
1.2077
1.21527
1.22201
1.22797
1.23321
1.23779
1.24173
1.24515
1.24813
1.2508
1.25317
1.2555
1.25763
1.2599
1.26206
1.26439
1.26667
1.2691
1.27143
1.27388
1.27614
1.27848
1.28055
1.28263
1.28442
1.28609
1.2874
1.28847
1.28913
1.28938
1.28925
1.2888
1.28817
1.28722
1.28582
1.2841
1.28234
1.28061
1.27904
1.27758
1.27627
1.27524
1.27439
1.27377
1.27332
1.27303
1.27285
1.27287
1.27322
1.27361
1.27417
1.27473
1.27528
1.27581
1.27629
1.27675
1.2772
1.27765
1.27811
1.27862
1.27917
1.27977
1.28045
1.28118
1.28194
1.28274
1.28349
1.28421
1.28488
1.28528
1.2855
1.28542
1.28759
0.753149
0.768465
0.785902
0.805219
0.82563
0.846532
0.867561
0.888507
0.909238
0.929669
0.949728
0.969369
0.988558
1.00727
1.0255
1.04321
1.06041
1.07705
1.0931
1.10851
1.12324
1.13724
1.15047
1.16293
1.17454
1.18529
1.19516
1.20412
1.21226
1.21952
1.22601
1.23174
1.2367
1.24105
1.24477
1.24806
1.25083
1.25341
1.25562
1.25783
1.25984
1.26196
1.26396
1.26613
1.26815
1.27037
1.27234
1.2745
1.27631
1.27828
1.27987
1.2815
1.28271
1.28382
1.28448
1.28486
1.28491
1.28465
1.28418
1.28334
1.28204
1.28048
1.27878
1.27716
1.27556
1.27405
1.27273
1.27154
1.27067
1.27002
1.26952
1.26918
1.26891
1.26901
1.26927
1.26985
1.27049
1.27121
1.27195
1.2727
1.27342
1.27412
1.2748
1.27549
1.27616
1.27687
1.27757
1.27833
1.27909
1.2799
1.28073
1.28154
1.28234
1.2831
1.28379
1.28443
1.28482
1.28503
1.28498
1.2872
0.742207
0.757673
0.775182
0.79447
0.81475
0.835457
0.856259
0.876974
0.897501
0.917765
0.937723
0.957331
0.976551
0.995355
1.01373
1.03165
1.04908
1.06601
1.08236
1.09808
1.11313
1.1275
1.14113
1.15398
1.16605
1.17729
1.18776
1.19741
1.20622
1.21422
1.2214
1.22785
1.23351
1.23848
1.24289
1.24665
1.25
1.25285
1.25545
1.25771
1.25987
1.26184
1.2638
1.26564
1.26751
1.26921
1.27086
1.2723
1.27366
1.27487
1.27595
1.27687
1.27757
1.27806
1.27819
1.2782
1.27798
1.27752
1.27667
1.27547
1.27411
1.27272
1.27132
1.26999
1.26872
1.26758
1.2666
1.26584
1.26529
1.26493
1.26462
1.26442
1.2645
1.26482
1.26547
1.26624
1.2671
1.26805
1.26902
1.27001
1.27099
1.27197
1.27292
1.27389
1.27483
1.27581
1.27678
1.27778
1.27876
1.27972
1.28065
1.28151
1.28232
1.28305
1.2837
1.28426
1.28457
1.28473
1.28456
1.28672
0.726642
0.742637
0.760576
0.780143
0.800564
0.821305
0.842066
0.86271
0.883161
0.903356
0.923274
0.942878
0.962136
0.981034
0.999549
1.01765
1.03532
1.05253
1.06921
1.08534
1.10086
1.11573
1.12993
1.14341
1.15614
1.16813
1.17937
1.18981
1.1995
1.20842
1.21655
1.22392
1.23057
1.23649
1.24168
1.24616
1.25001
1.2533
1.25609
1.25849
1.26062
1.26257
1.26436
1.26605
1.26769
1.26927
1.27073
1.27192
1.27282
1.27357
1.2741
1.27419
1.27388
1.27332
1.27248
1.27175
1.27065
1.26924
1.26758
1.26591
1.26433
1.26291
1.26164
1.26047
1.25949
1.2588
1.25834
1.25809
1.25821
1.25815
1.25843
1.2587
1.25937
1.26029
1.26136
1.26255
1.26381
1.26513
1.26649
1.26787
1.26924
1.2706
1.27193
1.27321
1.27445
1.27561
1.27669
1.27774
1.27872
1.27965
1.28047
1.28126
1.28194
1.28262
1.28312
1.28363
1.28374
1.28387
1.28358
1.28574
0.713914
0.729403
0.747011
0.766306
0.786494
0.807045
0.827647
0.848177
0.868547
0.888697
0.908597
0.928214
0.947527
0.966524
0.985172
1.00345
1.02134
1.03881
1.05583
1.07235
1.08832
1.1037
1.11845
1.13255
1.14598
1.15873
1.17079
1.1821
1.19267
1.20246
1.21146
1.21968
1.22711
1.2337
1.23948
1.24447
1.24873
1.25233
1.2553
1.25772
1.25973
1.26145
1.26298
1.26432
1.26549
1.26656
1.26763
1.26878
1.2699
1.27085
1.27138
1.27143
1.27122
1.27072
1.26956
1.26763
1.26521
1.26265
1.26013
1.25777
1.25561
1.25369
1.25213
1.25098
1.25006
1.24948
1.24937
1.24962
1.25021
1.25082
1.2516
1.25282
1.25431
1.25596
1.2577
1.25951
1.26135
1.26318
1.26496
1.26665
1.26822
1.26971
1.27116
1.27247
1.27367
1.27483
1.27593
1.27696
1.27787
1.2787
1.27943
1.28013
1.28075
1.28137
1.28189
1.28243
1.28267
1.2829
1.28281
1.28521
0.707116
0.721456
0.737983
0.756308
0.775656
0.795499
0.81554
0.835613
0.855626
0.875519
0.895244
0.914773
0.934078
0.953131
0.971882
0.990326
1.00842
1.02615
1.04354
1.06048
1.07692
1.09284
1.10822
1.12302
1.13722
1.15073
1.16353
1.17559
1.18694
1.19747
1.20721
1.21608
1.22412
1.23127
1.2377
1.24322
1.24802
1.25191
1.25524
1.2578
1.25989
1.26128
1.26247
1.26314
1.26387
1.26439
1.26497
1.26551
1.26606
1.26665
1.26722
1.26766
1.26772
1.26699
1.26564
1.26404
1.26206
1.25948
1.25655
1.25361
1.25083
1.24828
1.24611
1.24459
1.2437
1.24326
1.2433
1.24389
1.24476
1.24582
1.24716
1.24877
1.25058
1.25252
1.25452
1.25654
1.25852
1.26045
1.26233
1.26422
1.266
1.26759
1.26913
1.27061
1.27199
1.27325
1.27439
1.27542
1.27639
1.27733
1.27823
1.27913
1.27999
1.28083
1.28159
1.28231
1.28278
1.28316
1.28335
1.28596
0.699516
0.713555
0.729661
0.747499
0.766349
0.785713
0.805313
0.824999
0.844684
0.864335
0.883895
0.903321
0.9226
0.94168
0.960545
0.979172
0.997515
1.01553
1.0332
1.05045
1.0673
1.08369
1.09955
1.11486
1.12955
1.1436
1.157
1.16966
1.18158
1.19273
1.20316
1.21275
1.22163
1.22957
1.23683
1.243
1.24868
1.25317
1.25719
1.26016
1.26251
1.26411
1.26496
1.26539
1.26512
1.26469
1.26422
1.26378
1.26349
1.2634
1.26337
1.26314
1.26269
1.262
1.261
1.25953
1.25763
1.25551
1.25334
1.25119
1.24888
1.2466
1.24468
1.2429
1.24193
1.24116
1.24108
1.24133
1.2418
1.24253
1.24362
1.2451
1.24684
1.24876
1.2508
1.25292
1.25512
1.25734
1.25948
1.26151
1.26345
1.2653
1.26705
1.26869
1.27022
1.27166
1.27303
1.27438
1.2757
1.27698
1.27821
1.27937
1.28045
1.28151
1.28244
1.28327
1.28387
1.28436
1.28457
1.28718
0.699866
0.712674
0.727615
0.744322
0.762174
0.780635
0.799406
0.818403
0.837472
0.85662
0.875779
0.894909
0.913997
0.932986
0.951861
0.970582
0.989101
1.00738
1.02538
1.04305
1.06035
1.07718
1.09351
1.10935
1.1246
1.13926
1.15332
1.16672
1.17942
1.19138
1.20258
1.21291
1.22234
1.2308
1.23842
1.24506
1.25103
1.25588
1.26029
1.26335
1.26605
1.26745
1.26846
1.26848
1.26791
1.26698
1.26589
1.26479
1.26386
1.26306
1.2622
1.26113
1.26001
1.25887
1.25757
1.25594
1.25394
1.25168
1.24939
1.24714
1.24506
1.24312
1.24109
1.2397
1.23854
1.23779
1.23777
1.23789
1.23826
1.23899
1.24019
1.2418
1.24362
1.24561
1.24772
1.24991
1.25212
1.25429
1.25645
1.25859
1.26072
1.26282
1.26487
1.26689
1.26888
1.27083
1.27272
1.27451
1.27619
1.27779
1.27924
1.28062
1.28186
1.28303
1.28404
1.285
1.28557
1.28604
1.28614
1.28872
0.701631
0.713931
0.728267
0.744318
0.761513
0.779308
0.797456
0.815863
0.834413
0.853103
0.871876
0.890706
0.90956
0.928426
0.947242
0.966008
0.984632
1.00311
1.02133
1.03928
1.05685
1.07397
1.09059
1.10664
1.1221
1.13698
1.15125
1.16488
1.17786
1.19007
1.20144
1.21188
1.22162
1.23031
1.23833
1.24515
1.25143
1.25636
1.26086
1.26393
1.26668
1.268
1.26905
1.26901
1.26836
1.2674
1.26637
1.2654
1.26439
1.26321
1.26176
1.26027
1.25883
1.25743
1.25582
1.2539
1.25167
1.24929
1.24697
1.24473
1.24272
1.24068
1.23871
1.2373
1.23594
1.2354
1.23515
1.23509
1.23526
1.23581
1.23686
1.23832
1.24007
1.24207
1.2443
1.24671
1.24923
1.25183
1.25448
1.25715
1.25982
1.26244
1.265
1.26749
1.26988
1.27217
1.27435
1.27636
1.27825
1.28005
1.2816
1.28309
1.28442
1.28555
1.28655
1.28741
1.28784
1.28817
1.28815
1.29059
0.69177
0.704951
0.720056
0.736728
0.75439
0.772499
0.7909
0.809454
0.828144
0.846859
0.865662
0.884474
0.903332
0.922202
0.94102
0.959795
0.978423
0.996924
1.0152
1.03316
1.05075
1.06786
1.08447
1.10051
1.11596
1.13083
1.14506
1.15869
1.1717
1.18404
1.19569
1.20664
1.21673
1.22609
1.23446
1.24214
1.24849
1.25424
1.25853
1.26218
1.26452
1.26615
1.26693
1.26697
1.2662
1.26527
1.26452
1.2639
1.26295
1.26165
1.26031
1.25898
1.25738
1.2554
1.25307
1.25062
1.2481
1.2457
1.24326
1.24068
1.23833
1.23592
1.2342
1.2326
1.23152
1.23125
1.2312
1.2315
1.23212
1.23318
1.23482
1.23688
1.23916
1.24165
1.24437
1.24724
1.25016
1.25313
1.25611
1.25903
1.26196
1.26476
1.26752
1.27017
1.27265
1.27504
1.27723
1.27924
1.28114
1.28282
1.28432
1.2857
1.28689
1.28784
1.2887
1.28934
1.28965
1.2898
1.28963
1.29195
0.6737
0.687866
0.703905
0.721467
0.73995
0.758785
0.777853
0.796996
0.816179
0.83533
0.854506
0.873606
0.892681
0.911684
0.9306
0.949428
0.968128
0.986653
1.00497
1.02297
1.04061
1.05778
1.07444
1.09055
1.10607
1.12106
1.13548
1.14938
1.16274
1.17553
1.18785
1.19957
1.21065
1.22106
1.23063
1.23919
1.24687
1.25339
1.25871
1.26288
1.26609
1.26812
1.26901
1.26929
1.2686
1.2677
1.26678
1.2657
1.26421
1.26233
1.26011
1.25787
1.25524
1.2527
1.24969
1.24692
1.24372
1.24092
1.23793
1.23549
1.23313
1.23136
1.22997
1.22905
1.22889
1.22912
1.22976
1.23072
1.23199
1.23361
1.23565
1.23808
1.24073
1.24356
1.24651
1.24955
1.25259
1.25565
1.25867
1.26164
1.26456
1.26733
1.27008
1.27264
1.27508
1.27739
1.27947
1.28141
1.28319
1.28474
1.28615
1.28741
1.28843
1.28929
1.29004
1.29052
1.29074
1.29077
1.2905
1.29276
0.655699
0.67012
0.686524
0.704539
0.723462
0.742697
0.762146
0.781607
0.801107
0.820591
0.840088
0.859471
0.878813
0.898048
0.91717
0.936206
0.955076
0.973785
0.992261
1.0105
1.02837
1.04587
1.0629
1.0795
1.09556
1.11116
1.12623
1.14081
1.15492
1.16853
1.18169
1.19432
1.20635
1.21783
1.22841
1.23804
1.24674
1.25416
1.26034
1.26557
1.26945
1.27215
1.27405
1.27478
1.2742
1.27342
1.27242
1.2707
1.26837
1.26524
1.26178
1.25804
1.25408
1.25016
1.2462
1.24249
1.23901
1.23596
1.23323
1.23111
1.22925
1.2282
1.22734
1.22731
1.22779
1.22871
1.22987
1.23123
1.23285
1.23482
1.23714
1.2397
1.24243
1.2453
1.24824
1.25125
1.25423
1.25724
1.26015
1.26305
1.26584
1.26852
1.27116
1.27357
1.27592
1.27806
1.28
1.28186
1.28345
1.28489
1.28625
1.28734
1.28825
1.28911
1.28969
1.2901
1.29033
1.29028
1.28999
1.29224
0.681075
0.692028
0.704948
0.719924
0.736183
0.753211
0.770775
0.788707
0.806924
0.825348
0.843937
0.862557
0.881314
0.900105
0.918976
0.937945
0.956938
0.975921
0.994816
1.01357
1.03209
1.05034
1.06824
1.08574
1.10281
1.11934
1.13535
1.15076
1.16558
1.17982
1.19336
1.20614
1.21819
1.22934
1.23955
1.24892
1.25732
1.26464
1.27107
1.27666
1.28114
1.28441
1.28697
1.2881
1.28784
1.28682
1.28543
1.28347
1.28048
1.27628
1.27182
1.26686
1.26188
1.25682
1.25198
1.24739
1.2433
1.23967
1.23664
1.23417
1.23229
1.23101
1.23026
1.23001
1.23038
1.23112
1.23217
1.23334
1.2347
1.23638
1.23842
1.2407
1.24314
1.24572
1.24837
1.25107
1.25379
1.25649
1.25915
1.26176
1.2643
1.26675
1.26912
1.27135
1.27352
1.27544
1.2773
1.27899
1.28049
1.28195
1.28313
1.28425
1.28523
1.28603
1.28654
1.2872
1.2873
1.28745
1.28719
1.28969
0.716812
0.72633
0.737519
0.750697
0.765146
0.780539
0.796485
0.812999
0.829855
0.847147
0.864758
0.88258
0.900721
0.91899
0.93751
0.956161
0.974975
0.993802
1.01266
1.03145
1.05005
1.06844
1.08643
1.104
1.12104
1.13754
1.15352
1.1689
1.18378
1.19792
1.21149
1.22409
1.23601
1.24672
1.25672
1.26539
1.27339
1.27992
1.28595
1.29017
1.29413
1.29601
1.29768
1.29734
1.29629
1.29492
1.29336
1.29097
1.28779
1.28386
1.27959
1.27479
1.27002
1.26497
1.26025
1.25555
1.25133
1.24739
1.24393
1.24099
1.23846
1.2366
1.23509
1.23423
1.23379
1.23385
1.23425
1.23477
1.23549
1.23652
1.23797
1.23973
1.2417
1.24383
1.24608
1.24841
1.25078
1.25317
1.25556
1.25792
1.26028
1.26256
1.26485
1.26701
1.26918
1.27115
1.27316
1.27498
1.27671
1.27836
1.27978
1.28119
1.2823
1.28324
1.28408
1.28467
1.28482
1.285
1.28469
1.28708
0.736007
0.745951
0.757552
0.770924
0.785413
0.800745
0.816503
0.832784
0.849356
0.866316
0.883626
0.901168
0.919068
0.937145
0.955489
0.973917
0.992516
1.01106
1.02964
1.04801
1.06621
1.08409
1.10162
1.11864
1.13518
1.15111
1.16656
1.18131
1.19561
1.20905
1.22213
1.23407
1.24582
1.25622
1.26639
1.27519
1.28341
1.29019
1.29609
1.30038
1.3035
1.305
1.30543
1.30449
1.30241
1.30011
1.29771
1.29488
1.29131
1.28721
1.28292
1.27853
1.27395
1.26934
1.26483
1.26046
1.25628
1.25236
1.24858
1.24539
1.24232
1.23981
1.2378
1.23604
1.23506
1.23439
1.23412
1.23416
1.2343
1.23485
1.23586
1.23726
1.23895
1.24083
1.24285
1.245
1.24722
1.2495
1.25182
1.25416
1.25652
1.25888
1.26123
1.26355
1.26581
1.26804
1.27014
1.27218
1.27408
1.27586
1.27751
1.27888
1.28015
1.28121
1.28192
1.28256
1.28275
1.28291
1.28263
1.28492
0.69251
0.705644
0.720556
0.737056
0.754463
0.772379
0.790548
0.808865
0.827271
0.845695
0.864135
0.882605
0.901093
0.91965
0.938183
0.956704
0.975174
0.993502
1.01173
1.02976
1.04758
1.065
1.08216
1.09885
1.11522
1.13108
1.14651
1.1614
1.1757
1.18954
1.20258
1.21537
1.2271
1.23865
1.24895
1.25879
1.2672
1.2748
1.28084
1.28578
1.28926
1.29145
1.29248
1.29243
1.29106
1.28961
1.2881
1.28614
1.28342
1.28016
1.27664
1.27287
1.26897
1.26503
1.26118
1.25738
1.2538
1.25037
1.24721
1.24451
1.24193
1.24003
1.23827
1.23711
1.23638
1.23598
1.23618
1.23642
1.23686
1.23762
1.2388
1.24042
1.24234
1.24445
1.2467
1.24906
1.2515
1.25399
1.25652
1.25907
1.26161
1.26414
1.26664
1.26909
1.27145
1.27373
1.27591
1.27797
1.27989
1.28165
1.28327
1.28475
1.28596
1.28697
1.28781
1.28846
1.28881
1.28897
1.28868
1.29097
0.65032
0.663896
0.679574
0.696987
0.715451
0.734382
0.753629
0.772932
0.792251
0.811555
0.830848
0.85015
0.869436
0.888714
0.907837
0.926842
0.945669
0.964332
0.982851
1.00121
1.01943
1.03738
1.05506
1.07231
1.08911
1.1054
1.12116
1.13643
1.1512
1.16551
1.17939
1.19274
1.2056
1.21776
1.22919
1.23974
1.24924
1.25767
1.26486
1.27076
1.27542
1.27875
1.28078
1.28158
1.28131
1.28046
1.27954
1.27801
1.27556
1.27234
1.26879
1.26499
1.26119
1.25736
1.25375
1.25036
1.24732
1.24462
1.24234
1.24045
1.23898
1.23793
1.23727
1.23706
1.23719
1.23777
1.23862
1.2396
1.24065
1.24189
1.2435
1.24551
1.24776
1.25015
1.25266
1.25523
1.25785
1.26052
1.2632
1.26587
1.26854
1.27116
1.27376
1.27622
1.27862
1.28086
1.28287
1.2848
1.28648
1.288
1.28937
1.29048
1.2915
1.29245
1.29309
1.29353
1.29389
1.29408
1.2938
1.29614
0.646214
0.658359
0.672556
0.688616
0.705916
0.723838
0.742336
0.761051
0.779951
0.798974
0.818125
0.837433
0.856853
0.876368
0.895784
0.915133
0.93433
0.953409
0.972391
0.99125
1.00995
1.02834
1.04637
1.06387
1.08082
1.09718
1.11299
1.12823
1.1431
1.15737
1.17141
1.1848
1.19779
1.21012
1.22164
1.23243
1.24207
1.25073
1.2582
1.26427
1.26929
1.27283
1.27497
1.27603
1.27575
1.27536
1.27408
1.27288
1.27026
1.2671
1.26365
1.26003
1.25646
1.25299
1.2498
1.24691
1.24443
1.24231
1.24066
1.23937
1.2385
1.23803
1.2379
1.23811
1.23875
1.23971
1.2409
1.2422
1.24351
1.24495
1.24673
1.24888
1.25124
1.25372
1.25629
1.25891
1.26158
1.26428
1.26699
1.26973
1.27239
1.27507
1.27765
1.28014
1.28256
1.28473
1.28681
1.28864
1.29027
1.29178
1.29303
1.29407
1.29501
1.29582
1.29636
1.29681
1.29705
1.29708
1.29676
1.29903
)
;

boundaryField
{
    inlet
    {
        type            calculated;
        value           uniform 3.00001;
    }
    outlet
    {
        type            calculated;
        value           nonuniform List<scalar> 
40
(
0.687454
0.855584
1.02187
1.12725
1.19501
1.23691
1.26232
1.27745
1.28671
1.29225
1.29469
1.29443
1.29243
1.28937
1.28604
1.28368
1.28336
1.28425
1.28493
1.28573
1.28699
1.28775
1.28759
1.2872
1.28672
1.28574
1.28521
1.28596
1.28718
1.28872
1.29059
1.29195
1.29276
1.29224
1.28969
1.28708
1.28492
1.29097
1.29614
1.29903
)
;
    }
    bottom
    {
        type            symmetryPlane;
    }
    top
    {
        type            symmetryPlane;
    }
    obstacle
    {
        type            calculated;
        value           uniform 0;
    }
    defaultFaces
    {
        type            empty;
    }
}


// ************************************************************************* //
