/*--------------------------------*- C++ -*----------------------------------*\
| =========                 |                                                 |
| \\      /  F ield         | OpenFOAM: The Open Source CFD Toolbox           |
|  \\    /   O peration     | Version:  2412                                  |
|   \\  /    A nd           | Website:  www.openfoam.com                      |
|    \\/     M anipulation  |                                                 |
\*---------------------------------------------------------------------------*/
FoamFile
{
    version     2.0;
    format      ascii;
    arch        "LSB;label=32;scalar=64";
    class       volScalarField;
    location    "1.5";
    object      Ma;
}
// * * * * * * * * * * * * * * * * * * * * * * * * * * * * * * * * * * * * * //

dimensions      [0 0 0 0 0 0 0];

internalField   nonuniform List<scalar> 
7000
(
3.00001
3.00001
3.00001
3.00001
3.00001
3.00001
3.00001
3.00001
3.00001
3.00001
3.00001
3.00001
3
3.00002
2.99993
3.00016
3.00026
3.00206
3.00121
3.01033
2.96381
3.13694
2.89345
2.56573
1.79858
1.0294
0.405294
0.357226
0.395069
0.414538
0.397438
0.363832
0.325455
0.29615
0.273758
0.254606
0.236544
0.218962
0.201915
0.18559
0.169811
0.154263
0.137322
0.118836
0.100142
0.0821297
0.0650848
0.0476649
0.0290767
0.0190839
3.00001
3.00001
3.00001
3.00001
3.00001
3.00001
3.00001
3.00001
3.00001
3.00001
3.00001
3.00001
3.00001
3.00003
2.99995
3.00028
3.00024
3.00215
3.00125
3.01063
2.96426
3.13633
2.89613
2.5691
1.80465
1.03451
0.406933
0.357614
0.394516
0.413699
0.397514
0.366023
0.329845
0.301658
0.279123
0.259201
0.240293
0.22206
0.204626
0.188165
0.172429
0.157036
0.140387
0.122273
0.104131
0.0866903
0.0698822
0.0520277
0.0329587
0.0244298
3.00001
3.00001
3.00001
3.00001
3.00001
3.00001
3.00001
3.00001
3.00001
3.00001
3.00001
3.00001
3.00001
3.00004
3.00007
3.00034
3.0006
3.00231
3.00133
3.01146
2.96468
3.13793
2.89925
2.57212
1.81219
1.04106
0.410226
0.358316
0.393447
0.411345
0.394761
0.363859
0.329176
0.302575
0.281357
0.262307
0.243888
0.22575
0.208069
0.19118
0.175041
0.159459
0.143008
0.125489
0.108233
0.0917507
0.0757986
0.0588175
0.041791
0.0359567
3.00001
3.00001
3.00001
3.00001
3.00001
3.00001
3.00001
3.00001
3.00001
3.00001
3.00001
3.00001
3.00001
3.00004
3.00006
3.00033
3.00061
3.00234
3.00137
3.01207
2.96607
3.13805
2.90125
2.57684
1.82054
1.04807
0.41097
0.356478
0.391593
0.409542
0.393707
0.363977
0.330762
0.30519
0.284583
0.265795
0.247512
0.229455
0.211804
0.194923
0.178799
0.163292
0.147112
0.13009
0.113589
0.0980336
0.0831582
0.0676647
0.0531752
0.0490933
3.00001
3.00001
3.00001
3.00001
3.00001
3.00001
3.00001
3.00001
3.00001
3.00001
3.00001
3.00001
3.00001
3.00003
2.99999
3.00025
3.00024
3.0023
3.00135
3.01268
2.96769
3.13845
2.90396
2.58278
1.83234
1.05859
0.41273
0.35575
0.390977
0.409134
0.393947
0.365281
0.333309
0.308515
0.288434
0.270015
0.252055
0.234294
0.2169
0.200217
0.184237
0.168876
0.152969
0.136335
0.120489
0.105853
0.0922084
0.0784433
0.0663094
0.0632931
3.00001
3.00001
3.00001
3.00001
3.00001
3.00001
3.00001
3.00001
3.00001
3.00001
3.00001
3.00001
3.00001
3.00003
3
3.00019
3.00018
3.00216
3.00137
3.01407
2.97016
3.14515
2.90783
2.58841
1.85417
1.07975
0.423163
0.362852
0.39683
0.41308
0.396502
0.367393
0.335887
0.311898
0.292677
0.274989
0.257662
0.240429
0.223447
0.207054
0.191265
0.176071
0.160449
0.144201
0.129019
0.11536
0.103045
0.0910396
0.0808908
0.0785223
3.00001
3.00001
3.00001
3.00001
3.00001
3.00001
3.00001
3.00001
3.00001
3.00001
3.00001
3.00001
3.00001
3.00001
3.00002
3.00014
3.00016
3.00178
3.00101
3.01402
2.97442
3.15055
2.90809
2.60564
1.88236
1.10813
0.431962
0.365763
0.399504
0.41627
0.400377
0.372316
0.341881
0.318553
0.299675
0.282184
0.265076
0.248104
0.231384
0.215221
0.199633
0.184663
0.169433
0.153676
0.139242
0.126636
0.115682
0.105315
0.0968185
0.0948616
3.00001
3.00001
3.00001
3.00001
3.00001
3.00001
3.00001
3.00001
3.00001
3.00001
3.00001
3
3
3
3
3.00006
3.00007
3.00111
3.00063
3.00974
2.98515
3.12768
2.90171
2.66285
1.92645
1.15019
0.44716
0.371626
0.402907
0.419454
0.404588
0.378245
0.349327
0.32705
0.308814
0.291681
0.274787
0.257968
0.241363
0.225286
0.209804
0.19501
0.180171
0.164953
0.151316
0.139793
0.130173
0.121288
0.114128
0.112423
3.00001
3.00001
3.00001
3.00001
3.00001
3.00001
3.00001
3.00001
3.00001
3.00001
3.00001
3
3
2.99999
2.99996
3
3
3.00083
2.99983
3.01311
2.97591
3.1462
2.91954
2.65186
1.93443
1.16311
0.456088
0.368379
0.402627
0.421775
0.40931
0.385415
0.358452
0.337468
0.319965
0.303367
0.286911
0.270368
0.25388
0.237829
0.222366
0.207642
0.193133
0.178441
0.165525
0.155019
0.146617
0.139013
0.132931
0.131368
3.00001
3.00001
3.00001
3.00001
3.00001
3.00001
3.00001
3.00001
3.00001
3.00001
3.00001
3
3
2.99998
2.99996
2.9999
2.99985
2.99996
2.9996
3.00659
2.98514
3.11314
2.90981
2.71474
1.99138
1.22956
0.488332
0.378468
0.408537
0.42764
0.416623
0.394922
0.369816
0.35002
0.333274
0.317323
0.301465
0.285413
0.269206
0.253246
0.237803
0.223081
0.208789
0.194526
0.182217
0.17259
0.165239
0.15874
0.153489
0.151994
3.00001
3.00001
3.00001
3.00001
3.00001
3.00001
3.00001
3.00001
3.00001
3.00001
3.00001
3
3
2.99997
2.99996
2.99985
2.99967
2.99944
2.99819
3.00129
2.98823
3.06278
2.92134
2.77981
2.07013
1.30679
0.521742
0.386865
0.414249
0.434193
0.425736
0.407112
0.384402
0.365572
0.349449
0.334121
0.318896
0.303424
0.287639
0.271889
0.256507
0.241761
0.227641
0.213601
0.201649
0.192739
0.186303
0.180714
0.176168
0.174633
3.00001
3.00001
3.00001
3.00001
3.00001
3.00001
3.00001
3.00001
3.00001
3.00001
3.00001
3
3
2.99997
2.99996
2.9998
2.99971
2.99901
2.99838
2.99503
2.98994
2.97096
2.9215
2.76055
2.15512
1.38642
0.564644
0.397583
0.423984
0.443818
0.438657
0.423102
0.402977
0.384721
0.368986
0.354243
0.339676
0.324792
0.309403
0.293857
0.278552
0.263799
0.249851
0.235981
0.224187
0.21582
0.210126
0.205307
0.201326
0.199757
3.00001
3.00001
3.00001
3.00001
3.00001
3.00001
3.00001
3.00001
3.00001
3.00001
3.00001
3
3
2.99996
2.99996
2.99978
2.99972
2.99894
2.99815
2.99406
2.98921
2.96707
2.93089
2.6824
2.3079
1.48332
0.622892
0.418505
0.439012
0.456149
0.455486
0.442908
0.425649
0.407775
0.392092
0.377664
0.363614
0.34923
0.334192
0.318805
0.303581
0.288894
0.275206
0.261675
0.250047
0.242165
0.237184
0.233093
0.229676
0.228022
3.00001
3.00001
3.00001
3.00001
3.00001
3.00001
3.00001
3.00001
3.00001
3.00001
3.00001
3
3
2.99997
2.99996
2.99978
2.99976
2.99875
2.99844
2.99366
2.98961
2.96176
2.94219
2.74054
2.40421
1.6324
0.702301
0.449772
0.454427
0.467875
0.473041
0.464927
0.450933
0.433836
0.418044
0.403779
0.39009
0.376002
0.361127
0.345829
0.330741
0.316301
0.303137
0.290367
0.279208
0.272
0.267895
0.264684
0.261718
0.260042
3.00001
3.00001
3.00001
3.00001
3.00001
3.00001
3.00001
3.00001
3.00001
3.00001
3.00001
3
3
2.99997
2.99996
2.9998
2.99978
2.99882
2.99853
2.99355
2.99051
2.96173
2.9492
2.77796
2.51603
1.79011
0.816283
0.495442
0.467983
0.478969
0.490949
0.48883
0.478203
0.462946
0.446591
0.432036
0.418206
0.403905
0.388836
0.373565
0.358816
0.345016
0.332868
0.321603
0.311477
0.30537
0.302561
0.300567
0.298682
0.297263
3.00001
3.00001
3.00001
3.00001
3.00001
3.00001
3.00001
3.00001
3.00001
3.00001
3.00001
3
3
2.99998
2.99997
2.99985
2.9998
2.99909
2.99874
2.99487
2.99224
2.96714
2.94958
2.76668
2.59615
1.87032
0.956086
0.564574
0.47311
0.485619
0.508274
0.514391
0.507601
0.493751
0.476265
0.460307
0.445471
0.430579
0.415342
0.400331
0.386397
0.373954
0.363581
0.354722
0.346832
0.342687
0.341721
0.34179
0.341476
0.340896
3.00001
3.00001
3.00001
3.00001
3.00001
3.00001
3.00001
3.00001
3.00001
3.00001
3.00001
3
3
2.99998
2.99997
2.99987
2.99981
2.99915
2.99887
2.99561
2.99336
2.97692
2.94891
2.83241
2.66071
2.06831
1.14271
0.658932
0.477218
0.494742
0.528211
0.542316
0.53654
0.521755
0.502002
0.483545
0.467791
0.45294
0.438326
0.424601
0.412549
0.402475
0.394891
0.389282
0.384792
0.383883
0.386466
0.389562
0.392834
0.394705
3.00001
3.00001
3.00001
3.00001
3.00001
3.00001
3.00001
3.00001
3.00001
3.00001
3
3
2.99999
2.99999
2.99994
2.99992
2.9997
2.99962
2.99863
2.99641
2.99293
2.9754
2.96404
2.85833
2.73145
2.20507
1.3673
0.755999
0.47969
0.501457
0.540716
0.559517
0.553282
0.537065
0.516645
0.498023
0.483064
0.469677
0.457154
0.446166
0.437239
0.430763
0.427082
0.4257
0.425528
0.429097
0.436699
0.446735
0.455674
0.463396
3.00001
3.00001
3.00001
3.00001
3.00001
3.00001
3.00001
3.00001
3.00001
3.00001
3.00001
3
2.99999
2.99999
2.99993
2.99992
2.99954
2.99946
2.99719
2.99601
2.98338
2.98925
2.91374
3.04508
2.8112
2.35397
1.48978
0.814848
0.451248
0.486377
0.533121
0.559246
0.555965
0.541164
0.522427
0.505834
0.49328
0.482738
0.473469
0.466038
0.460954
0.458769
0.459882
0.463811
0.469675
0.479844
0.495075
0.514334
0.537773
0.562382
3.00001
3.00001
3.00001
3.00001
3.00001
3.00001
3.00001
3.00001
3.00001
3.00001
3.00001
3.00001
3
3
2.99995
2.99995
2.99969
2.99962
2.9982
2.99755
2.98902
2.9977
2.93302
3.12775
2.83278
2.43653
1.61725
0.886872
0.441745
0.478408
0.524867
0.5554
0.55516
0.542402
0.526183
0.512533
0.502988
0.495761
0.490231
0.486656
0.485583
0.487613
0.493141
0.50264
0.515851
0.535007
0.561291
0.597901
0.648111
0.735933
3.00001
3.00001
3.00001
3.00001
3.00001
3.00001
3.00001
3.00001
3.00001
3.00001
3.00001
3.00001
3
3
2.99998
2.99998
2.99988
2.99982
2.99929
2.99911
2.99514
3.00371
2.95103
3.12643
2.87407
2.53339
1.76991
1.02207
0.496167
0.484744
0.527854
0.559271
0.561245
0.550732
0.537177
0.526158
0.519699
0.516101
0.51451
0.515342
0.519245
0.526579
0.538918
0.556313
0.579267
0.610758
0.654733
0.719395
0.827617
0.984423
3.00001
3.00001
3.00001
3.00001
3.00001
3.00001
3.00001
3.00001
3.00001
3.00001
3.00001
3.00001
3.00001
3
3
3
2.99993
3.00004
3.00009
3.00177
3.00111
3.01224
2.97265
3.13556
2.91744
2.63729
1.95097
1.19938
0.56124
0.492286
0.530188
0.559516
0.563179
0.555373
0.54494
0.537735
0.535123
0.535575
0.53782
0.542744
0.551822
0.5658
0.584752
0.60923
0.640904
0.682898
0.739865
0.819223
0.947561
1.11356
3.00001
3.00001
3.00001
3.00001
3.00001
3.00001
3.00001
3.00001
3.00001
3.00001
3.00001
3.00001
3.00001
3.00001
3.00001
3.00001
3.00001
3.00005
3.00005
3.00031
3.00021
3.00384
2.99473
3.04217
2.95017
2.78604
2.13173
1.38912
0.655852
0.522288
0.542719
0.563542
0.569011
0.56378
0.555731
0.550712
0.550929
0.553984
0.559645
0.569279
0.583546
0.602287
0.626642
0.657015
0.696216
0.745401
0.809939
0.890625
1.00685
1.14332
3.00001
3.00001
3.00001
3.00001
3.00001
3.00001
3.00001
3.00001
3.00001
3.00001
3.00001
3.00001
3.00001
3
3
2.99997
2.99996
2.99981
2.99976
2.99898
2.99852
2.99458
2.98899
2.96789
2.93173
2.76103
2.42428
1.68535
0.83019
0.586815
0.573786
0.585572
0.590397
0.585409
0.578897
0.574639
0.574806
0.578282
0.586433
0.599126
0.615342
0.636103
0.662687
0.69576
0.738242
0.789768
0.855027
0.933467
1.03273
1.14378
3.00001
3.00001
3.00001
3.00001
3.00001
3.00001
3.00001
3.00001
3.00001
3.00001
3.00001
3.00001
3.00001
3
3
2.99998
2.99997
2.99986
2.99979
2.99925
2.99883
2.99577
2.99228
2.97349
2.94535
2.80828
2.6192
2.01087
1.11235
0.729665
0.635051
0.627788
0.626164
0.623417
0.616826
0.611895
0.610251
0.613575
0.62217
0.635052
0.651449
0.672173
0.698165
0.730753
0.771379
0.820548
0.881014
0.952518
1.03978
1.13137
3.00001
3.00001
3.00001
3.00001
3.00001
3.00001
3.00001
3.00001
3.00001
3.00001
3.00001
3.00001
3
3
2.99999
2.99999
2.99992
2.99991
2.99958
2.99949
2.99803
2.99737
2.99173
2.9889
2.96613
2.89812
2.75972
2.41453
1.61816
1.01906
0.732628
0.689371
0.682446
0.678559
0.671819
0.665061
0.66174
0.662266
0.667981
0.677354
0.691742
0.711207
0.736335
0.766704
0.80423
0.848707
0.901738
0.964216
1.03902
1.11675
3.00001
3.00001
3.00001
3.00001
3.00001
3.00001
3.00001
3.00001
3.00001
3.00001
3.00001
3.00001
3.00001
3.00001
3
3
2.99997
2.99996
2.9998
2.99976
2.9989
2.99865
2.99413
2.99208
2.96743
2.94969
2.80091
2.61978
1.99762
1.20947
0.827561
0.721055
0.713635
0.715989
0.719761
0.717791
0.715869
0.715813
0.719069
0.726565
0.737472
0.754065
0.775971
0.803902
0.837752
0.877912
0.925052
0.978666
1.04173
1.10721
3.00001
3.00001
3.00001
3.00001
3.00001
3.00001
3.00001
3.00001
3.00001
3.00001
3.00001
3.00001
3.00001
3.00001
3.00001
2.99999
2.99999
2.99992
2.99991
2.99955
2.99948
2.99777
2.99698
2.98954
2.98825
2.9625
2.90707
2.78565
2.44179
1.71399
1.10632
0.795288
0.754176
0.757544
0.765068
0.768494
0.767641
0.767774
0.76936
0.775544
0.784502
0.798538
0.816922
0.841437
0.871051
0.907248
0.948669
0.996819
1.05201
1.10903
3.00001
3.00001
3.00001
3.00001
3.00001
3.00001
3.00001
3.00001
3.00001
3.00001
3.00001
3.00001
3.00001
3.00001
3.00001
3
3
2.99999
2.99999
2.99992
2.99988
2.99948
2.99941
2.99619
3.00276
2.9632
3.0977
2.90311
2.64975
2.04442
1.35657
0.847734
0.764922
0.773245
0.788214
0.801971
0.806001
0.807261
0.809591
0.815854
0.824842
0.837832
0.854327
0.875612
0.901771
0.93336
0.97048
1.01279
1.0624
1.11334
3.00001
3.00001
3.00001
3.00001
3.00001
3.00001
3.00001
3.00001
3.00001
3.00001
3.00001
3.00001
3.00001
3.00001
3.00001
3.00001
3
3
2.99996
2.99996
2.99977
2.9997
2.99871
2.99829
2.9939
2.98838
2.96372
2.92353
2.74902
2.45065
1.82976
1.02928
0.801093
0.786016
0.806058
0.823036
0.831255
0.835033
0.839245
0.846403
0.856839
0.870215
0.886486
0.905987
0.929608
0.957489
0.990408
1.02776
1.07114
1.11627
3.00001
3.00001
3.00001
3.00001
3.00001
3.00001
3.00001
3.00001
3.00001
3.00001
3.00001
3.00001
3.00001
3.00001
3.00001
3.00001
3
3
2.99999
2.99998
2.99988
2.99982
2.99926
2.99891
2.99567
2.9936
2.9751
2.95864
2.85237
2.68056
2.19266
1.34593
0.961635
0.847334
0.838681
0.846733
0.8547
0.859899
0.865088
0.872271
0.882878
0.896577
0.913057
0.931979
0.953883
0.979414
1.00845
1.04232
1.08088
1.12116
3.00001
3.00001
3.00001
3.00001
3.00001
3.00001
3.00001
3.00001
3.00001
3.00001
3.00001
3.00001
3.00001
3.00001
3.00001
3.00001
3.00001
3
3
2.99997
2.99997
2.99979
2.99974
2.99825
2.99759
2.98795
2.99372
2.94472
3.09639
2.86356
2.57238
1.9023
1.26629
0.938116
0.891528
0.886921
0.890644
0.897202
0.902329
0.9076
0.915516
0.926582
0.940406
0.957442
0.97701
1.00018
1.02623
1.05614
1.09045
1.12593
3.00001
3.00001
3.00001
3.00001
3.00001
3.00001
3.00001
3.00001
3.00001
3.00001
3.00001
3.00001
3.00001
3.00001
3.00001
3.00001
3.00001
3.00001
3.00001
3.00002
3.00002
3.00007
3
3.00042
2.99907
2.9986
2.98702
2.98655
2.94718
2.99056
2.77848
2.44622
1.73473
1.19809
0.950379
0.918879
0.919859
0.927664
0.936695
0.945259
0.95389
0.96421
0.975558
0.989172
1.0049
1.02384
1.04613
1.07225
1.10267
1.13408
3.00001
3.00001
3.00001
3.00001
3.00001
3.00001
3.00001
3.00001
3.00001
3.00001
3.00001
3.00001
3.00001
3.00001
3.00001
3.00001
3.00001
3.00001
3.00001
3.00001
3
3
2.99993
2.99987
2.99941
2.99936
2.9959
2.99965
2.97035
3.08319
2.90938
2.7161
2.1852
1.53879
1.03455
0.943995
0.935788
0.94675
0.960656
0.97398
0.984969
0.995523
1.00727
1.02031
1.03496
1.05145
1.07004
1.09119
1.1171
1.14484
3.00001
3.00001
3.00001
3.00001
3.00001
3.00001
3.00001
3.00001
3.00001
3.00001
3.00001
3.00001
3.00001
3.00001
3.00001
3.00001
3.00001
3.00001
3.00001
3
3
2.99998
2.99997
2.99983
2.99979
2.99896
2.9986
2.99391
2.99155
2.96525
2.94835
2.81377
2.61383
2.05903
1.35633
1.05948
0.988791
0.981919
0.989332
1.00099
1.0119
1.02258
1.0331
1.04659
1.06072
1.07719
1.09498
1.11436
1.1367
1.15903
3.00001
3.00001
3.00001
3.00001
3.00001
3.00001
3.00001
3.00001
3.00001
3.00001
3.00001
3.00001
3.00001
3.00001
3.00001
3.00001
3.00001
3.00001
3.00001
3.00001
3
3
2.99999
2.99998
2.99983
2.99976
2.99899
2.99823
2.99467
2.98882
2.96488
2.93264
2.7556
2.55154
1.96706
1.32551
1.09189
1.03887
1.03007
1.03201
1.03879
1.0467
1.05592
1.06689
1.08078
1.09612
1.11381
1.1336
1.15462
1.17824
3.00001
3.00001
3.00001
3.00001
3.00001
3.00001
3.00001
3.00001
3.00001
3.00001
3.00001
3.00001
3.00001
3.00001
3.00001
3.00001
3.00001
3.00001
3.00001
3.00001
3.00001
3
3
2.99996
2.99995
2.99977
2.99966
2.99869
2.99789
2.99282
2.9883
2.95729
2.92165
2.72831
2.45485
1.89386
1.28177
1.10867
1.07644
1.07222
1.07249
1.07664
1.08272
1.09067
1.1022
1.11612
1.13186
1.15045
1.17083
1.19215
3.00001
3.00001
3.00001
3.00001
3.00001
3.00001
3.00001
3.00001
3.00001
3.00001
3.00001
3.00001
3.00001
3.00001
3.00001
3.00001
3.00001
3.00001
3.00001
3.00001
3.00001
3
3
2.99999
2.99998
2.9999
2.99987
2.99946
2.99921
2.99734
2.99607
2.99131
2.96608
2.90384
2.78284
2.45633
1.79932
1.34989
1.16501
1.12432
1.1156
1.11429
1.11838
1.12476
1.13206
1.14263
1.15571
1.17123
1.18963
1.20903
3.00001
3.00001
3.00001
3.00001
3.00001
3.00001
3.00001
3.00001
3.00001
3.00001
3.00001
3.00001
3.00001
3.00001
3.00001
3.00001
3.00001
3.00001
3.00001
3.00001
3.00001
3.00001
3
3
2.99999
2.99999
2.99993
2.99993
2.99973
2.99968
2.99887
3.00218
2.98395
3.05812
2.90323
2.74971
2.33336
1.79281
1.31474
1.18354
1.15253
1.14705
1.14733
1.15304
1.16127
1.17036
1.18126
1.19397
1.20992
1.22722
3.00001
3.00001
3.00001
3.00001
3.00001
3.00001
3.00001
3.00001
3.00001
3.00001
3.00001
3.00001
3.00001
3.00001
3.00001
3.00001
3.00001
3.00001
3.00001
3.00001
3.00001
3.00001
3.00001
3.00001
3
3
2.99997
2.99995
2.99982
2.99949
2.99908
2.99618
2.99492
2.97876
2.96425
2.87534
2.76615
2.39236
1.82137
1.38983
1.22881
1.19232
1.18388
1.18319
1.18937
1.1993
1.2103
1.22111
1.23404
1.24838
3.00001
3.00001
3.00001
3.00001
3.00001
3.00001
3.00001
3.00001
3.00001
3.00001
3.00001
3.00001
3.00001
3.00001
3.00001
3.00001
3.00001
3.00001
3.00001
3.00001
3.00001
3.00001
3.00001
3.00001
3
3
2.99999
2.99998
2.9999
2.99988
2.99943
2.99912
2.99649
2.9955
2.98704
2.9783
2.89911
2.78073
2.43562
1.85712
1.44632
1.26777
1.22648
1.21697
1.21653
1.22335
1.23537
1.24876
1.26182
1.27646
3.00001
3.00001
3.00001
3.00001
3.00001
3.00001
3.00001
3.00001
3.00001
3.00001
3.00001
3.00001
3.00001
3.00001
3.00001
3.00001
3.00001
3.00001
3.00001
3.00001
3.00001
3.00001
3.00001
3.00001
3.00001
3.00001
3
3
2.99998
2.99998
2.99985
2.99988
2.99911
2.99706
2.99397
2.97805
2.9699
2.88682
2.7824
2.45546
1.93181
1.5071
1.30588
1.25535
1.24523
1.24685
1.25559
1.2699
1.28485
1.29982
3.00001
3.00001
3.00001
3.00001
3.00001
3.00001
3.00001
3.00001
3.00001
3.00001
3.00001
3.00001
3.00001
3.00001
3.00001
3.00001
3.00001
3.00001
3.00001
3.00001
3.00001
3.00001
3.00001
3.00001
3.00001
3.00001
3
3
2.99999
2.99998
2.99991
2.99988
2.99957
2.99934
2.99757
2.99952
2.98053
3.02718
2.93673
2.80033
2.44119
1.98393
1.49386
1.32215
1.27682
1.26959
1.2751
1.28628
1.3022
1.31801
3.00001
3.00001
3.00001
3.00001
3.00001
3.00001
3.00001
3.00001
3.00001
3.00001
3.00001
3.00001
3.00001
3.00001
3.00001
3.00001
3.00001
3.00001
3.00001
3.00001
3.00001
3.00001
3.00001
3.00001
3.00001
3.00001
3.00001
3.00001
3
3
2.99996
2.99996
2.99982
2.99965
2.99926
2.99767
2.99584
2.9838
2.98224
2.92582
2.84882
2.47751
2.0324
1.52816
1.35364
1.30989
1.3034
1.3089
1.32003
1.33409
3.00001
3.00001
3.00001
3.00001
3.00001
3.00001
3.00001
3.00001
3.00001
3.00001
3.00001
3.00001
3.00001
3.00001
3.00001
3.00001
3.00001
3.00001
3.00001
3.00001
3.00001
3.00001
3.00001
3.00001
3.00001
3.00001
3.00001
3.00001
3.00001
3.00001
3
3.00002
2.99996
2.99994
2.9995
2.99962
2.99755
3.00454
2.98975
2.97471
2.93031
2.82738
2.59313
2.10354
1.65484
1.41431
1.36131
1.35113
1.35212
1.35791
3.00001
3.00001
3.00001
3.00001
3.00001
3.00001
3.00001
3.00001
3.00001
3.00001
3.00001
3.00001
3.00001
3.00001
3.00001
3.00001
3.00001
3.00001
3.00001
3.00001
3.00001
3.00001
3.00001
3.00001
3.00001
3.00001
3.00001
3.00001
3.00001
3.00001
3
3
2.99997
2.99996
2.99978
2.99974
2.9988
2.99849
2.994
2.99032
2.96541
2.93564
2.81447
2.61311
2.21162
1.74908
1.50373
1.41725
1.39806
1.39539
3.00001
3.00001
3.00001
3.00001
3.00001
3.00001
3.00001
3.00001
3.00001
3.00001
3.00001
3.00001
3.00001
3.00001
3.00001
3.00001
3.00001
3.00001
3.00001
3.00001
3.00001
3.00001
3.00001
3.00001
3.00001
3.00001
3.00001
3.00001
3.00001
3.00001
3.00001
3
3
2.99998
2.99997
2.99983
2.99977
2.99914
2.9986
2.99528
2.99188
2.97456
2.94825
2.85883
2.69758
2.35105
1.90318
1.60785
1.47847
1.44694
3.00001
3.00001
3.00001
3.00001
3.00001
3.00001
3.00001
3.00001
3.00001
3.00001
3.00001
3.00001
3.00001
3.00001
3.00001
3.00001
3.00001
3.00001
3.00001
3.00001
3.00001
3.00001
3.00001
3.00001
3.00001
3.00001
3.00001
3.00001
3.00001
3.00001
3.00001
3.00001
3
3
2.99998
2.99997
2.99985
2.99981
2.99923
2.99892
2.99555
2.99387
2.97736
2.96361
2.88074
2.78105
2.50148
2.08748
1.73335
1.54618
3.00001
3.00001
3.00001
3.00001
3.00001
3.00001
3.00001
3.00001
3.00001
3.00001
3.00001
3.00001
3.00001
3.00001
3.00001
3.00001
3.00001
3.00001
3.00001
3.00001
3.00001
3.00001
3.00001
3.00001
3.00001
3.00001
3.00001
3.00001
3.00001
3.00001
3.00001
3.00001
3.00001
3.00001
3
2.99999
2.99995
2.99994
2.99974
2.9997
2.9988
2.99843
2.99557
2.9905
2.97411
2.9352
2.84673
2.58834
2.2424
1.86037
3.00001
3.00001
3.00001
3.00001
3.00001
3.00001
3.00001
3.00001
3.00001
3.00001
3.00001
3.00001
3.00001
3.00001
3.00001
3.00001
3.00001
3.00001
3.00001
3.00001
3.00001
3.00001
3.00001
3.00001
3.00001
3.00001
3.00001
3.00001
3.00001
3.00001
3.00001
3.00001
3.00001
3.00001
3
3
2.99999
2.99998
2.99991
2.9999
2.99952
2.99938
2.99765
2.99687
2.99128
2.98274
2.95654
2.88189
2.70999
2.36566
3.00001
3.00001
3.00001
3.00001
3.00001
3.00001
3.00001
3.00001
3.00001
3.00001
3.00001
3.00001
3.00001
3.00001
3.00001
3.00001
3.00001
3.00001
3.00001
3.00001
3.00001
3.00001
3.00001
3.00001
3.00001
3.00001
3.00001
3.00001
3.00001
3.00001
3.00001
3.00001
3.00001
3.00001
3.00001
3
3
2.99999
2.99999
2.99993
2.99991
2.99964
2.99948
2.99802
2.99973
2.98807
3.0309
2.96594
2.90016
2.65428
3.00001
3.00001
3.00001
3.00001
3.00001
3.00001
3.00001
3.00001
3.00001
3.00001
3.00001
3.00001
3.00001
3.00001
3.00001
3.00001
3.00001
3.00001
3.00001
3.00001
3.00001
3.00001
3.00001
3.00001
3.00001
3.00001
3.00001
3.00001
3.00001
3.00001
3.00001
3.00001
3.00001
3.00001
3.00001
3.00001
3.00001
3
3
2.99996
2.99995
2.99974
2.99964
2.99853
2.99914
2.99346
3.01208
2.98204
2.94304
2.84411
3.00001
3.00001
3.00001
3.00001
3.00001
3.00001
3.00001
3.00001
3.00001
3.00001
3.00001
3.00001
3.00001
3.00001
3.00001
3.00001
3.00001
3.00001
3.00001
3.00001
3.00001
3.00001
3.00001
3.00001
3.00001
3.00001
3.00001
3.00001
3.00001
3.00001
3.00001
3.00001
3.00001
3.00001
3.00001
3.00001
3.00001
3.00001
3.00001
3
2.99999
2.99995
2.99993
2.99969
3.00008
2.9976
3.00661
2.99268
2.97652
2.9259
3.00001
3.00001
3.00001
3.00001
3.00001
3.00001
3.00001
3.00001
3.00001
3.00001
3.00001
3.00001
3.00001
3.00001
3.00001
3.00001
3.00001
3.00001
3.00001
3.00001
3.00001
3.00001
3.00001
3.00001
3.00001
3.00001
3.00001
3.00001
3.00001
3.00001
3.00001
3.00001
3.00001
3.00001
3.00001
3.00001
3.00001
3.00001
3.00001
3.00001
3.00001
3.00002
2.99996
3.00022
2.99984
2.99947
2.998
2.99539
2.98716
2.96355
3.00001
3.00001
3.00001
3.00001
3.00001
3.00001
3.00001
3.00001
3.00001
3.00001
3.00001
3.00001
3.00001
3.00001
3.00001
3.00001
3.00001
3.00001
3.00001
3.00001
3.00001
3.00001
3.00001
3.00001
3.00001
3.00001
3.00001
3.00001
3.00001
3.00001
3.00001
3.00001
3.00001
3.00001
3.00001
3.00001
3.00001
3.00001
3.00001
3.00001
3
3
2.99996
2.99995
2.99973
2.99969
2.99846
2.99846
2.99403
2.99037
3.00001
3.00001
3.00001
3.00001
3.00001
3.00001
3.00001
3.00001
3.00001
3.00001
3.00001
3.00001
3.00001
3.00001
3.00001
3.00001
3.00001
3.00001
3.00001
3.00001
3.00001
3.00001
3.00001
3.00001
3.00001
3.00001
3.00001
3.00001
3.00001
3.00001
3.00001
3.00001
3.00001
3.00001
3.00001
3.00001
3.00001
3.00001
3.00001
3.00001
3
3
2.99998
2.99998
2.99986
2.99984
2.99916
2.99914
2.99717
2.99458
3.00001
3.00001
3.00001
3.00001
3.00001
3.00001
3.00001
3.00001
3.00001
3.00001
3.00001
3.00001
3.00001
3.00001
3.00001
3.00001
3.00001
3.00001
3.00001
3.00001
3.00001
3.00001
3.00001
3.00001
3.00001
3.00001
3.00001
3.00001
3.00001
3.00001
3.00001
3.00001
3.00001
3.00001
3.00001
3.00001
3.00001
3.00001
3.00001
3.00001
3.00001
3
2.99999
2.99999
2.99994
2.99992
2.99963
2.99955
2.99857
2.99748
3.00001
3.00001
3.00001
3.00001
3.00001
3.00001
3.00001
3.00001
3.00001
3.00001
3.00001
3.00001
3.00001
3.00001
3.00001
3.00001
3.00001
3.00001
3.00001
3.00001
3.00001
3.00001
3.00001
3.00001
3.00001
3.00001
3.00001
3.00001
3.00001
3.00001
3.00001
3.00001
3.00001
3.00001
3.00001
3.00001
3.00001
3.00001
3.00001
3.00001
3.00001
3.00001
3.00001
3
3
2.99996
3.0001
2.99982
2.99954
2.99816
3.00001
3.00001
3.00001
3.00001
3.00001
3.00001
3.00001
3.00001
3.00001
3.00001
3.00001
3.00001
3.00001
3.00001
3.00001
3.00001
3.00001
3.00001
3.00001
3.00001
3.00001
3.00001
3.00001
3.00001
3.00001
3.00001
3.00001
3.00001
3.00001
3.00001
3.00001
3.00001
3.00001
3.00001
3.00001
3.00001
3.00001
3.00001
3.00001
3.00001
3.00001
3.00001
3.00001
3.00001
3
2.99999
2.99994
2.99988
2.99966
2.9991
3.00001
3.00001
3.00001
3.00001
3.00001
3.00001
3.00001
3.00001
3.00001
3.00001
3.00001
3.00001
3.00001
3.00001
3.00001
3.00001
3.00001
3.00001
3.00001
3.00001
3.00001
3.00001
3.00001
3.00001
3.00001
3.00001
3.00001
3.00001
3.00001
3.00001
3.00001
3.00001
3.00001
3.00001
3.00001
3.00001
3.00001
3.00001
3.00001
3.00001
3.00001
3.00001
3.00001
3.00001
3
3
2.99997
2.99994
2.99979
2.99946
1.39388
1.57215
1.61244
1.54262
1.42857
1.28087
1.1549
1.06162
1.03412
1.03305
1.03897
1.04365
1.04932
1.05355
1.05651
1.06156
1.06839
1.07628
1.08401
1.0911
1.09745
1.10237
1.10552
1.10757
1.10867
1.10934
1.11025
1.11204
1.1148
1.11875
1.12388
1.12997
1.1366
1.14397
1.15271
1.16261
1.1729
1.1834
1.19402
1.20465
1.21516
1.22539
1.2353
1.24485
1.25394
1.26247
1.26973
1.27536
1.27893
1.27957
1.27501
1.25898
1.22274
1.15425
1.05575
0.948992
0.862127
0.806465
0.790714
0.806834
0.828688
0.851772
0.878208
0.900952
0.919119
0.935331
0.951969
0.968659
0.986196
1.0051
1.02617
1.04813
1.06876
1.08804
1.10629
1.1226
1.13853
1.15298
1.16752
1.18158
1.19616
1.21072
1.22617
1.24084
1.25619
1.27022
1.28497
1.29844
1.31261
1.32536
1.33905
1.35123
1.36444
1.3762
1.38906
1.40035
1.4127
1.42281
1.43291
1.43786
1.36731
1.47849
1.52191
1.52989
1.53548
1.54871
1.56135
1.55281
1.5239
1.48699
1.45901
1.44885
1.44831
1.45238
1.45622
1.45929
1.4622
1.46543
1.46899
1.47301
1.47779
1.48302
1.48814
1.49292
1.49748
1.50144
1.50475
1.50786
1.5107
1.51318
1.51536
1.5175
1.51987
1.52269
1.52612
1.53023
1.53491
1.53992
1.54519
1.55117
1.55815
1.56547
1.5733
1.58106
1.58911
1.59631
1.6022
1.60729
1.60972
1.60808
1.59668
1.56632
1.50937
1.43818
1.3834
1.34747
1.31216
1.26879
1.22278
1.18406
1.16069
1.15587
1.1667
1.18106
1.20236
1.22962
1.25345
1.27251
1.28789
1.30016
1.31056
1.32024
1.33171
1.34533
1.36143
1.37926
1.39733
1.4147
1.43117
1.44618
1.46005
1.47216
1.48325
1.4939
1.50434
1.51482
1.52529
1.53587
1.54643
1.55701
1.5676
1.57822
1.58872
1.59911
1.60933
1.61917
1.62875
1.637
1.64448
1.64646
1.32617
1.42348
1.49831
1.57279
1.6501
1.71805
1.75306
1.75243
1.74277
1.72044
1.68954
1.66461
1.64838
1.64034
1.638
1.63754
1.63836
1.64023
1.64265
1.64573
1.64935
1.65367
1.65823
1.66268
1.66686
1.67107
1.67524
1.67905
1.68266
1.6861
1.68939
1.69262
1.69578
1.69888
1.70201
1.7053
1.70885
1.71265
1.71665
1.72087
1.72517
1.72962
1.73421
1.73921
1.74355
1.74746
1.7506
1.75134
1.7474
1.73177
1.69355
1.62638
1.55341
1.51182
1.50772
1.51555
1.51529
1.50416
1.47975
1.44507
1.40191
1.3579
1.32508
1.30934
1.31264
1.32455
1.34065
1.36352
1.38974
1.41518
1.43649
1.45451
1.46972
1.48243
1.49329
1.50403
1.51558
1.52845
1.54187
1.55542
1.56875
1.58199
1.59498
1.60785
1.62032
1.63256
1.64444
1.65619
1.66772
1.67926
1.69055
1.70185
1.71274
1.72363
1.73407
1.74412
1.754
1.76221
1.76982
1.77177
1.30236
1.40062
1.485
1.56258
1.63595
1.69839
1.75135
1.79369
1.81519
1.8219
1.81772
1.80661
1.78846
1.77156
1.75834
1.75111
1.74872
1.74892
1.75163
1.75486
1.75828
1.76182
1.76524
1.76862
1.77202
1.77527
1.77832
1.78155
1.785
1.78838
1.79169
1.79505
1.79856
1.80223
1.80597
1.80971
1.8134
1.81706
1.82074
1.82451
1.82833
1.83202
1.83552
1.83806
1.84009
1.84123
1.84018
1.83217
1.80968
1.75988
1.67998
1.60161
1.56467
1.57032
1.58564
1.60291
1.61492
1.621
1.61965
1.60929
1.58866
1.56047
1.52579
1.48668
1.45091
1.42621
1.41542
1.42422
1.43811
1.45631
1.48048
1.50651
1.53067
1.55032
1.5662
1.57836
1.5876
1.5959
1.60439
1.61387
1.62479
1.63736
1.65082
1.66477
1.67881
1.69288
1.70661
1.72021
1.73328
1.74592
1.75824
1.76999
1.78169
1.79274
1.8039
1.81421
1.82488
1.83374
1.84253
1.84556
1.27362
1.37355
1.46102
1.53911
1.61199
1.67751
1.73744
1.79078
1.83655
1.86815
1.88072
1.88226
1.87886
1.87092
1.85867
1.84873
1.83909
1.83311
1.83077
1.82999
1.8316
1.83443
1.83746
1.84059
1.84373
1.84668
1.8496
1.85254
1.85547
1.85843
1.8615
1.86476
1.86816
1.87159
1.87494
1.87825
1.8816
1.88507
1.88862
1.89213
1.89556
1.89857
1.90086
1.90266
1.90322
1.90052
1.88891
1.85885
1.79651
1.70408
1.62321
1.59618
1.60412
1.61945
1.63659
1.65212
1.66689
1.68085
1.69032
1.69558
1.6972
1.69444
1.68353
1.66688
1.64261
1.61314
1.57783
1.54507
1.51742
1.50337
1.50958
1.52056
1.53544
1.55655
1.57944
1.60097
1.61983
1.63553
1.64973
1.66205
1.67399
1.68537
1.69735
1.70999
1.72315
1.73671
1.75054
1.76367
1.77699
1.78926
1.80189
1.81324
1.8254
1.83604
1.84777
1.85793
1.86932
1.87844
1.88814
1.89172
1.24051
1.33533
1.42477
1.50596
1.58035
1.64753
1.70949
1.76456
1.8134
1.85598
1.89118
1.91424
1.92624
1.93154
1.93033
1.92641
1.91983
1.91259
1.90429
1.89945
1.89592
1.89476
1.89706
1.89975
1.90227
1.9048
1.90756
1.91032
1.91288
1.91547
1.91819
1.92111
1.92416
1.9273
1.93038
1.93342
1.93653
1.93977
1.94306
1.94619
1.94865
1.95006
1.95099
1.95053
1.94508
1.92871
1.88956
1.81466
1.71375
1.6351
1.61845
1.62555
1.63764
1.65146
1.66596
1.68188
1.69692
1.71275
1.72914
1.74407
1.7585
1.77203
1.78018
1.78787
1.78336
1.77119
1.74983
1.72037
1.68269
1.64295
1.60349
1.5732
1.55803
1.56833
1.58081
1.59706
1.62032
1.64545
1.67059
1.69219
1.71188
1.7287
1.74412
1.75732
1.76975
1.7808
1.79135
1.80193
1.81304
1.82384
1.83556
1.84631
1.85834
1.86899
1.88133
1.89182
1.90402
1.91366
1.92444
1.92845
1.21692
1.30146
1.38368
1.46211
1.5367
1.60573
1.66929
1.72702
1.77989
1.82668
1.86991
1.90784
1.93746
1.95745
1.96933
1.97409
1.97563
1.97379
1.96963
1.96449
1.95761
1.95349
1.94863
1.94792
1.94742
1.94788
1.9483
1.94892
1.95005
1.95168
1.95358
1.95573
1.95806
1.96053
1.96327
1.96626
1.96951
1.97267
1.97576
1.97848
1.98028
1.98111
1.9806
1.97333
1.95257
1.90414
1.81526
1.70998
1.64076
1.63015
1.63688
1.64627
1.65796
1.67165
1.68631
1.70224
1.71886
1.73871
1.75902
1.78216
1.80448
1.82626
1.84393
1.85583
1.85991
1.86056
1.85601
1.8441
1.82563
1.80118
1.76948
1.735
1.69491
1.66053
1.63279
1.62372
1.6394
1.65535
1.67475
1.69893
1.72511
1.7492
1.77093
1.7878
1.80315
1.8151
1.82674
1.83652
1.84642
1.85568
1.86574
1.8756
1.88715
1.89826
1.91116
1.92217
1.93535
1.94539
1.95699
1.96133
1.20241
1.27906
1.35462
1.42782
1.49833
1.56589
1.62879
1.6879
1.74215
1.7928
1.83804
1.88081
1.91856
1.95195
1.97846
1.99605
2.00846
2.01443
2.01574
2.01532
2.01229
2.00573
1.99796
1.98945
1.98306
1.9791
1.97594
1.97436
1.97355
1.97352
1.97427
1.97576
1.97784
1.98034
1.9832
1.98615
1.98916
1.99284
1.99574
1.99917
2.00067
2.00019
1.99128
1.96586
1.90837
1.80585
1.70062
1.64652
1.63671
1.64319
1.65092
1.66075
1.67393
1.68883
1.70528
1.72479
1.7458
1.77004
1.79438
1.82033
1.84398
1.86308
1.87833
1.89027
1.89941
1.90624
1.91093
1.91214
1.91124
1.90672
1.89872
1.88405
1.86543
1.84297
1.81188
1.78184
1.74499
1.71873
1.70562
1.7191
1.73195
1.74682
1.76616
1.78707
1.80951
1.82732
1.84432
1.85751
1.87151
1.88323
1.89597
1.90706
1.91885
1.92926
1.94137
1.95193
1.9642
1.97394
1.9852
1.98949
1.19936
1.26621
1.33425
1.4034
1.47018
1.5345
1.59585
1.65364
1.7083
1.75944
1.80742
1.85184
1.89389
1.93138
1.96659
1.99597
2.01735
2.03436
2.04219
2.04495
2.04488
2.04108
2.03427
2.02515
2.01522
2.00651
1.999
1.99464
1.99207
1.99087
1.99025
1.9911
1.99339
1.99626
1.99926
2.00272
2.00743
2.01015
2.01412
2.0164
2.01461
2.00354
1.97284
1.90443
1.79151
1.68605
1.64532
1.63532
1.64215
1.65076
1.6616
1.67536
1.69115
1.71
1.73072
1.75524
1.77916
1.80505
1.8294
1.85023
1.86763
1.88299
1.89681
1.9094
1.92123
1.93183
1.94234
1.95138
1.96124
1.96988
1.97828
1.98356
1.98646
1.98249
1.97134
1.95381
1.92657
1.8978
1.85541
1.81816
1.78217
1.76521
1.77583
1.78725
1.80191
1.81966
1.84142
1.8628
1.88539
1.90251
1.92063
1.93428
1.9494
1.96184
1.97513
1.98583
1.99775
2.00639
2.01567
2.01956
1.19328
1.25701
1.32048
1.38368
1.44666
1.50802
1.5673
1.62395
1.67831
1.7296
1.77861
1.8241
1.86725
1.90666
1.94297
1.97596
2.00466
2.02697
2.04332
2.05243
2.05737
2.05692
2.05453
2.04763
2.04315
2.03417
2.02621
2.01886
2.01445
2.0104
2.00953
2.01025
2.01174
2.01382
2.01706
2.02167
2.02429
2.02832
2.03045
2.02695
2.01283
1.97522
1.89337
1.7723
1.67151
1.64038
1.63237
1.63879
1.64841
1.66081
1.67582
1.69423
1.71418
1.73929
1.76369
1.78957
1.81384
1.83521
1.85293
1.86919
1.88376
1.89751
1.91064
1.92364
1.93693
1.95065
1.96544
1.9809
1.99784
2.01421
2.0299
2.04338
2.05514
2.06068
2.06326
2.06187
2.05459
2.03936
2.01879
1.99508
1.95853
1.92532
1.87843
1.84624
1.82691
1.83723
1.85107
1.86742
1.8858
1.90551
1.92904
1.94893
1.97001
1.98453
2.00084
2.01213
2.02533
2.0348
2.04544
2.04908
1.18971
1.24847
1.30741
1.367
1.42659
1.48537
1.54272
1.59814
1.65143
1.70206
1.75004
1.79481
1.83711
1.87598
1.9122
1.94488
1.97479
2.00096
2.02277
2.03968
2.05174
2.05932
2.0631
2.06398
2.061
2.05948
2.05464
2.0486
2.04317
2.03805
2.03441
2.03306
2.03366
2.03528
2.03696
2.03941
2.04163
2.04333
2.0378
2.01975
1.97392
1.87763
1.7442
1.65298
1.63033
1.62708
1.63435
1.64533
1.65893
1.67645
1.69635
1.72074
1.7458
1.77233
1.79723
1.8196
1.83767
1.85448
1.86929
1.88382
1.89721
1.91078
1.92453
1.93883
1.95425
1.97069
1.98869
2.0076
2.02706
2.0455
2.06377
2.07891
2.093
2.10309
2.11269
2.11898
2.12291
2.12432
2.12312
2.11707
2.10547
2.08883
2.06441
2.04019
2.0002
1.96349
1.92295
1.90402
1.90554
1.91877
1.93604
1.95
1.96869
1.98723
2.00843
2.02475
2.04409
2.05493
2.06833
2.07219
1.18672
1.24085
1.29628
1.35265
1.4089
1.46477
1.51945
1.57258
1.62343
1.67188
1.71766
1.76093
1.80169
1.8399
1.87517
1.90809
1.9383
1.96608
1.99141
2.01471
2.03443
2.05035
2.06282
2.07136
2.07656
2.07778
2.0777
2.07647
2.07303
2.06875
2.06421
2.06038
2.05873
2.05815
2.05847
2.05801
2.05646
2.04748
2.02458
1.96764
1.85665
1.72055
1.63712
1.61941
1.62192
1.63034
1.64185
1.65723
1.67702
1.70146
1.72707
1.75322
1.77878
1.80216
1.82132
1.83907
1.8543
1.86941
1.88309
1.89702
1.91088
1.92547
1.94074
1.95711
1.97478
1.99348
2.01319
2.0324
2.0516
2.06916
2.08593
2.10078
2.11526
2.12765
2.14091
2.15114
2.16294
2.17126
2.18058
2.18637
2.19095
2.19273
2.19078
2.18308
2.1679
2.15036
2.12043
2.09202
2.04424
2.00747
1.97556
1.96808
1.98169
1.99407
2.00952
2.02395
2.04229
2.05904
2.07835
2.08362
1.18768
1.235
1.28467
1.33701
1.3898
1.44224
1.49363
1.54373
1.5922
1.63874
1.68297
1.72502
1.76468
1.80219
1.83733
1.87045
1.90192
1.93173
1.95987
1.98674
2.0121
2.03516
2.05463
2.07044
2.08227
2.09036
2.09528
2.09703
2.09672
2.09541
2.09299
2.08927
2.0856
2.08234
2.07929
2.07392
2.06103
2.03012
1.96361
1.83474
1.70191
1.62591
1.609
1.61665
1.62645
1.63891
1.6559
1.67881
1.70528
1.73133
1.75748
1.78186
1.80256
1.82138
1.83787
1.85387
1.86821
1.88271
1.89648
1.9114
1.92647
1.94288
1.9603
1.9787
1.99815
2.01736
2.03661
2.0546
2.07213
2.08789
2.1037
2.1177
2.13265
2.14612
2.16089
2.17443
2.18942
2.20255
2.21783
2.22957
2.24319
2.25231
2.26183
2.26656
2.26896
2.26814
2.26235
2.24907
2.22897
2.20804
2.17135
2.13623
2.08418
2.05579
2.03074
2.04068
2.05356
2.06557
2.08021
2.08456
1.19234
1.23452
1.27906
1.32637
1.37485
1.42353
1.47168
1.51891
1.56486
1.60921
1.65175
1.69232
1.73109
1.76803
1.80345
1.83738
1.87014
1.90194
1.93226
1.96147
1.98925
2.01496
2.03928
2.06089
2.07843
2.09222
2.10297
2.10977
2.11359
2.1145
2.11426
2.11296
2.10965
2.10463
2.096
2.07844
2.03947
1.96258
1.8239
1.68979
1.61859
1.60352
1.61333
1.62447
1.63819
1.65701
1.68225
1.70836
1.73428
1.75967
1.78203
1.80164
1.81942
1.83623
1.8519
1.86727
1.88184
1.89705
1.91248
1.92904
1.94646
1.96501
1.98424
2.00367
2.02296
2.04119
2.05912
2.07539
2.0918
2.10667
2.12235
2.13687
2.1527
2.16725
2.18361
2.19839
2.21539
2.23063
2.24777
2.26273
2.27931
2.29238
2.30751
2.31739
2.32879
2.33582
2.34116
2.34395
2.34398
2.3396
2.32951
2.31475
2.29066
2.26656
2.22449
2.18454
2.13195
2.11678
2.09236
2.10954
1.19982
1.23741
1.2775
1.32091
1.366
1.41167
1.45691
1.50148
1.54491
1.587
1.62762
1.66675
1.70455
1.74108
1.77658
1.81091
1.84446
1.87696
1.90859
1.93884
1.96795
1.99534
2.02072
2.04462
2.06628
2.08563
2.10091
2.11326
2.12199
2.12769
2.12881
2.12866
2.12569
2.11731
2.09689
2.05256
1.96711
1.82179
1.68646
1.61771
1.60349
1.61413
1.62617
1.64076
1.66112
1.68707
1.71272
1.7377
1.7614
1.78206
1.80058
1.81776
1.83441
1.85071
1.86656
1.88262
1.89876
1.91592
1.93355
1.95243
1.97173
1.99143
2.01088
2.02955
2.04765
2.06453
2.08124
2.09675
2.11293
2.12799
2.14446
2.15947
2.17622
2.19143
2.20866
2.22435
2.24215
2.25786
2.27569
2.29087
2.30796
2.32233
2.33833
2.35128
2.36617
2.37692
2.38999
2.39803
2.40738
2.41297
2.4169
2.41851
2.41748
2.41159
2.3979
2.38326
2.35382
2.32459
2.26169
2.25018
1.21233
1.24351
1.27985
1.31936
1.36136
1.4044
1.44736
1.48973
1.5311
1.57142
1.61034
1.64827
1.68492
1.72074
1.75565
1.78997
1.82337
1.85618
1.88793
1.91871
1.94821
1.97649
2.00283
2.0282
2.05086
2.07269
2.09123
2.10961
2.12112
2.13217
2.13361
2.13246
2.12616
2.10585
2.06166
1.97061
1.82083
1.68998
1.62257
1.60886
1.61955
1.63252
1.64878
1.67003
1.69651
1.72088
1.74468
1.76583
1.78483
1.80208
1.81886
1.83554
1.8524
1.86927
1.88648
1.90407
1.92218
1.941
1.96038
1.98004
1.99958
2.01846
2.03671
2.05401
2.07092
2.08704
2.10337
2.11914
2.13563
2.15129
2.168
2.18355
2.20076
2.21652
2.23427
2.25012
2.26794
2.28357
2.30113
2.3163
2.33354
2.348
2.36466
2.3783
2.39403
2.40674
2.42151
2.43291
2.44684
2.45656
2.46865
2.4762
2.48499
2.4895
2.49287
2.49367
2.48952
2.48176
2.45405
2.45668
1.22814
1.25474
1.28521
1.32118
1.3598
1.40012
1.44091
1.48138
1.52103
1.55964
1.59733
1.63367
1.6694
1.70399
1.73815
1.77161
1.80472
1.83706
1.86917
1.89975
1.92959
1.9583
1.9851
2.01135
2.0351
2.05849
2.07819
2.09839
2.11421
2.12452
2.12429
2.11973
2.10255
2.05724
1.96715
1.81489
1.68808
1.62497
1.61435
1.62657
1.64121
1.65991
1.68418
1.7093
1.73338
1.75516
1.77475
1.79212
1.80887
1.8255
1.84239
1.85952
1.87692
1.89468
1.91273
1.93124
1.94999
1.96912
1.98798
2.00664
2.0247
2.04221
2.05938
2.07601
2.09271
2.10903
2.12572
2.14194
2.15855
2.17459
2.19134
2.20739
2.22451
2.24048
2.25782
2.27355
2.29102
2.3065
2.32394
2.33909
2.35617
2.37075
2.38726
2.40107
2.41697
2.43002
2.44532
2.45774
2.47248
2.48429
2.4986
2.50938
2.52306
2.53225
2.54383
2.55068
2.55791
2.56063
2.56177
2.56371
1.24182
1.27093
1.29763
1.3278
1.36222
1.39909
1.43698
1.47537
1.51321
1.5503
1.58628
1.62172
1.65576
1.68989
1.72269
1.75554
1.78757
1.81914
1.84996
1.88081
1.90959
1.93892
1.96595
1.99236
2.017
2.04045
2.06237
2.08041
2.09707
2.10007
2.09589
2.08083
2.03807
1.94794
1.79963
1.67431
1.6205
1.61426
1.62913
1.64652
1.6683
1.69566
1.72208
1.74614
1.76754
1.78636
1.80375
1.82024
1.83668
1.85323
1.87015
1.88753
1.90524
1.92324
1.94144
1.95977
1.97797
1.99601
2.01364
2.03104
2.04821
2.06517
2.08225
2.09902
2.11613
2.13273
2.14965
2.1659
2.18257
2.19866
2.21531
2.23136
2.24813
2.26415
2.2812
2.29717
2.31451
2.33023
2.34759
2.36277
2.37982
2.39432
2.41084
2.42465
2.44056
2.45379
2.46918
2.48207
2.49712
2.50982
2.52466
2.53702
2.55168
2.56317
2.57754
2.58759
2.60097
2.60901
2.61881
2.62238
1.25673
1.28351
1.31192
1.34089
1.37061
1.40261
1.43664
1.47158
1.50712
1.54263
1.57726
1.61146
1.64459
1.67755
1.70944
1.74106
1.77194
1.80222
1.83198
1.86099
1.8895
1.91691
1.94395
1.96899
1.99434
2.01662
2.03787
2.057
2.06148
2.05891
2.04675
2.00609
1.91804
1.77032
1.65116
1.60674
1.60639
1.62321
1.64526
1.66949
1.69792
1.7255
1.75104
1.77323
1.79362
1.8126
1.83087
1.84828
1.8655
1.88269
1.9003
1.91802
1.93601
1.95387
1.97175
1.98924
2.00658
2.02362
2.04063
2.05757
2.0746
2.09147
2.10863
2.12533
2.14246
2.15878
2.17562
2.19157
2.20817
2.22391
2.24042
2.25614
2.27283
2.28871
2.30572
2.32166
2.33883
2.35452
2.37164
2.38676
2.40363
2.41798
2.43451
2.44812
2.46434
2.47747
2.49351
2.50646
2.52235
2.53526
2.55092
2.56371
2.57902
2.59137
2.60634
2.61777
2.63246
2.64246
2.65592
2.66121
1.27397
1.29757
1.32368
1.35191
1.38108
1.41032
1.44039
1.47152
1.50336
1.53607
1.56901
1.60173
1.63436
1.66585
1.69723
1.72712
1.75715
1.78613
1.81481
1.84275
1.87018
1.89668
1.92211
1.94801
1.97024
1.9938
2.0129
2.0202
2.0181
2.00603
1.96815
1.87193
1.73754
1.62064
1.58274
1.59092
1.609
1.63412
1.66397
1.69249
1.72092
1.74658
1.77073
1.79243
1.81347
1.83348
1.85371
1.87339
1.89317
1.91222
1.93114
1.94943
1.96777
1.98534
2.00302
2.01997
2.0372
2.05389
2.07087
2.08738
2.10424
2.12062
2.13744
2.15347
2.17006
2.1856
2.20198
2.21723
2.23352
2.24876
2.26517
2.28066
2.29735
2.31309
2.33003
2.34585
2.36291
2.37851
2.39548
2.41058
2.42731
2.4418
2.4583
2.47229
2.48873
2.50237
2.51881
2.53226
2.5486
2.56189
2.57795
2.591
2.60662
2.6192
2.63439
2.64621
2.6611
2.67176
2.68589
2.69204
1.29675
1.3156
1.33751
1.36313
1.39019
1.41808
1.44631
1.47485
1.50369
1.53304
1.56299
1.59366
1.62385
1.65451
1.68462
1.71435
1.74346
1.77181
1.79936
1.82674
1.85302
1.87872
1.90466
1.92734
1.95149
1.97083
1.97938
1.97716
1.96446
1.92712
1.82968
1.69391
1.5818
1.55263
1.56647
1.58727
1.61559
1.65035
1.68228
1.71042
1.7373
1.76223
1.78609
1.8081
1.8301
1.85145
1.87321
1.8944
1.91601
1.93686
1.95755
1.97706
1.9963
2.0145
2.03283
2.0501
2.06769
2.08429
2.10129
2.11747
2.13406
2.14978
2.16593
2.18117
2.1971
2.21208
2.22802
2.2429
2.259
2.27402
2.29038
2.30567
2.3223
2.33784
2.35465
2.3703
2.38713
2.40262
2.41935
2.43447
2.45109
2.46578
2.48236
2.49667
2.51326
2.52724
2.54384
2.55754
2.57399
2.58741
2.60346
2.61653
2.63199
2.64457
2.65949
2.67137
2.68601
2.69686
2.71091
2.71739
1.3244
1.33872
1.35486
1.37514
1.39955
1.42584
1.45233
1.47921
1.50623
1.53356
1.56065
1.5884
1.61662
1.64503
1.67341
1.7021
1.73045
1.75836
1.786
1.81258
1.83826
1.86461
1.88758
1.91199
1.93191
1.94046
1.93824
1.92447
1.88666
1.79112
1.64719
1.53974
1.52038
1.53876
1.56173
1.59182
1.62992
1.66411
1.69472
1.72265
1.74938
1.77446
1.79889
1.82237
1.84558
1.86788
1.89039
1.9125
1.93504
1.95693
1.97891
1.99998
2.02078
2.04037
2.05964
2.07779
2.09606
2.11326
2.1307
2.14704
2.16365
2.17923
2.19527
2.2104
2.22618
2.24108
2.25686
2.27177
2.28777
2.30283
2.31905
2.33425
2.35063
2.36592
2.38238
2.39772
2.4142
2.4295
2.44599
2.46111
2.47762
2.49245
2.509
2.5235
2.54012
2.55425
2.57089
2.58462
2.60108
2.61436
2.63039
2.64323
2.65864
2.67101
2.68586
2.69767
2.71221
2.72316
2.73715
2.74389
1.34177
1.3624
1.3759
1.39078
1.40994
1.4326
1.45803
1.48399
1.50968
1.53516
1.561
1.5862
1.61211
1.63837
1.66502
1.69208
1.71899
1.74639
1.77361
1.79963
1.827
1.8505
1.87511
1.89542
1.90387
1.90094
1.88615
1.84665
1.74607
1.60218
1.49928
1.48813
1.5096
1.53532
1.56652
1.60515
1.6419
1.67405
1.70345
1.73092
1.75775
1.78391
1.80967
1.83458
1.8593
1.88342
1.90724
1.93022
1.95305
1.9754
1.99801
2.01991
2.04175
2.06268
2.08341
2.10313
2.12259
2.14096
2.15925
2.17643
2.19368
2.20987
2.22634
2.24178
2.25779
2.27283
2.28868
2.30355
2.3194
2.33421
2.35011
2.36492
2.38092
2.39578
2.4119
2.42682
2.44305
2.458
2.47434
2.48923
2.50568
2.5204
2.53697
2.55141
2.56808
2.58213
2.5988
2.61236
2.62889
2.64193
2.65811
2.67066
2.68633
2.69843
2.71357
2.72519
2.73996
2.75086
2.76497
2.77179
1.35688
1.37627
1.39512
1.41009
1.42416
1.44235
1.46411
1.48797
1.513
1.53765
1.56205
1.5864
1.61053
1.6345
1.65968
1.68485
1.71037
1.73697
1.76196
1.78948
1.81373
1.83888
1.85992
1.86845
1.86464
1.84841
1.80598
1.70154
1.55788
1.46069
1.45395
1.47868
1.50876
1.54136
1.57927
1.61645
1.65075
1.68133
1.71022
1.73769
1.76528
1.79218
1.81916
1.84553
1.87162
1.89694
1.92198
1.94647
1.97054
1.99374
2.01659
2.03872
2.06109
2.08268
2.10439
2.12514
2.14581
2.16533
2.18469
2.20283
2.22108
2.23805
2.2553
2.27123
2.28772
2.30288
2.31891
2.33363
2.34951
2.36407
2.37998
2.39456
2.4106
2.42524
2.44142
2.45607
2.47231
2.48691
2.50315
2.51766
2.53393
2.5483
2.56466
2.57881
2.59527
2.6091
2.62561
2.63901
2.65543
2.66837
2.68455
2.69702
2.71278
2.72484
2.74013
2.75176
2.76669
2.7777
2.79192
2.79898
1.37416
1.3908
1.40825
1.42572
1.44226
1.45602
1.47309
1.49391
1.51632
1.53984
1.56355
1.58733
1.61073
1.63424
1.65747
1.68087
1.70617
1.72959
1.75577
1.77949
1.80378
1.82424
1.83286
1.82791
1.81014
1.76473
1.65617
1.51216
1.42332
1.41992
1.44485
1.48005
1.51779
1.55406
1.59028
1.62495
1.65748
1.68743
1.71623
1.7441
1.7724
1.80036
1.82847
1.85576
1.88287
1.90935
1.93549
1.96091
1.9858
2.00993
2.03361
2.05628
2.07883
2.10051
2.12266
2.14391
2.16548
2.18599
2.20666
2.22595
2.24531
2.26308
2.28122
2.29778
2.31502
2.33067
2.34738
2.36252
2.37904
2.39397
2.41049
2.42536
2.44187
2.45659
2.47294
2.48738
2.50349
2.51762
2.53352
2.54746
2.56327
2.57709
2.59294
2.60663
2.62257
2.63604
2.65204
2.66519
2.68118
2.69394
2.70979
2.72214
2.73772
2.7497
2.76496
2.77658
2.79157
2.80266
2.81693
2.82421
1.40045
1.40892
1.42143
1.43778
1.45483
1.47243
1.48718
1.50352
1.52327
1.54462
1.56666
1.58926
1.61188
1.63509
1.65796
1.68146
1.70413
1.72823
1.75128
1.77351
1.79278
1.79919
1.79244
1.77155
1.72139
1.60688
1.46118
1.38646
1.38654
1.41147
1.44789
1.4918
1.53021
1.56518
1.59935
1.63227
1.66385
1.69356
1.72269
1.75138
1.78059
1.80934
1.83817
1.8662
1.89411
1.92119
1.94807
1.97419
1.99996
2.02488
2.04936
2.07296
2.09637
2.11873
2.14121
2.16262
2.18461
2.20547
2.22671
2.2466
2.26679
2.28539
2.30443
2.32184
2.34008
2.35672
2.37448
2.39064
2.40814
2.42397
2.44126
2.45675
2.47373
2.48874
2.50528
2.51973
2.53579
2.54969
2.56535
2.57886
2.59427
2.60753
2.62287
2.63599
2.65139
2.66437
2.6799
2.69267
2.70829
2.72077
2.7364
2.74855
2.76409
2.77592
2.79129
2.8028
2.81797
2.82898
2.84339
2.85063
1.43602
1.43495
1.44164
1.45398
1.46953
1.48611
1.50176
1.51776
1.53448
1.5529
1.57309
1.594
1.61574
1.63771
1.66009
1.68317
1.70532
1.72826
1.7485
1.76589
1.76962
1.76073
1.73551
1.67805
1.5566
1.40699
1.3477
1.35439
1.38052
1.41629
1.46261
1.50506
1.54144
1.57488
1.60777
1.63982
1.67109
1.70104
1.73085
1.76024
1.78996
1.81915
1.84839
1.87685
1.90515
1.93273
1.96013
1.98672
2.01299
2.03837
2.06349
2.08775
2.11187
2.13507
2.15823
2.18025
2.20234
2.22317
2.24447
2.26464
2.28531
2.30473
2.32475
2.34326
2.36255
2.38027
2.39907
2.41624
2.43462
2.45129
2.46924
2.48534
2.50278
2.51818
2.53505
2.54967
2.56593
2.57978
2.59549
2.60869
2.62402
2.6368
2.65196
2.66451
2.67969
2.69213
2.70744
2.71974
2.7352
2.74733
2.76289
2.77481
2.79039
2.80211
2.81763
2.82911
2.84447
2.85553
2.87005
2.87746
1.47509
1.46628
1.4673
1.47568
1.48913
1.50414
1.51908
1.53375
1.54839
1.56494
1.58266
1.60169
1.62202
1.64282
1.66452
1.68589
1.7077
1.72766
1.74252
1.74426
1.73284
1.70278
1.63528
1.50775
1.35572
1.31002
1.32359
1.35338
1.38946
1.43373
1.47868
1.51804
1.55274
1.58506
1.61713
1.64874
1.68007
1.71058
1.74088
1.77065
1.80051
1.82988
1.85917
1.8878
1.91624
1.94404
1.97157
1.99845
2.02503
2.05094
2.07662
2.10148
2.1262
2.14993
2.1736
2.19616
2.21868
2.24
2.26142
2.28163
2.30239
2.32216
2.34263
2.3619
2.38209
2.40075
2.42055
2.43865
2.45808
2.47562
2.49452
2.51135
2.52958
2.54553
2.563
2.57794
2.59462
2.60852
2.62447
2.63747
2.65286
2.66524
2.6803
2.69233
2.70729
2.71917
2.73418
2.74601
2.76115
2.77296
2.78825
2.80005
2.81546
2.8272
2.84263
2.85423
2.86953
2.88073
2.89519
2.90284
1.54829
1.49742
1.49112
1.49442
1.50472
1.51958
1.53461
1.54977
1.56465
1.57927
1.5949
1.6124
1.63071
1.6505
1.6703
1.69075
1.70926
1.72175
1.72141
1.7073
1.67226
1.59142
1.46052
1.31074
1.27653
1.29486
1.32872
1.36726
1.41
1.45362
1.49509
1.53206
1.56548
1.597
1.6285
1.6598
1.69126
1.72191
1.75235
1.78202
1.81174
1.84091
1.87015
1.89881
1.92734
1.9552
1.98285
2.0099
2.03673
2.06294
2.0889
2.11414
2.13916
2.1633
2.18729
2.21022
2.23311
2.25487
2.27676
2.29752
2.31864
2.33864
2.35953
2.37942
2.40045
2.42009
2.44098
2.45999
2.48039
2.49862
2.5183
2.53559
2.55437
2.5706
2.58841
2.60352
2.62042
2.63448
2.65063
2.66382
2.67943
2.69197
2.70722
2.71936
2.73444
2.74637
2.76144
2.7733
2.78846
2.80027
2.81551
2.82724
2.84251
2.85406
2.86925
2.88054
2.89554
2.90635
2.92055
2.92785
1.70848
1.54167
1.51753
1.51484
1.52033
1.53177
1.54763
1.56304
1.57854
1.59398
1.60923
1.6243
1.64102
1.65858
1.67687
1.6931
1.70321
1.69895
1.68207
1.64213
1.54786
1.41172
1.27021
1.24618
1.26966
1.30578
1.34841
1.39085
1.43258
1.47334
1.51212
1.54737
1.57996
1.6108
1.64168
1.67253
1.7038
1.73442
1.76484
1.79433
1.8238
1.8527
1.88172
1.91026
1.93869
1.96659
1.99421
2.0213
2.04813
2.0744
2.10046
2.12583
2.15101
2.17531
2.19948
2.22263
2.24581
2.26794
2.29032
2.31163
2.33345
2.35419
2.37569
2.396
2.41751
2.43768
2.45912
2.47871
2.49956
2.51819
2.53822
2.55582
2.57488
2.5914
2.6095
2.625
2.64229
2.65689
2.67358
2.68739
2.70362
2.71676
2.73261
2.74521
2.76078
2.77296
2.78836
2.8002
2.81553
2.82711
2.84241
2.85377
2.86899
2.88017
2.89525
2.90625
2.92109
2.93176
2.94576
2.95313
2.02041
1.63783
1.5465
1.5356
1.53815
1.5453
1.55833
1.57481
1.59082
1.60647
1.62158
1.63785
1.65156
1.66749
1.67964
1.68619
1.67797
1.65726
1.6107
1.50447
1.35998
1.23031
1.21709
1.24422
1.28348
1.33185
1.37453
1.41503
1.4539
1.49161
1.52808
1.56238
1.59471
1.62542
1.65592
1.68634
1.71727
1.74783
1.77832
1.80793
1.83738
1.86612
1.89491
1.92318
1.95141
1.97907
2.0065
2.03334
2.05993
2.08595
2.11179
2.13697
2.16203
2.18628
2.21051
2.23384
2.2573
2.27985
2.30274
2.32472
2.34727
2.36884
2.39114
2.41224
2.43419
2.45464
2.47628
2.49615
2.5172
2.53605
2.55617
2.5739
2.59312
2.60983
2.62823
2.64402
2.66176
2.67675
2.69401
2.70829
2.72517
2.73883
2.75541
2.76852
2.78479
2.79741
2.81338
2.82557
2.84125
2.85308
2.86852
2.88001
2.89522
2.90636
2.92135
2.93211
2.9468
2.95706
2.97088
2.97778
2.40678
1.92107
1.64311
1.57595
1.56501
1.56661
1.57392
1.58673
1.60316
1.61817
1.63353
1.64762
1.6622
1.67176
1.67308
1.66085
1.63439
1.57777
1.45772
1.30299
1.19252
1.1887
1.21978
1.26058
1.31126
1.35734
1.3991
1.43731
1.47325
1.50807
1.54264
1.5763
1.60898
1.64028
1.67109
1.70148
1.73226
1.76282
1.79354
1.82352
1.85328
1.88217
1.91082
1.93876
1.96649
1.99357
2.02041
2.04666
2.07267
2.09812
2.12346
2.1482
2.17295
2.19701
2.22117
2.24462
2.2683
2.29129
2.31466
2.33735
2.36052
2.38287
2.40575
2.4275
2.44983
2.47061
2.49213
2.5118
2.53265
2.55136
2.5714
2.58908
2.6084
2.62523
2.64399
2.66011
2.67843
2.69396
2.71194
2.72697
2.74465
2.7592
2.77658
2.79059
2.80762
2.82101
2.83765
2.85036
2.86657
2.87861
2.89436
2.9058
2.92109
2.93201
2.94687
2.95732
2.97179
2.98169
2.9953
3.00182
2.72426
2.37036
1.87689
1.66363
1.61282
1.59924
1.59804
1.60582
1.61864
1.63317
1.64614
1.65736
1.66667
1.66387
1.64837
1.61495
1.54504
1.41036
1.2467
1.15787
1.16498
1.19768
1.24096
1.29156
1.33853
1.38188
1.42155
1.45772
1.49168
1.52462
1.55777
1.59091
1.62401
1.65621
1.68791
1.71874
1.74963
1.78014
1.81094
1.84114
1.87115
1.90011
1.92852
1.95593
1.98291
2.00923
2.03528
2.06085
2.08623
2.11116
2.13596
2.16028
2.18461
2.20844
2.23245
2.25595
2.2798
2.30311
2.32687
2.35
2.37358
2.39631
2.41947
2.44143
2.46386
2.48468
2.50614
2.52566
2.54616
2.56468
2.5846
2.60232
2.62169
2.63883
2.65786
2.67452
2.69334
2.70951
2.72814
2.74381
2.76222
2.77737
2.79547
2.81008
2.82775
2.84172
2.85886
2.87208
2.88866
2.90106
2.9171
2.92871
2.94428
2.95518
2.97033
2.98063
2.99534
3.00502
3.01878
3.02504
2.8655
2.69307
2.27795
1.85329
1.68081
1.64442
1.63294
1.63016
1.63675
1.64864
1.66032
1.66553
1.65867
1.6385
1.59667
1.5093
1.36301
1.19763
1.13016
1.14573
1.18102
1.22763
1.27843
1.32348
1.36581
1.40569
1.44325
1.47822
1.51125
1.54318
1.5754
1.60805
1.64131
1.67414
1.70651
1.73781
1.76877
1.79906
1.82946
1.85928
1.88892
1.91753
1.94552
1.97244
1.99885
2.02458
2.05005
2.07513
2.10006
2.12464
2.14916
2.17327
2.19745
2.2212
2.24515
2.26866
2.29251
2.31582
2.33959
2.36265
2.38622
2.40882
2.43189
2.45367
2.4759
2.49657
2.51779
2.53725
2.55758
2.576
2.5958
2.61365
2.63318
2.65063
2.67003
2.68717
2.70645
2.72323
2.74235
2.75867
2.77758
2.79333
2.81194
2.82701
2.84518
2.85952
2.87712
2.89065
2.90763
2.9203
2.93667
2.94851
2.96431
2.9754
2.99073
3.00111
3.01601
3.02561
3.03956
3.04556
2.94347
2.85631
2.63289
2.2009
1.82441
1.69716
1.67037
1.66271
1.65879
1.66238
1.66625
1.65763
1.63182
1.58021
1.47282
1.31122
1.15406
1.10667
1.12949
1.16625
1.21668
1.26826
1.31367
1.35421
1.39206
1.42882
1.46482
1.49938
1.53253
1.56453
1.59649
1.62856
1.66114
1.69344
1.72554
1.75665
1.78733
1.81708
1.84666
1.87544
1.90404
1.93183
1.95932
1.98599
2.01229
2.03798
2.06343
2.0885
2.11348
2.13812
2.16276
2.18698
2.2113
2.2351
2.25907
2.28246
2.30609
2.32908
2.3524
2.37496
2.39793
2.41996
2.44244
2.46371
2.48552
2.50588
2.52693
2.54637
2.56673
2.58539
2.60527
2.62341
2.64312
2.66092
2.68058
2.69806
2.71769
2.73481
2.75434
2.771
2.79029
2.80638
2.82529
2.84067
2.85909
2.87368
2.89153
2.9053
2.92256
2.9355
2.9522
2.96433
2.98053
2.9919
3.00765
3.01829
3.03359
3.04335
3.05767
3.06365
2.97317
2.9256
2.829
2.56988
2.15066
1.82441
1.72065
1.69492
1.68529
1.67561
1.66148
1.6298
1.56512
1.43586
1.25493
1.10961
1.08301
1.11078
1.15056
1.20428
1.25606
1.30229
1.34328
1.38061
1.41631
1.45155
1.4867
1.52122
1.55496
1.58758
1.61962
1.65097
1.68224
1.71302
1.74377
1.77383
1.80368
1.83263
1.86133
1.88921
1.91696
1.94404
1.97105
1.99751
2.02383
2.04967
2.07533
2.10057
2.12569
2.15043
2.17521
2.19955
2.22404
2.24794
2.27201
2.29533
2.31882
2.34142
2.36428
2.38619
2.40846
2.42975
2.45152
2.47219
2.49351
2.51355
2.53447
2.55389
2.57443
2.59332
2.61353
2.63199
2.65198
2.67009
2.68988
2.7076
2.72723
2.74452
2.76402
2.78081
2.80013
2.81632
2.83531
2.85082
2.86938
2.88415
2.90221
2.91624
2.93379
2.94709
2.96418
2.97675
2.99342
3.00523
3.02149
3.03251
3.04831
3.05834
3.07312
3.07916
2.98728
2.96423
2.91792
2.80489
2.52528
2.10039
1.8241
1.73529
1.70632
1.68128
1.63508
1.55167
1.39766
1.19738
1.07826
1.06709
1.0976
1.14106
1.19461
1.24359
1.2886
1.33035
1.36898
1.40517
1.43998
1.4742
1.50843
1.54243
1.57603
1.60862
1.64041
1.67111
1.70129
1.73075
1.76016
1.7891
1.81815
1.84662
1.87504
1.90268
1.93014
1.95687
1.9835
2.00963
2.03572
2.06139
2.08691
2.11197
2.13686
2.16132
2.18583
2.20996
2.2343
2.25812
2.28211
2.30533
2.32864
2.35102
2.37357
2.3951
2.41703
2.43791
2.45942
2.47976
2.50098
2.52089
2.54186
2.56137
2.58212
2.60125
2.62177
2.64047
2.6607
2.67895
2.69889
2.71668
2.73634
2.75361
2.77302
2.78974
2.80891
2.82506
2.84398
2.85956
2.87817
2.89315
2.9114
2.92574
2.9436
2.95727
2.97473
2.98769
3.00475
3.01694
3.0336
3.04494
3.06115
3.07143
3.08661
3.09279
2.99397
2.98362
2.96337
2.89964
2.78284
2.45243
2.08158
1.82268
1.72631
1.66152
1.5491
1.35403
1.13854
1.03097
1.0392
1.07073
1.1212
1.17981
1.23025
1.27391
1.31456
1.35395
1.39193
1.42824
1.46315
1.49709
1.5306
1.5637
1.59654
1.62864
1.66004
1.69038
1.72022
1.74938
1.77848
1.8071
1.83576
1.86378
1.89169
1.91882
1.94583
1.97215
1.99847
2.02425
2.05003
2.07525
2.10034
2.12484
2.14925
2.17315
2.19719
2.22079
2.24473
2.26812
2.29182
2.31469
2.33779
2.35984
2.38222
2.40351
2.42538
2.44616
2.46778
2.48819
2.50966
2.52969
2.55097
2.57058
2.59161
2.6108
2.63158
2.65038
2.67088
2.68926
2.70944
2.72732
2.74717
2.76448
2.784
2.80071
2.81997
2.83612
2.85516
2.87081
2.88965
2.90483
2.9234
2.93805
2.9563
2.97032
2.98819
3.0015
3.01895
3.03148
3.04853
3.06021
3.07682
3.08744
3.10305
3.10951
2.99649
2.99258
2.9798
2.95589
2.88976
2.75275
2.41618
2.02349
1.75233
1.57451
1.31358
1.08693
1.00805
1.01999
1.04987
1.0992
1.15741
1.20818
1.25208
1.29224
1.33077
1.3686
1.40564
1.44163
1.47659
1.51071
1.5444
1.57753
1.61011
1.64168
1.67247
1.7023
1.73175
1.76061
1.78942
1.81772
1.84596
1.87353
1.90099
1.92773
1.95443
1.98049
2.00663
2.03217
2.05777
2.08269
2.10758
2.13177
2.15602
2.17968
2.20371
2.22722
2.25126
2.27462
2.29844
2.32125
2.34446
2.36646
2.38898
2.41024
2.4323
2.45308
2.47491
2.49535
2.51704
2.53713
2.55866
2.57838
2.5997
2.61904
2.64011
2.65905
2.6798
2.69829
2.7187
2.73669
2.7568
2.77429
2.79414
2.81113
2.83079
2.84727
2.86674
2.88274
2.90197
2.91749
2.9364
2.95139
2.96994
2.98432
3.00247
3.01616
3.03392
3.04683
3.0642
3.07625
3.09321
3.10417
3.12014
3.12686
2.99784
2.99558
2.98724
2.97396
2.92986
2.85358
2.63186
2.28848
1.75758
1.32664
1.00211
0.907735
0.932307
0.979223
1.0434
1.10148
1.15295
1.19989
1.24387
1.28586
1.32601
1.3646
1.40199
1.43874
1.47526
1.51148
1.54708
1.58137
1.61421
1.6455
1.67598
1.70589
1.73587
1.76555
1.79513
1.82393
1.85233
1.87987
1.9073
1.93415
1.9612
1.98771
2.01436
2.04025
2.06608
2.09102
2.11591
2.14002
2.16436
2.18812
2.21244
2.2362
2.26061
2.2842
2.30831
2.33126
2.35465
2.3767
2.39935
2.42064
2.44283
2.46366
2.48566
2.50615
2.52804
2.54819
2.56992
2.58969
2.61124
2.63063
2.65193
2.67093
2.69193
2.71047
2.73112
2.74914
2.76943
2.78688
2.80688
2.82379
2.84357
2.85997
2.87958
2.89553
2.91493
2.93044
2.94958
2.96459
2.98339
2.9978
3.01621
3.02992
3.04792
3.06083
3.07844
3.09046
3.10767
3.11858
3.1348
3.14143
)
;

boundaryField
{
    inlet
    {
        type            calculated;
        value           uniform 3.00001;
    }
    outlet
    {
        type            calculated;
        value           nonuniform List<scalar> 
40
(
1.43786
1.64646
1.77177
1.84556
1.89172
1.92845
1.96133
1.98949
2.01956
2.04908
2.07219
2.08362
2.08456
2.10954
2.25018
2.45668
2.56371
2.62238
2.66121
2.69204
2.71739
2.74389
2.77179
2.79898
2.82421
2.85063
2.87746
2.90284
2.92785
2.95313
2.97778
3.00182
3.02504
3.04556
3.06365
3.07916
3.09279
3.10951
3.12686
3.14143
)
;
    }
    bottom
    {
        type            symmetryPlane;
    }
    top
    {
        type            symmetryPlane;
    }
    obstacle
    {
        type            calculated;
        value           uniform 0;
    }
    defaultFaces
    {
        type            empty;
    }
}


// ************************************************************************* //
