/*--------------------------------*- C++ -*----------------------------------*\
| =========                 |                                                 |
| \\      /  F ield         | OpenFOAM: The Open Source CFD Toolbox           |
|  \\    /   O peration     | Version:  2412                                  |
|   \\  /    A nd           | Website:  www.openfoam.com                      |
|    \\/     M anipulation  |                                                 |
\*---------------------------------------------------------------------------*/
FoamFile
{
    version     2.0;
    format      ascii;
    arch        "LSB;label=32;scalar=64";
    class       volScalarField;
    location    "2.5";
    object      Ma;
}
// * * * * * * * * * * * * * * * * * * * * * * * * * * * * * * * * * * * * * //

dimensions      [0 0 0 0 0 0 0];

internalField   nonuniform List<scalar> 
7000
(
3.00001
3.00001
3.00001
3.00001
3.00001
3.00001
3.00001
3.00001
3.00001
3
3
2.99998
2.99998
2.99986
2.99981
2.99909
2.99874
2.99496
2.99214
2.9724
2.94481
2.82398
2.60455
2.03344
1.05473
0.543355
0.354319
0.381134
0.409851
0.415596
0.405645
0.38699
0.367919
0.353103
0.340075
0.326419
0.31135
0.29514
0.278057
0.259798
0.239913
0.218436
0.195746
0.172059
0.147562
0.122393
0.0968092
0.0707379
0.0425669
0.0202221
3.00001
3.00001
3.00001
3.00001
3.00001
3.00001
3.00001
3.00001
3.00001
3
3
2.99999
2.99998
2.9999
2.99987
2.99923
2.99887
2.9957
2.99197
2.97268
2.94604
2.82143
2.6069
2.03802
1.05833
0.543157
0.352304
0.380712
0.410617
0.417233
0.408168
0.390628
0.372623
0.358522
0.345682
0.331653
0.315754
0.298464
0.28029
0.261108
0.240571
0.218728
0.19591
0.172255
0.147904
0.122995
0.0978528
0.0726772
0.0467766
0.0291756
3.00001
3.00001
3.00001
3.00001
3.00001
3.00001
3.00001
3.00001
3.00001
3
3
2.99998
2.99998
2.99985
2.99982
2.9991
2.99895
2.99541
2.99231
2.97752
2.94223
2.83988
2.59512
2.0282
1.06717
0.550297
0.356323
0.384247
0.413844
0.420028
0.410251
0.392043
0.373372
0.358833
0.345849
0.331923
0.316276
0.299278
0.281356
0.262362
0.24198
0.220319
0.197763
0.174486
0.150675
0.126535
0.102539
0.0793061
0.0572049
0.0444231
3.00001
3.00001
3.00001
3.00001
3.00001
3.00001
3.00001
3.00001
3.00001
3
3
2.99998
2.99997
2.99985
2.99983
2.99916
2.99893
2.99564
2.99177
2.97381
2.94647
2.83564
2.60889
2.0395
1.08458
0.560978
0.357599
0.385236
0.416085
0.423406
0.414365
0.39653
0.377748
0.362883
0.349504
0.335197
0.319235
0.302018
0.283984
0.264983
0.244704
0.223277
0.201118
0.178426
0.155443
0.132456
0.110075
0.0892436
0.0708195
0.0611863
3.00001
3.00001
3.00001
3.00001
3.00001
3.00001
3.00001
3.00001
3.00001
3
3
2.99998
2.99998
2.99985
2.99981
2.99914
2.99884
2.99551
2.99314
2.97496
2.94526
2.83929
2.6181
2.06918
1.09903
0.570263
0.355525
0.384304
0.417165
0.426207
0.418407
0.401448
0.383038
0.368226
0.354658
0.340012
0.32366
0.306089
0.287816
0.268744
0.248581
0.22747
0.205853
0.183956
0.162064
0.140531
0.120042
0.101686
0.0863509
0.0788048
3.00001
3.00001
3.00001
3.00001
3.00001
3.00001
3.00001
3.00001
3.00001
3
3
2.99998
2.99997
2.99985
2.99984
2.99915
2.99893
2.99558
2.9924
2.97474
2.94876
2.8499
2.62423
2.06855
1.12587
0.582493
0.355865
0.386274
0.421606
0.432239
0.425
0.408159
0.389376
0.37417
0.360254
0.345282
0.32864
0.310841
0.292452
0.27343
0.253512
0.232875
0.211987
0.191097
0.170517
0.15065
0.13219
0.116224
0.103449
0.0973886
3.00001
3.00001
3.00001
3.00001
3.00001
3.00001
3.00001
3.00001
3.00001
3
3
2.99998
2.99998
2.99985
2.99983
2.9991
2.999
2.99497
2.99333
2.9712
2.95654
2.84786
2.64121
2.10363
1.16336
0.603847
0.358759
0.389684
0.427327
0.439462
0.432674
0.416016
0.396908
0.381359
0.367086
0.351733
0.334728
0.316638
0.298108
0.279166
0.259602
0.239599
0.219621
0.199925
0.180816
0.162733
0.146333
0.13257
0.12193
0.117039
3.00001
3.00001
3.00001
3.00001
3.00001
3.00001
3.00001
3.00001
3.00001
3
3
2.99998
2.99998
2.99986
2.99981
2.99916
2.99881
2.99545
2.99308
2.97418
2.95582
2.83185
2.67552
2.11123
1.20964
0.627997
0.361868
0.394211
0.435447
0.449905
0.44386
0.427361
0.407578
0.391218
0.376116
0.359955
0.342253
0.32367
0.304915
0.286061
0.266921
0.247685
0.228788
0.210445
0.192946
0.176707
0.162318
0.150604
0.141753
0.137777
3.00001
3.00001
3.00001
3.00001
3.00001
3.00001
3.00001
3.00001
3.00001
3
3
2.99998
2.99998
2.99986
2.99982
2.9992
2.99892
2.99558
2.99323
2.97662
2.95708
2.85434
2.67782
2.14255
1.25493
0.651651
0.363902
0.400788
0.446745
0.463805
0.458147
0.441126
0.420005
0.402249
0.38592
0.368748
0.350342
0.331396
0.31262
0.294068
0.275543
0.257231
0.239565
0.222694
0.206906
0.192531
0.180051
0.170175
0.162921
0.159774
3.00001
3.00001
3.00001
3.00001
3.00001
3.00001
3.00001
3.00001
3.00001
3
3
2.99998
2.99998
2.99986
2.99982
2.9992
2.99885
2.99555
2.99399
2.97516
2.96263
2.86423
2.69584
2.19005
1.32179
0.687531
0.368731
0.408156
0.458487
0.477431
0.47127
0.453246
0.430589
0.411489
0.394201
0.376434
0.357779
0.338977
0.320688
0.302918
0.285405
0.268303
0.252028
0.236744
0.222688
0.210206
0.199614
0.191462
0.185543
0.183098
3.00001
3.00001
3.00001
3.00001
3.00001
3.00001
3.00001
3.00001
3.00001
3
3
2.99998
2.99998
2.99986
2.99983
2.99926
2.99904
2.99585
2.99423
2.97866
2.95861
2.87103
2.71652
2.23988
1.3874
0.719924
0.372488
0.415436
0.468424
0.487471
0.479511
0.460373
0.436952
0.417448
0.400122
0.382586
0.364435
0.346385
0.329084
0.312521
0.296415
0.280827
0.266188
0.252643
0.240392
0.229733
0.220933
0.214385
0.209882
0.20812
3.00001
3.00001
3.00001
3.00001
3.00001
3.00001
3.00001
3.00001
3.00001
3
3
2.99998
2.99997
2.99985
2.99983
2.99918
2.99913
2.99563
2.99467
2.97718
2.96574
2.86857
2.72646
2.28504
1.45221
0.753406
0.375107
0.418472
0.472023
0.490304
0.480957
0.461837
0.438853
0.420191
0.403961
0.387511
0.370505
0.353771
0.337899
0.322906
0.30853
0.294781
0.281993
0.270347
0.260043
0.251314
0.244337
0.239415
0.236029
0.234962
3.00001
3.00001
3.00001
3.00001
3.00001
3.00001
3.00001
3.00001
3.00001
3
3
2.99998
2.99997
2.99985
2.99981
2.99917
2.999
2.99569
2.99447
2.97867
2.96739
2.87705
2.73059
2.31166
1.48626
0.774988
0.365754
0.41393
0.468572
0.486883
0.477263
0.458711
0.437047
0.420208
0.406093
0.391575
0.376385
0.361383
0.347292
0.334188
0.321816
0.310181
0.299557
0.289992
0.281684
0.274965
0.269866
0.266551
0.264668
0.264277
3.00001
3.00001
3.00001
3.00001
3.00001
3.00001
3.00001
3.00001
3
3
2.99999
2.99999
2.99991
2.9999
2.99947
2.9994
2.99717
2.99634
2.98681
2.98567
2.95006
2.94722
2.74866
2.34983
1.52373
0.777262
0.341368
0.397894
0.456693
0.478082
0.471569
0.455301
0.435802
0.42075
0.408232
0.395721
0.382649
0.369915
0.357713
0.346527
0.336256
0.326893
0.318677
0.311523
0.305628
0.301073
0.298063
0.296642
0.295996
0.296525
3.00001
3.00001
3.00001
3.00001
3.00001
3.00001
3.00001
3.00001
3
3
2.99999
2.99998
2.9999
2.99988
2.99938
2.99928
2.99653
2.99504
2.981
2.98581
2.91046
3.09568
2.77826
2.37595
1.52536
0.795571
0.345615
0.39822
0.453355
0.475831
0.470947
0.456057
0.437784
0.423681
0.412182
0.401209
0.390135
0.3794
0.369658
0.360583
0.352395
0.345409
0.339634
0.334999
0.331732
0.32979
0.329187
0.32991
0.331375
0.332892
3.00001
3.00001
3.00001
3.00001
3.00001
3.00001
3.00001
3.00001
3
3
2.99999
2.99999
2.9999
2.99989
2.99942
2.99933
2.99672
2.99545
2.98187
2.98822
2.91804
3.10973
2.80258
2.40405
1.5592
0.826167
0.358808
0.404558
0.454206
0.477419
0.47331
0.459274
0.441751
0.428349
0.417906
0.408311
0.39897
0.390187
0.382501
0.375988
0.370145
0.365601
0.362648
0.360912
0.36061
0.36176
0.364164
0.367882
0.371484
0.374904
3.00001
3.00001
3.00001
3.00001
3.00001
3.00001
3.00001
3.00001
3
3
2.99999
2.99999
2.99992
2.99992
2.99954
2.99945
2.99747
2.99652
2.98591
2.99361
2.92626
3.1257
2.8272
2.42996
1.59523
0.855226
0.373249
0.411523
0.456738
0.480268
0.477382
0.464455
0.447644
0.434919
0.425572
0.417484
0.40994
0.403116
0.397514
0.393295
0.390233
0.387999
0.387711
0.389132
0.392505
0.397268
0.403703
0.411293
0.419408
0.425535
3.00001
3.00001
3.00001
3.00001
3.00001
3.00001
3.00001
3.00001
3.00001
3.00001
3
2.99999
2.99994
2.99994
2.99966
2.99958
2.99813
2.99745
2.9893
2.99747
2.93506
3.12791
2.84519
2.46648
1.65377
0.908749
0.401634
0.422097
0.463406
0.486999
0.484952
0.472877
0.456815
0.44469
0.436166
0.42917
0.423163
0.418288
0.414695
0.412815
0.41246
0.413521
0.41593
0.42056
0.427592
0.437469
0.449285
0.46339
0.477551
0.490847
3.00001
3.00001
3.00001
3.00001
3.00001
3.00001
3.00001
3.00001
3.00001
3.00001
3
3
2.99997
2.99996
2.99978
2.99971
2.99877
2.99836
2.99251
3.00114
2.94412
3.12796
2.86379
2.50891
1.72342
0.976326
0.442127
0.434414
0.473757
0.497729
0.496266
0.484467
0.469041
0.457678
0.450382
0.444423
0.439678
0.43628
0.434498
0.434534
0.436688
0.440868
0.446935
0.45548
0.467249
0.482724
0.50266
0.526021
0.55413
0.583599
3.00001
3.00001
3.00001
3.00001
3.00001
3.00001
3.00001
3.00001
3.00001
3.00001
3
3
2.99998
2.99998
2.99988
2.99982
2.99935
2.99912
2.99584
3.00368
2.95265
3.125
2.88197
2.55484
1.80474
1.05904
0.489922
0.449552
0.486042
0.511389
0.510707
0.499065
0.483912
0.472918
0.466479
0.462004
0.458632
0.4569
0.456866
0.458896
0.463114
0.469875
0.480026
0.493445
0.510877
0.533582
0.563573
0.603707
0.658079
0.754342
3.00001
3.00001
3.00001
3.00001
3.00001
3.00001
3.00001
3.00001
3.00001
3.00001
3.00001
3.00001
3
2.99999
2.99994
2.99992
2.99963
2.99989
2.99793
3.00597
2.96271
3.11784
2.90311
2.61107
1.91825
1.17987
0.55763
0.472781
0.50443
0.529717
0.53028
0.519098
0.504554
0.494032
0.488687
0.485911
0.484785
0.485473
0.488121
0.492892
0.500435
0.511698
0.526794
0.546723
0.571905
0.605464
0.652264
0.718962
0.826082
0.990219
3.00001
3.00001
3.00001
3.00001
3.00001
3.00001
3.00001
3.00001
3.00001
3.00001
3.00001
3.00001
3.00001
3.00001
3
3.00002
3.00002
3.00032
2.99992
3.00324
2.99076
3.06644
2.93369
2.79627
2.09465
1.35324
0.597607
0.482877
0.508804
0.5314
0.53515
0.526863
0.515681
0.508067
0.505626
0.505875
0.507727
0.511261
0.51686
0.525536
0.537678
0.553691
0.573766
0.598917
0.63256
0.675152
0.73365
0.81616
0.941206
1.11021
3.00001
3.00001
3.00001
3.00001
3.00001
3.00001
3.00001
3.00001
3.00001
3.00001
3.00001
3
3
2.99998
2.99997
2.99983
2.99999
2.99867
3.00226
2.99706
2.97958
3.01065
2.90482
2.77808
2.24097
1.52724
0.726845
0.525436
0.528953
0.543057
0.547829
0.54045
0.530283
0.524202
0.52339
0.525621
0.529188
0.535139
0.54436
0.556738
0.572574
0.592204
0.617396
0.647887
0.686786
0.737606
0.800733
0.885054
1.00026
1.133
3.00001
3.00001
3.00001
3.00001
3.00001
3.00001
3.00001
3.00001
3.00001
3.00001
3.00001
3
3
2.99998
2.99996
2.99983
2.99974
2.99902
2.9984
2.9949
2.98987
2.97233
2.93041
2.79273
2.49793
1.85227
0.925166
0.606717
0.566239
0.572588
0.574779
0.568017
0.558767
0.552189
0.550638
0.552648
0.557032
0.564216
0.574751
0.58796
0.60543
0.627015
0.654104
0.688199
0.729053
0.781791
0.845935
0.924699
1.02701
1.13515
3.00001
3.00001
3.00001
3.00001
3.00001
3.00001
3.00001
3.00001
3.00001
3.00001
3.00001
3
3
2.99998
2.99998
2.99985
2.99982
2.99918
2.99879
2.99531
2.99282
2.97006
2.95665
2.83357
2.66324
2.10305
1.21752
0.776098
0.63185
0.618054
0.616401
0.61214
0.603032
0.595256
0.59066
0.589686
0.593505
0.601332
0.611564
0.6249
0.641741
0.662995
0.689573
0.722725
0.762792
0.812395
0.872355
0.943441
1.03184
1.12402
3.00001
3.00001
3.00001
3.00001
3.00001
3.00001
3.00001
3.00001
3.00001
3.00001
3.00001
3.00001
2.99999
2.99999
2.99992
2.9999
2.99949
2.9994
2.99705
2.99577
2.98344
2.98816
2.92146
3.09365
2.80866
2.464
1.67737
1.04016
0.70693
0.665438
0.664184
0.665024
0.658861
0.650727
0.644089
0.641074
0.641521
0.646144
0.653829
0.665616
0.681578
0.701928
0.727221
0.758096
0.795196
0.839027
0.892171
0.954485
1.03018
1.10914
3.00001
3.00001
3.00001
3.00001
3.00001
3.00001
3.00001
3.00001
3.00001
3.00001
3.00001
3.00001
3
3
2.99997
2.99997
2.99981
2.99977
2.99896
2.99859
2.99494
2.99166
2.97442
2.94859
2.85076
2.62967
2.06705
1.22166
0.81458
0.691559
0.688001
0.69567
0.702939
0.701732
0.69779
0.694867
0.694386
0.696288
0.702188
0.710987
0.724904
0.742715
0.766043
0.793686
0.828015
0.867163
0.913744
0.966145
1.0298
1.09713
3.00001
3.00001
3.00001
3.00001
3.00001
3.00001
3.00001
3.00001
3.00001
3.00001
3.00001
3
3
2.99999
2.99999
2.99992
2.9999
2.9995
2.99933
2.9974
2.99555
2.98447
2.9839
2.92197
3.00704
2.79833
2.46233
1.69926
1.07927
0.756346
0.720624
0.730029
0.741885
0.74727
0.746302
0.743978
0.743854
0.745171
0.750105
0.757698
0.769323
0.784999
0.805298
0.830279
0.860182
0.896189
0.936658
0.984132
1.03738
1.09284
3.00001
3.00001
3.00001
3.00001
3.00001
3.00001
3.00001
3.00001
3.00001
3.00001
3.00001
3.00001
3.00001
3
3
2.99999
2.99999
2.99992
2.99989
2.99946
2.99942
2.99589
3.00286
2.96241
3.09944
2.90363
2.64349
2.02657
1.33087
0.81093
0.728229
0.741206
0.760468
0.775735
0.780249
0.780023
0.780973
0.784021
0.789756
0.797916
0.809018
0.823581
0.841846
0.86424
0.890927
0.922553
0.959328
1.00061
1.04931
1.0983
3.00001
3.00001
3.00001
3.00001
3.00001
3.00001
3.00001
3.00001
3.00001
3.00001
3.00001
3.00001
3.00001
3.00001
3
3
2.99996
2.99995
2.99976
2.9997
2.99869
2.99818
2.99305
2.98907
2.95981
2.92279
2.69448
2.42891
1.70379
0.966588
0.756199
0.748613
0.772394
0.790697
0.797778
0.800794
0.804745
0.810733
0.81891
0.829094
0.841323
0.856078
0.87368
0.894381
0.918563
0.946719
0.979193
1.01613
1.05839
1.10256
3.00001
3.00001
3.00001
3.00001
3.00001
3.00001
3.00001
3.00001
3.00001
3.00001
3.00001
3.00001
3.00001
3.00001
3
3
2.99998
2.99998
2.99986
2.99983
2.99919
2.99897
2.99536
2.99352
2.97566
2.95219
2.85376
2.65214
2.11959
1.25261
0.897221
0.807691
0.805594
0.812416
0.818181
0.821752
0.826313
0.832893
0.841851
0.85328
0.866563
0.881924
0.899618
0.919808
0.942514
0.968463
0.997666
1.03109
1.06864
1.10786
3.00001
3.00001
3.00001
3.00001
3.00001
3.00001
3.00001
3.00001
3.00001
3.00001
3.00001
3.00001
3.00001
3.00001
3.00001
3
3
2.99995
2.99994
2.99961
2.99955
2.99771
2.99686
2.98659
2.99318
2.93757
3.10143
2.84545
2.53869
1.80066
1.19697
0.895141
0.85172
0.84674
0.850424
0.856592
0.861067
0.866008
0.872869
0.882391
0.89402
0.907789
0.92393
0.94266
0.963682
0.987694
1.01393
1.04381
1.07753
1.11244
3.00001
3.00001
3.00001
3.00001
3.00001
3.00001
3.00001
3.00001
3.00001
3.00001
3.00001
3.00001
3.00001
3.00001
3.00001
3
3
2.99998
2.99997
2.99986
2.99983
2.99924
2.99901
2.99637
2.99415
2.98344
2.96055
2.88606
2.7353
2.3331
1.58007
1.10295
0.905943
0.880002
0.881539
0.889496
0.896748
0.903896
0.910786
0.919684
0.929382
0.941077
0.953975
0.969033
0.986531
1.00713
1.03066
1.05668
1.08698
1.11732
3.00001
3.00001
3.00001
3.00001
3.00001
3.00001
3.00001
3.00001
3.00001
3.00001
3.00001
3.00001
3.00001
3.00001
3.00001
3.00001
3
3
2.99999
2.99998
2.99988
2.99984
2.99918
2.99893
2.99456
3.00048
2.96124
3.08935
2.89862
2.64452
2.07235
1.41518
0.971628
0.901572
0.898203
0.910008
0.923553
0.934982
0.94363
0.95186
0.961426
0.972009
0.984481
0.998311
1.01348
1.03043
1.04957
1.07168
1.09807
1.12552
3.00001
3.00001
3.00001
3.00001
3.00001
3.00001
3.00001
3.00001
3.00001
3.00001
3.00001
3.00001
3.00001
3.00001
3.00001
3.00001
3.00001
3
3
2.99997
2.99996
2.99981
2.99973
2.9989
2.99837
2.99389
2.99115
2.9658
2.93304
2.78339
2.51646
1.93472
1.21055
0.966707
0.924701
0.930642
0.943385
0.95771
0.967742
0.976026
0.984771
0.995363
1.00734
1.02096
1.03641
1.05279
1.07164
1.09101
1.11344
1.13634
3.00001
3.00001
3.00001
3.00001
3.00001
3.00001
3.00001
3.00001
3.00001
3.00001
3.00001
3.00001
3.00001
3.00001
3.00001
3.00001
3.00001
3.00001
3
3
2.99997
2.99995
2.99983
2.99949
2.99897
2.99535
2.99649
2.97063
3.03422
2.90727
2.64566
2.36169
1.6512
1.11017
0.987475
0.963536
0.970552
0.980462
0.990249
0.997937
1.00523
1.01419
1.02513
1.0378
1.05279
1.06923
1.0872
1.10742
1.12867
1.15125
3.00001
3.00001
3.00001
3.00001
3.00001
3.00001
3.00001
3.00001
3.00001
3.00001
3.00001
3.00001
3.00001
3.00001
3.00001
3.00001
3.00001
3.00001
3
3
2.99998
2.99998
2.9999
2.99985
2.99948
2.9993
2.99743
3.00278
2.96993
3.09667
2.90822
2.70813
2.14379
1.50528
1.06221
0.999277
0.994473
1.00299
1.01357
1.02228
1.02877
1.0355
1.04383
1.0546
1.0681
1.0835
1.10052
1.11965
1.14093
1.16238
3.00001
3.00001
3.00001
3.00001
3.00001
3.00001
3.00001
3.00001
3.00001
3.00001
3.00001
3.00001
3.00001
3.00001
3.00001
3.00001
3.00001
3.00001
3.00001
3
3
2.99997
2.99997
2.99983
2.99978
2.99911
2.99853
2.99474
2.99204
2.97088
2.94288
2.80641
2.60163
2.06955
1.37989
1.10843
1.04526
1.03635
1.03929
1.04683
1.05483
1.06223
1.06918
1.07712
1.08713
1.09983
1.11489
1.13211
1.15202
1.17231
3.00001
3.00001
3.00001
3.00001
3.00001
3.00001
3.00001
3.00001
3.00001
3.00001
3.00001
3.00001
3.00001
3.00001
3.00001
3.00001
3.00001
3.00001
3.00001
3.00001
3.00001
3.00002
3.00002
3.00009
3.00003
3.00044
2.9993
2.99901
2.9881
2.99224
2.94274
3.08517
2.85839
2.58303
1.93954
1.41224
1.13745
1.08777
1.0777
1.07783
1.08323
1.09081
1.09753
1.10547
1.11355
1.12304
1.13438
1.14842
1.16568
1.18395
3.00001
3.00001
3.00001
3.00001
3.00001
3.00001
3.00001
3.00001
3.00001
3.00001
3.00001
3.00001
3.00001
3.00001
3.00001
3.00001
3.00001
3.00001
3.00001
3.00001
3.00001
3
3
2.99997
2.99996
2.99977
2.99971
2.99876
2.9982
2.99487
2.98953
2.9767
2.92822
2.84403
2.46004
1.95258
1.37282
1.16586
1.1178
1.1092
1.10975
1.11543
1.12272
1.1302
1.13901
1.14833
1.15954
1.17138
1.18532
1.20034
3.00001
3.00001
3.00001
3.00001
3.00001
3.00001
3.00001
3.00001
3.00001
3.00001
3.00001
3.00001
3.00001
3.00001
3.00001
3.00001
3.00001
3.00001
3.00001
3.00001
3.00001
3.00001
3
3
2.99998
2.99998
2.99983
2.99973
2.99927
2.99761
2.99511
2.98275
2.98078
2.92807
2.87105
2.45509
1.93112
1.36756
1.18864
1.14893
1.14168
1.14195
1.14691
1.15389
1.16186
1.17098
1.18131
1.19338
1.20649
1.22094
3.00001
3.00001
3.00001
3.00001
3.00001
3.00001
3.00001
3.00001
3.00001
3.00001
3.00001
3.00001
3.00001
3.00001
3.00001
3.00001
3.00001
3.00001
3.00001
3.00001
3.00001
3.00001
3
3
2.99999
2.99998
2.99989
2.99987
2.99934
2.99923
2.99653
2.99603
2.98245
2.99315
2.9204
2.85644
2.4385
1.92842
1.37489
1.2146
1.18023
1.17441
1.17448
1.17943
1.18607
1.194
1.20281
1.21351
1.22547
1.23864
3.00001
3.00001
3.00001
3.00001
3.00001
3.00001
3.00001
3.00001
3.00001
3.00001
3.00001
3.00001
3.00001
3.00001
3.00001
3.00001
3.00001
3.00001
3.00001
3.00001
3.00001
3.00001
3.00001
3
3
2.99999
2.99998
2.99989
2.99985
2.99941
2.99925
2.9971
2.99645
2.98848
2.97703
2.92897
2.79057
2.51327
1.93104
1.47202
1.26584
1.22133
1.21195
1.21138
1.21684
1.22484
1.23183
1.23948
1.24899
1.25948
3.00001
3.00001
3.00001
3.00001
3.00001
3.00001
3.00001
3.00001
3.00001
3.00001
3.00001
3.00001
3.00001
3.00001
3.00001
3.00001
3.00001
3.00001
3.00001
3.00001
3.00001
3.00001
3.00001
3.00001
3.00001
3.00001
3.00002
3.00002
3.00009
3.00004
3.00045
2.99925
2.99865
2.98619
2.98582
2.93847
2.99253
2.837
2.53231
1.95685
1.51767
1.29281
1.24509
1.2376
1.23935
1.24719
1.25635
1.26577
1.27553
1.28547
3.00001
3.00001
3.00001
3.00001
3.00001
3.00001
3.00001
3.00001
3.00001
3.00001
3.00001
3.00001
3.00001
3.00001
3.00001
3.00001
3.00001
3.00001
3.00001
3.00001
3.00001
3.00001
3.00001
3.00001
3.00001
3.00001
3
3
2.99998
2.99994
2.99988
2.99958
2.99956
2.99671
2.99688
2.98194
2.99592
2.9249
2.83772
2.46161
2.02206
1.51225
1.31802
1.26931
1.26321
1.2658
1.27386
1.28426
1.29516
1.30603
3.00001
3.00001
3.00001
3.00001
3.00001
3.00001
3.00001
3.00001
3.00001
3.00001
3.00001
3.00001
3.00001
3.00001
3.00001
3.00001
3.00001
3.00001
3.00001
3.00001
3.00001
3.00001
3.00001
3.00001
3.00001
3.00001
3.00001
3.00001
3
2.99999
2.99994
2.99991
2.99957
2.99953
2.99764
2.99821
2.99004
2.97922
2.9123
2.83784
2.57012
2.08017
1.60505
1.36133
1.31136
1.29853
1.29747
1.30159
1.31144
1.32243
3.00001
3.00001
3.00001
3.00001
3.00001
3.00001
3.00001
3.00001
3.00001
3.00001
3.00001
3.00001
3.00001
3.00001
3.00001
3.00001
3.00001
3.00001
3.00001
3.00001
3.00001
3.00001
3.00001
3.00001
3.00001
3.00001
3.00001
3.00001
3
3
2.99998
2.99998
2.99987
3.00018
2.99893
2.99867
2.99007
2.98976
2.94551
3.01182
2.86074
2.62435
2.14398
1.66645
1.39375
1.33861
1.32537
1.32338
1.32744
1.33617
3.00001
3.00001
3.00001
3.00001
3.00001
3.00001
3.00001
3.00001
3.00001
3.00001
3.00001
3.00001
3.00001
3.00001
3.00001
3.00001
3.00001
3.00001
3.00001
3.00001
3.00001
3.00001
3.00001
3.00001
3.00001
3.00001
3.00001
3.00001
3.00001
3
3
2.99996
2.99994
2.99972
2.99963
2.99844
2.99748
2.99078
2.99112
2.95502
3.02496
2.87661
2.67779
2.2238
1.75913
1.44369
1.36645
1.34955
1.34781
1.35282
3.00001
3.00001
3.00001
3.00001
3.00001
3.00001
3.00001
3.00001
3.00001
3.00001
3.00001
3.00001
3.00001
3.00001
3.00001
3.00001
3.00001
3.00001
3.00001
3.00001
3.00001
3.00001
3.00001
3.00001
3.00001
3.00001
3.00001
3.00001
3.00001
3.00001
3
3
2.99997
2.99997
2.99982
2.99976
2.99897
2.99849
2.99516
2.99102
2.97232
2.95787
2.83615
2.71523
2.34106
1.87032
1.54577
1.42013
1.38779
1.38331
3.00001
3.00001
3.00001
3.00001
3.00001
3.00001
3.00001
3.00001
3.00001
3.00001
3.00001
3.00001
3.00001
3.00001
3.00001
3.00001
3.00001
3.00001
3.00001
3.00001
3.00001
3.00001
3.00001
3.00001
3.00001
3.00001
3.00001
3.00001
3.00001
3.00001
3.00001
3.00001
3
2.99999
2.99996
2.99986
2.9998
2.99918
2.99887
2.99608
2.99313
2.97965
2.96375
2.89225
2.77172
2.48334
2.02288
1.65613
1.4748
1.43483
3.00001
3.00001
3.00001
3.00001
3.00001
3.00001
3.00001
3.00001
3.00001
3.00001
3.00001
3.00001
3.00001
3.00001
3.00001
3.00001
3.00001
3.00001
3.00001
3.00001
3.00001
3.00001
3.00001
3.00001
3.00001
3.00001
3.00001
3.00001
3.00001
3.00001
3.00001
3.00001
3
3
2.99998
2.99998
2.99988
2.99981
2.99935
2.99906
2.99629
2.9948
2.98166
2.97086
2.90291
2.82453
2.58262
2.16929
1.76935
1.54183
3.00001
3.00001
3.00001
3.00001
3.00001
3.00001
3.00001
3.00001
3.00001
3.00001
3.00001
3.00001
3.00001
3.00001
3.00001
3.00001
3.00001
3.00001
3.00001
3.00001
3.00001
3.00001
3.00001
3.00001
3.00001
3.00001
3.00001
3.00001
3.00001
3.00001
3.00001
3.00001
3.00001
3.00001
3
3
2.99996
2.99995
2.99974
2.9997
2.99865
2.99838
2.99524
2.98812
2.98214
2.93406
2.87096
2.63574
2.28787
1.87691
3.00001
3.00001
3.00001
3.00001
3.00001
3.00001
3.00001
3.00001
3.00001
3.00001
3.00001
3.00001
3.00001
3.00001
3.00001
3.00001
3.00001
3.00001
3.00001
3.00001
3.00001
3.00001
3.00001
3.00001
3.00001
3.00001
3.00001
3.00001
3.00001
3.00001
3.00001
3.00001
3.00001
3.00001
3.00001
3
3
2.99996
2.99996
2.99978
2.99974
2.99878
2.99837
2.99357
2.99388
2.97104
3.01818
2.9077
2.80284
2.37275
3.00001
3.00001
3.00001
3.00001
3.00001
3.00001
3.00001
3.00001
3.00001
3.00001
3.00001
3.00001
3.00001
3.00001
3.00001
3.00001
3.00001
3.00001
3.00001
3.00001
3.00001
3.00001
3.00001
3.00001
3.00001
3.00001
3.00001
3.00001
3.00001
3.00001
3.00001
3.00001
3.00001
3.00001
3.00001
3.00001
3.00001
3
3
2.99997
2.99996
2.99982
2.99977
2.99907
3.0009
2.98996
3.03204
2.97138
2.90858
2.66564
3.00001
3.00001
3.00001
3.00001
3.00001
3.00001
3.00001
3.00001
3.00001
3.00001
3.00001
3.00001
3.00001
3.00001
3.00001
3.00001
3.00001
3.00001
3.00001
3.00001
3.00001
3.00001
3.00001
3.00001
3.00001
3.00001
3.00001
3.00001
3.00001
3.00001
3.00001
3.00001
3.00001
3.00001
3.00001
3.00001
3
3
2.99999
2.99999
2.99992
2.99991
2.99952
2.9994
2.99745
2.99675
2.98658
2.9846
2.94911
2.91029
3.00001
3.00001
3.00001
3.00001
3.00001
3.00001
3.00001
3.00001
3.00001
3.00001
3.00001
3.00001
3.00001
3.00001
3.00001
3.00001
3.00001
3.00001
3.00001
3.00001
3.00001
3.00001
3.00001
3.00001
3.00001
3.00001
3.00001
3.00001
3.00001
3.00001
3.00001
3.00001
3.00001
3.00001
3.00001
3.00001
3.00001
3.00001
3
3
2.99996
2.99995
2.99976
2.99969
2.99867
2.99827
2.99295
2.99235
2.97341
2.95031
3.00001
3.00001
3.00001
3.00001
3.00001
3.00001
3.00001
3.00001
3.00001
3.00001
3.00001
3.00001
3.00001
3.00001
3.00001
3.00001
3.00001
3.00001
3.00001
3.00001
3.00001
3.00001
3.00001
3.00001
3.00001
3.00001
3.00001
3.00001
3.00001
3.00001
3.00001
3.00001
3.00001
3.00001
3.00001
3.00001
3.00001
3.00001
3
3
2.99998
2.99998
2.99986
2.99983
2.9992
2.99903
2.99565
2.99545
2.98512
2.97329
3.00001
3.00001
3.00001
3.00001
3.00001
3.00001
3.00001
3.00001
3.00001
3.00001
3.00001
3.00001
3.00001
3.00001
3.00001
3.00001
3.00001
3.00001
3.00001
3.00001
3.00001
3.00001
3.00001
3.00001
3.00001
3.00001
3.00001
3.00001
3.00001
3.00001
3.00001
3.00001
3.00001
3.00001
3.00001
3.00001
3.00001
3.00001
3.00001
3
2.99999
2.99996
2.99993
2.99971
2.99976
2.99858
3.00189
2.99612
2.98776
2.96932
3.00001
3.00001
3.00001
3.00001
3.00001
3.00001
3.00001
3.00001
3.00001
3.00001
3.00001
3.00001
3.00001
3.00001
3.00001
3.00001
3.00001
3.00001
3.00001
3.00001
3.00001
3.00001
3.00001
3.00001
3.00001
3.00001
3.00001
3.00001
3.00001
3.00001
3.00001
3.00001
3.00001
3.00001
3.00001
3.00001
3.00001
3.00001
3.00001
3.00001
3
3.00001
2.99997
3.00016
2.99983
2.99954
2.99813
2.99644
2.98837
2.97217
3.00001
3.00001
3.00001
3.00001
3.00001
3.00001
3.00001
3.00001
3.00001
3.00001
3.00001
3.00001
3.00001
3.00001
3.00001
3.00001
3.00001
3.00001
3.00001
3.00001
3.00001
3.00001
3.00001
3.00001
3.00001
3.00001
3.00001
3.00001
3.00001
3.00001
3.00001
3.00001
3.00001
3.00001
3.00001
3.00001
3.00001
3.00001
3.00001
3.00001
3.00001
3.00003
2.99999
3.00021
2.99989
2.9996
2.99818
2.99656
2.98917
2.97282
1.40597
1.58158
1.61727
1.54079
1.42752
1.28221
1.15316
1.05039
1.01349
1.00404
1.00097
0.991433
0.975062
0.955665
0.940511
0.930625
0.923689
0.917974
0.913303
0.909418
0.906205
0.903314
0.898576
0.887853
0.863754
0.810725
0.693629
0.448318
0.167056
0.197868
0.278145
0.323948
0.358978
0.36261
0.318251
0.26041
0.196549
0.131505
0.0726887
0.0371769
0.0614995
0.103695
0.145385
0.184254
0.221114
0.2548
0.286826
0.31862
0.350672
0.381845
0.41237
0.441562
0.470074
0.497388
0.524331
0.550242
0.57588
0.600557
0.624995
0.648534
0.671933
0.694541
0.717129
0.738985
0.760868
0.781924
0.802996
0.823143
0.843283
0.862468
0.881645
0.899885
0.918179
0.935558
0.953091
0.969736
0.986626
1.00264
1.01896
1.03443
1.05026
1.06525
1.08068
1.09523
1.11026
1.12446
1.1392
1.15311
1.16754
1.18115
1.1952
1.20851
1.22211
1.23507
1.24817
1.26057
1.27278
1.28354
1.2929
1.29781
1.36579
1.47698
1.51932
1.52615
1.53268
1.55222
1.56614
1.55848
1.52308
1.47383
1.4315
1.41351
1.40811
1.4048
1.4001
1.39369
1.38685
1.38112
1.37687
1.37397
1.37218
1.37074
1.36794
1.36058
1.34211
1.29855
1.20101
0.98994
0.659822
0.413273
0.290223
0.199046
0.113318
0.0573022
0.0785484
0.138022
0.191581
0.239708
0.282995
0.323696
0.361099
0.396672
0.431257
0.464395
0.496528
0.526507
0.555161
0.583281
0.611889
0.63984
0.666843
0.692525
0.717333
0.741138
0.764329
0.78679
0.80886
0.830269
0.851384
0.871782
0.892066
0.911711
0.931442
0.950495
0.969624
0.988055
1.00653
1.02437
1.04228
1.05954
1.0769
1.09361
1.11045
1.12668
1.14305
1.15881
1.17471
1.19005
1.20551
1.22056
1.23572
1.25064
1.26555
1.2804
1.2952
1.30997
1.32472
1.33938
1.35407
1.36865
1.38334
1.39765
1.41243
1.42619
1.44094
1.45385
1.46807
1.47917
1.49085
1.49632
1.31484
1.4111
1.48863
1.56535
1.64612
1.71817
1.75461
1.75472
1.74571
1.71845
1.68071
1.64786
1.62439
1.61042
1.60196
1.59684
1.59346
1.59074
1.5883
1.58639
1.58485
1.58352
1.58161
1.5769
1.56533
1.53749
1.47384
1.3341
1.06124
0.773745
0.631729
0.521769
0.430133
0.382608
0.389838
0.432281
0.477899
0.515909
0.545418
0.572104
0.597843
0.623709
0.649987
0.676261
0.702797
0.728355
0.753263
0.777706
0.80301
0.828343
0.853122
0.876468
0.898993
0.920224
0.940846
0.960358
0.979486
0.997657
1.01572
1.03289
1.05012
1.06662
1.08333
1.09952
1.11587
1.13168
1.14739
1.16255
1.17742
1.19191
1.20626
1.22026
1.23443
1.2481
1.26223
1.27582
1.29001
1.30378
1.31799
1.33178
1.34581
1.35945
1.37319
1.38662
1.40016
1.41334
1.42686
1.4398
1.45349
1.46621
1.48028
1.49272
1.50728
1.5195
1.53423
1.54652
1.5604
1.57271
1.58346
1.59188
1.28815
1.38336
1.46895
1.55054
1.62746
1.69314
1.7504
1.7944
1.81587
1.81783
1.81366
1.79737
1.77285
1.74816
1.72811
1.71485
1.70747
1.70385
1.70201
1.70092
1.69976
1.69865
1.69745
1.69448
1.68752
1.67102
1.63294
1.54785
1.35929
1.07596
0.85667
0.725822
0.624623
0.58512
0.596651
0.638403
0.683431
0.719266
0.745085
0.763847
0.77982
0.796478
0.814431
0.833494
0.853999
0.875127
0.896121
0.916442
0.937313
0.958409
0.979639
0.999644
1.01893
1.03688
1.05428
1.07063
1.08673
1.10207
1.11742
1.13223
1.1472
1.16167
1.17631
1.19061
1.20508
1.21942
1.23366
1.24791
1.26172
1.27561
1.28894
1.30224
1.31518
1.32781
1.34052
1.35266
1.36508
1.37692
1.38912
1.40097
1.41308
1.42508
1.43724
1.44935
1.46168
1.47386
1.48649
1.49863
1.51178
1.52387
1.53766
1.54972
1.56423
1.57635
1.59107
1.60364
1.61738
1.63035
1.64109
1.65042
1.26308
1.35789
1.44289
1.52217
1.59615
1.66516
1.72715
1.7835
1.83096
1.86109
1.87388
1.87435
1.86925
1.8547
1.83446
1.81524
1.79792
1.78565
1.77829
1.77397
1.77212
1.77097
1.77035
1.76854
1.76473
1.75441
1.73272
1.67914
1.56402
1.32347
1.03687
0.845065
0.712631
0.689767
0.711188
0.763353
0.82099
0.863673
0.893271
0.916983
0.93259
0.943278
0.954167
0.966474
0.980441
0.996943
1.01442
1.03138
1.04773
1.0636
1.07931
1.09375
1.10746
1.12015
1.13271
1.14475
1.15714
1.16916
1.18167
1.19401
1.20702
1.2199
1.2333
1.24655
1.26011
1.27359
1.28703
1.30048
1.31344
1.32653
1.33896
1.35157
1.36376
1.37589
1.38786
1.39951
1.41127
1.42251
1.43406
1.44507
1.45641
1.46746
1.47872
1.4899
1.50138
1.51276
1.52471
1.53638
1.54915
1.56111
1.57489
1.58712
1.60183
1.6142
1.62922
1.64186
1.65587
1.66871
1.67968
1.68885
1.23461
1.3274
1.41204
1.49049
1.56401
1.63219
1.69533
1.7524
1.80368
1.84933
1.88481
1.90686
1.91591
1.9162
1.91194
1.90046
1.8842
1.86787
1.85223
1.84145
1.83426
1.83103
1.82929
1.82861
1.82587
1.81999
1.80435
1.77091
1.69112
1.52454
1.21432
0.904675
0.738041
0.726445
0.762801
0.831447
0.905748
0.962587
1.00134
1.02778
1.04596
1.05863
1.06664
1.07304
1.08163
1.09232
1.10373
1.11495
1.12501
1.13424
1.14367
1.15355
1.16323
1.17256
1.18209
1.19158
1.20172
1.21183
1.22287
1.23392
1.24602
1.25788
1.2706
1.28298
1.29605
1.30896
1.32202
1.33525
1.3479
1.36115
1.37336
1.38632
1.39817
1.4105
1.42216
1.43372
1.44519
1.45614
1.46742
1.47802
1.48913
1.49972
1.5107
1.52145
1.53273
1.54367
1.55565
1.56704
1.57988
1.5918
1.60556
1.61777
1.63224
1.64446
1.65917
1.67114
1.68517
1.69668
1.70796
1.71565
1.20738
1.29447
1.37631
1.45416
1.52676
1.59542
1.65836
1.71771
1.77105
1.82056
1.86397
1.90197
1.9279
1.94412
1.94945
1.94932
1.94507
1.93531
1.92181
1.90808
1.8947
1.8849
1.87819
1.87411
1.87025
1.86453
1.85083
1.82248
1.75894
1.62444
1.36684
1.00515
0.784194
0.782739
0.832901
0.90152
0.975532
1.03697
1.08206
1.11206
1.13169
1.14533
1.15676
1.16465
1.17036
1.17166
1.17278
1.17582
1.18003
1.18468
1.18929
1.19418
1.20074
1.20842
1.21666
1.22536
1.23502
1.24466
1.25581
1.26682
1.2793
1.29124
1.30438
1.31679
1.33026
1.34283
1.3561
1.36843
1.38127
1.39342
1.40584
1.41787
1.42996
1.44183
1.45365
1.46508
1.47673
1.48762
1.49919
1.50969
1.52128
1.53172
1.54349
1.55413
1.56625
1.57719
1.58974
1.60098
1.61388
1.62533
1.63843
1.64987
1.66305
1.67418
1.68733
1.69791
1.7107
1.72022
1.73127
1.7365
1.18948
1.26774
1.34413
1.41818
1.48854
1.55565
1.61793
1.6769
1.73092
1.78154
1.82658
1.86873
1.9049
1.93586
1.95574
1.96903
1.97252
1.97223
1.96839
1.9595
1.94837
1.9348
1.92287
1.91184
1.90334
1.89299
1.87608
1.84277
1.77246
1.63803
1.41034
1.16397
0.962626
0.901464
0.921207
0.955814
1.00401
1.05716
1.10672
1.14461
1.17434
1.19769
1.21232
1.22282
1.2297
1.23119
1.22939
1.22583
1.22383
1.22401
1.22499
1.22742
1.23197
1.23836
1.24662
1.2561
1.26672
1.27748
1.28958
1.30143
1.31453
1.32686
1.34028
1.35279
1.3662
1.37847
1.39157
1.40346
1.41616
1.42774
1.44021
1.45166
1.46396
1.47521
1.48728
1.49822
1.51007
1.52075
1.53247
1.54301
1.55465
1.56521
1.57676
1.58744
1.59896
1.60973
1.62132
1.63204
1.64377
1.65427
1.66613
1.67631
1.68813
1.69807
1.70961
1.71924
1.73047
1.73918
1.74905
1.75317
1.18047
1.25016
1.31979
1.38959
1.45581
1.51996
1.58025
1.63721
1.69061
1.74055
1.78684
1.82975
1.86892
1.90501
1.93594
1.96
1.97587
1.98616
1.98837
1.98784
1.98404
1.97527
1.96361
1.94982
1.93403
1.91558
1.8861
1.83276
1.72495
1.54948
1.37693
1.26211
1.14679
1.04865
1.00627
1.01129
1.03551
1.07196
1.11571
1.15637
1.19552
1.22608
1.24679
1.26067
1.26714
1.27051
1.27181
1.27008
1.26544
1.26176
1.25979
1.262
1.26556
1.27028
1.27746
1.28744
1.29912
1.31132
1.3241
1.33647
1.34924
1.36096
1.37333
1.38464
1.39683
1.408
1.41994
1.43083
1.44261
1.45339
1.46523
1.47606
1.48801
1.49889
1.51086
1.52169
1.53358
1.54427
1.55604
1.56662
1.57819
1.58877
1.59999
1.6107
1.62138
1.63225
1.64249
1.65336
1.66342
1.67409
1.68422
1.69448
1.70491
1.71456
1.72528
1.73438
1.745
1.7534
1.76264
1.76649
1.17608
1.23899
1.30239
1.3666
1.42965
1.48994
1.5478
1.60271
1.65428
1.70331
1.74903
1.79208
1.83206
1.86899
1.90307
1.93423
1.96045
1.98005
1.99355
2.0004
2.00113
1.99947
1.99306
1.98139
1.95994
1.93259
1.88217
1.79251
1.63279
1.45945
1.35752
1.31528
1.27225
1.21598
1.15417
1.11073
1.1007
1.11521
1.13727
1.16739
1.20086
1.22871
1.2547
1.275
1.28781
1.29514
1.29958
1.30186
1.30279
1.30225
1.30083
1.30093
1.30337
1.30812
1.3146
1.32238
1.33212
1.34361
1.35538
1.3667
1.3777
1.3879
1.39851
1.4084
1.41914
1.42901
1.43986
1.44988
1.46089
1.47104
1.48227
1.4926
1.50415
1.51469
1.52649
1.5371
1.54888
1.55937
1.57099
1.58133
1.59277
1.60309
1.61422
1.6247
1.63529
1.64609
1.65603
1.66703
1.67664
1.68759
1.69712
1.70791
1.71747
1.72787
1.73762
1.74723
1.7574
1.76576
1.775
1.77896
1.1733
1.23025
1.28857
1.34797
1.40709
1.46454
1.51936
1.57227
1.62228
1.66973
1.71511
1.75735
1.79806
1.8353
1.87126
1.90357
1.9346
1.96135
1.98322
1.99894
2.00735
2.00787
2.00513
1.99627
1.97559
1.93487
1.8555
1.71203
1.53129
1.41238
1.36726
1.35262
1.3446
1.32892
1.30007
1.25917
1.21797
1.19083
1.18218
1.1923
1.20618
1.22689
1.25163
1.27212
1.29182
1.30905
1.32064
1.3286
1.33492
1.33976
1.34383
1.34678
1.34931
1.35198
1.35647
1.36124
1.36627
1.37255
1.38086
1.39028
1.3999
1.40932
1.41885
1.42787
1.43747
1.44646
1.45642
1.46571
1.4761
1.48574
1.49655
1.50651
1.51775
1.528
1.53965
1.55007
1.56186
1.57221
1.58387
1.59405
1.60551
1.61557
1.62679
1.63693
1.64771
1.65819
1.66838
1.67925
1.68897
1.69997
1.70939
1.72038
1.72961
1.74039
1.74964
1.75994
1.7695
1.77871
1.78789
1.79266
1.17138
1.22361
1.27764
1.33276
1.38796
1.44273
1.49516
1.54572
1.59422
1.64001
1.68445
1.72589
1.76657
1.80374
1.84081
1.87359
1.90651
1.93451
1.96304
1.9844
2.00089
2.00361
2.00076
1.98993
1.96284
1.90392
1.79137
1.61028
1.47059
1.4046
1.39201
1.39222
1.39881
1.40183
1.39594
1.37831
1.34835
1.31065
1.27294
1.24813
1.2389
1.24647
1.25779
1.27513
1.29684
1.3158
1.33429
1.35101
1.36546
1.37617
1.38436
1.38998
1.39314
1.39412
1.39435
1.3954
1.39749
1.40017
1.40411
1.41029
1.41849
1.4276
1.43685
1.44591
1.45521
1.46404
1.47363
1.48259
1.49259
1.50185
1.51231
1.52194
1.5329
1.54287
1.55427
1.56439
1.57603
1.58609
1.59771
1.6076
1.61909
1.62884
1.64017
1.64994
1.66103
1.67102
1.68167
1.69204
1.70222
1.71288
1.72271
1.73356
1.74315
1.75413
1.7637
1.77471
1.78456
1.79508
1.80455
1.81113
1.16986
1.2164
1.26647
1.3191
1.37092
1.42281
1.47362
1.52233
1.56959
1.61457
1.65768
1.69877
1.73851
1.77536
1.8124
1.84534
1.87921
1.90815
1.93793
1.96148
1.98144
1.98445
1.97995
1.9639
1.92191
1.83554
1.67638
1.52811
1.44781
1.42506
1.42568
1.43364
1.44191
1.44809
1.45091
1.44888
1.43986
1.41959
1.39038
1.35635
1.32579
1.30578
1.29804
1.30466
1.31607
1.33178
1.35164
1.37115
1.38763
1.40128
1.41213
1.4192
1.42389
1.42613
1.42699
1.42725
1.42737
1.42872
1.43075
1.43375
1.43861
1.44626
1.45522
1.46467
1.4741
1.48323
1.49279
1.50173
1.51158
1.52065
1.53093
1.54031
1.55099
1.56064
1.57172
1.58151
1.59287
1.60266
1.61411
1.62376
1.63512
1.64457
1.65583
1.6652
1.67645
1.68592
1.69707
1.70684
1.71781
1.72805
1.73893
1.74969
1.76051
1.77162
1.78242
1.79364
1.80442
1.81529
1.82526
1.83234
1.1707
1.21242
1.25632
1.30425
1.35445
1.40331
1.45275
1.50009
1.5461
1.59068
1.63328
1.67366
1.71401
1.74988
1.78768
1.82002
1.85438
1.88367
1.91302
1.93743
1.95215
1.95238
1.94374
1.91607
1.84958
1.7189
1.56564
1.47814
1.44728
1.44437
1.45217
1.46168
1.4725
1.48284
1.48944
1.49272
1.49298
1.49079
1.48185
1.46531
1.4434
1.41766
1.39351
1.37623
1.36796
1.3685
1.37749
1.38731
1.39977
1.41445
1.427
1.43637
1.44421
1.44998
1.45434
1.457
1.45838
1.45972
1.46138
1.46343
1.46606
1.47036
1.47727
1.48644
1.4961
1.50576
1.51568
1.52509
1.53506
1.54414
1.5542
1.56336
1.57389
1.58348
1.59449
1.60431
1.61545
1.62511
1.63619
1.64562
1.65668
1.66592
1.67696
1.68609
1.69718
1.70637
1.71764
1.72707
1.73852
1.74839
1.75972
1.77004
1.7813
1.79194
1.80322
1.81394
1.82509
1.83546
1.84563
1.85227
1.17659
1.21249
1.25118
1.29318
1.33862
1.38579
1.43205
1.47869
1.52341
1.56694
1.60987
1.64922
1.68978
1.72635
1.76289
1.79782
1.82976
1.86198
1.88808
1.91119
1.91589
1.91088
1.89256
1.84398
1.73593
1.58466
1.48736
1.45412
1.44887
1.45811
1.46842
1.48023
1.49364
1.50545
1.51575
1.5247
1.53215
1.53775
1.54222
1.54317
1.53787
1.52623
1.50873
1.48686
1.46315
1.44268
1.42889
1.42231
1.42399
1.4306
1.43869
1.44871
1.46016
1.46919
1.47682
1.48285
1.48814
1.49157
1.4942
1.49599
1.49805
1.50049
1.50485
1.51151
1.52063
1.53
1.54002
1.54955
1.55982
1.56914
1.57946
1.58869
1.5992
1.60861
1.61943
1.62904
1.6401
1.64966
1.66074
1.67001
1.68099
1.69008
1.70101
1.71002
1.72092
1.72989
1.74082
1.7499
1.76081
1.77029
1.78115
1.79089
1.80177
1.81164
1.82259
1.83248
1.84344
1.85291
1.86297
1.86874
1.18571
1.21655
1.25134
1.28836
1.32868
1.37043
1.41525
1.45782
1.50223
1.54388
1.5859
1.62598
1.6642
1.70292
1.73765
1.77375
1.80557
1.83671
1.86277
1.87451
1.87185
1.85909
1.8232
1.73183
1.59225
1.47858
1.44035
1.43352
1.44569
1.45864
1.47503
1.49223
1.50752
1.52112
1.53481
1.54769
1.56086
1.57366
1.5842
1.59282
1.59878
1.59987
1.59645
1.58619
1.56987
1.54981
1.52743
1.506
1.48841
1.47666
1.47121
1.47285
1.47785
1.48443
1.49376
1.50304
1.51222
1.5187
1.52452
1.5283
1.53087
1.53277
1.53568
1.53973
1.5465
1.55434
1.56379
1.57275
1.58288
1.59187
1.60208
1.61102
1.62143
1.6306
1.64135
1.65072
1.6617
1.67111
1.68218
1.69146
1.70244
1.7115
1.72237
1.73136
1.74216
1.75125
1.76188
1.77111
1.78157
1.79096
1.80142
1.81087
1.82138
1.8307
1.8413
1.85036
1.86104
1.86959
1.8795
1.88435
1.19809
1.22471
1.25445
1.28788
1.32431
1.3618
1.40133
1.4426
1.48249
1.52389
1.56319
1.60253
1.64084
1.67688
1.71396
1.74661
1.78015
1.80727
1.8264
1.82739
1.81744
1.7889
1.71356
1.58419
1.45896
1.41184
1.4031
1.41695
1.43341
1.45551
1.48008
1.5011
1.51947
1.53567
1.55135
1.56721
1.58296
1.59838
1.61312
1.62663
1.63726
1.64558
1.65018
1.65215
1.65084
1.64418
1.63095
1.61368
1.59244
1.56884
1.54685
1.52921
1.51807
1.51346
1.51723
1.52231
1.53006
1.53991
1.5501
1.55722
1.56352
1.56702
1.57046
1.57334
1.57786
1.58301
1.59045
1.59775
1.60698
1.61528
1.62509
1.63361
1.64373
1.65257
1.66309
1.6722
1.68293
1.69201
1.70274
1.71176
1.72251
1.73158
1.74224
1.75135
1.76183
1.77106
1.78144
1.79079
1.80108
1.81042
1.82076
1.82997
1.84051
1.84949
1.86016
1.86879
1.87939
1.88748
1.89726
1.90145
1.20643
1.23416
1.26211
1.29062
1.32351
1.35805
1.39415
1.43074
1.46923
1.50637
1.54489
1.58152
1.6184
1.65405
1.68814
1.7216
1.75055
1.77294
1.77809
1.77042
1.74641
1.68805
1.56423
1.43254
1.37465
1.36543
1.38052
1.39997
1.42737
1.45663
1.4839
1.50698
1.52795
1.54648
1.56547
1.58245
1.59976
1.61637
1.63294
1.64828
1.66264
1.67543
1.68645
1.69513
1.7009
1.70369
1.70382
1.70049
1.69052
1.67541
1.65544
1.63259
1.60819
1.58678
1.5703
1.56063
1.55841
1.5628
1.56893
1.57659
1.58754
1.59595
1.60277
1.60728
1.61207
1.61598
1.6214
1.62663
1.63396
1.64076
1.64965
1.65742
1.66695
1.67524
1.68532
1.69404
1.70443
1.71323
1.72354
1.73222
1.74233
1.75109
1.7612
1.77022
1.78035
1.78947
1.79953
1.80872
1.81886
1.82805
1.8384
1.84742
1.858
1.86681
1.87754
1.88613
1.89679
1.90479
1.9146
1.91866
1.21483
1.24169
1.26857
1.29742
1.32605
1.35736
1.39038
1.42486
1.45892
1.49504
1.52951
1.56534
1.59948
1.63344
1.6659
1.69559
1.72018
1.72838
1.72224
1.7025
1.65401
1.54299
1.40456
1.33495
1.32518
1.34072
1.36281
1.39271
1.4264
1.45665
1.48412
1.50807
1.53114
1.55282
1.57402
1.59406
1.6134
1.63127
1.6485
1.66517
1.68117
1.69601
1.70996
1.72254
1.7343
1.74405
1.75207
1.75631
1.75832
1.75732
1.75116
1.73799
1.72039
1.69831
1.67295
1.6471
1.62413
1.60741
1.59841
1.60059
1.60575
1.61307
1.6242
1.63255
1.64038
1.64635
1.6524
1.65705
1.6629
1.66821
1.67539
1.68197
1.69057
1.69811
1.70756
1.71576
1.72567
1.73421
1.74413
1.75268
1.76234
1.77082
1.78036
1.789
1.79871
1.80759
1.81742
1.82631
1.83623
1.84506
1.85528
1.86404
1.87456
1.88317
1.89384
1.90228
1.91294
1.9209
1.93073
1.935
1.22642
1.2504
1.27523
1.30214
1.33076
1.35998
1.38991
1.42153
1.45432
1.48642
1.52014
1.55254
1.58536
1.61675
1.64604
1.67107
1.68194
1.67718
1.66078
1.61806
1.52207
1.38092
1.30006
1.2865
1.30194
1.32516
1.35673
1.39274
1.42637
1.45611
1.48312
1.50843
1.53327
1.55666
1.57963
1.60128
1.62255
1.64242
1.6614
1.67873
1.69483
1.71041
1.72592
1.74139
1.75646
1.7707
1.78373
1.79443
1.80303
1.80891
1.81178
1.81269
1.8103
1.80147
1.78661
1.76556
1.73884
1.70835
1.67884
1.65356
1.63808
1.63755
1.64177
1.64843
1.65919
1.66775
1.67637
1.68316
1.68994
1.69495
1.70109
1.70648
1.71363
1.72018
1.72877
1.73636
1.74574
1.75392
1.76352
1.77194
1.78152
1.78994
1.7994
1.80778
1.81724
1.82581
1.83546
1.84416
1.85395
1.86255
1.87253
1.88104
1.89133
1.8998
1.9103
1.91862
1.92912
1.93698
1.9467
1.95114
1.24406
1.26318
1.28465
1.30869
1.33502
1.36298
1.39215
1.42113
1.45173
1.48264
1.51322
1.54464
1.57453
1.60306
1.62802
1.64049
1.63781
1.62312
1.58529
1.50217
1.35896
1.26395
1.2476
1.26298
1.28767
1.32014
1.35913
1.39458
1.42639
1.45479
1.48221
1.50817
1.5337
1.55814
1.58243
1.60547
1.62831
1.64945
1.66979
1.68829
1.70603
1.72304
1.73949
1.75636
1.7731
1.78961
1.8051
1.81976
1.83288
1.84469
1.85443
1.86292
1.86745
1.87086
1.87064
1.86478
1.85137
1.82999
1.80213
1.7668
1.73007
1.69591
1.67356
1.67122
1.67523
1.68166
1.69242
1.70116
1.71035
1.71776
1.72517
1.73063
1.73729
1.74298
1.75049
1.75723
1.766
1.77356
1.78279
1.79077
1.80014
1.8083
1.81772
1.82598
1.83539
1.84376
1.85325
1.86182
1.87147
1.88005
1.88981
1.89827
1.90819
1.91661
1.92675
1.93511
1.94534
1.95324
1.96274
1.96728
1.26093
1.28007
1.29912
1.31924
1.34228
1.36759
1.39481
1.42293
1.45118
1.48052
1.50967
1.53834
1.56635
1.59032
1.60414
1.60324
1.5896
1.55558
1.47882
1.34221
1.23597
1.21356
1.2274
1.25164
1.28505
1.32569
1.36288
1.39534
1.42545
1.45351
1.4811
1.50736
1.53365
1.55895
1.58425
1.6083
1.63221
1.65425
1.67552
1.69487
1.71416
1.73282
1.75144
1.76938
1.78723
1.8046
1.82182
1.8383
1.85429
1.86967
1.884
1.89721
1.90873
1.91776
1.92436
1.92705
1.92716
1.9229
1.91036
1.8897
1.86029
1.82218
1.77894
1.73529
1.70846
1.70506
1.70903
1.71533
1.72611
1.73498
1.74459
1.75242
1.76033
1.76622
1.77342
1.77944
1.78737
1.79422
1.80294
1.81029
1.81939
1.82714
1.83642
1.84453
1.85392
1.86228
1.87166
1.88018
1.88961
1.89821
1.90774
1.91627
1.92586
1.93428
1.94399
1.95227
1.96214
1.96997
1.97926
1.98372
1.27852
1.29565
1.31416
1.33357
1.35431
1.37623
1.40028
1.42627
1.45305
1.48007
1.50744
1.53368
1.55724
1.57208
1.57197
1.559
1.52731
1.45383
1.32791
1.21138
1.18098
1.19213
1.21625
1.25032
1.29259
1.33031
1.36411
1.39477
1.42415
1.45212
1.47981
1.50663
1.53351
1.55942
1.58551
1.61031
1.63447
1.65655
1.67811
1.69908
1.72011
1.74063
1.76094
1.78092
1.79994
1.81836
1.83611
1.85387
1.87148
1.88882
1.90567
1.92166
1.93634
1.94965
1.96094
1.96986
1.97688
1.97919
1.97926
1.97633
1.96548
1.94552
1.9152
1.87469
1.82545
1.77309
1.74371
1.7394
1.74335
1.74935
1.75986
1.76883
1.77873
1.78673
1.7951
1.80142
1.8091
1.81541
1.82353
1.83035
1.83894
1.84619
1.85506
1.8628
1.87193
1.88033
1.88967
1.89841
1.90776
1.91652
1.92586
1.93453
1.94391
1.95235
1.96187
1.97001
1.97968
1.98725
1.99645
2.00077
1.30104
1.31458
1.33022
1.34769
1.3669
1.38777
1.40945
1.43234
1.45652
1.48168
1.50563
1.52829
1.54248
1.54363
1.53132
1.50162
1.43259
1.31196
1.18614
1.14695
1.15608
1.18043
1.21616
1.25896
1.29788
1.33234
1.36443
1.3942
1.42333
1.45126
1.47918
1.50624
1.5336
1.56012
1.58657
1.61143
1.63537
1.65807
1.68118
1.70341
1.72587
1.74759
1.76938
1.7903
1.81071
1.8304
1.84947
1.86811
1.88641
1.90475
1.92265
1.94007
1.95667
1.97214
1.98632
1.99898
2.00986
2.01884
2.0259
2.02867
2.02936
2.02736
2.01786
1.99897
1.96789
1.92346
1.86847
1.80905
1.77853
1.77393
1.77779
1.78423
1.79452
1.80338
1.81369
1.82203
1.83078
1.83743
1.84543
1.85191
1.86002
1.86681
1.87518
1.88252
1.89105
1.89912
1.90814
1.91697
1.92635
1.93538
1.94475
1.95354
1.96293
1.97133
1.98091
1.98883
1.9986
2.00585
2.01496
2.01895
1.32331
1.33651
1.34929
1.36365
1.38035
1.39913
1.41941
1.44085
1.46242
1.48401
1.5046
1.51751
1.51849
1.50598
1.47733
1.41107
1.29426
1.16473
1.11738
1.12333
1.14694
1.18236
1.22554
1.26489
1.30055
1.33305
1.36399
1.39349
1.42249
1.45058
1.47879
1.50633
1.53418
1.56106
1.58732
1.61208
1.63678
1.66068
1.68471
1.70783
1.73127
1.75393
1.77655
1.79833
1.81974
1.8406
1.861
1.88098
1.90039
1.91928
1.9378
1.95602
1.97354
1.99025
2.0059
2.02029
2.03356
2.04543
2.05622
2.06542
2.07259
2.07644
2.07757
2.07607
2.06773
2.04866
2.01702
1.96899
1.90554
1.84298
1.81402
1.80874
1.81283
1.81945
1.83025
1.83897
1.84939
1.85792
1.86702
1.8739
1.88195
1.88847
1.8963
1.90329
1.9113
1.91892
1.92736
1.93577
1.94492
1.95393
1.96358
1.97245
1.9822
1.99049
2.00033
2.00806
2.01791
2.02507
2.03422
2.03804
1.33966
1.35386
1.36676
1.38023
1.39476
1.41147
1.42958
1.4486
1.46809
1.48572
1.49833
1.49806
1.48518
1.45681
1.39217
1.27678
1.14439
1.08738
1.09017
1.11274
1.14825
1.19168
1.23197
1.26806
1.3017
1.33329
1.36391
1.39326
1.42246
1.45085
1.47951
1.50769
1.53572
1.56242
1.58881
1.6142
1.63952
1.66405
1.68859
1.71245
1.73664
1.7599
1.78332
1.80574
1.82821
1.84994
1.8715
1.8925
1.91313
1.933
1.95217
1.97033
1.98797
2.00488
2.02118
2.03663
2.0513
2.06501
2.07807
2.09012
2.10145
2.11154
2.11928
2.12464
2.12601
2.12504
2.11711
2.09799
2.063
2.01167
1.94022
1.87442
1.85038
1.84498
1.84939
1.85576
1.86684
1.87583
1.88618
1.8948
1.90382
1.911
1.9187
1.92537
1.93283
1.93987
1.94783
1.95557
1.9643
1.97267
1.98224
1.99085
2.00096
2.00921
2.01934
2.02704
2.03696
2.04407
2.05327
2.05728
1.35309
1.36713
1.38003
1.39313
1.40693
1.42185
1.43843
1.45545
1.47166
1.48323
1.48139
1.46821
1.44018
1.37745
1.26327
1.12562
1.05763
1.05731
1.07929
1.11459
1.1589
1.19963
1.23665
1.27066
1.30311
1.33407
1.36443
1.39383
1.42328
1.45228
1.48153
1.50977
1.53782
1.56481
1.59155
1.61733
1.64302
1.66789
1.69301
1.71758
1.74236
1.76628
1.7904
1.81353
1.83684
1.85927
1.88174
1.90349
1.92473
1.945
1.96447
1.983
2.0007
2.01765
2.03415
2.05021
2.06578
2.08081
2.09531
2.10914
2.12258
2.13524
2.14702
2.15805
2.16593
2.17206
2.17338
2.17233
2.16384
2.14355
2.10427
2.04753
1.9723
1.90486
1.88569
1.88197
1.88679
1.89297
1.90379
1.91329
1.92357
1.93231
1.94102
1.94815
1.95571
1.96231
1.96983
1.97675
1.98499
1.99244
2.00159
2.00942
2.01932
2.02723
2.03739
2.04511
2.05512
2.06223
2.07134
2.07573
1.36549
1.37871
1.39127
1.40403
1.41712
1.43098
1.44569
1.45941
1.47056
1.46822
1.45476
1.42696
1.36671
1.25253
1.10815
1.03109
1.02773
1.04853
1.08323
1.1274
1.16867
1.20585
1.24051
1.27308
1.30479
1.33532
1.36573
1.39563
1.42573
1.45518
1.48462
1.51311
1.54137
1.56851
1.59541
1.62131
1.64723
1.67273
1.69845
1.72372
1.74893
1.77346
1.79802
1.82162
1.84547
1.86841
1.89121
1.91279
1.93389
1.95415
1.97382
1.99277
2.01104
2.02863
2.04549
2.06197
2.07819
2.09416
2.10978
2.12492
2.13977
2.15407
2.16801
2.18134
2.1934
2.20506
2.21309
2.2188
2.21984
2.21818
2.20815
2.18539
2.14333
2.07626
2.00038
1.93661
1.92008
1.9183
1.92368
1.9303
1.9413
1.95063
1.96081
1.96938
1.97809
1.98502
1.99278
1.9991
2.00691
2.01343
2.02194
2.02888
2.03814
2.04538
2.05507
2.0624
2.07214
2.07939
2.08822
2.0929
1.38584
1.39424
1.40477
1.41576
1.4281
1.44044
1.45235
1.46105
1.45806
1.44423
1.41675
1.35841
1.2448
1.09274
1.00693
1.00021
1.0196
1.05327
1.09763
1.13904
1.17683
1.21148
1.24455
1.27632
1.30774
1.33851
1.36938
1.39964
1.42998
1.45961
1.48917
1.51773
1.54606
1.57318
1.60013
1.6264
1.653
1.6791
1.70533
1.73091
1.75645
1.78116
1.80596
1.82992
1.85388
1.87647
1.89895
1.92029
1.94145
1.96189
1.98184
2.00128
2.02005
2.03834
2.05602
2.07319
2.08995
2.10647
2.12294
2.13911
2.155
2.17049
2.18561
2.20034
2.21434
2.22778
2.23963
2.25073
2.25863
2.26268
2.26315
2.26033
2.24852
2.22266
2.1766
2.10325
2.02457
1.96895
1.95569
1.95508
1.96097
1.96754
1.97859
1.98777
1.99802
2.00621
2.0149
2.02163
2.02949
2.0356
2.04332
2.04961
2.05783
2.06447
2.07321
2.08009
2.08892
2.09593
2.1042
2.10889
1.41854
1.41693
1.42318
1.43342
1.44371
1.45358
1.45974
1.45601
1.44048
1.41177
1.35402
1.24018
1.08197
0.985908
0.975154
0.992824
1.02555
1.06961
1.11173
1.14962
1.18464
1.21761
1.2499
1.28143
1.31293
1.34388
1.37495
1.4055
1.43614
1.46607
1.4958
1.52436
1.55254
1.57979
1.60719
1.63398
1.66097
1.68731
1.71366
1.73923
1.76485
1.78972
1.81447
1.83803
1.86145
1.88363
1.90598
1.92718
1.94861
1.96905
1.98949
2.00916
2.02859
2.04743
2.06595
2.08397
2.10165
2.11886
2.13587
2.15272
2.16933
2.18565
2.20143
2.21702
2.23185
2.24634
2.25986
2.27268
2.28393
2.294
2.30155
2.30393
2.30386
2.29975
2.28625
2.25825
2.20456
2.12731
2.05068
2.00204
1.99164
1.99191
1.99845
2.00503
2.01565
2.02433
2.03444
2.04256
2.05125
2.05774
2.06544
2.07138
2.07883
2.08484
2.09248
2.09874
2.10652
2.11291
2.12034
2.12438
1.45286
1.43971
1.43901
1.44652
1.45668
1.4643
1.45967
1.44376
1.41454
1.35612
1.24004
1.07556
0.968351
0.953082
0.969703
1.00197
1.04614
1.08813
1.12631
1.16114
1.19428
1.22622
1.25804
1.28945
1.32111
1.35244
1.38402
1.41513
1.4462
1.47622
1.50579
1.53424
1.56254
1.58998
1.61751
1.64432
1.67128
1.69749
1.72381
1.74931
1.7747
1.79892
1.82298
1.84586
1.86889
1.89078
1.91307
1.93421
1.95582
1.97639
1.99723
2.0173
2.03738
2.05691
2.07621
2.09505
2.11349
2.13149
2.14895
2.16613
2.18295
2.19967
2.21584
2.23175
2.24714
2.26203
2.27646
2.29002
2.30304
2.31505
2.32568
2.33498
2.34204
2.34361
2.34294
2.33767
2.32188
2.29116
2.2322
2.14728
2.0771
2.03671
2.02713
2.02815
2.0345
2.04126
2.0518
2.06011
2.06974
2.07778
2.08632
2.09282
2.10032
2.10614
2.11319
2.11883
2.12587
2.13138
2.13823
2.14107
1.5329
1.46952
1.45975
1.4594
1.46457
1.46505
1.44955
1.42052
1.36122
1.24393
1.07228
0.95463
0.935267
0.951617
0.983687
1.0275
1.06905
1.10655
1.14112
1.17368
1.20575
1.23747
1.26949
1.30121
1.33317
1.36486
1.39678
1.42801
1.45901
1.48889
1.5184
1.54679
1.57506
1.60243
1.62988
1.6565
1.68328
1.70926
1.73527
1.76022
1.78499
1.80859
1.83211
1.85458
1.8772
1.89894
1.92104
1.94223
1.964
1.98478
2.00617
2.02665
2.04744
2.06749
2.0874
2.10669
2.12554
2.14386
2.16167
2.17896
2.19589
2.21249
2.2289
2.24485
2.26054
2.27572
2.29057
2.30481
2.31855
2.33164
2.34382
2.35558
2.36563
2.37428
2.38105
2.38186
2.38073
2.37422
2.35639
2.31907
2.25743
2.16774
2.10068
2.06952
2.06133
2.06268
2.06845
2.07501
2.08526
2.09344
2.1029
2.11087
2.11948
2.1262
2.13369
2.1396
2.14656
2.15173
2.15797
2.1602
1.76108
1.52398
1.48577
1.47661
1.46943
1.45615
1.42686
1.36452
1.24214
1.06754
0.946533
0.92554
0.940135
0.971094
1.01403
1.05462
1.09159
1.12528
1.15745
1.18883
1.22052
1.2521
1.284
1.31577
1.34792
1.37959
1.41116
1.44177
1.47198
1.50108
1.52991
1.55782
1.58579
1.61303
1.64047
1.66715
1.69392
1.71978
1.74556
1.77019
1.7947
1.81808
1.84154
1.86387
1.88645
1.90801
1.93017
1.95151
1.97356
1.99472
2.01665
2.03749
2.05882
2.07897
2.09915
2.11835
2.13725
2.15541
2.17319
2.19047
2.20734
2.22385
2.2401
2.25623
2.2719
2.28749
2.30241
2.31725
2.33123
2.34506
2.35793
2.37063
2.38211
2.39341
2.40335
2.41105
2.41722
2.41747
2.41548
2.40728
2.38709
2.34267
2.27568
2.18734
2.12433
2.09932
2.09214
2.09427
2.09987
2.10623
2.11631
2.12454
2.13394
2.14202
2.15086
2.15759
2.16535
2.17082
2.1776
2.17985
2.03784
1.62044
1.51058
1.4877
1.47004
1.43431
1.36327
1.22805
1.05136
0.933764
0.914007
0.92801
0.960015
1.00283
1.04225
1.07771
1.11057
1.14183
1.17298
1.20406
1.23561
1.26708
1.29894
1.33057
1.36237
1.39354
1.42447
1.45442
1.48397
1.51247
1.54078
1.56833
1.596
1.62307
1.65039
1.67701
1.70365
1.72925
1.75461
1.7788
1.80292
1.82605
1.84933
1.87179
1.89463
1.91668
1.93931
1.96111
1.98359
2.00506
2.02703
2.04766
2.06868
2.08821
2.10806
2.12661
2.14534
2.16316
2.18099
2.19829
2.21546
2.23227
2.24888
2.26518
2.28129
2.29695
2.31238
2.32721
2.34175
2.35564
2.36915
2.38213
2.39447
2.40658
2.41768
2.42833
2.43826
2.44537
2.45036
2.45073
2.44835
2.43746
2.41345
2.36186
2.29214
2.20531
2.14755
2.12792
2.12134
2.12408
2.1296
2.13584
2.14592
2.15357
2.1633
2.17069
2.18014
2.18607
2.19387
2.19659
2.51355
1.91299
1.60159
1.51195
1.46001
1.3726
1.2123
1.02349
0.91272
0.899799
0.916983
0.953295
0.997322
1.0344
1.06703
1.09727
1.12723
1.15758
1.18869
1.21987
1.2514
1.28275
1.31437
1.34562
1.37691
1.40751
1.43781
1.46705
1.49597
1.52392
1.55182
1.57903
1.60647
1.63339
1.66051
1.68684
1.713
1.73801
1.76276
1.78645
1.81011
1.83289
1.85595
1.87833
1.90128
1.92356
1.94644
1.96842
1.99087
2.01214
2.03381
2.05406
2.07475
2.09391
2.11361
2.13182
2.15062
2.16822
2.18628
2.20354
2.22102
2.23803
2.255
2.27161
2.28803
2.30401
2.31967
2.33476
2.34955
2.36365
2.37752
2.39068
2.40368
2.41608
2.42832
2.43992
2.45163
2.46155
2.47223
2.47899
2.48304
2.48302
2.47934
2.4675
2.43667
2.37841
2.30761
2.22382
2.16995
2.1543
2.1486
2.15193
2.15766
2.16372
2.17351
2.1805
2.18983
2.19661
2.20391
2.20718
2.74225
2.30406
1.81597
1.55799
1.42675
1.21201
0.989077
0.879288
0.874662
0.897715
0.938288
0.982222
1.01836
1.04937
1.07903
1.10924
1.14064
1.17199
1.20334
1.23431
1.26558
1.29681
1.32843
1.35964
1.39067
1.42068
1.4502
1.47864
1.50686
1.53428
1.56189
1.58904
1.6165
1.6433
1.67002
1.69571
1.72105
1.74529
1.76931
1.79243
1.81563
1.83814
1.86106
1.88343
1.9064
1.92871
1.95154
1.97343
1.99571
2.01681
2.03825
2.05833
2.07884
2.09788
2.11754
2.13569
2.15469
2.17226
2.19073
2.20802
2.226
2.24311
2.26051
2.27729
2.29396
2.31019
2.32598
2.3414
2.35624
2.37077
2.38475
2.39848
2.41174
2.42483
2.43753
2.45004
2.46232
2.47396
2.48579
2.49586
2.50558
2.51293
2.51482
2.51442
2.50926
2.49403
2.45724
2.39412
2.32053
2.24182
2.1935
2.18055
2.17502
2.17841
2.18362
2.18899
2.1973
2.2032
2.20911
2.21196
2.86088
2.63222
2.20354
1.65903
1.27992
0.956625
0.825196
0.83717
0.870264
0.918571
0.962248
0.997026
1.02755
1.05652
1.08615
1.11645
1.14725
1.17799
1.20943
1.24123
1.27367
1.30591
1.33806
1.36927
1.39986
1.42917
1.45797
1.4858
1.51361
1.54109
1.56898
1.59633
1.62374
1.65023
1.67648
1.70161
1.7264
1.75014
1.77372
1.79649
1.81946
1.84184
1.86467
1.88693
1.90972
1.93178
1.95433
1.97592
1.99791
2.01874
2.03995
2.05985
2.08021
2.09917
2.11876
2.13693
2.15594
2.17357
2.19216
2.20944
2.22767
2.24468
2.2624
2.27904
2.29603
2.31216
2.32823
2.34367
2.35878
2.37349
2.38775
2.40179
2.41537
2.42888
2.44194
2.455
2.46766
2.48012
2.49237
2.5039
2.51514
2.52553
2.53331
2.54048
2.54081
2.53958
2.53313
2.51261
2.47323
2.40373
2.32974
2.2574
2.21527
2.2039
2.19876
2.20089
2.20397
2.20616
2.20786
2.20928
2.88224
2.72648
2.35877
1.68125
0.976861
0.628842
0.653677
0.726664
0.808842
0.873029
0.919578
0.95685
0.991414
1.02645
1.06252
1.09848
1.13437
1.16974
1.20484
1.239
1.27271
1.30536
1.33732
1.36802
1.3981
1.42716
1.45601
1.4842
1.51248
1.54012
1.5678
1.59468
1.62137
1.64695
1.67212
1.69618
1.71998
1.74301
1.76615
1.78879
1.8118
1.83434
1.8573
1.87964
1.9024
1.92433
1.94664
1.96795
1.98963
2.01018
2.03117
2.05092
2.07123
2.09026
2.11003
2.12848
2.14785
2.16585
2.18489
2.20249
2.22118
2.23835
2.25651
2.27316
2.29055
2.30659
2.32305
2.33846
2.35397
2.36878
2.38344
2.39772
2.41176
2.42556
2.43915
2.45248
2.46569
2.47842
2.49119
2.50315
2.51519
2.52637
2.53671
2.54691
2.55399
2.55883
2.55947
2.55797
2.54791
2.5246
2.47858
2.40897
2.33547
2.26728
2.23088
2.21698
2.20852
2.20145
2.19153
2.18467
2.89112
2.74668
2.3938
1.63779
0.751179
0.325316
0.396744
0.503487
0.605
0.682535
0.743981
0.797685
0.848692
0.897628
0.944567
0.989141
1.03207
1.0734
1.114
1.1539
1.19321
1.23129
1.26846
1.30408
1.33865
1.37165
1.4038
1.43462
1.46488
1.494
1.52278
1.55054
1.5781
1.60481
1.63148
1.65747
1.68349
1.70885
1.7342
1.75879
1.7833
1.8069
1.83047
1.85306
1.87577
1.89751
1.91957
1.94069
1.96231
1.98299
2.00427
2.02452
2.04547
2.06526
2.08584
2.10512
2.12531
2.14409
2.16386
2.18211
2.2014
2.21908
2.23779
2.25483
2.27281
2.2892
2.3064
2.32221
2.33857
2.35387
2.36942
2.38426
2.39904
2.4134
2.42748
2.44128
2.45467
2.46778
2.48051
2.49284
2.50487
2.51645
2.52757
2.53849
2.54822
2.55741
2.5649
2.56791
2.56833
2.56595
2.55439
2.5277
2.47445
2.40642
2.32656
2.25444
2.21068
2.17516
2.13944
2.11385
2.89442
2.75422
2.40305
1.63402
0.671223
0.212046
0.271533
0.33959
0.414421
0.486403
0.554897
0.620084
0.681579
0.738972
0.793047
0.844162
0.893222
0.940258
0.985796
1.02942
1.07173
1.11225
1.15148
1.18903
1.22556
1.26066
1.29505
1.32823
1.36091
1.39248
1.42367
1.45382
1.4837
1.51264
1.54141
1.56935
1.59718
1.62425
1.65125
1.67751
1.70374
1.72921
1.75475
1.77948
1.80437
1.8284
1.85267
1.87598
1.89959
1.9221
1.94499
1.96666
1.98881
2.00965
2.03113
2.05126
2.07223
2.09183
2.11246
2.13168
2.15206
2.17098
2.1911
2.20969
2.22943
2.24756
2.26673
2.28428
2.30266
2.31951
2.33691
2.35302
2.36933
2.38466
2.3999
2.41445
2.42873
2.44256
2.45601
2.46918
2.48198
2.49451
2.50676
2.51861
2.53036
2.54091
2.55198
2.56019
2.5657
2.56839
2.56808
2.56133
2.54213
2.49842
2.43548
2.33343
2.23333
2.12708
2.0313
1.99207
)
;

boundaryField
{
    inlet
    {
        type            calculated;
        value           uniform 3.00001;
    }
    outlet
    {
        type            calculated;
        value           nonuniform List<scalar> 
40
(
1.29781
1.49632
1.59188
1.65042
1.68885
1.71565
1.7365
1.75317
1.76649
1.77896
1.79266
1.81113
1.83234
1.85227
1.86874
1.88435
1.90145
1.91866
1.935
1.95114
1.96728
1.98372
2.00077
2.01895
2.03804
2.05728
2.07573
2.0929
2.10889
2.12438
2.14107
2.1602
2.17985
2.19659
2.20718
2.21196
2.20928
2.18467
2.11385
1.99207
)
;
    }
    bottom
    {
        type            symmetryPlane;
    }
    top
    {
        type            symmetryPlane;
    }
    obstacle
    {
        type            calculated;
        value           uniform 0;
    }
    defaultFaces
    {
        type            empty;
    }
}


// ************************************************************************* //
