/*--------------------------------*- C++ -*----------------------------------*\
| =========                 |                                                 |
| \\      /  F ield         | OpenFOAM: The Open Source CFD Toolbox           |
|  \\    /   O peration     | Version:  2412                                  |
|   \\  /    A nd           | Website:  www.openfoam.com                      |
|    \\/     M anipulation  |                                                 |
\*---------------------------------------------------------------------------*/
FoamFile
{
    version     2.0;
    format      ascii;
    arch        "LSB;label=32;scalar=64";
    class       volScalarField;
    location    "2.5";
    object      p;
}
// * * * * * * * * * * * * * * * * * * * * * * * * * * * * * * * * * * * * * //

dimensions      [1 -1 -2 0 0 0 0];

internalField   nonuniform List<scalar> 
7000
(
1
1
1
1
1
1
1
1
1
1
1.00001
1.00001
1.00004
1.00005
1.00025
1.00039
1.0015
1.00201
1.00948
1.00938
1.06011
1.0573
1.4622
1.44295
4.18272
8.1435
10.4352
10.341
10.0892
10.0192
10.062
10.1744
10.3151
10.4313
10.5302
10.6269
10.7265
10.8282
10.93
11.0306
11.1287
11.2229
11.3119
11.3939
11.4676
11.5323
11.5872
11.631
11.6628
11.6849
1
1
1
1
1
1
1
1
1
1
1
1.00001
1.00002
1.00007
1.00006
1.00062
1.00131
1.00185
1.00937
1.00829
1.06031
1.05739
1.46122
1.4648
4.1527
8.12023
10.4373
10.3424
10.0895
10.0185
10.0611
10.1733
10.3141
10.4302
10.5291
10.6258
10.7255
10.8272
10.929
11.0296
11.1277
11.2219
11.3108
11.3928
11.4667
11.5314
11.5864
11.6303
11.6622
11.6844
1
1
1
1
1
1
1
1
1
1
1.00001
1.00001
1.00005
1.00005
1.00026
1.00033
1.00146
1.00155
1.00842
1.00833
1.05702
1.05146
1.46028
1.49762
4.08834
8.06334
10.4439
10.3498
10.0928
10.0177
10.0593
10.1705
10.3113
10.4273
10.526
10.6225
10.722
10.8234
10.925
11.0252
11.1228
11.2166
11.3052
11.3868
11.4604
11.5249
11.5797
11.6235
11.655
11.6772
1
1
1
1
1
1
1
1
1
1
1.00001
1.00001
1.00005
1.00006
1.00026
1.00028
1.00144
1.00132
1.00931
1.0099
1.05611
1.06028
1.43894
1.49333
4.0326
7.98018
10.4591
10.364
10.0986
10.0162
10.0561
10.1656
10.3066
10.4227
10.5211
10.6173
10.7164
10.8173
10.9182
11.0178
11.1147
11.2078
11.2956
11.3766
11.4497
11.5137
11.5681
11.6116
11.6426
11.6648
1
1
1
1
1
1
1
1
1
1
1.00001
1.00001
1.00005
1.00005
1.00025
1.00038
1.00136
1.00185
1.00792
1.01037
1.05457
1.0445
1.45244
1.38034
4.08645
7.87955
10.4762
10.3806
10.1079
10.0143
10.0517
10.158
10.2992
10.4155
10.5136
10.6093
10.7078
10.808
10.908
11.0066
11.1025
11.1945
11.2814
11.3615
11.4339
11.4973
11.5512
11.5944
11.625
11.6472
1
1
1
1
1
1
1
1
1
1
1.00001
1.00001
1.00005
1.00006
1.00026
1.00028
1.00146
1.0015
1.00864
1.01083
1.05207
1.06013
1.42186
1.4664
3.91386
7.72525
10.5043
10.4075
10.1212
10.0117
10.0456
10.1472
10.2889
10.4056
10.5033
10.5983
10.6959
10.795
10.8938
10.991
11.0855
11.1762
11.2618
11.3408
11.4122
11.4749
11.5282
11.5711
11.6012
11.6235
1
1
1
1
1
1
1
1
1
1
1.00001
1.00001
1.00005
1.00006
1.00027
1.00031
1.00155
1.00153
1.0088
1.01139
1.05048
1.05935
1.38827
1.45288
3.79865
7.5151
10.5439
10.4464
10.1397
10.0077
10.0366
10.1321
10.2748
10.3922
10.4895
10.5834
10.6798
10.7775
10.8747
10.9702
11.0629
11.152
11.236
11.3136
11.3839
11.4456
11.4982
11.5406
11.5703
11.5927
1
1
1
1
1
1
1
1
1
1
1.00001
1.00001
1.00005
1.00005
1.00026
1.00033
1.00141
1.00195
1.00818
1.01014
1.05114
1.06995
1.35912
1.46033
3.6213
7.29343
10.6025
10.4973
10.1598
9.9996
10.0234
10.1124
10.2565
10.3748
10.4713
10.5639
10.6587
10.7547
10.8499
10.9432
11.0339
11.1209
11.2031
11.279
11.3479
11.4085
11.4602
11.5021
11.5313
11.5537
1
1
1
1
1
1
1
1
1
1
1.00001
1.00001
1.00005
1.00005
1.00026
1.00028
1.00138
1.00189
1.00734
1.00968
1.04568
1.06814
1.34748
1.44321
3.52045
6.99038
10.667
10.5543
10.1808
9.98722
10.0056
10.0877
10.2333
10.3521
10.4476
10.5384
10.6313
10.7251
10.8179
10.9089
10.9971
11.0818
11.1618
11.2358
11.3033
11.3625
11.4132
11.4544
11.483
11.5053
1
1
1
1
1
1
1
1
1
1
1.00001
1.00001
1.00004
1.00005
1.00025
1.0003
1.00143
1.00176
1.00728
1.01202
1.03655
1.06817
1.31866
1.37762
3.37656
6.64065
10.7495
10.6243
10.203
9.97037
9.98322
10.0583
10.2038
10.3227
10.4167
10.5055
10.5961
10.6874
10.7775
10.8657
10.9512
11.0334
11.1111
11.183
11.2485
11.3062
11.3556
11.3959
11.4239
11.4463
1
1
1
1
1
1
1
1
1
1
1.00001
1.00001
1.00004
1.00006
1.00023
1.0003
1.00133
1.00134
1.00733
1.00707
1.04388
1.05779
1.30521
1.32762
3.2237
6.2786
10.8293
10.6855
10.2142
9.94753
9.95591
10.025
10.167
10.2853
10.3775
10.4638
10.5519
10.6405
10.7276
10.8127
10.8952
10.9745
11.0495
11.1189
11.1822
11.238
11.2859
11.3251
11.3521
11.3744
1
1
1
1
1
1
1
1
1
1
1.00001
1.00001
1.00005
1.00006
1.00025
1.0003
1.00137
1.00146
1.00728
1.00862
1.03933
1.06002
1.28452
1.30631
3.0901
5.87718
10.8761
10.7177
10.2083
9.91621
9.92133
9.98566
10.1221
10.2389
10.3291
10.4126
10.498
10.5835
10.6673
10.7489
10.828
10.9039
10.9757
11.042
11.1025
11.1559
11.2016
11.2394
11.2654
11.2876
1
1
1
1
1
1
1
1
1
1
1.00001
1.00001
1.00005
1.00005
1.00027
1.00029
1.00141
1.00153
1.00707
1.00875
1.03586
1.05856
1.26715
1.27381
3.01984
5.51769
10.8586
10.6856
10.1709
9.87176
9.87574
9.93797
10.0701
10.1834
10.2713
10.3513
10.4341
10.5162
10.5961
10.6736
10.7485
10.8203
10.888
10.9506
11.0074
11.0578
11.1005
11.136
11.1603
11.1822
1
1
1
1
1
1
1
1
1
1.00001
1.00001
1.00003
1.00003
1.00016
1.00019
1.00085
1.001
1.00418
1.00533
1.01885
1.02355
1.04453
1.26233
1.25882
2.97324
5.28854
10.7743
10.582
10.0955
9.81353
9.81885
9.88125
10.0107
10.1191
10.2035
10.2814
10.3601
10.4381
10.5138
10.5865
10.6563
10.7228
10.7853
10.8427
10.8947
10.9401
10.9786
11.0108
11.0327
11.0541
1
1
1
1
1
1
1
1
1
1.00001
1.00001
1.00003
1.00004
1.00018
1.00022
1.00103
1.00123
1.00565
1.0084
1.03209
1.02455
1.08736
1.18963
1.13115
2.93638
5.08897
10.6438
10.46
10.025
9.75074
9.75487
9.81523
9.94098
10.0468
10.128
10.2023
10.2765
10.3495
10.4198
10.4869
10.5504
10.6101
10.6657
10.7161
10.7613
10.7998
10.8318
10.8584
10.8762
10.8963
1
1
1
1
1
1
1
1
1
1.00001
1.00001
1.00003
1.00004
1.00018
1.00021
1.00098
1.00115
1.00541
1.00771
1.03127
1.02099
1.0742
1.16107
1.08438
2.88333
4.83201
10.4806
10.3257
9.95729
9.67962
9.68108
9.7386
9.86133
9.96619
10.0442
10.1141
10.1831
10.2503
10.3143
10.3743
10.43
10.4811
10.5275
10.5683
10.6034
10.6316
10.6534
10.6708
10.6815
10.6986
1
1
1
1
1
1
1
1
1
1
1.00001
1.00003
1.00003
1.00014
1.00015
1.00078
1.00092
1.00413
1.00621
1.02358
1.01464
1.05924
1.1329
1.03273
2.84816
4.55058
10.267
10.1789
9.86912
9.59922
9.59918
9.65381
9.77386
9.87774
9.95215
10.0164
10.0791
10.1396
10.196
10.2477
10.2942
10.3345
10.3691
10.3966
10.4173
10.4302
10.4356
10.4362
10.4333
10.4428
1
1
1
1
1
1
1
1
1
1
1
1.00002
1.00002
1.00011
1.00011
1.00058
1.00071
1.003
1.00475
1.01774
1.00882
1.04844
1.11116
1.00677
2.75948
4.24879
9.95452
10.0661
9.78512
9.51584
9.51099
9.56345
9.68026
9.78202
9.85211
9.90975
9.965
10.0174
10.0649
10.1064
10.1414
10.1688
10.188
10.1978
10.1971
10.1879
10.166
10.1371
10.1044
10.0958
1
1
1
1
1
1
1
1
1
1
1
1.00001
1.00002
1.00007
1.00008
1.00038
1.0005
1.00195
1.00312
1.01367
1.00261
1.03748
1.08955
0.983907
2.65586
3.92843
9.52716
9.96767
9.71025
9.42996
9.41564
9.46617
9.57978
9.67876
9.74381
9.79424
9.84076
9.88376
9.92085
9.95043
9.97133
9.98289
9.98176
9.97031
9.94149
9.89417
9.8282
9.74513
9.64881
9.58103
1
1
1
1
1
1
1
1
1
1
1
1.00001
1.00001
1.00004
1.00005
1.00021
1.00032
1.00101
1.0019
1.00633
0.998997
1.02828
1.06984
0.965268
2.5382
3.58555
8.98996
9.85931
9.64078
9.34213
9.31215
9.35959
9.46861
9.56538
9.62577
9.66838
9.70511
9.73713
9.76197
9.77751
9.78187
9.77548
9.7533
9.70737
9.63816
9.53926
9.40257
9.21905
8.97791
8.71083
1
1
1
1
1
1
1
1
1
1
1
1
1
1.00002
1.00002
1.00011
1.00018
1.00061
1.00059
1.00224
0.994476
1.01815
1.04884
0.948316
2.3843
3.14705
8.22934
9.68915
9.53745
9.24283
9.19147
9.23288
9.33265
9.42656
9.48194
9.51506
9.53893
9.55582
9.56345
9.56078
9.54722
9.51382
9.45294
9.36536
9.23961
9.06012
8.79919
8.39433
7.70168
6.18613
1
1
1
1
1
1
1
1
1
1
1
1
1
1
1
1
0.999977
0.999864
0.999468
0.999386
0.99386
0.997818
1.00722
0.911218
2.27202
2.26845
7.47072
9.41384
9.31821
9.09883
9.04314
9.07977
9.16931
9.25742
9.3072
9.33109
9.3422
9.34203
9.3344
9.31148
9.26439
9.19463
9.09659
8.96017
8.77008
8.49924
8.10797
7.52218
6.65151
5.15639
1
1
1
1
1
1
1
1
1
1
1
1
1.00001
1.00001
1.00005
1.00007
1.00038
1.00023
1.0015
1.00303
0.99898
1.02833
1.04642
0.961732
2.02985
2.02252
6.23013
9.12388
9.16691
9.03259
8.93507
8.95508
9.01677
9.09557
9.136
9.14725
9.14421
9.13008
9.09655
9.0436
8.96888
8.86895
8.73628
8.55709
8.31531
7.9873
7.5403
6.92773
6.13304
5.03964
1
1
1
1
1
1
1
1
1
1
1
1
1.00001
1.00001
1.00006
1.00005
1.00034
1.00036
1.00182
1.00228
1.00967
1.01307
1.06667
1.06291
1.58858
1.6846
4.56494
8.46908
9.10771
9.01686
8.88214
8.87503
8.90025
8.95411
8.98168
8.97978
8.96653
8.93155
8.86966
8.78969
8.69021
8.56514
8.40481
8.19827
7.93008
7.58492
7.14559
6.58842
5.92034
5.07418
1
1
1
1
1
1
1
1
1
1
1
1
1.00001
1.00001
1.00005
1.00005
1.00026
1.00029
1.00152
1.00169
1.00861
1.01376
1.047
1.0818
1.36538
1.44352
3.58122
6.98865
8.92432
9.01777
8.92075
8.82318
8.8171
8.82706
8.83279
8.8233
8.79299
8.731
8.65356
8.56047
8.44682
8.30411
8.12529
7.9029
7.62597
7.28972
6.88492
6.39776
5.83875
5.15748
1
1
1
1
1
1
1
1
1
1
1
1
1.00001
1.00002
1.00003
1.00015
1.00018
1.00087
1.00105
1.00492
1.00738
1.02856
1.02153
1.0762
1.15728
1.09969
2.64085
4.37241
8.46133
9.08628
9.00047
8.82772
8.74235
8.71639
8.69929
8.66733
8.6136
8.54108
8.45317
8.34839
8.22218
8.06893
7.88329
7.66091
7.3948
7.07833
6.705
6.27618
5.799
5.23819
1
1
1
1
1
1
1
1
1
1
1
1
1
1.00001
1.00001
1.00006
1.00006
1.00034
1.00036
1.00181
1.00184
1.0093
1.01236
1.05118
1.06112
1.41736
1.43674
3.71417
6.99444
8.88966
8.95293
8.83986
8.65817
8.5751
8.53557
8.49393
8.43454
8.35649
8.26173
8.14975
8.01691
7.8592
7.67326
7.45527
7.20176
6.90899
6.57656
6.19811
5.77772
5.2977
1
1
1
1
1
1
1
1
1
1
1
1
1
1.00001
1.00003
1.00003
1.00015
1.00018
1.00088
1.00083
1.00515
1.00652
1.02651
1.02446
1.10958
1.18409
1.14923
2.58843
4.34834
8.34272
8.94265
8.82887
8.5947
8.44042
8.37009
8.32077
8.26101
8.18135
8.08275
7.96639
7.8305
7.67227
7.48939
7.27948
7.04014
6.76966
6.46662
6.13048
5.7677
5.34538
1
1
1
1
1
1
1
1
1
1
1
1
1
1
1.00001
1.00001
1.00003
1.00003
1.00018
1.00024
1.00102
1.00175
1.00755
1.0006
1.02486
1.05557
0.97198
2.24222
2.77987
7.0296
8.73155
8.69982
8.52573
8.29362
8.18594
8.13753
8.08563
8.01017
7.91296
7.79658
7.66089
7.50501
7.32755
7.12706
6.90207
6.65159
6.3751
6.07117
5.74526
5.37612
1
1
1
1
1
1
1
1
1
1
1
1
1
1
1
1.00001
1.00001
1.00008
1.00008
1.00042
1.00051
1.00224
1.00283
1.01209
1.01848
1.08274
1.1213
1.68234
1.92839
4.81694
8.12617
8.49097
8.37045
8.12866
8.01341
7.97006
7.92773
7.85873
7.76354
7.64751
7.51268
7.3597
7.18824
6.99691
6.78556
6.55335
6.3
6.02404
5.72903
5.3972
1
1
1
1
1
1
1
1
1
1
1
1
1
1
1
1.00001
1.00001
1.00004
1.00006
1.00022
1.00036
1.0013
1.00183
1.00787
1.00919
1.04989
1.05258
1.39144
1.45875
3.49368
6.61115
8.0914
8.16844
8.09063
7.9606
7.86605
7.7981
7.72481
7.63097
7.51589
7.3835
7.23452
7.06871
6.88681
6.68763
6.47032
6.23501
5.98206
5.7138
5.41462
1
1
1
1
1
1
1
1
1
1
1
1
1
1
1
1
1
1.00004
1.00011
1.00014
1.00068
1.00079
1.00393
1.00552
1.02387
1.01441
1.05347
1.1132
1.04118
2.43474
3.71632
7.28096
8.10983
8.08799
8.00347
7.85453
7.73923
7.64386
7.5417
7.42189
7.287
7.13605
6.97035
6.79303
6.60353
6.40177
6.18523
5.95292
5.70685
5.43347
1
1
1
1
1
1
1
1
1
1
1
1
1
1
1
1
1.00001
1.00001
1.00004
1.00006
1.00024
1.00026
1.0013
1.00135
1.00655
1.00732
1.03735
1.05874
1.2768
1.25561
2.89549
5.04234
7.59034
8.05834
8.00842
7.86575
7.70698
7.57355
7.45121
7.32505
7.18971
7.04561
6.89088
6.72306
6.5406
6.34565
6.14252
5.92837
5.70411
5.45465
1
1
1
1
1
1
1
1
1
1
1
1
1
1
1
1
1
1.00001
1.00001
1.00004
1.00004
1.00026
1.00032
1.00146
1.00244
1.01024
1.00353
1.02958
1.06324
0.98789
2.18943
2.58985
6.3166
7.80931
7.91634
7.82581
7.64449
7.46881
7.33348
7.21257
7.08765
6.95278
6.80706
6.65041
6.48476
6.30836
6.1182
5.91382
5.70357
5.472
1
1
1
1
1
1
1
1
1
1
1
1
1
1
1
1
1
1
1.00001
1.00001
1.00006
1.00007
1.00035
1.00046
1.00197
1.0024
1.01104
1.0128
1.07281
1.04628
1.61199
1.55074
4.06521
6.90513
7.68749
7.67185
7.56917
7.3703
7.21651
7.09997
6.98914
6.86872
6.73586
6.59113
6.4356
6.26944
6.09339
5.90817
5.71077
5.49417
1
1
1
1
1
1
1
1
1
1
1
1
1
1
1
1
1
1
1
1.00001
1.00002
1.00004
1.00018
1.00014
1.00137
1.00168
1.00925
1.00662
1.03537
1.07623
1.0486
1.79917
1.9614
5.03749
7.08921
7.51427
7.47148
7.34082
7.16438
7.02524
6.90934
6.79615
6.67578
6.54347
6.39877
6.24284
6.07678
5.90097
5.71622
5.5145
1
1
1
1
1
1
1
1
1
1
1
1
1
1
1
1
1
1
1
1.00001
1.00001
1.00004
1.00004
1.00017
1.00024
1.0008
1.00111
1.00313
0.99667
1.01555
1.03479
0.956412
2.13759
2.22297
5.69224
7.14118
7.32843
7.2747
7.14836
6.99439
6.8673
6.75168
6.6333
6.50416
6.36588
6.21979
6.0642
5.89857
5.7246
5.53269
1
1
1
1
1
1
1
1
1
1
1
1
1
1
1
1
1
1
1
1
1.00001
1.00001
1.00006
1.00006
1.0003
1.00032
1.00167
1.00222
1.00925
1.01093
1.0588
1.07903
1.45326
1.54432
3.36238
5.95212
6.97723
7.14725
7.10491
6.98914
6.84412
6.71307
6.59493
6.47372
6.34233
6.20102
6.0521
5.89717
5.73318
5.55158
1
1
1
1
1
1
1
1
1
1
1
1
1
1
1
1
1
1
1
0.999999
0.999997
0.999997
0.999979
0.999972
0.999854
0.999933
0.999689
0.999049
1.00875
1.02158
1.01489
1.05099
1.10334
1.03435
2.22154
3.19803
5.97329
6.88204
7.00736
6.96311
6.85279
6.71021
6.57548
6.44896
6.32329
6.19273
6.05238
5.90033
5.7418
5.56843
1
1
1
1
1
1
1
1
1
1
1
1
1
1
1
1
1
1
1
1
1
1
1
1.00003
1.00006
1.00008
1.00041
1.00043
1.00206
1.0024
1.00823
1.01924
1.04322
1.03177
1.64209
1.67559
3.67153
5.95653
6.74766
6.86967
6.82808
6.72026
6.57891
6.4464
6.31827
6.18921
6.05362
5.90892
5.7597
5.59475
1
1
1
1
1
1
1
1
1
1
1
1
1
1
1
1
1
1
1
1
1
1
1
1.00001
1.00001
1
1.00013
1.00029
1.00018
1.00221
1.0054
1.00612
1.02847
1.03933
1.02575
1.65319
1.68628
3.80838
5.92953
6.63384
6.73846
6.69993
6.5977
6.45709
6.32413
6.1945
6.06088
5.92266
5.77906
5.62099
1
1
1
1
1
1
1
1
1
1
1
1
1
1
1
1
1
1
1
1
1
1
1
1.00001
1.00001
1.00004
1.00004
1.00021
1.00021
1.00113
1.00118
1.00619
1.00481
1.0216
1.04871
1.00843
1.70918
1.6786
3.8314
5.85919
6.51073
6.6204
6.5866
6.49793
6.352
6.2145
6.07934
5.94343
5.80504
5.65365
1
1
1
1
1
1
1
1
1
1
1
1
1
1
1
1
1
1
1
1
1
1
1
1
1.00001
1.00001
1.00004
1.00004
1.00019
1.00025
1.00095
1.00121
1.00453
1.00869
1.01098
1.04998
1.22261
1.20136
2.26725
3.51813
5.61337
6.37363
6.52373
6.49577
6.41765
6.27143
6.12616
5.98707
5.8475
5.69571
1
1
1
1
1
1
1
1
1
1
1
1
1
1
1
1
1
1
1
1
1
1
1
1
1
0.999997
0.999997
0.99998
0.99997
0.99987
0.999946
0.999725
0.999167
1.00982
1.02291
1.02387
1.06351
1.18006
1.16305
2.14679
3.33031
5.42385
6.24269
6.41655
6.394
6.32079
6.1884
6.04181
5.8957
5.74413
1
1
1
1
1
1
1
1
1
1
1
1
1
1
1
1
1
1
1
1
1
1
1
1
1
1
1
1.00001
1.00002
1.00002
1.00017
1.00022
1.00013
1.00254
1.00572
1.00647
1.0316
1.04038
1.02131
1.63045
1.69813
3.29386
5.27979
6.07993
6.27475
6.26312
6.20189
6.07533
5.93252
5.77994
1
1
1
1
1
1
1
1
1
1
1
1
1
1
1
1
1
1
1
1
1
1
1
1
1
1
1
1
1
1.00002
1.00002
1.00013
1.00015
1.00077
1.00081
1.00376
1.00754
1.00233
1.07706
1.1801
1.175
2.10056
2.76312
5.0807
5.90838
6.13232
6.13062
6.08099
5.97659
5.82259
1
1
1
1
1
1
1
1
1
1
1
1
1
1
1
1
1
1
1
1
1
1
1
1
1
1
1
1
1
1.00001
1.00002
1.00005
1.00005
1.00023
1.00009
0.999894
1.00706
1.01829
1.01727
1.07524
1.11516
1.07235
2.01281
2.44047
4.75667
5.7001
5.97653
6.01024
5.97026
5.87205
1
1
1
1
1
1
1
1
1
1
1
1
1
1
1
1
1
1
1
1
1
1
1
1
1
1
1
1
1
1
1.00002
1.00002
1.00009
1.00012
1.00049
1.0006
1.00295
1.00405
1.01571
1.01421
1.05577
1.0953
1.05087
1.90138
2.24208
4.30566
5.45398
5.82094
5.88932
5.85362
1
1
1
1
1
1
1
1
1
1
1
1
1
1
1
1
1
1
1
1
1
1
1
1
1
1
1
1
1
1
1
1.00001
1.00001
1.00006
1.00006
1.00034
1.00036
1.00193
1.00181
1.01035
1.01228
1.05329
1.06912
1.32825
1.36842
2.39791
3.77834
5.10012
5.63543
5.75293
1
1
1
1
1
1
1
1
1
1
1
1
1
1
1
1
1
1
1
1
1
1
1
1
1
1
1
1
1
1
1
1
1.00001
1.00001
1.00006
1.00005
1.0003
1.00032
1.00145
1.00165
1.0078
1.00786
1.04343
1.04108
1.25608
1.25896
2.13872
3.14156
4.77572
5.41834
1
1
1
1
1
1
1
1
1
1
1
1
1
1
1
1
1
1
1
1
1
1
1
1
1
1
1
1
1
1
1
1
1
1.00001
1.00001
1.00004
1.00005
1.00023
1.00027
1.00123
1.00169
1.00611
1.00843
1.03245
1.05044
1.18609
1.20194
1.91863
2.61689
4.30094
1
1
1
1
1
1
1
1
1
1
1
1
1
1
1
1
1
1
1
1
1
1
1
1
1
1
1
1
1
1
1
1
1
1
1
1.00002
1.00002
1.00009
1.00009
1.00047
1.00049
1.00212
1.00181
1.01016
1.01333
1.04677
1.0717
1.41442
1.42734
2.43039
1
1
1
1
1
1
1
1
1
1
1
1
1
1
1
1
1
1
1
1
1
1
1
1
1
1
1
1
1
1
1
1
1
1
1
1
1.00001
1.00001
1.00007
1.00008
1.00039
1.00046
1.00199
1.00285
1.01076
1.00913
1.03523
1.05934
1.0197
1.59202
1
1
1
1
1
1
1
1
1
1
1
1
1
1
1
1
1
1
1
1
1
1
1
1
1
1
1
1
1
1
1
1
1
1
1
1
1
1
1
1.00003
1.00003
1.00015
1.00021
1.00065
1.00137
0.999401
1.00526
1.0091
0.980956
1.3353
1
1
1
1
1
1
1
1
1
1
1
1
1
1
1
1
1
1
1
1
1
1
1
1
1
1
1
1
1
1
1
1
1
1
1
1
1
1.00001
1.00001
1.00003
1.00003
1.00015
1.00016
1.00084
1.00091
1.00449
1.0044
1.02292
1.03488
1.03807
1
1
1
1
1
1
1
1
1
1
1
1
1
1
1
1
1
1
1
1
1
1
1
1
1
1
1
1
1
1
1
1
1
1
1
1
1
1
1
1.00001
1.00002
1.00008
1.00008
1.00043
1.00052
1.00227
1.00262
1.01159
1.01772
1.01778
1
1
1
1
1
1
1
1
1
1
1
1
1
1
1
1
1
1
1
1
1
1
1
1
1
1
1
1
1
1
1
1
1
1
1
1
1
1
1
1.00001
1.00001
1.00005
1.00005
1.00026
1.00028
1.00137
1.00157
1.00724
1.01041
1.01014
1
1
1
1
1
1
1
1
1
1
1
1
1
1
1
1
1
1
1
1
1
1
1
1
1
1
1
1
1
1
1
1
1
1
1
1
1
1
1
1
1.00002
1.00002
1.00009
1.00014
1.00051
1.00038
1.00143
1.00245
1.00094
1.03014
1
1
1
1
1
1
1
1
1
1
1
1
1
1
1
1
1
1
1
1
1
1
1
1
1
1
1
1
1
1
1
1
1
1
1
1
1
1
1
1
1
1.00001
0.999994
1.00002
1.00002
0.999842
1.0017
1.00371
1.00359
1.02797
1
1
1
1
1
1
1
1
1
1
1
1
1
1
1
1
1
1
1
1
1
1
1
1
1
1
1
1
1
1
1
1
1
1
1
1
1
1
1
0.999999
0.999996
0.999995
0.999963
0.999976
0.999972
0.999787
1.00162
1.00356
1.00313
1.02748
2.01416
0.981913
0.644258
0.563947
0.584106
0.653391
0.809917
1.02588
1.13497
1.16187
1.16463
1.17215
1.18942
1.22178
1.24892
1.26699
1.27819
1.2862
1.29337
1.30017
1.30669
1.31345
1.32241
1.33989
1.37594
1.4539
1.62838
2.03214
2.91637
3.40871
3.44913
3.50846
3.53796
3.65336
3.80597
3.98938
4.17428
4.33731
4.46639
4.56522
4.64021
4.69181
4.721
4.73798
4.74377
4.74219
4.73538
4.71971
4.69433
4.66418
4.62999
4.59273
4.55182
4.50819
4.46188
4.41387
4.36397
4.3127
4.25984
4.20582
4.15058
4.09452
4.03762
3.9802
3.92226
3.864
3.80544
3.74675
3.688
3.62937
3.571
3.51305
3.45566
3.39893
3.34301
3.2879
3.23371
3.18042
3.12812
3.07677
3.02643
2.97697
2.92846
2.8808
2.83421
2.7885
2.74364
2.69943
2.65603
2.6133
2.5714
2.53018
2.48977
2.45007
2.41125
2.37336
2.3369
2.30255
2.27302
2.24989
2.67108
1.57195
1.13569
0.980638
0.936317
0.929373
0.930657
0.947971
0.989979
1.07456
1.16396
1.21283
1.22938
1.23728
1.24576
1.25746
1.27159
1.28511
1.2958
1.30406
1.31024
1.31521
1.32134
1.33415
1.36223
1.42501
1.56825
1.8987
2.65946
3.42694
3.50981
3.51675
3.55123
3.65019
3.7927
3.95321
4.13699
4.30158
4.43555
4.53877
4.61723
4.67045
4.70249
4.72041
4.72674
4.72587
4.72151
4.71005
4.68621
4.65401
4.61901
4.58207
4.54234
4.49977
4.45437
4.40676
4.35725
4.30623
4.25371
4.19999
4.14512
4.08937
4.03282
3.97566
3.91798
3.85992
3.80158
3.74308
3.68456
3.62611
3.56795
3.51018
3.45298
3.39639
3.34059
3.28559
3.23159
3.17847
3.12626
3.07508
3.02491
2.97565
2.92734
2.87992
2.83327
2.78739
2.74238
2.6982
2.65486
2.61225
2.57044
2.52927
2.48896
2.44921
2.41047
2.37242
2.33583
2.30111
2.26972
2.24719
3.50192
2.49509
1.87372
1.47789
1.22154
1.05442
0.948973
0.949228
0.960916
0.994117
1.06318
1.13221
1.19084
1.22871
1.25186
1.26673
1.27662
1.2846
1.29217
1.29904
1.30501
1.31043
1.31556
1.32467
1.34428
1.38638
1.48411
1.70313
2.19896
3.20703
3.53218
3.6113
3.69319
3.7998
3.90978
4.02191
4.14507
4.26242
4.37851
4.48575
4.57107
4.63113
4.66915
4.6896
4.69665
4.69595
4.69294
4.68501
4.66763
4.63773
4.60332
4.56683
4.52807
4.48662
4.44228
4.39548
4.34659
4.29604
4.24403
4.19078
4.13645
4.0812
4.02514
3.96841
3.91115
3.85345
3.79545
3.73725
3.67903
3.62095
3.56313
3.50573
3.44889
3.39264
3.33721
3.28246
3.22873
3.17586
3.12405
3.07299
3.02289
2.97367
2.92539
2.87796
2.8314
2.78561
2.74073
2.69659
2.65338
2.61075
2.5691
2.52787
2.48771
2.44788
2.40924
2.3711
2.33436
2.29926
2.26718
2.24246
3.96788
3.07964
2.40494
1.91404
1.57762
1.34967
1.20567
1.10471
1.05034
1.05058
1.05792
1.07949
1.12394
1.17437
1.22271
1.25842
1.28068
1.29295
1.29978
1.30427
1.3081
1.3121
1.31582
1.32166
1.33352
1.36024
1.41788
1.55344
1.8576
2.5572
3.45677
3.82354
4.03462
4.14442
4.18881
4.20877
4.21759
4.24187
4.29566
4.37976
4.47151
4.54916
4.60522
4.63769
4.65238
4.65392
4.65221
4.64699
4.63532
4.61193
4.5794
4.54342
4.50534
4.46501
4.42213
4.37677
4.32923
4.27979
4.22879
4.17651
4.1231
4.06864
4.01335
3.9573
3.90066
3.84352
3.78601
3.72833
3.67058
3.613
3.55565
3.49874
3.44218
3.38648
3.33154
3.27733
3.22394
3.17133
3.1197
3.06886
3.01895
2.9699
2.92178
2.8745
2.82811
2.78248
2.73774
2.69367
2.65057
2.60798
2.56645
2.52528
2.48526
2.44549
2.40694
2.36882
2.33201
2.29663
2.26411
2.23763
4.27459
3.50194
2.85212
2.33747
1.9506
1.66617
1.45618
1.30612
1.19028
1.12074
1.08676
1.08796
1.09586
1.11567
1.15551
1.19401
1.23502
1.26676
1.2879
1.30075
1.30749
1.3112
1.31327
1.31652
1.32381
1.33861
1.37545
1.45385
1.64746
2.07789
3.04874
3.94337
4.57337
4.64137
4.61169
4.51889
4.35343
4.2615
4.26523
4.2847
4.33079
4.41267
4.49272
4.54881
4.58368
4.60043
4.60296
4.60093
4.59431
4.57948
4.55158
4.51705
4.4793
4.43946
4.39784
4.35409
4.30829
4.26046
4.21097
4.15997
4.10769
4.05422
3.99981
3.94451
3.88856
3.83204
3.77512
3.71802
3.66083
3.60391
3.54715
3.49088
3.43522
3.38001
3.3255
3.2717
3.21871
3.16643
3.11507
3.06447
3.0148
2.96593
2.91798
2.87084
2.8246
2.7791
2.7345
2.69053
2.64754
2.60504
2.56361
2.52252
2.4826
2.44288
2.40442
2.36628
2.32948
2.29382
2.26108
2.23339
4.50524
3.8373
3.23627
2.72388
2.31042
1.98681
1.7363
1.54513
1.39861
1.2864
1.2024
1.15314
1.12871
1.12983
1.13653
1.15312
1.18467
1.21791
1.25342
1.28181
1.3013
1.31256
1.31803
1.3202
1.32446
1.33453
1.35611
1.41098
1.53
1.82551
2.47022
3.86049
5.25311
5.27296
5.17004
4.90738
4.58677
4.37183
4.26694
4.25012
4.25636
4.28035
4.33292
4.39859
4.45967
4.50535
4.53252
4.54015
4.53838
4.53158
4.51582
4.48537
4.44919
4.40986
4.36884
4.32611
4.28237
4.23633
4.18887
4.13962
4.08888
4.03664
3.9833
3.92887
3.87371
3.81789
3.76162
3.70521
3.64863
3.59247
3.53652
3.48104
3.42592
3.37135
3.31733
3.26398
3.21139
3.15946
3.10844
3.05811
3.00874
2.96009
2.91238
2.86542
2.81939
2.77405
2.72966
2.68584
2.64302
2.60066
2.55937
2.51841
2.4786
2.43902
2.40067
2.36259
2.32592
2.29011
2.25735
2.22912
4.67533
4.09795
3.55339
3.06131
2.64055
2.29445
2.01397
1.79028
1.61134
1.46866
1.35674
1.2665
1.20512
1.16876
1.15286
1.15415
1.16045
1.17551
1.20193
1.22982
1.26018
1.2847
1.30204
1.31309
1.31976
1.32935
1.34799
1.39434
1.48605
1.72478
2.22908
3.38228
5.62084
5.89077
5.7397
5.39309
4.9761
4.63761
4.41459
4.28687
4.23248
4.22955
4.23486
4.2553
4.29995
4.362
4.41634
4.451
4.46862
4.46764
4.46247
4.44811
4.41895
4.3821
4.34156
4.2984
4.2552
4.21032
4.16456
4.11719
4.06828
4.01754
3.96548
3.91203
3.85776
3.8026
3.74707
3.69137
3.636
3.5805
3.52534
3.47048
3.41604
3.36202
3.30858
3.25567
3.20355
3.152
3.10138
3.05135
3.00234
2.95392
2.90652
2.85972
2.81394
2.76874
2.72455
2.68087
2.63821
2.59598
2.55481
2.51399
2.47427
2.43484
2.39658
2.35859
2.32206
2.28614
2.25354
2.22502
4.79656
4.29153
3.80269
3.3417
2.92932
2.57572
2.27815
2.03244
1.83002
1.66483
1.52934
1.42093
1.3307
1.26153
1.21462
1.18599
1.17463
1.17587
1.18141
1.19426
1.21618
1.24108
1.26817
1.29172
1.31048
1.32835
1.353
1.40521
1.51073
1.74224
2.22166
3.20162
4.84129
5.81764
5.7899
5.651
5.35297
5.01229
4.6902
4.46149
4.3127
4.22378
4.19179
4.19112
4.19669
4.21677
4.25973
4.31344
4.35695
4.38092
4.38694
4.38402
4.37375
4.3511
4.3143
4.27217
4.22791
4.18287
4.13757
4.09142
4.04408
3.99498
3.94446
3.89228
3.83908
3.7848
3.73043
3.67559
3.62099
3.56629
3.51198
3.45773
3.404
3.35049
3.29767
3.24521
3.19361
3.14247
3.0923
3.04263
2.99398
2.94588
2.89877
2.85227
2.80671
2.76179
2.71777
2.67436
2.63185
2.58987
2.54885
2.50827
2.46869
2.42948
2.39137
2.35356
2.31724
2.28126
2.24933
2.22012
4.89436
4.44147
3.99753
3.56987
3.17473
2.82447
2.52077
2.26227
2.04388
1.86084
1.70729
1.57947
1.47222
1.38379
1.30952
1.25579
1.21929
1.19636
1.18804
1.18929
1.19448
1.20635
1.2272
1.25175
1.28059
1.31522
1.35923
1.44115
1.60649
1.94095
2.62099
3.26256
3.94563
4.75199
5.35456
5.49117
5.43706
5.27831
4.98505
4.7501
4.52203
4.35101
4.24134
4.17594
4.15093
4.14807
4.15307
4.17123
4.21063
4.25599
4.28704
4.30118
4.30018
4.29421
4.27836
4.24541
4.20351
4.15759
4.11131
4.06483
4.01789
3.96989
3.92084
3.87015
3.81832
3.7654
3.71223
3.65853
3.60492
3.55109
3.49758
3.44401
3.39095
3.33802
3.28581
3.23389
3.18282
3.13216
3.08245
3.0332
2.98494
2.93721
2.89041
2.84426
2.79892
2.75435
2.71047
2.66742
2.62501
2.58339
2.54244
2.50219
2.4627
2.42377
2.38578
2.34819
2.31203
2.27612
2.2447
2.21491
4.96476
4.55711
4.15524
3.75865
3.3845
3.0438
2.74108
2.47687
2.24848
2.05278
1.88545
1.74283
1.62156
1.51805
1.43173
1.35676
1.29664
1.25209
1.22212
1.20299
1.19938
1.20161
1.20912
1.22585
1.2587
1.30612
1.37897
1.51834
1.78973
2.33469
2.9665
3.28861
3.56483
3.90827
4.37387
4.86624
5.16589
5.15713
5.09895
4.95759
4.73745
4.56661
4.3976
4.25725
4.17187
4.12489
4.10376
4.09979
4.10484
4.12126
4.15552
4.18796
4.20865
4.21245
4.20922
4.19835
4.17413
4.13284
4.08721
4.03946
3.99129
3.94302
3.89464
3.8452
3.79499
3.74377
3.69206
3.63967
3.58714
3.53422
3.4815
3.42863
3.37624
3.32394
3.27235
3.221
3.1705
3.12034
3.07114
3.02234
2.97451
2.92716
2.88075
2.83494
2.78992
2.74568
2.70205
2.65933
2.61711
2.57583
2.53503
2.49512
2.45575
2.41717
2.37932
2.34203
2.30605
2.27027
2.23891
2.20928
5.02339
4.65207
4.28577
3.91892
3.56646
3.23891
2.9414
2.6763
2.44248
2.238
2.06033
1.90583
1.77252
1.65647
1.55693
1.47013
1.39612
1.33194
1.28245
1.24702
1.22156
1.21779
1.22081
1.23196
1.2576
1.31364
1.42553
1.65054
2.10169
2.74548
3.11769
3.29132
3.39581
3.51
3.69797
3.97859
4.35106
4.66908
4.88088
4.86892
4.82169
4.72
4.55093
4.4195
4.29618
4.18075
4.10839
4.07166
4.0508
4.04269
4.04737
4.06105
4.08862
4.11044
4.11958
4.11811
4.1114
4.09476
4.06087
4.01629
3.96721
3.91736
3.86822
3.81912
3.76988
3.71998
3.66971
3.6187
3.56744
3.51563
3.46387
3.41186
3.36026
3.30866
3.25776
3.20703
3.15717
3.10757
3.05893
3.01061
2.96328
2.91634
2.87037
2.82489
2.78028
2.73631
2.69303
2.65059
2.60866
2.56766
2.5271
2.48748
2.44832
2.41004
2.37236
2.33545
2.29948
2.26422
2.23207
2.20328
5.07286
4.73191
4.3968
4.05782
3.72619
3.41299
3.12334
2.86033
2.62448
2.41443
2.22915
2.0654
1.92219
1.79563
1.68556
1.58829
1.50376
1.43045
1.36579
1.31334
1.27186
1.25641
1.25945
1.27223
1.30634
1.38402
1.54795
1.88245
2.49865
2.97533
3.16434
3.25561
3.28976
3.31778
3.36765
3.46452
3.62911
3.86413
4.1721
4.43843
4.62392
4.62857
4.60223
4.53328
4.39924
4.29154
4.19747
4.10909
4.04168
4.00661
3.9875
3.9777
3.98097
3.99044
4.00907
4.0224
4.02241
4.0193
4.00899
3.986
3.94331
3.89505
3.84437
3.79376
3.74378
3.69408
3.64463
3.59489
3.54505
3.49462
3.44412
3.39321
3.34258
3.29184
3.24172
3.19168
3.14251
3.0935
3.04546
2.99764
2.95086
2.90436
2.85891
2.81378
2.76967
2.72598
2.68315
2.64093
2.59941
2.55864
2.51841
2.47904
2.44014
2.40216
2.36472
2.32811
2.29237
2.25742
2.22531
2.19641
5.12282
4.80498
4.49181
4.17751
3.86687
3.56839
3.2882
3.02927
2.79355
2.58055
2.38978
2.21914
2.06803
1.93283
1.81406
1.70765
1.61433
1.53155
1.45847
1.39799
1.34337
1.32483
1.32954
1.34975
1.40201
1.52589
1.77887
2.29767
2.81409
3.08576
3.17069
3.19178
3.19549
3.19366
3.19593
3.21045
3.25086
3.33929
3.5006
3.72982
3.98961
4.22286
4.38417
4.42849
4.41248
4.36781
4.27467
4.1754
4.09851
4.03033
3.97287
3.93785
3.91615
3.90452
3.90653
3.9124
3.92307
3.92764
3.92596
3.91929
3.90291
3.86926
3.82224
3.7711
3.71972
3.66901
3.61923
3.56985
3.52086
3.47159
3.42238
3.37272
3.32325
3.27354
3.22433
3.17509
3.12663
3.07829
3.03087
2.98365
2.93744
2.89144
2.84651
2.80179
2.75818
2.71479
2.67247
2.63046
2.58942
2.54886
2.50909
2.46994
2.43146
2.39366
2.35656
2.32013
2.28467
2.2499
2.21804
2.18895
5.16525
4.86878
4.57804
4.28359
3.9912
3.70665
3.43642
3.18323
2.94942
2.73549
2.54149
2.36565
2.20864
2.06636
1.94041
1.82652
1.72569
1.63563
1.55577
1.49005
1.43236
1.42662
1.43597
1.47209
1.56322
1.76971
2.19396
2.7305
3.0361
3.14281
3.16371
3.15849
3.13775
3.0953
3.06499
3.05469
3.0606
3.08184
3.13115
3.22921
3.36735
3.56269
3.7832
3.9924
4.14551
4.23433
4.22913
4.20813
4.16394
4.07697
4.00162
3.94438
3.89796
3.86226
3.83868
3.82517
3.82626
3.82959
3.83287
3.83198
3.82761
3.81564
3.78975
3.74523
3.69536
3.64435
3.59387
3.54409
3.49522
3.44658
3.39837
3.34993
3.30176
3.25331
3.20524
3.15705
3.10948
3.06195
3.01522
2.96865
2.92303
2.87761
2.83323
2.78898
2.7459
2.70288
2.66105
2.61946
2.57872
2.53841
2.49895
2.46003
2.42193
2.38438
2.34766
2.31146
2.27638
2.24177
2.21024
2.18104
5.20348
4.92435
4.65261
4.37562
4.09913
3.82829
3.56807
3.32173
3.09155
2.8783
2.68317
2.50411
2.34267
2.19555
2.0633
1.94403
1.83667
1.74099
1.65789
1.58642
1.55001
1.55494
1.57969
1.65045
1.8195
2.17393
2.73754
3.06845
3.18765
3.18687
3.17656
3.14787
3.09322
3.04336
3.00283
2.97359
2.95393
2.94647
2.95172
2.97019
3.01337
3.09516
3.21216
3.36471
3.55209
3.74328
3.90544
4.01876
4.06664
4.05863
4.03291
3.98591
3.91919
3.85971
3.81661
3.7835
3.75821
3.74289
3.73963
3.73997
3.73951
3.73646
3.72702
3.70548
3.6642
3.61722
3.56832
3.51884
3.46982
3.42112
3.37322
3.32546
3.27827
3.23095
3.18406
3.13699
3.09046
3.04385
2.99798
2.95214
2.90722
2.86241
2.8186
2.77491
2.73229
2.68981
2.64839
2.60722
2.56696
2.52704
2.48803
2.44945
2.41174
2.37448
2.33816
2.30222
2.26753
2.2331
2.20191
2.17269
5.24301
4.97435
4.71546
4.45454
4.19279
3.93423
3.6845
3.44523
3.22006
3.0091
2.81411
2.63409
2.4694
2.31924
2.18236
2.05862
1.94695
1.84721
1.76431
1.69803
1.69939
1.71628
1.77329
1.9153
2.21653
2.80512
3.17696
3.29807
3.2939
3.27285
3.22222
3.14189
3.07831
3.0237
2.97778
2.93951
2.90505
2.87611
2.85445
2.84035
2.84328
2.85516
2.88526
2.94452
3.04001
3.16202
3.32205
3.4971
3.66718
3.80255
3.89433
3.92062
3.91232
3.88828
3.83913
3.78348
3.7352
3.69959
3.67371
3.65671
3.6524
3.65058
3.64621
3.63607
3.61492
3.57978
3.53806
3.49229
3.44482
3.39645
3.34852
3.30076
3.25388
3.20717
3.1612
3.11517
3.06976
3.02422
2.97936
2.93443
2.89032
2.84624
2.80307
2.76001
2.7179
2.67598
2.63499
2.59429
2.55446
2.51499
2.47638
2.43818
2.40089
2.36397
2.32806
2.29241
2.25814
2.22391
2.19309
2.16391
5.27447
5.02277
4.77435
4.52378
4.27457
4.02763
3.78727
3.55593
3.33576
3.12854
2.93483
2.75499
2.58914
2.43648
2.29725
2.17015
2.05625
1.95765
1.87662
1.85625
1.86846
1.9181
2.04622
2.32861
2.899
3.33281
3.47116
3.46371
3.43183
3.35795
3.24629
3.15078
3.07735
3.0198
2.97137
2.92932
2.88621
2.84687
2.80991
2.77667
2.75189
2.7322
2.72859
2.7338
2.75183
2.79181
2.86659
2.96862
3.09935
3.25954
3.43025
3.59082
3.71125
3.78992
3.79852
3.78862
3.76295
3.70909
3.65163
3.61036
3.58033
3.56432
3.55565
3.54844
3.5382
3.51874
3.49074
3.45506
3.41436
3.3699
3.32388
3.27679
3.23009
3.18347
3.13779
3.09229
3.04765
3.00303
2.95914
2.91521
2.872
2.8288
2.78637
2.74405
2.70252
2.66122
2.62072
2.58055
2.54118
2.50219
2.46404
2.42626
2.38942
2.35286
2.3174
2.28205
2.24825
2.2141
2.18384
2.15471
5.3052
5.06331
4.8289
4.58948
4.34841
4.11089
3.87952
3.65552
3.44118
3.2377
3.0465
2.86763
2.70166
2.54814
2.4074
2.27931
2.16711
2.07194
2.02907
2.03791
2.07953
2.19598
2.46502
3.01639
3.52385
3.69012
3.68119
3.6418
3.55058
3.41158
3.28977
3.19151
3.11159
3.04345
2.9836
2.92899
2.88151
2.83781
2.79223
2.74973
2.71007
2.67406
2.64444
2.62176
2.60809
2.61085
2.62133
2.64683
2.69823
2.78098
2.89259
3.03673
3.20484
3.377
3.53281
3.6422
3.70698
3.69932
3.67703
3.64535
3.58692
3.5343
3.4973
3.47202
3.45547
3.44013
3.42194
3.39826
3.36869
3.33306
3.29332
3.25017
3.20563
3.16001
3.11474
3.06949
3.02517
2.98105
2.93781
2.89469
2.85232
2.81002
2.76841
2.72693
2.68612
2.64553
2.60564
2.56605
2.52723
2.48874
2.45109
2.41376
2.37739
2.34123
2.30622
2.27121
2.23785
2.20392
2.17409
2.14502
5.33382
5.10233
4.87684
4.64796
4.41852
4.18891
3.96393
3.74694
3.538
3.33895
3.15036
2.97338
2.80797
2.65484
2.51404
2.38892
2.28123
2.21597
2.22149
2.25583
2.36054
2.61276
3.14145
3.73429
3.94318
3.93408
3.89061
3.7872
3.62207
3.47583
3.35599
3.2552
3.16733
3.08905
3.01832
2.95306
2.89318
2.83721
2.78746
2.74092
2.69342
2.64891
2.60661
2.56877
2.53529
2.5107
2.49126
2.48936
2.49387
2.50903
2.54151
2.60744
2.70184
2.82569
2.9843
3.16476
3.34723
3.49349
3.6048
3.61064
3.59857
3.56751
3.50697
3.45226
3.41165
3.37855
3.35325
3.33025
3.30644
3.27952
3.24881
3.2133
3.1748
3.13318
3.09034
3.04641
3.00275
2.95905
2.91618
2.87353
2.83172
2.79014
2.74928
2.70861
2.6686
2.62879
2.58963
2.55072
2.51253
2.47461
2.43752
2.40067
2.3648
2.32908
2.29451
2.25991
2.22692
2.19341
2.16383
2.1348
5.36628
5.14033
4.92314
4.70316
4.48116
4.26181
4.04467
3.83228
3.62862
3.43345
3.24822
3.07332
2.90954
2.75807
2.62005
2.50362
2.41441
2.41677
2.44498
2.53945
2.77866
3.286
3.96546
4.2248
4.21615
4.16959
4.05325
3.86407
3.69533
3.55561
3.43708
3.33233
3.23782
3.15072
3.06978
2.99402
2.92334
2.85759
2.79673
2.74007
2.68884
2.64036
2.59157
2.54573
2.50201
2.46287
2.42754
2.39963
2.37805
2.36643
2.36899
2.37817
2.40023
2.44556
2.52141
2.63001
2.77572
2.95749
3.15696
3.3446
3.4871
3.5209
3.51057
3.48131
3.42354
3.36764
3.3232
3.28275
3.2501
3.22097
3.1929
3.16329
3.13193
3.0968
3.05953
3.01952
2.97839
2.93624
2.89425
2.85218
2.81081
2.7697
2.72938
2.68935
2.65004
2.61098
2.57258
2.53442
2.49694
2.45968
2.42321
2.38693
2.35157
2.31634
2.28221
2.24805
2.21543
2.18236
2.15303
2.12405
5.40464
5.18354
4.96895
4.75548
4.54168
4.3285
4.11939
3.9141
3.71462
3.5234
3.34113
3.16904
3.00808
2.86037
2.73262
2.63106
2.61889
2.64168
2.72777
2.95214
3.43542
4.21408
4.52907
4.52151
4.47353
4.3454
4.13176
3.94054
3.78237
3.64722
3.52764
3.4183
3.31664
3.22089
3.13094
3.04621
2.96685
2.89232
2.82265
2.75743
2.69606
2.63922
2.5874
2.53768
2.4885
2.44181
2.39759
2.35724
2.32115
2.29035
2.26755
2.25031
2.24948
2.25362
2.26693
2.29676
2.35665
2.45267
2.57969
2.75922
2.97189
3.19097
3.36821
3.42182
3.41313
3.38658
3.33306
3.27646
3.22939
3.18395
3.14623
3.11278
3.08186
3.05057
3.01878
2.98425
2.94785
2.90935
2.86992
2.82954
2.78927
2.74887
2.70913
2.66961
2.63086
2.59241
2.55467
2.51721
2.48043
2.44388
2.40805
2.37241
2.33761
2.30293
2.26927
2.23557
2.20336
2.17068
2.14169
2.11277
5.44266
5.22554
5.01812
4.81014
4.60067
4.39291
4.18896
3.99034
3.79673
3.60961
3.43091
3.26234
3.1062
2.96902
2.85823
2.82979
2.84992
2.93013
3.14096
3.59843
4.45452
4.84876
4.84311
4.79485
4.66079
4.42264
4.20945
4.03247
3.88125
3.74625
3.62284
3.50743
3.39864
3.29549
3.19818
3.10591
3.01898
2.93668
2.85925
2.78622
2.71776
2.65309
2.59273
2.53637
2.48462
2.4341
2.3851
2.33824
2.29412
2.25357
2.21713
2.18581
2.16037
2.14225
2.13198
2.13432
2.14314
2.16471
2.21026
2.29022
2.40745
2.57761
2.79927
3.05277
3.25555
3.31998
3.31221
3.2873
3.23557
3.17924
3.1308
3.08257
3.04208
3.00634
2.97364
2.94152
2.90928
2.8752
2.83984
2.80278
2.765
2.72637
2.68785
2.64919
2.6111
2.57324
2.53607
2.49921
2.46303
2.42715
2.39194
2.35697
2.32274
2.28868
2.25552
2.22234
2.19058
2.15829
2.12972
2.10091
5.48571
5.27011
5.06477
4.86072
4.65862
4.45757
4.25765
4.0627
3.87406
3.69265
3.5187
3.35591
3.21094
3.09161
3.05087
3.06918
3.14656
3.35336
3.80825
4.71436
5.18692
5.19449
5.14659
4.99876
4.73546
4.49937
4.30323
4.13505
3.98553
3.84807
3.71958
3.59781
3.48249
3.37267
3.2686
3.16954
3.07586
2.9868
2.90286
2.82304
2.74796
2.67699
2.61008
2.5471
2.48784
2.43252
2.38137
2.33089
2.28265
2.23648
2.19299
2.15297
2.11649
2.08502
2.05832
2.03885
2.0229
2.02389
2.02925
2.04436
2.07854
2.14792
2.25644
2.42064
2.64396
2.92454
3.14171
3.21451
3.2075
3.18371
3.1349
3.07904
3.02983
2.98093
2.93903
2.90208
2.86835
2.83576
2.80341
2.76996
2.73566
2.70005
2.66389
2.627
2.59019
2.55327
2.5168
2.48058
2.44494
2.40965
2.37499
2.34063
2.30698
2.27351
2.24092
2.20826
2.17704
2.14515
2.11706
2.08841
5.53447
5.315
5.10961
4.90967
4.712
4.51629
4.32367
4.13438
3.94956
3.77308
3.60636
3.45599
3.32987
3.27883
3.29578
3.37122
3.57739
4.04072
4.97581
5.54414
5.57674
5.52372
5.35956
5.07082
4.81095
4.59378
4.40832
4.24324
4.09204
3.95019
3.81611
3.68825
3.5667
3.45064
3.34039
3.23523
3.13557
3.04067
2.95079
2.86522
2.78448
2.70778
2.63521
2.5665
2.50159
2.44048
2.38283
2.32908
2.27911
2.22951
2.18239
2.13734
2.09497
2.05567
2.02025
1.98881
1.96202
1.94045
1.92343
1.91979
1.92319
1.93533
1.96349
2.02387
2.12435
2.28907
2.51101
2.80856
3.02874
3.1059
3.09931
3.07678
3.03122
2.9766
2.92726
2.87916
2.83717
2.79988
2.76588
2.73324
2.70122
2.66855
2.63539
2.60121
2.56658
2.53139
2.49618
2.46094
2.42603
2.39138
2.35727
2.32347
2.29036
2.25743
2.22543
2.19327
2.16267
2.13116
2.10365
2.07526
5.57101
5.35437
5.15344
4.95711
4.76429
4.57415
4.38707
4.20382
4.02636
3.85627
3.70117
3.57023
3.51099
3.52688
3.60132
3.80823
4.27916
5.23854
5.90154
5.97047
5.91514
5.74043
5.42754
5.14308
4.90538
4.70177
4.52083
4.35461
4.19918
4.0517
3.9115
3.77748
3.64988
3.52795
3.41192
3.30122
3.196
3.09584
3.00072
2.91025
2.82447
2.74275
2.6653
2.5917
2.522
2.45601
2.39362
2.33488
2.27928
2.22756
2.17876
2.13075
2.08507
2.04146
2.00063
1.96249
1.92841
1.89738
1.87092
1.84806
1.83106
1.82381
1.82624
1.83636
1.86087
1.91548
2.0112
2.17777
2.40714
2.71138
2.91927
2.99767
2.99142
2.96918
2.92519
2.87317
2.82474
2.77821
2.73711
2.7002
2.66648
2.63423
2.60281
2.57106
2.53899
2.50619
2.473
2.43937
2.40573
2.37203
2.33871
2.30552
2.27302
2.24058
2.20917
2.17749
2.14751
2.11639
2.08952
2.06144
5.60904
5.39357
5.19625
5.00518
4.81764
4.63303
4.4519
4.27509
4.10572
3.94745
3.81066
3.74611
3.76092
3.83409
4.04198
4.52249
5.51362
6.28265
6.38493
6.32652
6.1401
5.80184
5.494
5.23566
5.01433
4.81687
4.63565
4.46554
4.30451
4.1508
4.00437
3.86428
3.73093
3.6034
3.48207
3.36618
3.25614
3.15108
3.05141
2.95635
2.86611
2.78001
2.69832
2.62049
2.54671
2.47661
2.4102
2.34727
2.28771
2.23154
2.17839
2.1288
2.08136
2.03527
1.9913
1.94942
1.91027
1.87414
1.84121
1.81089
1.78486
1.76161
1.74488
1.73541
1.73747
1.74632
1.76923
1.8197
1.91422
2.0848
2.32245
2.63809
2.81759
2.89113
2.88486
2.86257
2.81906
2.77023
2.724
2.67941
2.63954
2.60346
2.57035
2.53879
2.5081
2.47732
2.44636
2.41483
2.38306
2.35085
2.31879
2.28652
2.25485
2.22303
2.19226
2.16108
2.13169
2.10105
2.07474
2.04701
5.65954
5.43951
5.24387
5.0577
4.87526
4.69611
4.5207
4.3512
4.19152
4.0527
3.9832
3.99731
4.06922
4.27783
4.76776
5.79058
6.68271
6.82131
6.75955
6.56082
6.19722
5.86387
5.58425
5.34442
5.13085
4.93405
4.74947
4.57394
4.40662
4.24653
4.09395
3.94801
3.80891
3.67605
3.54967
3.4292
3.31453
3.20527
3.10142
3.0023
2.90808
2.81814
2.73275
2.65126
2.57398
2.50034
2.43053
2.36407
2.30107
2.24135
2.18477
2.13126
2.08069
2.03333
1.98752
1.94348
1.90139
1.86153
1.82427
1.78991
1.75824
1.72893
1.70356
1.68056
1.66411
1.65384
1.65573
1.66416
1.68582
1.73554
1.83257
2.00488
2.24601
2.57076
2.72038
2.7849
2.77851
2.75748
2.71561
2.66977
2.62572
2.58324
2.54485
2.50988
2.47765
2.4469
2.41707
2.38722
2.35741
2.32707
2.29674
2.26589
2.23545
2.20458
2.17462
2.14414
2.11533
2.08538
2.0595
2.03214
5.71763
5.50129
5.29988
5.11574
4.93805
4.76367
4.59491
4.4358
4.29401
4.21954
4.23265
4.30306
4.51252
5.0112
6.06252
7.08185
7.26659
7.20406
7.00004
6.61201
6.25413
5.95233
5.69379
5.46316
5.2509
5.05075
4.86034
4.67805
4.50412
4.33768
4.17902
4.02744
3.88315
3.74546
3.61457
3.48967
3.37098
3.25775
3.15003
3.04724
2.94948
2.85614
2.76749
2.68283
2.60251
2.52585
2.45304
2.38373
2.31786
2.25513
2.19557
2.13902
2.08539
2.0346
1.98661
1.94152
1.8975
1.85543
1.81535
1.77771
1.7426
1.70978
1.67943
1.65122
1.62669
1.60434
1.58819
1.57827
1.58014
1.58887
1.6103
1.66166
1.76156
1.94326
2.18373
2.49989
2.62815
2.68233
2.67579
2.65539
2.61501
2.57251
2.53075
2.49035
2.45356
2.41972
2.38848
2.35857
2.32973
2.30074
2.27231
2.24299
2.21431
2.18476
2.15599
2.1265
2.09852
2.06927
2.04402
2.0171
5.70791
5.5749
5.37882
5.18498
5.00777
4.83748
4.67634
4.53299
4.45219
4.46453
4.53401
4.74482
5.25252
6.33304
7.51526
7.7373
7.67316
7.46175
7.04937
6.66495
6.33999
6.06166
5.81414
5.58549
5.36969
5.16349
4.96621
4.77722
4.59685
4.42437
4.26009
4.10321
3.95403
3.81169
3.67643
3.54743
3.42485
3.3079
3.19669
3.09055
2.98963
2.89329
2.80174
2.71434
2.63134
2.55203
2.47674
2.40484
2.33648
2.27125
2.20919
2.15008
2.09387
2.04042
1.98976
1.94157
1.89631
1.85297
1.81116
1.77122
1.73341
1.69801
1.66469
1.63344
1.60452
1.57748
1.55393
1.53253
1.51669
1.508
1.50997
1.51916
1.54214
1.59636
1.70255
1.88651
2.14264
2.42932
2.53801
2.58317
2.57654
2.55692
2.51832
2.47877
2.4393
2.4009
2.36571
2.33305
2.30295
2.2739
2.24627
2.21824
2.19118
2.16323
2.13596
2.10785
2.08099
2.05276
2.02831
2.00205
5.62635
5.58544
5.48107
5.28172
5.09035
4.92194
4.77438
4.68215
4.69286
4.76024
4.97085
5.48777
6.59594
7.9537
8.23433
8.16826
7.94761
7.51023
7.09667
6.74595
6.44712
6.18195
5.93745
5.70567
5.48388
5.27068
5.06652
4.87088
4.68427
4.506
4.33638
4.17453
4.02073
3.87408
3.7348
3.60198
3.4758
3.35543
3.24101
3.13183
3.02805
2.929
2.8349
2.74504
2.6597
2.57812
2.50063
2.42648
2.35599
2.28856
2.22436
2.16304
2.10464
2.04896
1.99601
1.94561
1.89781
1.85246
1.80969
1.76821
1.72854
1.69095
1.65549
1.62203
1.59049
1.56077
1.53333
1.50749
1.48492
1.46477
1.44917
1.44254
1.44477
1.45445
1.48022
1.5375
1.65204
1.8331
2.09998
2.35572
2.44918
2.48733
2.4807
2.46232
2.42575
2.38867
2.35141
2.31502
2.28151
2.25019
2.22135
2.19352
2.16702
2.14037
2.11453
2.08796
2.06252
2.03562
2.01224
1.98706
5.33166
5.52588
5.48543
5.38309
5.18907
5.0188
4.90961
4.91864
4.98415
5.19638
5.72489
6.86831
8.39093
8.74906
8.68019
8.44719
7.98112
7.53971
7.16586
6.84736
6.56545
6.30481
6.05743
5.81935
5.59031
5.36995
5.15911
4.95738
4.76521
4.58179
4.40741
4.24102
4.08296
3.93236
3.7894
3.6531
3.5236
3.40005
3.28266
3.17067
3.06431
2.96282
2.86646
2.77442
2.68701
2.60339
2.52395
2.44784
2.37547
2.3061
2.24006
2.17683
2.11657
2.05899
2.00413
1.95182
1.90201
1.85469
1.80963
1.76719
1.72633
1.68715
1.6499
1.61469
1.5813
1.54965
1.51987
1.49162
1.4656
1.44106
1.41935
1.40075
1.38561
1.38111
1.38394
1.395
1.42377
1.48603
1.60839
1.80221
2.05976
2.28154
2.36521
2.39536
2.38906
2.37176
2.33729
2.30258
2.26759
2.23329
2.20156
2.1718
2.14434
2.11784
2.09271
2.06728
2.04331
2.01763
1.99591
1.97197
4.41166
5.33452
5.44656
5.41012
5.31407
5.14876
5.15233
5.2128
5.42593
5.9757
7.16832
8.87035
9.32019
9.23838
8.9774
8.46442
7.99628
7.60044
7.2637
6.96492
6.68818
6.42402
6.16946
5.92351
5.68713
5.46018
5.24342
5.03631
4.8392
4.65118
4.47248
4.30221
4.14053
3.98634
3.83986
3.70018
3.56764
3.44123
3.32117
3.20665
3.09796
2.99427
2.89585
2.80194
2.71271
2.6273
2.54611
2.46828
2.39425
2.32318
2.25553
2.19062
2.12879
2.06957
2.01313
1.95918
1.90777
1.85872
1.81207
1.76766
1.72566
1.68542
1.64681
1.61009
1.57525
1.54211
1.51067
1.48076
1.45262
1.42586
1.40111
1.37803
1.35709
1.34016
1.32575
1.32383
1.32713
1.33942
1.37187
1.43844
1.56207
1.77326
2.02469
2.20903
2.28416
2.30825
2.30212
2.28583
2.25374
2.22138
2.18874
2.15657
2.12671
2.09853
2.0727
2.04737
2.02423
1.9996
1.97954
1.95667
2.52342
4.78592
5.33389
5.39578
5.38484
5.38203
5.44171
5.67324
6.27683
7.56603
9.40738
9.88965
9.79763
9.51744
8.96657
8.46486
8.04771
7.6937
7.3791
7.08578
6.8048
6.53266
6.26974
6.01637
5.77357
5.54118
5.31965
5.10811
4.90683
4.71486
4.53242
4.35847
4.19326
4.03575
3.8862
3.74361
3.6083
3.47925
3.35677
3.24
3.12927
3.0236
2.92327
2.82729
2.73628
2.64928
2.56659
2.48726
2.41176
2.33921
2.27012
2.20374
2.14052
2.07985
2.02206
1.96671
1.91397
1.8636
1.81559
1.76982
1.72623
1.68489
1.64538
1.60745
1.5714
1.53704
1.50428
1.47309
1.44345
1.41523
1.38862
1.36339
1.33981
1.31826
1.29815
1.28287
1.26955
1.27009
1.27458
1.28826
1.32537
1.39811
1.52816
1.74348
1.98647
2.14016
2.20752
2.22689
2.22084
2.2055
2.17594
2.14593
2.11563
2.0855
2.05776
2.03103
2.00735
1.98305
1.96347
1.94223
1.66384
3.54642
4.96288
5.3236
5.42947
5.57926
5.91116
6.63818
8.12628
10.019
10.493
10.3882
10.0766
9.47301
8.94687
8.51444
8.14797
7.81807
7.50674
7.20598
6.91433
6.63201
6.36059
6.10022
5.85156
5.61398
5.38777
5.17197
4.96677
4.77119
4.58542
4.40829
4.24004
4.07965
3.92737
3.78219
3.64437
3.51299
3.38839
3.26966
3.15697
3.04948
2.94754
2.85018
2.75768
2.66914
2.58497
2.50425
2.42745
2.35369
2.28349
2.21598
2.15169
2.08986
2.03096
1.97442
1.92055
1.86899
1.81984
1.7729
1.72817
1.68551
1.64496
1.60622
1.56908
1.53365
1.49985
1.46757
1.43682
1.40745
1.37957
1.35297
1.32783
1.30415
1.28171
1.26172
1.24263
1.22881
1.21792
1.219
1.22562
1.24151
1.28279
1.36194
1.49976
1.71917
1.94953
2.07629
2.13635
2.15192
2.14619
2.13169
2.10448
2.07671
2.04902
2.02095
1.99566
1.97083
1.95011
1.93079
1.39458
2.13754
4
5.07848
5.47252
5.98587
6.94701
8.80565
10.7724
11.1419
10.9965
10.5952
9.94578
9.41535
8.99032
8.61878
8.28003
7.95015
7.62702
7.31231
7.00871
6.71708
6.43833
6.17191
5.91833
5.67646
5.44637
5.22721
5.01902
4.82049
4.63179
4.45195
4.28113
4.11827
3.9636
3.81616
3.67615
3.54274
3.41622
3.29564
3.18128
3.07223
2.96878
2.87001
2.7762
2.68642
2.60107
2.51922
2.44132
2.36646
2.29519
2.22661
2.16134
2.0985
2.03874
1.98126
1.9266
1.87411
1.82415
1.77629
1.73069
1.68708
1.64552
1.60585
1.56785
1.53157
1.49693
1.46377
1.43213
1.40184
1.37299
1.3454
1.31918
1.29421
1.2705
1.24836
1.22718
1.20858
1.19105
1.17814
1.17083
1.1725
1.17922
1.20237
1.24441
1.33775
1.47694
1.69557
1.91229
2.0176
2.07132
2.08384
2.07869
2.06517
2.0403
2.01515
1.99039
1.96588
1.94494
1.93069
1.21741
1.53357
2.52188
4.42097
5.56203
6.97333
9.38047
11.6757
11.8955
11.6769
11.1308
10.4437
9.89876
9.4718
9.11041
8.77069
8.42284
8.07593
7.73712
7.4096
7.09577
6.79579
6.51003
6.23772
5.9788
5.73234
5.49841
5.2756
5.06413
4.86275
4.67144
4.48909
4.31589
4.15077
3.99399
3.84457
3.70274
3.56765
3.43948
3.31736
3.20154
3.09111
2.98635
2.88634
2.79136
2.70046
2.61404
2.53118
2.45233
2.37658
2.30447
2.2351
2.16909
2.10553
2.04508
1.98687
1.93155
1.87831
1.82771
1.77908
1.73282
1.68847
1.6462
1.60576
1.56712
1.5301
1.49469
1.46086
1.42848
1.39752
1.3679
1.33957
1.31253
1.28672
1.26213
1.23883
1.2166
1.19602
1.17633
1.15893
1.14355
1.13127
1.12799
1.13038
1.1388
1.16452
1.21183
1.31464
1.45965
1.67561
1.87577
1.96556
2.01338
2.02423
2.0198
2.0081
1.98697
1.96718
1.94924
1.93922
1.11361
1.28859
1.86131
3.00092
5.54465
9.52084
12.8731
12.822
12.4368
11.6529
10.9273
10.3869
9.96263
9.59752
9.24626
8.889
8.52547
8.1665
7.8181
7.48244
7.16168
6.85558
6.56463
6.28772
6.02497
5.77518
5.53836
5.31324
5.09972
4.89646
4.70355
4.51964
4.34485
4.17811
4.01968
3.86863
3.72523
3.58862
3.45902
3.33557
3.21848
3.10688
3.00102
2.89996
2.804
2.71221
2.62495
2.54129
2.46169
2.38522
2.31242
2.2424
2.17576
2.1116
2.05057
1.9918
1.93594
1.88214
1.83104
1.78182
1.73506
1.69003
1.64722
1.60607
1.56691
1.52928
1.49337
1.45896
1.42605
1.39452
1.36433
1.33543
1.30777
1.28134
1.2561
1.23207
1.20913
1.18754
1.16687
1.14778
1.1299
1.11352
1.10074
1.08931
1.08948
1.09265
1.10502
1.12965
1.188
1.2991
1.44769
1.65872
1.83984
1.92155
1.96517
1.98021
1.97824
1.97376
1.96839
1.97176
1.05989
1.26091
1.6066
2.84029
5.7552
12.6717
13.5348
13.11
12.2165
11.4676
10.9382
10.5212
10.16
9.7959
9.41389
9.02314
8.63546
8.25785
7.896
7.55128
7.22334
6.91104
6.61448
6.33264
6.06557
5.81203
5.57197
5.34398
5.1279
4.92234
4.72729
4.54147
4.36497
4.19672
4.03693
3.88469
3.74018
3.60255
3.47196
3.34756
3.22954
3.11706
3.01034
2.90849
2.8118
2.71935
2.6315
2.54731
2.46722
2.39031
2.31709
2.24668
2.17965
2.11513
2.05376
1.99463
1.93843
1.88426
1.8328
1.7832
1.73609
1.69067
1.64752
1.60594
1.56643
1.52841
1.49215
1.45726
1.42392
1.39191
1.36129
1.33195
1.30389
1.27704
1.25139
1.2269
1.20354
1.18136
1.16019
1.14028
1.12143
1.10366
1.0879
1.07263
1.06199
1.05369
1.05471
1.06071
1.07249
1.10699
1.16773
1.28769
1.44383
1.65181
1.81584
1.90267
1.9511
1.99071
2.01692
2.07224
1.05492
1.23954
1.56522
2.79099
6.01176
13.2938
12.9663
12.3036
11.7692
11.3961
11.0587
10.7252
10.3504
9.94459
9.52696
9.11196
8.70837
8.32001
7.94903
7.59683
7.26268
6.9455
6.64506
6.36013
6.09052
5.83497
5.59327
5.36395
5.14677
4.94028
4.74436
4.55774
4.38045
4.21142
4.05081
3.89772
3.75233
3.61383
3.48236
3.35716
3.23837
3.12519
3.01782
2.91541
2.81819
2.72527
2.63697
2.55239
2.47191
2.39467
2.32113
2.25042
2.1831
2.1183
2.05665
1.99726
1.9408
1.88638
1.83468
1.78482
1.73747
1.6918
1.64842
1.60656
1.56678
1.52841
1.49188
1.45665
1.42304
1.3907
1.35981
1.33016
1.30181
1.27466
1.24872
1.22393
1.20028
1.17776
1.15628
1.13595
1.11666
1.09838
1.0815
1.06526
1.0512
1.03852
1.02814
1.02549
1.02733
1.0346
1.05193
1.0904
1.16287
1.29553
1.46275
1.69131
1.86887
2.03211
2.13181
2.33466
1.05285
1.23223
1.55291
2.76468
6.09441
13.4558
12.8841
12.2894
11.9186
11.6203
11.2885
10.8934
10.4614
10.0205
9.58463
9.16012
8.75018
8.35687
7.9813
7.62321
7.28437
6.96388
6.66102
6.37438
6.10341
5.84676
5.60399
5.37373
5.1556
4.94824
4.75146
4.56405
4.386
4.21631
4.05509
3.90147
3.75559
3.61666
3.48479
3.35923
3.2401
3.12663
3.01896
2.9163
2.81884
2.72572
2.63724
2.55251
2.4719
2.39454
2.32089
2.2501
2.1827
2.11784
2.05611
1.99667
1.94014
1.88566
1.83389
1.78397
1.73656
1.6908
1.64735
1.6054
1.56555
1.52706
1.49047
1.45514
1.42149
1.38904
1.35809
1.32832
1.2999
1.27263
1.24661
1.22171
1.19796
1.17533
1.15375
1.13328
1.11383
1.09542
1.07813
1.06176
1.04663
1.0329
1.02019
1.01049
1.00512
1.00645
1.01172
1.02461
1.05579
1.11691
1.22195
1.43424
1.65509
2.09368
2.38521
2.96879
)
;

boundaryField
{
    inlet
    {
        type            fixedValue;
        value           uniform 1;
    }
    outlet
    {
        type            waveTransmissive;
        gamma           1.4;
        fieldInf        1;
        lInf            3;
        value           nonuniform List<scalar> 
40
(
2.24438
2.24166
2.23703
2.23228
2.22808
2.22385
2.21979
2.21492
2.20979
2.20422
2.19824
2.1914
2.18398
2.17611
2.16779
2.15904
2.14985
2.14018
2.12998
2.11924
2.10798
2.09614
2.08367
2.07055
2.05677
2.04241
2.02762
2.01266
1.99769
1.98275
1.9677
1.95242
1.93798
1.92657
1.92609
1.93422
1.96537
2.0606
2.31042
2.9154
)
;
    }
    bottom
    {
        type            symmetryPlane;
    }
    top
    {
        type            symmetryPlane;
    }
    obstacle
    {
        type            zeroGradient;
    }
    defaultFaces
    {
        type            empty;
    }
}


// ************************************************************************* //
