/*--------------------------------*- C++ -*----------------------------------*\
| =========                 |                                                 |
| \\      /  F ield         | OpenFOAM: The Open Source CFD Toolbox           |
|  \\    /   O peration     | Version:  2412                                  |
|   \\  /    A nd           | Website:  www.openfoam.com                      |
|    \\/     M anipulation  |                                                 |
\*---------------------------------------------------------------------------*/
FoamFile
{
    version     2.0;
    format      ascii;
    arch        "LSB;label=32;scalar=64";
    class       volScalarField;
    location    "2.5";
    object      T;
}
// * * * * * * * * * * * * * * * * * * * * * * * * * * * * * * * * * * * * * //

dimensions      [0 0 0 1 0 0 0];

internalField   nonuniform List<scalar> 
7000
(
1
1
1
1
1
1
1
1
1
1
1
1.00001
1.00001
1.00007
1.00009
1.00047
1.00059
1.00247
1.0037
1.01299
1.02822
1.08263
1.23545
1.60834
2.19065
2.56571
2.65647
2.64526
2.63605
2.63736
2.64492
2.65456
2.66491
2.6719
2.67928
2.69045
2.70572
2.71951
2.7273
2.73303
2.74236
2.75319
2.75961
2.76021
2.75755
2.75348
2.75154
2.75731
2.76492
2.77824
1
1
1
1
1
1
1
1
1
1
1
1.00001
1.00001
1.00006
1.00004
1.00037
1.00051
1.00199
1.00392
1.01286
1.02742
1.08475
1.23166
1.60338
2.19058
2.56396
2.657
2.64567
2.63691
2.6385
2.64583
2.65428
2.6634
2.6696
2.67651
2.68753
2.70312
2.71759
2.72614
2.73253
2.74226
2.7532
2.75955
2.7601
2.75736
2.75329
2.75136
2.7572
2.76446
2.77727
1
1
1
1
1
1
1
1
1
1
1
1.00001
1.00001
1.00008
1.00008
1.00046
1.00045
1.00225
1.00367
1.00972
1.03057
1.07031
1.24143
1.6162
2.17567
2.56557
2.65822
2.64528
2.63641
2.63786
2.64565
2.65422
2.66384
2.6706
2.6779
2.68893
2.70415
2.7181
2.72622
2.73241
2.74207
2.75298
2.75923
2.7597
2.75684
2.75279
2.75093
2.75687
2.76412
2.77676
1
1
1
1
1
1
1
1
1
1
1
1.00001
1.00001
1.00008
1.00008
1.00042
1.00049
1.00206
1.00398
1.01226
1.02705
1.075
1.23133
1.60849
2.16242
2.56225
2.66039
2.64646
2.63651
2.63776
2.6451
2.6537
2.66329
2.67003
2.67745
2.68863
2.70395
2.71795
2.72603
2.73208
2.74163
2.75239
2.75849
2.7589
2.756
2.75201
2.75023
2.75623
2.76316
2.77576
1
1
1
1
1
1
1
1
1
1
1
1.00001
1.00001
1.00008
1.00008
1.00044
1.00053
1.00221
1.00316
1.01177
1.02907
1.07194
1.22849
1.57328
2.15844
2.55596
2.66108
2.64684
2.63738
2.63854
2.64479
2.65324
2.66222
2.66898
2.67704
2.68873
2.70414
2.71805
2.72594
2.73166
2.74089
2.75153
2.75761
2.75803
2.75503
2.7508
2.74885
2.75479
2.76206
2.77385
1
1
1
1
1
1
1
1
1
1
1
1.00001
1.00001
1.00008
1.00007
1.00043
1.00048
1.00214
1.00359
1.01196
1.02596
1.06637
1.22149
1.58264
2.13798
2.55097
2.66347
2.64713
2.63716
2.63783
2.64357
2.65183
2.66067
2.66788
2.67673
2.68899
2.70439
2.71802
2.72556
2.73085
2.73976
2.75029
2.75644
2.75691
2.75397
2.7495
2.74738
2.75299
2.76008
2.77207
1
1
1
1
1
1
1
1
1
1
1
1.00001
1.00001
1.00008
1.00008
1.00046
1.00043
1.00254
1.00297
1.01447
1.02082
1.07042
1.21034
1.549
2.11419
2.5457
2.66586
2.64705
2.63826
2.63824
2.64355
2.65131
2.65994
2.66751
2.67704
2.68954
2.70457
2.71775
2.72499
2.72996
2.73829
2.74828
2.75417
2.75465
2.75201
2.74768
2.74538
2.75132
2.75826
2.769
1
1
1
1
1
1
1
1
1
1
1
1.00001
1.00001
1.00008
1.00008
1.00043
1.00055
1.00223
1.00325
1.01246
1.02088
1.08424
1.18604
1.55019
2.06731
2.54081
2.66966
2.64807
2.63864
2.63707
2.64191
2.64964
2.65909
2.66758
2.67767
2.69006
2.70446
2.71704
2.72401
2.7289
2.7371
2.74663
2.75198
2.75219
2.74938
2.74522
2.74261
2.74742
2.75493
2.76695
1
1
1
1
1
1
1
1
1
1
1
1.00001
1.00001
1.00007
1.00009
1.0004
1.00048
1.00222
1.00323
1.0112
1.02104
1.06883
1.18523
1.52036
2.05126
2.52627
2.67097
2.64677
2.63683
2.63369
2.6387
2.64818
2.65907
2.66884
2.67916
2.69101
2.70412
2.71541
2.72162
2.72639
2.73482
2.74457
2.7497
2.74978
2.74629
2.742
2.74003
2.74498
2.75136
2.76241
1
1
1
1
1
1
1
1
1
1
1
1.00001
1.00001
1.00007
1.00009
1.0004
1.00053
1.00223
1.00263
1.01267
1.01762
1.0637
1.17675
1.4792
2.00169
2.50464
2.67644
2.64956
2.63852
2.6333
2.63931
2.64917
2.66033
2.67015
2.68015
2.69121
2.70371
2.71415
2.7195
2.72331
2.73105
2.74061
2.74616
2.7465
2.74346
2.73807
2.73487
2.73917
2.74752
2.75904
1
1
1
1
1
1
1
1
1
1
1
1.00001
1.00001
1.00007
1.00008
1.00037
1.00043
1.00206
1.00266
1.01021
1.0202
1.06083
1.16567
1.43746
1.961
2.48972
2.68079
2.65037
2.64404
2.63838
2.64667
2.65508
2.66286
2.67015
2.67952
2.69052
2.7027
2.7129
2.71796
2.72103
2.72734
2.73622
2.74141
2.74166
2.73891
2.73437
2.73142
2.7357
2.74075
2.75179
1
1
1
1
1
1
1
1
1
1
1
1.00001
1.00001
1.00008
1.00007
1.00042
1.00036
1.00221
1.00233
1.01145
1.01547
1.06418
1.15993
1.39836
1.93027
2.46996
2.68853
2.66046
2.65692
2.64899
2.65693
2.66051
2.66457
2.66802
2.6753
2.6867
2.6999
2.71055
2.71615
2.71914
2.72428
2.7316
2.73648
2.73665
2.73349
2.72825
2.72457
2.72767
2.73602
2.74634
1
1
1
1
1
1
1
1
1
1
1
1.00001
1.00002
1.00008
1.00008
1.00042
1.00044
1.00217
1.00245
1.01064
1.01462
1.05931
1.16096
1.37075
1.93269
2.48868
2.69466
2.65906
2.65234
2.64552
2.65466
2.65826
2.66153
2.66264
2.66584
2.6758
2.68977
2.70353
2.71163
2.71559
2.72025
2.72588
2.7289
2.72921
2.72748
2.72246
2.7188
2.72234
2.72634
2.73722
1
1
1
1
1
1
1
1
1
1
1.00001
1.00001
1.00005
1.00005
1.00027
1.00025
1.00144
1.0016
1.00656
1.00574
1.02804
1.00855
1.14374
1.33318
1.90147
2.51647
2.69322
2.65628
2.64232
2.6339
2.64042
2.64555
2.64974
2.65275
2.65769
2.66571
2.67879
2.69006
2.70193
2.70991
2.71636
2.72187
2.72302
2.72163
2.71745
2.7135
2.70922
2.7111
2.71914
2.72814
1
1
1
1
1
1
1
1
1
1
1.00001
1.00001
1.00006
1.00005
1.00032
1.00031
1.00176
1.00221
1.00949
1.00499
1.05287
0.918038
1.13971
1.31486
1.91874
2.51894
2.68143
2.64994
2.63734
2.62701
2.63127
2.63693
2.64153
2.64574
2.65253
2.65984
2.6696
2.6802
2.68681
2.69646
2.70696
2.7134
2.7157
2.71492
2.70978
2.7043
2.69993
2.70188
2.70442
2.71494
1
1
1
1
1
1
1
1
1
1
1.00001
1.00001
1.00005
1.00005
1.0003
1.00029
1.00167
1.00202
1.00904
1.00377
1.04889
0.912832
1.12672
1.29454
1.90862
2.54035
2.67855
2.64419
2.63551
2.62396
2.62716
2.63282
2.63775
2.64269
2.64964
2.6569
2.66523
2.67442
2.68097
2.68597
2.6971
2.7053
2.70592
2.70431
2.69875
2.69124
2.68585
2.68506
2.69204
2.69897
1
1
1
1
1
1
1
1
1
1
1.00001
1.00001
1.00004
1.00004
1.00024
1.00024
1.00129
1.00153
1.00705
1.00132
1.04487
0.906697
1.11416
1.27556
1.90155
2.60372
2.66217
2.62793
2.62428
2.61398
2.61682
2.62338
2.63109
2.63822
2.64592
2.6521
2.6581
2.6653
2.67081
2.67436
2.68009
2.693
2.69704
2.69544
2.68668
2.67856
2.67027
2.6704
2.66822
2.67745
1
1
1
1
1
1
1
1
1
1
1.00001
1.00001
1.00003
1.00003
1.00017
1.00018
1.00095
1.00111
1.00536
0.999651
1.03995
0.90778
1.10405
1.25126
1.86914
2.60029
2.65497
2.61912
2.61561
2.60477
2.60693
2.61276
2.6202
2.62808
2.63774
2.6462
2.65168
2.65575
2.66005
2.66094
2.66254
2.66706
2.67688
2.6792
2.67437
2.66008
2.65012
2.64257
2.64603
2.64545
1
1
1
1
1
1
1
1
1
1
1
1
1.00002
1.00002
1.00012
1.00013
1.00063
1.0007
1.00375
0.998085
1.03491
0.910092
1.09337
1.22411
1.82799
2.58474
2.62303
2.62094
2.60695
2.59801
2.60024
2.6071
2.61346
2.61891
2.62349
2.6325
2.63885
2.64373
2.64776
2.65064
2.65048
2.64968
2.65214
2.65541
2.65324
2.64381
2.62381
2.61544
2.59911
2.59671
1
1
1
1
1
1
1
1
1
1
1
1
1.00001
1.00001
1.00006
1.00008
1.00033
1.00037
1.00215
0.997182
1.02999
0.914001
1.08269
1.19645
1.77685
2.55141
2.60083
2.60959
2.59768
2.58769
2.58943
2.59703
2.60516
2.61149
2.61482
2.61863
2.62347
2.62586
2.62939
2.63218
2.63261
2.63183
2.6287
2.6281
2.62453
2.61477
2.59335
2.5675
2.54546
2.47965
1
1
1
1
1
1
1
1
1
1
1
1
1.00001
1.00001
1.00003
1.00004
1.00019
0.99999
1.00118
0.996336
1.02421
0.920514
1.06987
1.16512
1.70248
2.48353
2.56715
2.5961
2.58539
2.57849
2.58037
2.58938
2.59817
2.60591
2.60957
2.61232
2.6134
2.61304
2.61185
2.60987
2.60763
2.6043
2.60067
2.59109
2.58493
2.5719
2.54067
2.49874
2.41876
2.29658
1
1
1
1
1
1
1
1
1
1
1
1
1
1
1
0.999993
1
0.999828
1.0001
0.998258
1.00624
0.956376
1.05165
1.03645
1.63755
2.42931
2.48717
2.54968
2.5489
2.55336
2.5591
2.57221
2.57989
2.58833
2.59488
2.59979
2.60243
2.60165
2.59926
2.5943
2.58765
2.57691
2.56567
2.55576
2.53407
2.51936
2.48928
2.43418
2.3508
2.20657
1
1
1
1
1
1
1
1
1
1
1
1
1
1.00001
1.00002
1.00009
0.999981
1.00079
0.998208
1.00191
1.01124
0.986486
1.06297
1.06666
1.50492
2.22336
2.43297
2.50552
2.49464
2.49808
2.50244
2.51887
2.5368
2.54799
2.56044
2.56943
2.57874
2.58431
2.5838
2.58043
2.5735
2.56312
2.54172
2.52336
2.49767
2.45805
2.42642
2.36797
2.2944
2.1979
1
1
1
1
1
1
1
1
1
1
1
1
1
1.00001
1.00002
1.00009
1.00012
1.00048
1.00075
1.00243
1.00494
1.01217
1.03696
1.09351
1.30496
1.8117
2.28565
2.49685
2.4955
2.48932
2.4823
2.48676
2.49416
2.5
2.5078
2.51107
2.51717
2.52998
2.539
2.54868
2.54786
2.54282
2.52915
2.50446
2.4816
2.4359
2.3883
2.32927
2.2515
2.17582
1
1
1
1
1
1
1
1
1
1
1
1
1
1.00001
1.00001
1.00008
1.00008
1.00041
1.00056
1.00231
1.00329
1.01521
1.02028
1.08141
1.19398
1.55911
2.06487
2.428
2.49789
2.49136
2.48522
2.48217
2.48406
2.48549
2.48558
2.48576
2.48346
2.47975
2.47987
2.48184
2.48635
2.4899
2.48845
2.47788
2.46077
2.42566
2.37989
2.32383
2.25172
2.1792
1
1
1
1
1
1
1
1
1
1
1
1
1.00001
1.00001
1.00005
1.00004
1.00026
1.00026
1.0015
1.00189
1.00828
1.00407
1.04643
0.923025
1.12128
1.26227
1.80455
2.31809
2.50537
2.50251
2.49626
2.48229
2.48035
2.47785
2.4759
2.47076
2.46763
2.45827
2.45157
2.44312
2.43623
2.43196
2.42766
2.42088
2.40967
2.39416
2.36312
2.31886
2.25853
2.19361
1
1
1
1
1
1
1
1
1
1
1
1
1
1
1.00002
1.00002
1.0001
1.0001
1.00053
1.00064
1.00246
1.00386
1.01204
1.02611
1.06536
1.21809
1.59755
2.06762
2.42635
2.50872
2.50619
2.49829
2.48242
2.47335
2.46657
2.45976
2.45161
2.44505
2.43134
2.4222
2.40661
2.39598
2.38147
2.37214
2.35469
2.34095
2.31805
2.29491
2.25373
2.20146
1
1
1
1
1
1
1
1
1
1
1
1
1
1.00001
1.00001
1.00005
1.00005
1.00025
1.00031
1.00125
1.00203
1.00775
1.00667
1.04289
0.973392
1.12414
1.26828
1.76676
2.2416
2.46848
2.49861
2.49583
2.48893
2.47482
2.46636
2.46044
2.44863
2.44153
2.42648
2.41287
2.39557
2.37791
2.35877
2.33977
2.32074
2.29621
2.27576
2.2456
2.21945
2.18892
1
1
1
1
1
1
1
1
1
1
1
1
1
1
1
1.00001
1.00001
1.00004
1.00005
1.00028
1.00022
1.00214
0.997759
1.02382
0.931132
1.0676
1.15277
1.61977
2.31967
2.42219
2.47718
2.47184
2.47467
2.47006
2.4629
2.45913
2.45118
2.44179
2.42793
2.41284
2.39571
2.37606
2.3549
2.33201
2.30823
2.28145
2.25215
2.22298
2.18692
2.15513
1
1
1
1
1
1
1
1
1
1
1
1
1
1
1
1
1.00002
1.00002
1.00013
1.00013
1.00066
1.00083
1.00345
1.00505
1.01897
1.04046
1.16014
1.33636
1.99956
2.27042
2.43215
2.45503
2.44933
2.44918
2.44794
2.44575
2.44099
2.43407
2.42341
2.40989
2.39444
2.37613
2.35546
2.33312
2.3089
2.28194
2.25238
2.21998
2.18623
2.14966
1
1
1
1
1
1
1
1
1
1
1
1
1
1
1
1
1.00001
1.00001
1.00007
1.00008
1.00041
1.00047
1.00234
1.00296
1.01166
1.02446
1.06626
1.20313
1.54564
2.06598
2.33591
2.38547
2.38692
2.39281
2.40488
2.41599
2.41806
2.41628
2.4113
2.40131
2.38886
2.37355
2.35514
2.33404
2.31177
2.28608
2.25838
2.22503
2.19159
2.15523
1
1
1
1
1
1
1
1
1
1
1
1
1
1
1
1
1
1.00003
1.00003
1.0002
1.0002
1.00117
1.00139
1.0067
1.00171
1.03757
0.923292
1.10074
1.21668
1.7306
2.23368
2.36982
2.37077
2.36561
2.35803
2.35384
2.35502
2.3582
2.36217
2.36264
2.36086
2.35596
2.34594
2.33015
2.31151
2.28816
2.26497
2.23595
2.20465
2.17117
1
1
1
1
1
1
1
1
1
1
1
1
1
1
1
1
1
1.00001
1.00002
1.00007
1.00008
1.00038
1.00045
1.00177
1.00274
1.00754
1.01976
1.05279
1.15431
1.3676
1.85032
2.24064
2.38595
2.38347
2.37449
2.35655
2.34611
2.33503
2.32955
2.32156
2.31794
2.3126
2.30982
2.30546
2.29797
2.2835
2.26359
2.24144
2.21316
2.18709
1
1
1
1
1
1
1
1
1
1
1
1
1
1
1
1
1
1
1.00001
1.00001
1.00006
1.00008
1.00043
1.00045
1.00275
0.998844
1.02395
0.936354
1.0692
1.1563
1.58026
2.22512
2.33162
2.36799
2.369
2.35542
2.34252
2.32933
2.31794
2.30739
2.29536
2.28575
2.27531
2.26663
2.25984
2.25358
2.2466
2.23397
2.21319
2.1898
1
1
1
1
1
1
1
1
1
1
1
1
1
1
1
1
1
1
1
1.00002
1.00002
1.0001
1.00013
1.00055
1.00077
1.00301
1.00405
1.01626
1.03583
1.09997
1.28608
1.73071
2.12039
2.30892
2.34729
2.3433
2.33711
2.32576
2.31537
2.30427
2.29261
2.2781
2.26405
2.24972
2.23499
2.22401
2.21021
2.20182
2.19073
2.17916
1
1
1
1
1
1
1
1
1
1
1
1
1
1
1
1
1
1
1
1
1.00002
1.00003
1.00009
1.00024
1.00051
1.00236
1.00133
1.01679
0.969851
1.05793
1.19422
1.38077
2.04193
2.18554
2.24875
2.28504
2.28781
2.29384
2.29551
2.29334
2.28788
2.27687
2.26268
2.24811
2.2308
2.21444
2.19871
2.1809
2.16764
2.15111
1
1
1
1
1
1
1
1
1
1
1
1
1
1
1
1
1
1
1
1
1.00001
1.00001
1.00005
1.00007
1.00026
1.0003
1.0013
0.997984
1.01899
0.93416
1.06521
1.10813
1.55851
2.18
2.22675
2.25482
2.25859
2.25569
2.25255
2.25281
2.25501
2.25515
2.25173
2.24313
2.22837
2.21185
2.19531
2.17657
2.15754
2.13994
1
1
1
1
1
1
1
1
1
1
1
1
1
1
1
1
1
1
1
1
1
1.00002
1.00002
1.00009
1.0001
1.00043
1.00069
1.00259
1.00375
1.01383
1.02918
1.09449
1.22601
1.60809
1.97767
2.21049
2.24168
2.24172
2.23969
2.23358
2.22775
2.22216
2.21979
2.21856
2.21461
2.20501
2.19108
2.17436
2.15525
2.13693
1
1
1
1
1
1
1
1
1
1
1
1
1
1
1
1
1
1
1
0.999999
0.999999
0.999994
0.999993
0.999959
0.999999
0.999742
1.00058
0.999985
1.00559
1.00244
1.03378
0.933714
1.09123
1.19864
1.62685
2.06245
2.20863
2.22812
2.22472
2.22063
2.21248
2.20121
2.1946
2.18606
2.18179
2.17804
2.17363
2.16463
2.14997
2.13347
1
1
1
1
1
1
1
1
1
1
1
1
1
1
1
1
1
1
1
1
1
1
1
1.00002
1.00002
1.00012
1.00013
1.00062
1.00084
1.0024
1.00457
1.00957
1.04217
1.04807
1.32152
1.71034
2.02329
2.19029
2.2128
2.21116
2.20746
2.19786
2.18651
2.17599
2.1638
2.15476
2.14469
2.13748
2.12891
2.11917
1
1
1
1
1
1
1
1
1
1
1
1
1
1
1
1
1
1
1
1
1
1
1
1
1.00002
1.00001
1.00008
1.00014
1.00028
1.00103
1.00251
1.00877
1.00728
1.04369
1.02797
1.32804
1.71837
2.02205
2.16778
2.1857
2.18701
2.18619
2.18047
2.17138
2.16025
2.14835
2.1365
2.12279
2.11147
2.098
1
1
1
1
1
1
1
1
1
1
1
1
1
1
1
1
1
1
1
1
1
1
1
1
1.00001
1.00001
1.00006
1.00006
1.00034
1.00033
1.00174
1.00174
1.009
0.998826
1.05007
1.03576
1.33958
1.7192
2.01279
2.14748
2.15639
2.15311
2.15373
2.15082
2.14735
2.13972
2.13105
2.11845
2.10646
2.09292
1
1
1
1
1
1
1
1
1
1
1
1
1
1
1
1
1
1
1
1
1
1
1
1
1
1.00001
1.00001
1.00006
1.00007
1.0003
1.00033
1.00149
1.00134
1.00639
1.00973
1.02581
1.11837
1.25248
1.60545
1.95396
2.12136
2.13858
2.13476
2.13051
2.12143
2.11222
2.10704
2.10125
2.09376
2.08523
1
1
1
1
1
1
1
1
1
1
1
1
1
1
1
1
1
1
1
1
1
1
1
1
0.999999
0.999999
0.999994
0.999993
0.999959
0.999996
0.999739
1.00062
1.00009
1.00651
1.00564
1.0337
0.984976
1.09243
1.2406
1.5853
1.91308
2.11363
2.13967
2.13541
2.12732
2.11087
2.09761
2.08565
2.07508
2.06511
1
1
1
1
1
1
1
1
1
1
1
1
1
1
1
1
1
1
1
1
1
1
1
1
1
1
1
1
1.00002
1.00003
1.00005
1.00025
1.00008
1.00158
1.00126
1.00965
0.997612
1.04733
1.05546
1.3162
1.63239
1.9008
2.08459
2.12296
2.12227
2.11547
2.10103
2.0858
2.07173
2.0587
1
1
1
1
1
1
1
1
1
1
1
1
1
1
1
1
1
1
1
1
1
1
1
1
1
1
1
1
1.00001
1.00001
1.00004
1.00004
1.00022
1.0002
1.00125
1.00037
1.00586
1.00769
1.04008
1.08717
1.21375
1.5345
1.9067
2.05493
2.08819
2.09413
2.09233
2.08498
2.0711
2.05784
1
1
1
1
1
1
1
1
1
1
1
1
1
1
1
1
1
1
1
1
1
1
1
1
1
1
1
1
1
1
1.00001
1.00001
1.00007
0.999866
1.00074
1.00027
1.00466
1.00417
1.02976
0.977823
1.08514
1.17779
1.50498
1.89486
2.02783
2.06629
2.06773
2.06718
2.06198
2.05263
1
1
1
1
1
1
1
1
1
1
1
1
1
1
1
1
1
1
1
1
1
1
1
1
1
1
1
1
1
1
1.00001
1.00002
1.00003
1.00015
1.00017
1.00077
1.00115
1.00462
1.00363
1.02477
0.972192
1.07678
1.14793
1.45476
1.82239
1.98048
2.0429
2.04652
2.04439
2.03759
1
1
1
1
1
1
1
1
1
1
1
1
1
1
1
1
1
1
1
1
1
1
1
1
1
1
1
1
1
1
1
1
1.00002
1.00002
1.0001
1.00011
1.00051
1.0007
1.00228
1.00429
1.0135
1.02006
1.08406
1.15268
1.38686
1.6347
1.89955
2
2.01744
2.01393
1
1
1
1
1
1
1
1
1
1
1
1
1
1
1
1
1
1
1
1
1
1
1
1
1
1
1
1
1
1
1
1
1.00001
1.00001
1.00002
1.00007
1.00009
1.00042
1.00052
1.00189
1.00338
1.00961
1.01757
1.0504
1.12471
1.27934
1.54407
1.80873
1.96019
1.98314
1
1
1
1
1
1
1
1
1
1
1
1
1
1
1
1
1
1
1
1
1
1
1
1
1
1
1
1
1
1
1
1
1
1
1.00001
1.00001
1.00006
1.00009
1.00032
1.00042
1.00187
1.00243
1.00906
1.01329
1.0482
1.09409
1.21441
1.45537
1.74281
1.91239
1
1
1
1
1
1
1
1
1
1
1
1
1
1
1
1
1
1
1
1
1
1
1
1
1
1
1
1
1
1
1
1
1
1
1
1
1.00003
1.00003
1.00013
1.00013
1.00068
1.00072
1.00214
1.00585
1.00627
1.03604
1.04881
1.2024
1.42661
1.63407
1
1
1
1
1
1
1
1
1
1
1
1
1
1
1
1
1
1
1
1
1
1
1
1
1
1
1
1
1
1
1
1
1
1
1
1
1
1.00002
1.00002
1.00012
1.00011
1.00062
1.00072
1.00323
1.00252
1.01569
0.98056
1.05861
1.08273
1.33471
1
1
1
1
1
1
1
1
1
1
1
1
1
1
1
1
1
1
1
1
1
1
1
1
1
1
1
1
1
1
1
1
1
1
1
1
1
1
1
1.00002
1.00002
1.0001
1.00009
1.00047
0.99934
1.0063
0.977716
1.02042
1.03498
1.17482
1
1
1
1
1
1
1
1
1
1
1
1
1
1
1
1
1
1
1
1
1
1
1
1
1
1
1
1
1
1
1
1
1
1
1
1
1
1
1.00001
1.00001
1.00005
1.00004
1.00025
1.00027
1.00127
1.00146
1.00677
1.00586
1.0297
1.03495
1
1
1
1
1
1
1
1
1
1
1
1
1
1
1
1
1
1
1
1
1
1
1
1
1
1
1
1
1
1
1
1
1
1
1
1
1
1
1
1
1.00002
1.00002
1.00013
1.00014
1.00067
1.00078
1.00357
1.00283
1.0155
1.01953
1
1
1
1
1
1
1
1
1
1
1
1
1
1
1
1
1
1
1
1
1
1
1
1
1
1
1
1
1
1
1
1
1
1
1
1
1
1
1
1
1.00001
1.00001
1.00008
1.00008
1.0004
1.00043
1.0022
1.00167
1.00854
1.01055
1
1
1
1
1
1
1
1
1
1
1
1
1
1
1
1
1
1
1
1
1
1
1
1
1
1
1
1
1
1
1
1
1
1
1
1
1
1
1
1
1.00001
1.00003
1.00004
1.00015
1.00009
1.0008
0.998431
1.00239
1.00564
1.01447
1
1
1
1
1
1
1
1
1
1
1
1
1
1
1
1
1
1
1
1
1
1
1
1
1
1
1
1
1
1
1
1
1
1
1
1
1
1
1
1
1
0.999998
1.00002
0.999895
1.00012
1.00018
1.00084
1.00187
1.00524
1.01307
1
1
1
1
1
1
1
1
1
1
1
1
1
1
1
1
1
1
1
1
1
1
1
1
1
1
1
1
1
1
1
1
1
1
1
1
1
1
1
0.999999
1
0.99999
1.00001
0.999869
1.00009
1.00015
1.00082
1.00182
1.00478
1.01283
2.00354
1.90929
1.91468
2.00985
2.11228
2.24493
2.3216
2.39771
2.41993
2.4292
2.43176
2.44113
2.45393
2.47053
2.48469
2.49339
2.49993
2.50627
2.51073
2.51433
2.5177
2.52028
2.52442
2.53428
2.55693
2.60645
2.7125
2.90859
3.17092
3.23168
3.16563
3.24549
3.40984
3.43136
3.39782
3.34813
3.32867
3.31957
3.31226
3.30203
3.2907
3.2757
3.25142
3.23715
3.2176
3.20212
3.18237
3.16482
3.14246
3.1234
3.1009
3.08331
3.0624
3.04607
3.0254
3.00889
2.98894
2.97296
2.95399
2.93847
2.91975
2.90377
2.88431
2.86731
2.847
2.82993
2.81
2.79386
2.77523
2.76039
2.7433
2.72982
2.714
2.7017
2.68684
2.67546
2.66136
2.65071
2.63731
2.62724
2.61443
2.60498
2.59274
2.58392
2.57232
2.5641
2.55312
2.54553
2.53531
2.52834
2.51916
2.51274
2.50474
2.49888
2.49194
2.48689
2.48113
2.47787
2.47489
2.48034
1.99948
1.91709
1.88575
1.88548
1.88222
1.86786
1.85446
1.85874
1.88599
1.9227
1.95793
1.97375
1.97869
1.98191
1.98637
1.99238
1.9987
2.00386
2.00783
2.01066
2.01234
2.01371
2.01622
2.02291
2.0398
2.08055
2.17329
2.3846
2.7116
2.99818
3.09787
3.1388
3.19746
3.19127
3.14296
3.07958
3.02126
2.9755
2.93915
2.90635
2.87619
2.84937
2.82151
2.79763
2.77175
2.74924
2.72503
2.7041
2.68236
2.66315
2.6441
2.62863
2.61429
2.60258
2.59114
2.58093
2.5699
2.55987
2.54871
2.53909
2.52765
2.51754
2.50491
2.49402
2.48101
2.4699
2.457
2.44566
2.43248
2.42088
2.40745
2.39559
2.38199
2.36985
2.35611
2.34387
2.33024
2.31807
2.30477
2.29258
2.27961
2.26712
2.2543
2.2414
2.22838
2.21518
2.20176
2.18835
2.17465
2.16115
2.14715
2.13425
2.11981
2.10832
2.0938
2.08431
2.07043
2.06406
2.05278
2.05296
2.04436
1.96468
1.9025
1.84285
1.77958
1.72684
1.69882
1.70008
1.70742
1.72848
1.75824
1.78334
1.80187
1.81301
1.82004
1.82435
1.82723
1.82951
1.83158
1.83309
1.83431
1.83547
1.83704
1.84101
1.85112
1.87505
1.9315
2.05808
2.29478
2.65272
2.74879
2.83683
2.88131
2.88818
2.87198
2.82455
2.77896
2.74349
2.7169
2.69403
2.67352
2.65321
2.63173
2.61077
2.58614
2.56182
2.53428
2.50764
2.47882
2.45208
2.42629
2.4059
2.38764
2.37414
2.36195
2.35364
2.34565
2.34067
2.33465
2.33112
2.32582
2.32229
2.31646
2.3116
2.30481
2.29909
2.29268
2.28734
2.28204
2.27711
2.27162
2.26641
2.25954
2.25356
2.24502
2.23763
2.22757
2.21838
2.20715
2.19667
2.18481
2.17365
2.16168
2.15025
2.13808
2.12666
2.11392
2.10257
2.08883
2.07766
2.0625
2.05174
2.0351
2.02464
2.00742
1.99645
1.98097
1.96867
1.95796
1.94805
2.05991
1.98712
1.92049
1.85746
1.79758
1.74927
1.70581
1.67504
1.65891
1.6593
1.66272
1.67551
1.69412
1.71243
1.72755
1.73794
1.74394
1.7471
1.74906
1.7504
1.75205
1.75364
1.755
1.758
1.76416
1.77864
1.81062
1.88347
2.06042
2.30537
2.55998
2.67876
2.73211
2.74756
2.73727
2.7003
2.65569
2.62128
2.6012
2.58554
2.57341
2.55962
2.54531
2.53027
2.51023
2.4864
2.45968
2.43399
2.40621
2.38022
2.3546
2.33381
2.31514
2.30136
2.28914
2.28073
2.27292
2.26784
2.2622
2.25819
2.25285
2.24878
2.2433
2.2383
2.23193
2.22528
2.2182
2.21037
2.20329
2.19524
2.1884
2.18103
2.17428
2.16808
2.16121
2.15569
2.14871
2.14297
2.13559
2.12877
2.1207
2.11248
2.10341
2.09406
2.08378
2.07363
2.06192
2.05135
2.03783
2.02697
2.01147
2.00041
1.98299
1.97162
1.95372
1.94109
1.9254
1.91101
1.90021
1.8881
2.07078
1.99906
1.93494
1.8755
1.82045
1.76866
1.72355
1.68273
1.64848
1.62771
1.61839
1.6185
1.62242
1.63335
1.64912
1.66318
1.67647
1.68637
1.69249
1.69689
1.69914
1.70133
1.70273
1.7052
1.70898
1.71849
1.73634
1.78164
1.87826
2.09968
2.39689
2.55388
2.68491
2.68053
2.65164
2.60425
2.55081
2.5038
2.47699
2.45652
2.44533
2.43897
2.43143
2.42041
2.40493
2.38107
2.35384
2.32759
2.30334
2.28335
2.26664
2.25588
2.24804
2.24376
2.23934
2.23671
2.23278
2.23044
2.22644
2.22317
2.21742
2.21205
2.20457
2.19741
2.18883
2.18022
2.17137
2.16217
2.15414
2.14532
2.13832
2.13047
2.12374
2.11687
2.11013
2.10406
2.09737
2.09196
2.08537
2.08007
2.07355
2.06757
2.06072
2.05378
2.04576
2.03769
2.02782
2.01842
2.00593
1.99528
1.97985
1.96818
1.95032
1.93815
1.91961
1.90673
1.89053
1.87658
1.86548
1.85409
2.09229
2.01845
1.95198
1.89238
1.83689
1.78657
1.73999
1.69889
1.66234
1.63003
1.60541
1.59032
1.5843
1.58451
1.58776
1.59633
1.60862
1.62028
1.6326
1.64086
1.64732
1.65032
1.65302
1.65427
1.65752
1.66294
1.67666
1.70385
1.76997
1.90986
2.20757
2.47753
2.67463
2.65965
2.60779
2.55628
2.49462
2.44277
2.4049
2.38197
2.37233
2.36383
2.35686
2.34599
2.32456
2.29837
2.27507
2.25675
2.24403
2.23499
2.22824
2.22312
2.22036
2.21941
2.21773
2.21631
2.21299
2.21045
2.20519
2.20061
2.19289
2.18644
2.17725
2.16936
2.15927
2.1497
2.13961
2.12887
2.11986
2.10891
2.10111
2.09084
2.0838
2.0752
2.06847
2.06186
2.0554
2.05023
2.04395
2.03938
2.03317
2.02816
2.02182
2.01585
2.00823
2.0012
1.99122
1.98253
1.96995
1.9595
1.94441
1.93296
1.91613
1.90459
1.88733
1.87634
1.86064
1.8501
1.83889
1.83124
2.11626
2.04708
1.98215
1.92024
1.8645
1.81147
1.76504
1.72029
1.68223
1.64587
1.61578
1.5887
1.57149
1.55999
1.55706
1.55736
1.56065
1.56781
1.57797
1.58781
1.59831
1.60621
1.61228
1.61654
1.62103
1.62648
1.63851
1.66195
1.71285
1.82579
2.06149
2.33857
2.65928
2.63821
2.57024
2.51438
2.45249
2.39411
2.34605
2.31729
2.29725
2.28024
2.25977
2.24158
2.22099
2.21232
2.20827
2.2034
2.20056
2.19959
2.19989
2.2029
2.20421
2.20406
2.20288
2.20052
2.1952
2.19062
2.18143
2.17359
2.16152
2.152
2.13899
2.12876
2.11541
2.10522
2.09287
2.08355
2.07273
2.064
2.0544
2.04588
2.03718
2.02911
2.02113
2.01419
2.00661
2.00101
1.9935
1.98872
1.98092
1.97599
1.96747
1.96166
1.95196
1.94504
1.93402
1.92604
1.91401
1.9053
1.89268
1.88387
1.87106
1.86284
1.85015
1.84303
1.83101
1.82549
1.81556
1.81377
2.11877
2.06264
2.00561
1.94918
1.89575
1.84388
1.79733
1.75248
1.71283
1.6751
1.64304
1.61197
1.58736
1.56472
1.55204
1.54209
1.54072
1.54128
1.54452
1.55186
1.55998
1.57102
1.58011
1.59001
1.59735
1.60706
1.62118
1.64741
1.70391
1.8092
2.01118
2.21576
2.44353
2.52758
2.50689
2.47531
2.43515
2.38484
2.32613
2.28707
2.2523
2.2154
2.19029
2.17038
2.15774
2.15622
2.15887
2.16622
2.17295
2.17849
2.18586
2.19071
2.1909
2.18933
2.18495
2.17779
2.16751
2.15724
2.14303
2.13034
2.11435
2.10156
2.08595
2.07375
2.05923
2.04848
2.03562
2.02651
2.0151
2.00697
1.99645
1.98886
1.97905
1.97216
1.96318
1.9572
1.9489
1.94361
1.93564
1.93058
1.92272
1.91746
1.90965
1.90388
1.89598
1.88974
1.88152
1.87521
1.86651
1.86055
1.85145
1.84605
1.83698
1.83196
1.82344
1.81887
1.8108
1.80738
1.80044
1.80148
2.10386
2.0592
2.01249
1.96161
1.91503
1.86755
1.82355
1.78171
1.74259
1.70607
1.6725
1.64154
1.61367
1.58812
1.56691
1.55007
1.54007
1.5327
1.53247
1.53332
1.53673
1.54427
1.5536
1.56476
1.57743
1.59191
1.61559
1.65571
1.7431
1.87768
2.03539
2.13918
2.25215
2.35578
2.40521
2.40085
2.38124
2.34649
2.29569
2.25059
2.20392
2.1689
2.14725
2.13142
2.1283
2.12932
2.13262
2.13964
2.15097
2.16
2.1688
2.16883
2.16748
2.16409
2.1567
2.1447
2.12985
2.11432
2.09739
2.08225
2.0664
2.05424
2.04069
2.03084
2.01901
2.01054
2.0001
1.99281
1.98318
1.97647
1.96698
1.96036
1.95089
1.94434
1.93511
1.92885
1.91998
1.91417
1.90573
1.90019
1.89225
1.88667
1.87951
1.87354
1.86755
1.86109
1.85602
1.84948
1.84466
1.83845
1.83338
1.82794
1.82211
1.81786
1.81128
1.80796
1.80136
1.79864
1.79321
1.79491
2.09526
2.05151
2.0096
1.96568
1.92162
1.88002
1.83913
1.80016
1.76387
1.72867
1.6963
1.66555
1.63734
1.61138
1.58764
1.56635
1.54859
1.53571
1.5272
1.52324
1.52389
1.52567
1.53143
1.53992
1.55747
1.57664
1.61555
1.68187
1.80656
1.95106
2.04682
2.08
2.11786
2.16643
2.22366
2.27108
2.28978
2.27224
2.24963
2.22236
2.18853
2.16582
2.14397
2.12814
2.1215
2.12158
2.12317
2.12653
2.1299
2.13296
2.13593
2.13568
2.13247
2.12535
2.11478
2.10305
2.08992
2.07494
2.06047
2.04826
2.0373
2.02878
2.01937
2.01255
2.00374
1.99766
1.98913
1.98314
1.97465
1.9687
1.96007
1.954
1.94486
1.9385
1.92907
1.92276
1.91365
1.9078
1.89927
1.89385
1.88582
1.88046
1.87315
1.86736
1.86129
1.85471
1.85002
1.84296
1.83892
1.83191
1.82794
1.82121
1.81709
1.81111
1.80646
1.80197
1.79621
1.79349
1.78803
1.78935
2.09988
2.05393
2.01078
1.96856
1.92681
1.88672
1.8494
1.81238
1.7779
1.74501
1.71292
1.68384
1.65485
1.62956
1.60411
1.58261
1.56121
1.54387
1.52928
1.51968
1.5147
1.51559
1.51818
1.52517
1.54076
1.56996
1.62838
1.73638
1.88021
1.98466
2.02244
2.03524
2.03881
2.04866
2.06967
2.10406
2.14738
2.18105
2.20482
2.19861
2.19284
2.18207
2.16205
2.14883
2.1351
2.12169
2.11471
2.11022
2.10549
2.10063
2.09365
2.08656
2.07906
2.07312
2.06523
2.05866
2.05297
2.04711
2.03959
2.03177
2.02434
2.01758
2.01069
2.00543
1.99877
1.99406
1.98695
1.98197
1.97428
1.96888
1.96063
1.95478
1.9458
1.93953
1.92988
1.92345
1.91375
1.90769
1.89854
1.89304
1.88453
1.87932
1.87145
1.86606
1.8592
1.85302
1.84745
1.84038
1.8358
1.82841
1.82442
1.81702
1.81333
1.80635
1.80249
1.79635
1.79159
1.787
1.78148
1.78085
2.11511
2.06469
2.0177
1.97449
1.93344
1.89296
1.85632
1.82121
1.78764
1.75675
1.72566
1.69783
1.66893
1.64427
1.6176
1.59649
1.57294
1.55566
1.53541
1.52312
1.51143
1.51168
1.51437
1.52272
1.54247
1.58539
1.66564
1.80994
1.92099
1.98539
1.98861
1.98521
1.97444
1.96958
1.97613
1.99563
2.02881
2.07017
2.11824
2.1535
2.17633
2.17208
2.16849
2.15839
2.13876
2.12327
2.10564
2.08907
2.07122
2.05628
2.04457
2.03664
2.03209
2.03159
2.03237
2.03274
2.03212
2.03098
2.02876
2.02488
2.01934
2.01287
2.00663
2.00105
1.99484
1.98995
1.98309
1.97817
1.97073
1.96557
1.95754
1.95189
1.94305
1.9369
1.92733
1.92112
1.91134
1.90552
1.89606
1.89079
1.88184
1.87695
1.86847
1.86356
1.85567
1.85024
1.84333
1.83704
1.83113
1.82418
1.81899
1.81161
1.80682
1.79912
1.79425
1.78638
1.7807
1.77325
1.76698
1.76261
2.13619
2.08929
2.03907
1.98903
1.94622
1.90477
1.86576
1.83041
1.79624
1.76482
1.73499
1.70691
1.67941
1.65536
1.62903
1.60829
1.58405
1.56646
1.54505
1.5316
1.51715
1.51747
1.52131
1.53332
1.56417
1.62466
1.74909
1.86605
1.9354
1.95052
1.94852
1.93885
1.93287
1.93172
1.93501
1.94284
1.95636
1.98228
2.015
2.05442
2.09037
2.11618
2.13172
2.1259
2.11766
2.10256
2.08128
2.06028
2.04307
2.02988
2.01943
2.01423
2.01167
2.01203
2.01335
2.01515
2.01716
2.01703
2.01641
2.01489
2.01205
2.00642
2.00023
1.99358
1.9871
1.98128
1.9742
1.9688
1.96118
1.95581
1.94762
1.94197
1.93328
1.92739
1.91821
1.91233
1.90284
1.89722
1.88782
1.88272
1.87374
1.8692
1.86057
1.85621
1.84768
1.84307
1.83479
1.82946
1.82156
1.81521
1.80749
1.80002
1.7924
1.78417
1.77655
1.76803
1.76029
1.75198
1.74465
1.73925
2.1523
2.10974
2.06663
2.01844
1.96907
1.9267
1.8838
1.84611
1.81052
1.77671
1.74563
1.7174
1.68755
1.66481
1.63677
1.61721
1.59237
1.57467
1.55426
1.53935
1.52982
1.53138
1.53856
1.55931
1.60775
1.70417
1.82759
1.89768
1.92749
1.93083
1.92401
1.91969
1.91579
1.91297
1.91409
1.91742
1.92305
1.92801
1.93872
1.95603
1.97588
2.00061
2.02563
2.0453
2.05642
2.06081
2.05283
2.04634
2.03843
2.02621
2.01594
2.01043
2.00544
2.00249
2.00006
1.99881
1.99869
1.99811
1.99688
1.99538
1.99354
1.99048
1.98564
1.97854
1.97117
1.96391
1.95588
1.94908
1.94091
1.93512
1.92703
1.92141
1.91262
1.90634
1.89688
1.89047
1.88115
1.87544
1.86661
1.86165
1.85312
1.8487
1.84036
1.83623
1.82788
1.82362
1.81491
1.81012
1.80108
1.7953
1.7865
1.77976
1.77111
1.76371
1.75502
1.74738
1.73886
1.73147
1.72375
1.7192
2.15014
2.11915
2.08382
2.04447
1.99955
1.95311
1.91122
1.86901
1.83157
1.79621
1.76129
1.73296
1.70084
1.67555
1.64895
1.62413
1.60325
1.57999
1.56467
1.54782
1.54753
1.552
1.56635
1.60201
1.68371
1.80159
1.88046
1.91168
1.92526
1.91971
1.91625
1.91394
1.90882
1.90517
1.90196
1.89845
1.8949
1.89176
1.88695
1.88439
1.88843
1.89802
1.91399
1.93518
1.96161
1.98718
2.00718
2.02006
2.02312
2.02036
2.01544
2.00911
2
1.99387
1.98785
1.98348
1.97848
1.97563
1.97263
1.97106
1.96902
1.96726
1.96342
1.95852
1.95092
1.94368
1.93508
1.92779
1.91868
1.91196
1.90289
1.89659
1.8874
1.881
1.87157
1.86515
1.85564
1.84974
1.8406
1.83562
1.82701
1.8226
1.81431
1.81016
1.80206
1.79803
1.78995
1.78568
1.77767
1.77256
1.76466
1.75897
1.75106
1.74505
1.73698
1.73087
1.7227
1.71694
1.70943
1.70649
2.13544
2.1161
2.08661
2.05553
2.01869
1.98071
1.93598
1.89857
1.85675
1.82165
1.78522
1.75254
1.72298
1.69157
1.66711
1.63889
1.61725
1.59426
1.57651
1.56932
1.57197
1.58253
1.60927
1.6836
1.78111
1.88328
1.92015
1.94002
1.93139
1.92911
1.92371
1.91512
1.90664
1.89974
1.89021
1.88114
1.86985
1.85743
1.84801
1.83937
1.83297
1.83342
1.83754
1.84892
1.86697
1.88849
1.91348
1.93871
1.96096
1.97814
1.98937
1.99184
1.99093
1.98775
1.97976
1.97241
1.96282
1.95723
1.95104
1.94727
1.94462
1.94349
1.94079
1.93771
1.93147
1.92534
1.91654
1.90973
1.9006
1.89441
1.88545
1.87955
1.8703
1.86406
1.85436
1.84799
1.83823
1.83217
1.82265
1.8172
1.80824
1.8035
1.79507
1.79063
1.78252
1.77797
1.77031
1.76552
1.75827
1.75315
1.74594
1.74068
1.73337
1.72834
1.72088
1.71622
1.70853
1.7044
1.69716
1.69587
2.11124
2.10016
2.08186
2.05609
2.02502
1.99374
1.95839
1.91936
1.88453
1.84599
1.81245
1.7784
1.74621
1.71817
1.68722
1.66392
1.63689
1.61852
1.60309
1.60374
1.61198
1.63373
1.6952
1.78483
1.90071
1.9463
1.97099
1.96157
1.95685
1.94555
1.92777
1.91267
1.89844
1.88638
1.87378
1.86011
1.84646
1.83297
1.82013
1.80855
1.80112
1.79597
1.79524
1.79643
1.79942
1.80731
1.82267
1.8415
1.86456
1.89179
1.91831
1.94124
1.957
1.96642
1.9628
1.95966
1.9528
1.943
1.93142
1.92487
1.91754
1.91447
1.91077
1.90891
1.90486
1.90153
1.89471
1.88978
1.88145
1.876
1.8675
1.86221
1.8534
1.84758
1.83811
1.83193
1.82239
1.81658
1.80744
1.8021
1.79329
1.78815
1.77984
1.77482
1.7671
1.76197
1.75461
1.74931
1.7422
1.73697
1.72982
1.72482
1.71734
1.71277
1.70507
1.70108
1.69347
1.69007
1.68301
1.68284
2.10577
2.08399
2.06524
2.04978
2.02421
1.99641
1.96603
1.93543
1.90035
1.86897
1.83415
1.80359
1.77208
1.74269
1.71575
1.68835
1.66695
1.64884
1.64557
1.65187
1.67095
1.71599
1.81065
1.9274
1.9845
2.00803
1.99699
1.98836
1.96943
1.94729
1.92412
1.906
1.88906
1.87533
1.85866
1.84511
1.8298
1.81615
1.80267
1.79142
1.78142
1.7735
1.76721
1.76336
1.76184
1.76287
1.76585
1.77077
1.78252
1.79842
1.81958
1.84352
1.87065
1.89419
1.91354
1.92497
1.92916
1.9247
1.91764
1.91178
1.90044
1.89219
1.88469
1.8809
1.87574
1.87301
1.86796
1.86483
1.85846
1.85461
1.847
1.84256
1.83463
1.82968
1.821
1.81542
1.80638
1.80085
1.7923
1.78729
1.77952
1.77463
1.76715
1.76196
1.75469
1.74947
1.7425
1.73726
1.73022
1.72503
1.71767
1.71282
1.70509
1.70062
1.69267
1.68854
1.68074
1.6773
1.67011
1.67006
2.10517
2.0796
2.05799
2.03508
2.01715
1.99416
1.96806
1.93916
1.91223
1.88026
1.85252
1.82132
1.79373
1.7658
1.7397
1.71651
1.69661
1.69061
1.69589
1.71207
1.74994
1.83759
1.95732
2.02515
2.04499
2.03331
2.01935
1.99819
1.97034
1.94547
1.9221
1.90386
1.88503
1.86747
1.84951
1.8331
1.81716
1.80338
1.79023
1.77831
1.76776
1.75912
1.75136
1.74505
1.73847
1.73346
1.72888
1.72833
1.7292
1.73179
1.73868
1.75303
1.77069
1.79209
1.81697
1.84335
1.86805
1.88525
1.89688
1.89407
1.88909
1.88353
1.87111
1.86313
1.85473
1.84956
1.84335
1.84033
1.8353
1.83246
1.82668
1.82322
1.81617
1.81201
1.80422
1.79933
1.79108
1.78583
1.7779
1.77289
1.76575
1.76113
1.75451
1.7498
1.74308
1.73806
1.7313
1.72636
1.71954
1.71478
1.70749
1.70289
1.6951
1.69077
1.68279
1.67872
1.67077
1.6672
1.65991
1.65937
2.09992
2.07739
2.05595
2.03299
2.00913
1.98686
1.96514
1.94021
1.91304
1.88827
1.85964
1.83415
1.8072
1.78246
1.75939
1.74015
1.73169
1.73599
1.75001
1.78446
1.86525
1.98036
2.05523
2.07812
2.06523
2.04833
2.02542
1.99546
1.9659
1.94114
1.91964
1.89988
1.87941
1.86107
1.84252
1.82598
1.80922
1.79462
1.78101
1.7699
1.76055
1.75208
1.74345
1.73417
1.72473
1.7156
1.70718
1.70099
1.69635
1.69351
1.69342
1.69422
1.69689
1.70547
1.71864
1.73774
1.76271
1.79246
1.82138
1.848
1.86599
1.86577
1.86244
1.85703
1.84505
1.83741
1.82867
1.82323
1.81684
1.81401
1.80915
1.80651
1.80099
1.79756
1.79053
1.78618
1.77854
1.77363
1.76609
1.76111
1.75395
1.74919
1.74253
1.73804
1.73158
1.72689
1.72023
1.71541
1.70862
1.70406
1.69703
1.69268
1.68515
1.68088
1.67304
1.66898
1.66118
1.65761
1.65042
1.64947
2.08039
2.0683
2.05175
2.03145
2.00861
1.98462
1.96
1.93805
1.91302
1.88804
1.86427
1.8384
1.81544
1.79318
1.77387
1.76498
1.76818
1.78145
1.81262
1.88461
1.99657
2.08611
2.10871
2.09466
2.07383
2.05147
2.01721
1.98657
1.95982
1.93825
1.9166
1.89701
1.87717
1.8589
1.83995
1.82295
1.80548
1.79087
1.77713
1.76643
1.75628
1.74637
1.73679
1.72603
1.71513
1.704
1.69393
1.68423
1.67595
1.66817
1.66195
1.65542
1.65333
1.65101
1.65155
1.65685
1.66893
1.68905
1.7139
1.74743
1.78306
1.81753
1.84199
1.84358
1.84045
1.83485
1.82309
1.81597
1.80714
1.80149
1.79483
1.79186
1.78654
1.78367
1.77766
1.77391
1.76663
1.76227
1.755
1.75048
1.74348
1.73899
1.7322
1.72772
1.72116
1.7166
1.71002
1.70522
1.69847
1.69372
1.68689
1.68243
1.67539
1.67102
1.66367
1.65938
1.65189
1.64809
1.6412
1.63996
2.07108
2.05272
2.0378
2.02423
2.00587
1.9842
1.95999
1.93567
1.9128
1.88825
1.86472
1.8421
1.81917
1.80116
1.79085
1.79244
1.80509
1.83307
1.9016
2.00507
2.10396
2.13213
2.11857
2.09698
2.07385
2.03866
2.00616
1.9805
1.95714
1.93672
1.91575
1.89693
1.87698
1.8585
1.83918
1.82195
1.80423
1.78986
1.77628
1.7658
1.75448
1.7434
1.7313
1.71945
1.70712
1.69541
1.6836
1.67253
1.66154
1.65068
1.64042
1.63065
1.62196
1.61577
1.61121
1.61071
1.61204
1.61655
1.62873
1.64727
1.67342
1.70794
1.74757
1.79087
1.81921
1.82157
1.81818
1.81259
1.80122
1.79453
1.78563
1.77984
1.77286
1.7696
1.76375
1.76056
1.75404
1.75017
1.74314
1.73919
1.73227
1.72819
1.72141
1.71697
1.71025
1.70552
1.69899
1.69405
1.68753
1.68254
1.67595
1.67116
1.66456
1.65999
1.65325
1.64891
1.64193
1.63809
1.63146
1.63025
2.06679
2.04881
2.0299
2.01258
1.99536
1.97848
1.95853
1.93544
1.91206
1.88931
1.86617
1.84456
1.82553
1.81305
1.81385
1.82579
1.85168
1.9188
2.01139
2.11712
2.15189
2.14106
2.11932
2.09653
2.05943
2.02853
2.00175
1.9793
1.95754
1.93788
1.91766
1.89867
1.87859
1.86007
1.84035
1.82288
1.80616
1.79319
1.7805
1.7681
1.75459
1.74118
1.72726
1.71313
1.69992
1.68696
1.6748
1.66236
1.64981
1.63725
1.62491
1.61324
1.60277
1.59334
1.58585
1.58072
1.57634
1.57708
1.57936
1.58281
1.59304
1.61044
1.63689
1.67196
1.71423
1.76501
1.7952
1.79898
1.79535
1.79025
1.77988
1.77348
1.76445
1.75878
1.75148
1.74783
1.74158
1.73815
1.7316
1.72793
1.72131
1.71759
1.71117
1.70707
1.70059
1.69555
1.68892
1.68343
1.6769
1.67143
1.66501
1.6598
1.65339
1.64861
1.64206
1.63779
1.63101
1.62743
1.62088
1.6198
2.05249
2.04103
2.02543
2.00824
1.99
1.97076
1.95242
1.9333
1.91244
1.8899
1.86989
1.84992
1.83796
1.83574
1.84622
1.86962
1.931
2.02134
2.13282
2.17461
2.16563
2.14422
2.11878
2.08356
2.05212
2.02602
2.00151
1.98058
1.95956
1.94052
1.92053
1.90185
1.88157
1.86258
1.84301
1.82645
1.8112
1.79788
1.78281
1.76871
1.75326
1.73849
1.7228
1.70806
1.69352
1.67962
1.6661
1.65268
1.63956
1.62624
1.61334
1.60089
1.58927
1.57876
1.56945
1.5615
1.55527
1.55057
1.54686
1.54737
1.54887
1.55138
1.56006
1.57576
1.6016
1.63973
1.68429
1.73999
1.77093
1.77593
1.77281
1.76684
1.75725
1.7515
1.74209
1.73604
1.7285
1.72463
1.7182
1.71474
1.70852
1.70501
1.69898
1.6951
1.68933
1.6846
1.67831
1.67246
1.66573
1.65965
1.65304
1.64746
1.64089
1.63601
1.62922
1.62515
1.6181
1.61488
1.60838
1.60772
2.03866
2.0249
2.01402
2.00167
1.98601
1.96787
1.94868
1.92878
1.91012
1.89149
1.87287
1.86188
1.85897
1.86926
1.89126
1.94949
2.03453
2.14849
2.19641
2.19065
2.16927
2.14494
2.11045
2.07981
2.05182
2.02788
2.00523
1.98479
1.96443
1.94556
1.92543
1.90617
1.88528
1.86605
1.84762
1.83192
1.81554
1.80014
1.78365
1.76831
1.75156
1.73567
1.7192
1.70368
1.68826
1.67326
1.6585
1.64394
1.62982
1.61609
1.60285
1.59001
1.57805
1.56702
1.55714
1.54852
1.54082
1.53433
1.52855
1.5238
1.52033
1.51945
1.52024
1.52216
1.52925
1.54489
1.56945
1.60901
1.66111
1.71807
1.74521
1.75203
1.74944
1.7437
1.73336
1.72797
1.71868
1.7125
1.70471
1.70073
1.69458
1.69124
1.68574
1.68198
1.6767
1.67233
1.66674
1.66137
1.65483
1.64863
1.64142
1.63554
1.62826
1.62341
1.61608
1.61214
1.60486
1.60161
1.59495
1.59445
2.03734
2.01884
2.00517
1.99233
1.97944
1.96338
1.94612
1.92836
1.91013
1.89506
1.88205
1.88044
1.89061
1.91237
1.96904
2.05334
2.16921
2.22351
2.22076
2.20061
2.1761
2.14239
2.11016
2.08229
2.05616
2.03289
2.01049
1.99054
1.97002
1.95077
1.92986
1.90933
1.8884
1.86999
1.85158
1.83475
1.81732
1.8009
1.78371
1.76724
1.74943
1.73288
1.71545
1.69937
1.68271
1.66695
1.65104
1.63568
1.62056
1.60633
1.59282
1.58062
1.5691
1.5586
1.54873
1.53975
1.53133
1.52368
1.51629
1.50958
1.50307
1.49711
1.49296
1.48995
1.49023
1.49133
1.49769
1.51258
1.53935
1.57875
1.63732
1.70007
1.71984
1.72633
1.72367
1.71913
1.70856
1.70253
1.69363
1.68751
1.68018
1.67586
1.67057
1.66712
1.66243
1.65867
1.65353
1.64894
1.64287
1.63751
1.63026
1.62466
1.61668
1.61173
1.60383
1.59975
1.59228
1.58894
1.58211
1.58118
2.0346
2.01701
2.00255
1.98922
1.97631
1.96262
1.94639
1.92987
1.91433
1.90104
1.90163
1.9116
1.93293
1.98679
2.07059
2.19145
2.25405
2.2537
2.23304
2.20945
2.17424
2.14236
2.11286
2.08663
2.06159
2.0391
2.01718
1.99717
1.9761
1.95534
1.93305
1.91256
1.89177
1.87284
1.85374
1.83617
1.81808
1.80109
1.78288
1.76522
1.74653
1.72906
1.71072
1.69385
1.67622
1.65987
1.64311
1.6273
1.61203
1.59808
1.58509
1.57322
1.56221
1.55208
1.54243
1.53319
1.52431
1.51574
1.50735
1.49931
1.49124
1.48357
1.4764
1.46915
1.46481
1.46072
1.46082
1.46186
1.46844
1.48358
1.51396
1.55602
1.61412
1.68167
1.69729
1.70078
1.69718
1.69319
1.68335
1.67637
1.66778
1.66158
1.65503
1.65098
1.6461
1.64286
1.6382
1.63464
1.62908
1.62495
1.61818
1.61363
1.60585
1.60127
1.59322
1.58898
1.58124
1.57774
1.57097
1.56935
2.02648
2.012
1.99878
1.98601
1.97405
1.96157
1.94759
1.93531
1.92101
1.92159
1.93154
1.95279
2.00211
2.08956
2.21528
2.28286
2.28492
2.26566
2.24287
2.20837
2.17528
2.14598
2.11801
2.09296
2.06854
2.04675
2.02456
2.00306
1.98015
1.9582
1.93542
1.91435
1.89308
1.87381
1.85442
1.83662
1.81809
1.79981
1.78047
1.76153
1.74223
1.72386
1.70506
1.68774
1.66966
1.65296
1.63625
1.6214
1.6071
1.59389
1.58128
1.56947
1.55833
1.54781
1.53794
1.52834
1.51892
1.50954
1.50025
1.49114
1.48195
1.47306
1.46417
1.45552
1.44794
1.43991
1.43532
1.4317
1.43187
1.43341
1.44117
1.45793
1.48927
1.54149
1.59727
1.65995
1.67498
1.67633
1.67198
1.66737
1.65732
1.65058
1.64233
1.63654
1.63018
1.62653
1.62146
1.61872
1.61365
1.61073
1.60474
1.60134
1.59439
1.59068
1.58323
1.57941
1.57199
1.56812
1.5617
1.55953
2.00963
1.99951
1.98855
1.97914
1.96753
1.95703
1.94689
1.9378
1.93961
1.95025
1.97145
2.01791
2.10788
2.23872
2.31192
2.31649
2.29792
2.27685
2.2412
2.2084
2.17726
2.14936
2.12252
2.09812
2.07395
2.05123
2.02759
2.005
1.98136
1.95888
1.93576
1.91449
1.89306
1.87383
1.85431
1.83566
1.8156
1.79608
1.77575
1.75635
1.73661
1.71818
1.69927
1.68168
1.66386
1.64827
1.63265
1.6187
1.60479
1.59175
1.57916
1.56706
1.55561
1.5445
1.53392
1.52363
1.51357
1.50361
1.49349
1.48348
1.47346
1.46359
1.45388
1.44432
1.43533
1.42655
1.41926
1.41201
1.40749
1.4058
1.4064
1.40887
1.41788
1.43671
1.47002
1.52567
1.58615
1.63931
1.65122
1.65119
1.64614
1.64184
1.63185
1.62528
1.61706
1.61197
1.60574
1.60244
1.59728
1.59485
1.58993
1.58728
1.58174
1.5787
1.57253
1.56921
1.56304
1.55938
1.55369
1.55141
1.98423
1.98191
1.97296
1.96176
1.95244
1.94378
1.93957
1.9427
1.95723
1.9822
2.0288
2.12316
2.25576
2.33952
2.34653
2.32997
2.30857
2.2719
2.23641
2.20547
2.17649
2.15015
2.12409
2.09983
2.07531
2.05203
2.02773
2.00422
1.97962
1.95618
1.93257
1.91124
1.89016
1.87062
1.85001
1.83019
1.80932
1.78939
1.76897
1.74977
1.73013
1.71167
1.69319
1.67669
1.66023
1.64573
1.63066
1.61729
1.60321
1.59046
1.57737
1.56516
1.55295
1.54129
1.52974
1.51856
1.50749
1.49672
1.48599
1.47533
1.46476
1.45429
1.44424
1.43419
1.42483
1.41559
1.40725
1.39931
1.39275
1.38682
1.38254
1.38256
1.38353
1.38687
1.39675
1.41622
1.45561
1.51205
1.57069
1.61714
1.62698
1.62631
1.62022
1.61599
1.60683
1.60101
1.59306
1.58805
1.58189
1.57892
1.57401
1.57174
1.5672
1.56488
1.56017
1.55755
1.55278
1.54986
1.54528
1.54386
1.97254
1.97216
1.96932
1.95741
1.94473
1.93533
1.93903
1.95282
1.9786
2.02726
2.12958
2.26451
2.3592
2.36956
2.35409
2.33291
2.29514
2.25963
2.22678
2.19778
2.17022
2.14511
2.11998
2.09609
2.07111
2.04661
2.02065
1.99535
1.96947
1.94578
1.92261
1.90163
1.88031
1.8604
1.83961
1.81985
1.79923
1.77975
1.7596
1.74077
1.72184
1.70489
1.688
1.67301
1.65749
1.6437
1.62893
1.61581
1.60157
1.58873
1.57509
1.56235
1.54927
1.5367
1.52414
1.51197
1.50008
1.48852
1.47741
1.46648
1.4559
1.4453
1.43518
1.42519
1.41565
1.40649
1.39767
1.38962
1.3819
1.37495
1.36907
1.36398
1.36003
1.36058
1.36186
1.36584
1.37705
1.39749
1.43901
1.50433
1.55642
1.59256
1.6026
1.60196
1.59651
1.59206
1.5831
1.57774
1.57053
1.56559
1.55963
1.55655
1.55191
1.5497
1.54572
1.54378
1.53991
1.53806
1.53412
1.53436
1.91827
1.95987
1.95979
1.95661
1.94813
1.94112
1.95194
1.97509
2.02282
2.1242
2.26469
2.36928
2.38481
2.37062
2.35107
2.31317
2.27558
2.24276
2.21268
2.18595
2.15976
2.13494
2.10933
2.08462
2.05877
2.03318
2.00623
1.98059
1.95499
1.93175
1.90884
1.88807
1.86694
1.84725
1.82675
1.80749
1.78737
1.7685
1.74913
1.73157
1.71401
1.69837
1.68261
1.66846
1.65376
1.64027
1.62587
1.61265
1.59816
1.58495
1.57045
1.55708
1.54293
1.52964
1.5163
1.50364
1.49137
1.47963
1.46836
1.45758
1.4471
1.43693
1.42687
1.41722
1.4077
1.39863
1.38976
1.38142
1.37342
1.36589
1.35911
1.35239
1.34704
1.34255
1.33862
1.33955
1.34097
1.34557
1.35783
1.38295
1.42265
1.49331
1.54651
1.57227
1.58048
1.57981
1.5754
1.57136
1.56294
1.55767
1.55066
1.54575
1.53966
1.53616
1.53149
1.529
1.52508
1.52348
1.52021
1.52124
1.72388
1.9259
1.95025
1.95189
1.95602
1.96259
1.98153
2.0274
2.12905
2.26885
2.37363
2.38867
2.37669
2.35748
2.32045
2.28421
2.2504
2.22111
2.19387
2.16901
2.14385
2.11976
2.09478
2.06995
2.04342
2.01768
1.99164
1.96768
1.94418
1.92294
1.90167
1.88191
1.86129
1.84165
1.82093
1.8013
1.78095
1.76211
1.74304
1.72591
1.70871
1.69339
1.67761
1.66358
1.64878
1.63546
1.6208
1.6072
1.59213
1.57821
1.56281
1.54885
1.53393
1.52055
1.50693
1.49453
1.48239
1.47107
1.46011
1.44964
1.43952
1.42969
1.42009
1.41052
1.40134
1.39211
1.38351
1.37481
1.36692
1.35898
1.3519
1.34473
1.3386
1.3323
1.32689
1.32323
1.31961
1.32067
1.32268
1.32832
1.34181
1.37168
1.41481
1.48298
1.53481
1.55519
1.56267
1.56144
1.5574
1.55369
1.54557
1.54015
1.53321
1.52801
1.52157
1.51791
1.51278
1.51057
1.50636
1.50717
1.59994
1.83813
1.93456
1.94734
1.96017
1.98861
2.04405
2.15962
2.30193
2.40331
2.41087
2.39814
2.37567
2.33942
2.30272
2.26918
2.23815
2.2108
2.18454
2.16023
2.13556
2.1117
2.08651
2.06158
2.03553
2.01072
1.98594
1.96327
1.94096
1.92069
1.90007
1.88059
1.86001
1.8401
1.819
1.7989
1.77827
1.75943
1.74073
1.72406
1.7072
1.69194
1.67609
1.66146
1.64587
1.63136
1.61559
1.60094
1.58493
1.57033
1.55472
1.54101
1.52653
1.51408
1.50101
1.48962
1.47782
1.4671
1.45621
1.44587
1.43555
1.42553
1.41563
1.40601
1.3965
1.3874
1.37843
1.37001
1.36173
1.35401
1.34653
1.3394
1.33275
1.32609
1.3202
1.31446
1.30887
1.30554
1.30286
1.30323
1.30525
1.31288
1.32829
1.36299
1.40729
1.47439
1.52348
1.53919
1.54632
1.54468
1.54095
1.53745
1.52934
1.52465
1.51715
1.51278
1.50537
1.50248
1.49668
1.49645
1.23528
1.63676
1.86139
1.93326
1.9734
2.0436
2.18825
2.34582
2.44597
2.4412
2.42089
2.39048
2.35281
2.31928
2.28806
2.25972
2.23217
2.20609
2.17988
2.15524
2.13028
2.10614
2.0808
2.05607
2.03056
2.00648
1.98256
1.96088
1.93934
1.91956
1.89912
1.87953
1.85862
1.83825
1.81684
1.79668
1.77645
1.75821
1.74021
1.72395
1.70746
1.69231
1.67634
1.66132
1.64501
1.62962
1.61301
1.59769
1.58143
1.56688
1.55157
1.53827
1.52417
1.51218
1.49925
1.48828
1.47635
1.46592
1.45474
1.44448
1.43382
1.42364
1.41339
1.40348
1.39371
1.38435
1.37524
1.36666
1.35828
1.35053
1.34283
1.33575
1.32862
1.32194
1.31518
1.3089
1.30216
1.297
1.29045
1.28709
1.28505
1.28566
1.28802
1.29582
1.31594
1.35505
1.39988
1.46429
1.51205
1.52512
1.53164
1.52953
1.5256
1.52233
1.5146
1.51062
1.50341
1.49937
1.49375
1.49229
1.12291
1.39746
1.67615
1.90153
1.99695
2.20272
2.38425
2.47967
2.47269
2.44913
2.41551
2.38001
2.34932
2.31924
2.2875
2.25665
2.22632
2.19949
2.17466
2.15211
2.12859
2.10467
2.07866
2.05311
2.02732
2.00376
1.98085
1.96016
1.93924
1.91958
1.89866
1.87807
1.85606
1.83499
1.8136
1.79406
1.77486
1.75763
1.74047
1.72478
1.7086
1.69341
1.67715
1.66161
1.64478
1.62889
1.61195
1.59641
1.58011
1.56556
1.55036
1.53711
1.52311
1.51115
1.49816
1.48718
1.47491
1.46447
1.4527
1.44241
1.4311
1.42083
1.41009
1.40005
1.39005
1.3805
1.37136
1.36253
1.35422
1.34612
1.33848
1.33093
1.32371
1.31649
1.30948
1.30249
1.29551
1.28901
1.28204
1.27654
1.2709
1.26654
1.2663
1.26711
1.27046
1.28015
1.30374
1.34586
1.39402
1.45433
1.49801
1.50964
1.51646
1.51451
1.51129
1.50868
1.50249
1.49917
1.4948
1.49346
1.06424
1.18044
1.40224
1.82413
2.1279
2.39647
2.52811
2.51811
2.49419
2.45232
2.41184
2.37649
2.34112
2.30858
2.27818
2.25219
2.22899
2.20782
2.18463
2.15984
2.1322
2.10441
2.07609
2.04993
2.02483
2.00265
1.98105
1.96117
1.9404
1.91956
1.89689
1.8748
1.85204
1.83089
1.80991
1.79096
1.7724
1.75568
1.73894
1.72344
1.70725
1.69184
1.67532
1.6596
1.64274
1.62696
1.61023
1.59495
1.5789
1.5646
1.5496
1.53649
1.52258
1.51061
1.49763
1.48653
1.47417
1.46359
1.45161
1.44131
1.42969
1.41957
1.40849
1.39868
1.38837
1.37902
1.36963
1.36088
1.35238
1.34421
1.33638
1.32864
1.32123
1.31372
1.30651
1.29914
1.29201
1.28493
1.27786
1.27135
1.26492
1.25892
1.2551
1.25063
1.25156
1.25279
1.25717
1.27042
1.29378
1.34171
1.39141
1.4465
1.48448
1.49545
1.50199
1.50136
1.50032
1.50001
1.49926
1.49853
1.05696
1.13062
1.33048
1.79989
2.38543
2.7004
2.68224
2.62037
2.54145
2.48195
2.44137
2.40847
2.37496
2.34094
2.30699
2.27635
2.24683
2.21888
2.19028
2.16257
2.13438
2.10785
2.08179
2.05799
2.03447
2.01245
1.98967
1.96753
1.94411
1.92151
1.89811
1.87609
1.85408
1.83421
1.81492
1.7977
1.78066
1.76489
1.74853
1.73281
1.71609
1.69998
1.68287
1.66668
1.64962
1.63386
1.61734
1.60238
1.58671
1.57274
1.55799
1.545
1.53106
1.5189
1.50555
1.49397
1.48101
1.46987
1.45723
1.44647
1.43423
1.42392
1.41231
1.40254
1.39181
1.38267
1.37293
1.36435
1.35553
1.34739
1.33926
1.33141
1.32366
1.31599
1.3084
1.30093
1.29342
1.28627
1.27892
1.27226
1.26536
1.25911
1.25353
1.2476
1.24421
1.24182
1.24198
1.24343
1.25014
1.26479
1.29352
1.34004
1.39019
1.44307
1.47481
1.4884
1.49706
1.50385
1.5125
1.51898
1.05274
1.12039
1.3085
1.85089
2.54623
2.88127
2.87556
2.82009
2.7039
2.62248
2.56528
2.52285
2.4834
2.4463
2.41046
2.37755
2.34482
2.3131
2.27977
2.2463
2.21162
2.17834
2.1455
2.11541
2.08639
2.06014
2.03448
2.01092
1.98727
1.96522
1.94274
1.92163
1.89994
1.87933
1.85799
1.8375
1.81635
1.79615
1.7756
1.75635
1.73704
1.71932
1.70155
1.68546
1.66904
1.65421
1.63867
1.62456
1.60945
1.5957
1.58078
1.56731
1.55258
1.53946
1.52503
1.51236
1.49831
1.48617
1.4726
1.46106
1.44811
1.43727
1.42507
1.41498
1.40366
1.39428
1.38384
1.375
1.36539
1.35691
1.348
1.33975
1.33141
1.32339
1.31553
1.30782
1.30038
1.29311
1.28609
1.27932
1.27273
1.26642
1.26043
1.25438
1.24927
1.24429
1.24007
1.23904
1.23941
1.24098
1.24815
1.26433
1.29797
1.34192
1.39855
1.45538
1.49021
1.52177
1.54985
1.57389
1.05116
1.11641
1.30365
1.84527
2.62372
2.94655
2.94106
2.85017
2.75788
2.70542
2.66915
2.63936
2.60774
2.57383
2.53509
2.49435
2.45097
2.40839
2.36633
2.32782
2.29157
2.25962
2.22978
2.20331
2.17761
2.15395
2.12986
2.10701
2.08318
2.06035
2.03645
2.01354
1.9896
1.96663
1.94275
1.91984
1.89624
1.8737
1.85071
1.82894
1.80688
1.7862
1.76522
1.74575
1.72587
1.70761
1.68881
1.67174
1.65404
1.63816
1.62156
1.60687
1.59128
1.57764
1.56287
1.55003
1.53581
1.52349
1.50958
1.49757
1.48386
1.47209
1.45863
1.44715
1.4341
1.42305
1.41063
1.40016
1.38858
1.37874
1.36814
1.35894
1.34937
1.34079
1.33215
1.32414
1.31627
1.30873
1.30143
1.29427
1.28732
1.28047
1.27373
1.26719
1.26051
1.25482
1.24817
1.24375
1.24079
1.2393
1.23963
1.24375
1.2554
1.28424
1.31935
1.39466
1.46044
1.54979
1.62698
1.66918
)
;

boundaryField
{
    inlet
    {
        type            fixedValue;
        value           uniform 1;
    }
    outlet
    {
        type            zeroGradient;
    }
    bottom
    {
        type            symmetryPlane;
    }
    top
    {
        type            symmetryPlane;
    }
    obstacle
    {
        type            zeroGradient;
    }
    defaultFaces
    {
        type            empty;
    }
}


// ************************************************************************* //
