/*--------------------------------*- C++ -*----------------------------------*\
| =========                 |                                                 |
| \\      /  F ield         | OpenFOAM: The Open Source CFD Toolbox           |
|  \\    /   O peration     | Version:  2412                                  |
|   \\  /    A nd           | Website:  www.openfoam.com                      |
|    \\/     M anipulation  |                                                 |
\*---------------------------------------------------------------------------*/
FoamFile
{
    version     2.0;
    format      ascii;
    arch        "LSB;label=32;scalar=64";
    class       volScalarField;
    location    "7.5";
    object      Ma;
}
// * * * * * * * * * * * * * * * * * * * * * * * * * * * * * * * * * * * * * //

dimensions      [0 0 0 0 0 0 0];

internalField   nonuniform List<scalar> 
7000
(
2.99964
2.99861
2.99814
2.9924
2.98795
2.96343
2.92483
2.78683
2.12276
1.31955
0.443544
0.26344
0.32919
0.377896
0.385431
0.381816
0.374117
0.368347
0.36702
0.367542
0.369979
0.370994
0.368323
0.363115
0.355875
0.347019
0.336967
0.324881
0.310694
0.296791
0.283614
0.270992
0.258258
0.246273
0.234154
0.220634
0.206147
0.191181
0.175783
0.160308
0.145073
0.12994
0.114351
0.0984656
0.0830663
0.0679375
0.0521776
0.0370328
0.0216876
0.00894141
2.99964
2.99863
2.99817
2.99293
2.98913
2.96645
2.90899
2.64155
2.16052
1.33211
0.450173
0.271921
0.344156
0.397651
0.406773
0.400721
0.388123
0.377839
0.372932
0.370903
0.371696
0.371955
0.368962
0.363684
0.356492
0.347691
0.3377
0.325702
0.311623
0.297929
0.285145
0.273141
0.261243
0.250259
0.239157
0.226383
0.212218
0.1971
0.181078
0.164678
0.148389
0.132239
0.115831
0.0994583
0.0838943
0.0689389
0.0537807
0.0398334
0.0266801
0.0166614
2.99963
2.99867
2.9982
2.99285
2.9877
2.96778
2.91948
2.80814
2.12986
1.329
0.453795
0.274665
0.347295
0.401287
0.41069
0.404678
0.391833
0.38109
0.375516
0.372446
0.371751
0.370252
0.365529
0.358832
0.350734
0.341635
0.331862
0.32042
0.307171
0.294366
0.282375
0.270999
0.259654
0.249263
0.238598
0.226281
0.212642
0.198079
0.182562
0.16661
0.150659
0.134736
0.118497
0.102324
0.0870682
0.0726873
0.0586079
0.0463459
0.0356466
0.027906
2.99967
2.99864
2.99806
2.99287
2.98908
2.96511
2.90851
2.64842
2.17614
1.34697
0.460619
0.270382
0.343348
0.397742
0.407215
0.401882
0.389596
0.379002
0.373412
0.370375
0.369947
0.368601
0.364111
0.357787
0.350163
0.341603
0.332297
0.321261
0.308278
0.295559
0.283559
0.272099
0.260682
0.250252
0.239429
0.227059
0.213536
0.199243
0.184107
0.168629
0.153178
0.137754
0.122026
0.106395
0.0917808
0.0782758
0.0654989
0.0549078
0.0461377
0.0398173
2.99965
2.99874
2.99819
2.99428
2.98925
2.97221
2.91865
2.79499
2.14933
1.35442
0.473136
0.274026
0.34456
0.397864
0.407226
0.402547
0.391128
0.381064
0.37586
0.373228
0.373162
0.372252
0.368251
0.362321
0.354889
0.346237
0.336658
0.325274
0.311846
0.298692
0.286382
0.274732
0.263223
0.252804
0.242069
0.229775
0.216346
0.202188
0.187228
0.172002
0.156867
0.14184
0.126634
0.111657
0.097857
0.0854025
0.0740017
0.0649306
0.0576662
0.0523854
2.99969
2.99868
2.99795
2.99311
2.98724
2.95822
2.93129
2.75589
2.17797
1.36766
0.477748
0.275591
0.350083
0.406313
0.417353
0.412869
0.399851
0.38759
0.380597
0.376724
0.37587
0.374546
0.370311
0.364225
0.356675
0.347938
0.338344
0.326983
0.313687
0.30078
0.288738
0.277377
0.266155
0.25603
0.245623
0.233619
0.220443
0.206516
0.191776
0.176775
0.161915
0.14725
0.132559
0.11828
0.105363
0.0940144
0.0839598
0.076247
0.0702102
0.0657617
2.99969
2.99868
2.99798
2.99354
2.9881
2.96759
2.93758
2.81493
2.19101
1.39159
0.490939
0.276474
0.349852
0.405626
0.416778
0.41281
0.400353
0.388231
0.381213
0.377375
0.376714
0.375629
0.371661
0.365862
0.35857
0.35006
0.34063
0.329332
0.316145
0.303425
0.291597
0.280496
0.269567
0.259773
0.249764
0.238152
0.225343
0.211776
0.197387
0.18274
0.168267
0.154053
0.13994
0.126396
0.114375
0.104104
0.0952875
0.0887612
0.0837686
0.0799986
2.99963
2.99871
2.99828
2.99294
2.98716
2.95855
2.93211
2.77739
2.22567
1.41506
0.508027
0.278352
0.351885
0.407535
0.419231
0.415679
0.403113
0.39051
0.382975
0.37889
0.378337
0.377306
0.37346
0.367852
0.360778
0.352501
0.343249
0.332056
0.319015
0.306478
0.294869
0.284046
0.273435
0.264019
0.254461
0.243311
0.230969
0.217888
0.203995
0.189852
0.175915
0.162286
0.148851
0.136077
0.124935
0.115673
0.107968
0.102472
0.0983525
0.0951845
2.99968
2.99871
2.998
2.99165
2.9875
2.95561
2.93704
2.78777
2.25607
1.4488
0.521319
0.27287
0.346864
0.402102
0.415494
0.41395
0.403153
0.391687
0.384803
0.381123
0.38075
0.379523
0.37543
0.369603
0.362398
0.354103
0.344964
0.333992
0.321269
0.30915
0.298016
0.287703
0.277616
0.268747
0.259765
0.249199
0.237449
0.224976
0.211714
0.198191
0.184905
0.17197
0.159317
0.14735
0.13707
0.12874
0.122018
0.117426
0.114101
0.111433
2.99971
2.99871
2.9979
2.99292
2.98599
2.95392
2.93771
2.73771
2.31419
1.48218
0.543783
0.278819
0.349419
0.40315
0.418397
0.417877
0.407128
0.395367
0.388077
0.384178
0.383535
0.381624
0.377004
0.370826
0.363466
0.355184
0.346243
0.335644
0.323417
0.311896
0.301409
0.291763
0.282349
0.27417
0.265895
0.256037
0.244985
0.233214
0.220677
0.207865
0.19531
0.18314
0.171335
0.160229
0.150815
0.143375
0.137573
0.133807
0.131158
0.128977
2.99968
2.99867
2.99807
2.99375
2.98592
2.9553
2.93672
2.78946
2.3366
1.56089
0.572149
0.28857
0.354256
0.405616
0.42353
0.423604
0.412258
0.399991
0.392147
0.388013
0.387262
0.385057
0.380275
0.374002
0.3666
0.358321
0.349442
0.338975
0.327018
0.31592
0.305953
0.296893
0.288106
0.280584
0.273041
0.26395
0.253678
0.242678
0.230952
0.218906
0.207142
0.195795
0.184914
0.174746
0.166221
0.15968
0.154745
0.151764
0.14982
0.148056
2.99964
2.99874
2.99847
2.99292
2.99075
2.95888
2.94288
2.74339
2.39594
1.62852
0.610131
0.306616
0.360273
0.406812
0.428154
0.429086
0.417141
0.404549
0.396207
0.391823
0.390968
0.388531
0.383664
0.377395
0.37008
0.361963
0.353298
0.343063
0.331473
0.320883
0.311493
0.303068
0.294954
0.288129
0.281368
0.273106
0.263658
0.253468
0.242592
0.23137
0.220462
0.210011
0.20013
0.19098
0.183414
0.177838
0.173833
0.171647
0.170347
0.169084
2.99967
2.9987
2.99852
2.99313
2.98825
2.95885
2.9395
2.77007
2.43098
1.67574
0.649221
0.32402
0.361845
0.405465
0.432157
0.434718
0.422313
0.409501
0.400627
0.395954
0.394813
0.391851
0.386695
0.38032
0.373088
0.365228
0.356924
0.347092
0.336099
0.326237
0.317622
0.310006
0.302712
0.296717
0.290831
0.28345
0.274907
0.265593
0.255651
0.245319
0.235332
0.225843
0.217068
0.209051
0.202537
0.198029
0.195049
0.193793
0.193306
0.192472
2.99965
2.99875
2.9985
2.99287
2.9905
2.95887
2.94416
2.76361
2.4649
1.74044
0.697124
0.351049
0.365617
0.407554
0.437882
0.440605
0.427512
0.414443
0.405051
0.400134
0.398587
0.395076
0.389661
0.38321
0.376113
0.368575
0.360712
0.351409
0.341125
0.332114
0.324401
0.317714
0.31135
0.3063
0.30143
0.295055
0.287491
0.279115
0.270146
0.260814
0.251855
0.243434
0.235909
0.229181
0.223894
0.22065
0.218897
0.218755
0.2192
0.219089
2.99965
2.99874
2.99849
2.99283
2.99038
2.96094
2.94563
2.77703
2.50266
1.77282
0.7459
0.375176
0.361425
0.403677
0.437055
0.441329
0.429336
0.417263
0.408403
0.404211
0.40293
0.399374
0.393993
0.387635
0.380745
0.373533
0.365977
0.356933
0.347232
0.338986
0.332095
0.326292
0.32086
0.316775
0.312996
0.307736
0.30129
0.293976
0.286115
0.27793
0.270089
0.262892
0.256809
0.251577
0.247808
0.246127
0.245963
0.247286
0.24911
0.249776
2.99968
2.99884
2.99855
2.99358
2.99044
2.96327
2.94633
2.77491
2.53114
1.83582
0.806957
0.410377
0.364211
0.405793
0.441262
0.445737
0.433563
0.421491
0.412662
0.408955
0.407628
0.404045
0.398726
0.392458
0.385796
0.378969
0.371767
0.363061
0.35401
0.346546
0.340514
0.335639
0.331173
0.328097
0.325486
0.321428
0.316196
0.310081
0.303491
0.296606
0.29001
0.284305
0.279902
0.276521
0.274587
0.274923
0.276941
0.280481
0.284253
0.286543
2.99971
2.99889
2.99865
2.99349
2.99174
2.96403
2.9488
2.8105
2.55296
1.88025
0.867224
0.439932
0.362196
0.405142
0.444361
0.450065
0.438469
0.426566
0.417807
0.414309
0.412637
0.408879
0.403495
0.39722
0.390715
0.384279
0.377506
0.369308
0.361084
0.354521
0.349393
0.345476
0.342024
0.340019
0.338643
0.335879
0.331984
0.327227
0.322075
0.316644
0.311607
0.30776
0.305313
0.304188
0.30475
0.30778
0.312824
0.319722
0.327155
0.331981
2.99979
2.9991
2.99864
2.99438
2.99188
2.96542
2.95263
2.80974
2.57991
1.92678
0.930727
0.47653
0.360406
0.404093
0.446989
0.453882
0.443345
0.431883
0.423686
0.420834
0.418441
0.414152
0.408449
0.402021
0.395617
0.389587
0.383308
0.375732
0.368433
0.362879
0.358778
0.355886
0.353473
0.352539
0.352422
0.351016
0.348551
0.34531
0.341663
0.337922
0.334901
0.333134
0.332991
0.334778
0.338569
0.345325
0.354984
0.367169
0.380724
0.39261
2.99984
2.99936
2.99859
2.99608
2.99095
2.97407
2.94554
2.79169
2.59618
1.92649
1.00128
0.513373
0.355957
0.401796
0.449165
0.457847
0.448237
0.437056
0.429443
0.426838
0.423788
0.419235
0.413482
0.407132
0.401004
0.395472
0.389817
0.382962
0.376569
0.371964
0.368852
0.366961
0.365595
0.365848
0.366993
0.366893
0.36586
0.364111
0.362177
0.360537
0.359656
0.360205
0.362925
0.368192
0.376199
0.388101
0.404474
0.426004
0.451951
0.480635
2.99982
2.99939
2.99866
2.99562
2.99289
2.97111
2.95192
2.82617
2.63191
2.05683
1.07564
0.55097
0.345626
0.396629
0.449904
0.46149
0.453258
0.442737
0.436114
0.433249
0.42951
0.424855
0.419251
0.413215
0.407554
0.402608
0.397552
0.391365
0.385811
0.382015
0.379715
0.378668
0.37822
0.379524
0.381869
0.383059
0.383452
0.383475
0.383549
0.383907
0.385251
0.388492
0.394474
0.403981
0.417267
0.435985
0.462158
0.498312
0.551183
0.646091
2.99974
2.99942
2.99865
2.9961
2.9932
2.97544
2.95708
2.84122
2.67677
2.08419
1.18514
0.604472
0.337504
0.393412
0.453715
0.467716
0.459535
0.449561
0.443645
0.440577
0.436933
0.432708
0.427679
0.422381
0.417592
0.413548
0.409281
0.403952
0.399449
0.39665
0.3954
0.395424
0.39616
0.398835
0.402512
0.405382
0.407921
0.410393
0.412931
0.416083
0.420655
0.427654
0.438144
0.453458
0.474833
0.504216
0.54595
0.608241
0.707461
0.857079
2.99956
2.9995
2.99758
2.99678
2.98899
2.98823
2.9546
2.87804
2.73678
2.18622
1.29687
0.652911
0.316478
0.385051
0.454224
0.46975
0.463038
0.456027
0.451376
0.448034
0.444561
0.440662
0.436308
0.432004
0.428282
0.425144
0.421769
0.417449
0.413904
0.412
0.411713
0.412639
0.414486
0.41839
0.423401
0.428185
0.432592
0.436892
0.441751
0.447657
0.45529
0.465811
0.480363
0.500585
0.528213
0.566263
0.61835
0.690965
0.80182
0.936759
2.99965
2.99961
2.99747
2.99666
2.98362
2.99011
2.91468
3.05626
2.76658
2.28706
1.37606
0.680985
0.296581
0.380887
0.454816
0.471009
0.466765
0.461695
0.457132
0.454391
0.451957
0.449097
0.446124
0.443228
0.440623
0.43844
0.436025
0.432509
0.429511
0.428135
0.428383
0.429892
0.432491
0.437482
0.443909
0.450167
0.456121
0.462316
0.469388
0.477782
0.488172
0.501673
0.519497
0.542933
0.574301
0.61474
0.669426
0.737798
0.83234
0.933724
2.99983
2.99978
2.99855
2.99809
2.98909
2.99922
2.92689
3.13339
2.80502
2.35577
1.46934
0.74241
0.294637
0.380665
0.449472
0.47053
0.471718
0.468148
0.464093
0.462266
0.461266
0.460126
0.458857
0.457449
0.455961
0.454534
0.452641
0.44937
0.446426
0.445194
0.445638
0.447415
0.450598
0.4564
0.463568
0.47071
0.478024
0.485869
0.494694
0.505029
0.517614
0.533137
0.553036
0.577765
0.609732
0.649096
0.698717
0.759307
0.835193
0.914259
3
2.99998
2.99952
2.99945
2.99371
3.00408
2.9386
3.14166
2.83604
2.42022
1.57012
0.813725
0.311254
0.380046
0.436131
0.464712
0.470487
0.469551
0.468254
0.469187
0.47145
0.473509
0.474719
0.475325
0.475129
0.474292
0.472479
0.468671
0.464935
0.463037
0.463095
0.464622
0.467761
0.473732
0.481173
0.488932
0.497293
0.506395
0.516699
0.528478
0.542679
0.559413
0.58028
0.605143
0.635747
0.672653
0.716797
0.769073
0.831146
0.894107
3.00006
3.0002
3.00019
3.00057
2.99727
3.0074
2.94965
3.14262
2.85895
2.48756
1.65817
0.881517
0.350707
0.384872
0.431162
0.465496
0.474664
0.475941
0.477671
0.481091
0.486026
0.490882
0.494572
0.497094
0.498023
0.497183
0.494762
0.489808
0.484558
0.481366
0.480238
0.480754
0.483658
0.489618
0.49678
0.504755
0.513694
0.523603
0.534992
0.547807
0.563112
0.580603
0.60174
0.626307
0.655346
0.689312
0.728834
0.773967
0.825676
0.87806
2.99987
2.9994
2.99929
2.99663
2.99603
2.98612
2.99294
2.93844
2.82268
2.55026
1.86266
0.804554
0.409159
0.370951
0.418371
0.46386
0.482836
0.488526
0.491048
0.492704
0.49573
0.49882
0.501244
0.503101
0.503839
0.50304
0.500112
0.495744
0.49229
0.490441
0.49004
0.491468
0.496269
0.502828
0.510104
0.518335
0.527675
0.538117
0.550135
0.563717
0.579596
0.597671
0.618465
0.64238
0.669838
0.701157
0.736701
0.776288
0.82049
0.86442
2.9999
2.99957
2.99952
2.99764
2.99708
2.99099
2.99722
2.95217
2.84406
2.66568
1.99993
1.02443
0.551035
0.375095
0.415095
0.472626
0.49592
0.501254
0.500254
0.496842
0.494664
0.492997
0.491807
0.491539
0.491663
0.491217
0.489204
0.487533
0.487461
0.48877
0.491122
0.495983
0.503214
0.510755
0.518891
0.527888
0.537922
0.549139
0.561852
0.576106
0.592213
0.610407
0.630846
0.654012
0.679837
0.708883
0.740806
0.775908
0.814247
0.851924
2.99993
2.99972
2.99963
2.99773
2.99688
2.98399
2.99024
2.90975
3.08066
2.73873
2.17081
1.24205
0.644785
0.337965
0.406452
0.480234
0.504162
0.505907
0.500015
0.492917
0.487779
0.484169
0.482039
0.481028
0.480597
0.480705
0.479821
0.479806
0.482341
0.48662
0.491598
0.498203
0.506615
0.515384
0.524625
0.534471
0.5452
0.557014
0.570101
0.584886
0.601433
0.619475
0.639294
0.661199
0.685468
0.712053
0.740938
0.772187
0.805836
0.83872
2.99998
2.99991
2.99985
2.99899
2.99877
2.9912
3.00173
2.93018
3.13924
2.80461
2.33787
1.45416
0.741443
0.319706
0.400929
0.47036
0.49805
0.502162
0.495834
0.489884
0.485828
0.4829
0.481452
0.480898
0.480841
0.482019
0.48359
0.484911
0.487709
0.491935
0.49767
0.504484
0.512165
0.521041
0.530515
0.540505
0.55122
0.562969
0.576135
0.590832
0.607114
0.625067
0.644675
0.665336
0.687566
0.71172
0.737683
0.765318
0.79478
0.823251
3
2.99997
3.00004
2.9999
3.00022
2.99636
3.00678
2.94737
3.14256
2.85027
2.44853
1.61858
0.846124
0.346125
0.397495
0.449538
0.484161
0.490748
0.487561
0.485498
0.484818
0.485159
0.48694
0.489236
0.491504
0.494081
0.497228
0.500278
0.502663
0.505747
0.510259
0.516116
0.523067
0.530639
0.53925
0.549106
0.5595
0.57054
0.58265
0.596103
0.611266
0.628106
0.646417
0.666246
0.687188
0.709162
0.732068
0.756351
0.782218
0.807059
3.00004
3.00004
3.00024
3.00039
3.00157
3.00035
3.00988
2.95961
3.1459
2.87903
2.53481
1.74641
0.960885
0.39863
0.393378
0.438056
0.475199
0.485067
0.485278
0.486555
0.489353
0.493307
0.497974
0.502993
0.507702
0.51209
0.516126
0.519809
0.522396
0.524448
0.527772
0.532403
0.538077
0.544407
0.551889
0.560876
0.5703
0.580084
0.590643
0.602249
0.615374
0.630125
0.646313
0.664144
0.683224
0.703391
0.724668
0.746572
0.769258
0.790793
2.99992
2.9999
2.99944
2.99939
2.99674
2.99581
2.98347
2.98586
2.93498
2.88257
2.63363
1.97971
0.964195
0.51561
0.395001
0.436279
0.480523
0.498925
0.503421
0.505214
0.506693
0.508869
0.512268
0.516897
0.521709
0.525922
0.529493
0.532218
0.534312
0.53671
0.540067
0.544402
0.549401
0.555244
0.562375
0.570584
0.579072
0.587917
0.597228
0.607331
0.618823
0.631678
0.645923
0.661653
0.678799
0.696957
0.716318
0.736431
0.757197
0.777186
2.99994
2.99993
2.99955
2.99951
2.99706
2.99597
2.98412
2.98592
2.93382
2.99241
2.73496
2.18803
1.27702
0.671763
0.395495
0.435734
0.49026
0.515792
0.520474
0.517031
0.514037
0.513025
0.513678
0.516534
0.520116
0.523734
0.527332
0.530309
0.533434
0.537422
0.542256
0.547703
0.553878
0.561391
0.569445
0.577675
0.585984
0.594675
0.603722
0.613301
0.623869
0.635492
0.648391
0.662523
0.677919
0.694263
0.711331
0.729249
0.74779
0.765683
2.99998
2.99996
2.99977
2.99973
2.99832
2.99772
2.98811
2.99814
2.92607
3.13332
2.8007
2.35769
1.46944
0.76229
0.359481
0.419662
0.484086
0.517462
0.5241
0.518481
0.513005
0.509229
0.507473
0.508667
0.51156
0.515198
0.5193
0.523054
0.527933
0.534194
0.541302
0.548757
0.556997
0.566136
0.575216
0.584305
0.593281
0.602336
0.611629
0.621208
0.631347
0.642226
0.654122
0.667086
0.680952
0.695584
0.710841
0.726857
0.743376
0.759253
2.99998
2.99997
2.99983
2.99977
2.99888
2.99846
2.99342
2.99067
2.96009
2.94545
2.75081
2.44104
1.67068
0.65395
0.349703
0.408684
0.469891
0.50894
0.521416
0.519974
0.515755
0.51242
0.511711
0.512835
0.515381
0.518229
0.52188
0.526477
0.531907
0.538644
0.546287
0.554433
0.563046
0.572174
0.581579
0.591065
0.600594
0.610167
0.619803
0.629536
0.63949
0.649761
0.660576
0.672215
0.684638
0.697937
0.711769
0.72633
0.741422
0.755828
3.00002
3.00005
3.00006
3.00025
3.0003
3.00076
2.99799
3.00766
2.95327
3.13764
2.86619
2.5148
1.70623
0.929232
0.400124
0.408225
0.460549
0.503663
0.515575
0.51432
0.511944
0.510712
0.511486
0.514587
0.518591
0.523189
0.528231
0.533682
0.540017
0.547166
0.554937
0.563192
0.571847
0.580859
0.590093
0.599484
0.608981
0.61844
0.627877
0.63729
0.646542
0.65612
0.666084
0.676329
0.686975
0.698316
0.710452
0.723275
0.736756
0.749818
3.00001
3.00002
3.00001
3.00012
3.00011
3.00163
3.00073
3.01227
2.96726
3.14896
2.89617
2.56791
1.82277
1.0403
0.414834
0.388428
0.443786
0.491192
0.504748
0.505311
0.50587
0.507221
0.510949
0.516603
0.523206
0.530031
0.537034
0.544263
0.551581
0.559161
0.566946
0.57495
0.58313
0.591456
0.599941
0.608569
0.617295
0.626028
0.634767
0.643599
0.652364
0.661125
0.670375
0.680047
0.690032
0.700363
0.711329
0.72279
0.735168
0.746799
3
2.99998
2.99997
2.99989
2.99978
2.99962
2.99931
3.00267
2.99349
3.07056
2.90815
2.72429
1.95043
1.16049
0.427175
0.372877
0.428079
0.478508
0.496607
0.502376
0.507856
0.514037
0.520945
0.528579
0.536712
0.544745
0.552473
0.559652
0.566402
0.572956
0.579864
0.587432
0.595069
0.602688
0.610258
0.6178
0.625361
0.632952
0.640616
0.648449
0.656396
0.664454
0.672985
0.68186
0.691258
0.701205
0.711475
0.721973
0.732964
0.743567
3
2.99997
2.99997
2.99985
2.99977
2.99938
2.99862
2.99883
2.99647
3.02228
2.9676
2.82366
2.07659
1.28228
0.50189
0.383773
0.427949
0.480674
0.504565
0.515293
0.5222
0.528819
0.535561
0.542449
0.549757
0.556994
0.563532
0.569484
0.575133
0.581182
0.587874
0.594569
0.601191
0.607853
0.614534
0.621265
0.628049
0.634934
0.641996
0.649284
0.656818
0.664628
0.672796
0.68118
0.69005
0.699265
0.709014
0.718868
0.729079
0.738782
3
2.99997
2.99996
2.99976
2.99971
2.99828
2.99762
2.98777
2.99796
2.92151
3.13602
2.77199
2.28744
1.36885
0.709717
0.394911
0.43451
0.487502
0.520071
0.529375
0.52861
0.527301
0.527911
0.530729
0.535565
0.541328
0.547313
0.553466
0.559804
0.566763
0.574316
0.581966
0.589629
0.59727
0.604883
0.612466
0.62017
0.627844
0.63564
0.643553
0.651578
0.659776
0.668014
0.676455
0.685207
0.694299
0.703957
0.713936
0.724122
0.733816
3.00001
2.99999
2.99998
2.99985
2.99982
2.99904
2.99868
2.9947
2.99212
2.96845
2.93939
2.72695
2.44953
1.68202
0.681201
0.377955
0.414986
0.471356
0.519972
0.538415
0.53894
0.534833
0.531998
0.531388
0.533309
0.536903
0.541677
0.546836
0.552387
0.558459
0.564955
0.571864
0.579123
0.586709
0.594486
0.602368
0.610441
0.618684
0.627055
0.63552
0.644073
0.652694
0.6613
0.670019
0.678825
0.688018
0.697543
0.707506
0.717761
0.727604
3
2.99998
2.99998
2.99985
2.99982
2.99909
2.99882
2.99431
2.99177
2.96684
2.95266
2.78308
2.55761
1.84028
0.834145
0.450127
0.420624
0.477129
0.533285
0.55423
0.554579
0.548957
0.545174
0.543743
0.545214
0.548015
0.551138
0.554528
0.558254
0.562413
0.567107
0.572331
0.578009
0.584145
0.590806
0.598021
0.605644
0.613475
0.62149
0.62971
0.638061
0.646531
0.655136
0.663819
0.67258
0.681713
0.691105
0.700973
0.711048
0.720724
3.00001
3.00001
3.00003
3.00006
3.00027
3.00042
3.00183
3.00056
3.01085
2.96144
3.14279
2.8885
2.56004
1.78835
1.01261
0.411174
0.376178
0.438406
0.496072
0.517153
0.51928
0.518077
0.519217
0.522328
0.527521
0.533792
0.540095
0.546085
0.551859
0.557604
0.563437
0.569346
0.575368
0.581577
0.588142
0.595151
0.602556
0.610415
0.618678
0.627123
0.635767
0.644478
0.653238
0.662039
0.670713
0.679589
0.688502
0.697644
0.707367
0.71665
3
3
2.99999
2.99998
2.99998
3
3.00059
3.0004
3.00735
2.99543
3.0939
2.90707
2.70708
1.93943
1.13545
0.420714
0.367837
0.420013
0.46627
0.481821
0.485124
0.488339
0.493402
0.500459
0.509289
0.519053
0.528697
0.537865
0.546544
0.554895
0.563021
0.571004
0.578717
0.586277
0.593723
0.601268
0.608952
0.616933
0.625169
0.633477
0.641889
0.650338
0.65875
0.667259
0.675662
0.684166
0.692708
0.701381
0.710382
0.718802
3
3
2.99999
2.99998
2.99995
2.99993
3.00025
3.00006
3.00633
2.99285
3.05672
2.953
2.76007
2.01851
1.21684
0.468004
0.371244
0.413325
0.460147
0.478095
0.483447
0.487664
0.493592
0.501652
0.5118
0.523178
0.534642
0.545515
0.555751
0.565506
0.574918
0.584027
0.592743
0.601162
0.609233
0.61715
0.624796
0.632329
0.639698
0.647209
0.654536
0.661973
0.669268
0.676722
0.684304
0.691975
0.699913
0.707912
0.716156
0.72407
3
3
2.99994
2.99993
2.99956
2.99952
2.99729
2.99631
2.98572
2.98841
2.9434
3.03699
2.70876
2.24496
1.28813
0.669503
0.401679
0.441269
0.495261
0.523343
0.529658
0.527818
0.526745
0.527351
0.530863
0.536303
0.542269
0.548337
0.55464
0.56145
0.568772
0.576497
0.584567
0.592909
0.601399
0.609969
0.618517
0.626994
0.635257
0.643177
0.651065
0.658934
0.666722
0.674438
0.682266
0.69011
0.698321
0.70677
0.715215
0.723433
3
3
2.99996
2.99996
2.99977
2.99971
2.99874
2.99809
2.99422
2.98657
2.95765
2.94101
2.74702
2.3303
1.54878
0.595933
0.340657
0.401219
0.464724
0.501328
0.515625
0.52011
0.523199
0.527118
0.532698
0.539519
0.54634
0.552797
0.559017
0.565394
0.572154
0.579105
0.586131
0.593235
0.600452
0.607762
0.61517
0.622706
0.630324
0.637975
0.645816
0.653747
0.661806
0.670001
0.678211
0.686447
0.694716
0.703259
0.711767
0.719909
3
3
2.99997
2.99996
2.99979
2.99975
2.99874
2.99849
2.99271
2.99039
2.95932
2.948
2.79447
2.46705
1.72459
0.711803
0.386581
0.41256
0.459872
0.500662
0.519123
0.526679
0.532643
0.539738
0.547885
0.556503
0.565
0.573051
0.580603
0.587746
0.594519
0.600848
0.606666
0.61198
0.616883
0.621609
0.626425
0.631339
0.636478
0.642076
0.648356
0.654834
0.66181
0.668928
0.676479
0.684294
0.692168
0.700378
0.708498
0.716365
3
3
2.99999
2.99998
2.9999
2.99985
2.99937
2.99925
2.99546
3.00473
2.94952
3.13489
2.8628
2.52756
1.72395
0.957952
0.43109
0.410436
0.456419
0.503036
0.523542
0.528875
0.529463
0.529941
0.531488
0.534235
0.538262
0.543087
0.548365
0.554083
0.560206
0.566775
0.573678
0.580533
0.587453
0.594638
0.602064
0.609677
0.617412
0.6252
0.633262
0.641555
0.649979
0.65851
0.667201
0.676026
0.684875
0.693749
0.702658
0.710986
3
3
2.99998
2.99997
2.99988
2.99979
2.99919
2.99882
2.99602
2.9914
2.97413
2.9443
2.79259
2.58116
1.8872
0.954848
0.503536
0.400469
0.448482
0.502809
0.534872
0.548053
0.552339
0.55468
0.557506
0.560995
0.564977
0.569298
0.573677
0.577976
0.58209
0.58606
0.590033
0.593943
0.598051
0.602641
0.607654
0.613291
0.61958
0.626203
0.633132
0.640352
0.647888
0.655599
0.663615
0.671928
0.680441
0.689075
0.69782
0.706069
3
3
2.99998
2.99998
2.99986
2.99984
2.9992
2.99897
2.99588
2.99339
2.97597
2.94944
2.84239
2.62655
2.05845
1.10154
0.584517
0.40278
0.4489
0.510858
0.555477
0.575474
0.582492
0.586385
0.590597
0.595517
0.600746
0.605409
0.60899
0.611612
0.61296
0.613273
0.613765
0.614677
0.615979
0.617737
0.620448
0.624168
0.628145
0.632572
0.637449
0.642724
0.648641
0.655038
0.661976
0.669264
0.67678
0.684639
0.692617
0.700269
3
3
2.99998
2.99998
2.99987
2.99986
2.99924
2.99902
2.99617
2.99365
2.97807
2.95453
2.83931
2.66976
2.13759
1.20532
0.645544
0.410371
0.455535
0.519859
0.568575
0.589881
0.596501
0.599541
0.602756
0.607071
0.612022
0.615828
0.618334
0.619204
0.618116
0.616885
0.616331
0.616494
0.617126
0.618537
0.62119
0.624312
0.627523
0.630958
0.634726
0.638973
0.643895
0.64948
0.655669
0.662509
0.669657
0.677306
0.685031
0.69248
3
3
2.99999
2.99998
2.99989
2.99987
2.99937
2.99913
2.99624
2.99408
2.97664
2.95753
2.87468
2.63474
2.12485
1.19295
0.646174
0.415827
0.448525
0.499555
0.539677
0.556245
0.561462
0.564969
0.569665
0.575844
0.582551
0.588461
0.59356
0.597085
0.598738
0.60034
0.602433
0.604963
0.607597
0.610813
0.614911
0.618817
0.622442
0.625998
0.629713
0.633903
0.638658
0.644207
0.650286
0.65696
0.663775
0.670998
0.678333
0.685496
3.00001
3.00001
3.00001
3.00003
3.00002
3.00014
3.00013
3.00111
3.00015
3.00812
2.9702
3.11467
2.91749
2.66236
1.99738
1.2624
0.559785
0.398131
0.428105
0.470111
0.49539
0.502813
0.50354
0.504
0.5062
0.510091
0.51469
0.519699
0.525316
0.531308
0.537272
0.543794
0.55104
0.558858
0.567122
0.575601
0.584149
0.592675
0.600845
0.60874
0.616415
0.624242
0.632107
0.64002
0.647884
0.655814
0.663708
0.671653
0.679519
0.686998
3.00001
3.00002
3.00002
3.00007
3.00009
3.00031
3.00056
3.00199
3.00146
3.01054
2.97654
3.11758
2.93275
2.69139
2.03912
1.31082
0.580188
0.413678
0.436417
0.470372
0.491034
0.495803
0.494252
0.492246
0.491294
0.491553
0.492831
0.495211
0.498967
0.504202
0.510875
0.518953
0.528316
0.538662
0.549586
0.560956
0.572611
0.584311
0.595857
0.607109
0.617942
0.628266
0.638039
0.647207
0.655879
0.664107
0.67197
0.679549
0.68682
0.693613
3.00001
3.00001
3.00001
3.00003
2.99999
3.00015
3.00016
3.00158
3.00085
3.00938
2.97567
3.11373
2.93245
2.70714
2.05731
1.33647
0.595164
0.406152
0.425739
0.459889
0.482902
0.488739
0.487555
0.486322
0.487007
0.4892
0.492252
0.496231
0.50108
0.506788
0.51343
0.521031
0.529589
0.538858
0.548646
0.559149
0.570275
0.581861
0.593714
0.605604
0.617327
0.628678
0.639197
0.648629
0.657464
0.665868
0.673935
0.681732
0.689196
0.695879
3
3
2.99999
2.99998
2.99988
2.99987
2.99925
2.99918
2.99598
2.99521
2.97833
2.96707
2.87381
2.70973
2.24718
1.36544
0.760937
0.450226
0.456159
0.495077
0.530644
0.544426
0.547547
0.549656
0.553826
0.559833
0.566527
0.573233
0.578985
0.583343
0.587333
0.591218
0.594879
0.598231
0.601543
0.604679
0.607585
0.610546
0.61383
0.617933
0.623216
0.629085
0.635217
0.641472
0.647925
0.654647
0.661543
0.66863
0.675926
0.682865
3
3
2.99998
2.99998
2.99988
2.99986
2.99934
2.99915
2.99679
2.99464
2.98167
2.96949
2.88775
2.74745
2.36625
1.55926
0.853251
0.450922
0.466505
0.519464
0.569467
0.591053
0.595699
0.596349
0.597603
0.599979
0.602004
0.602759
0.603167
0.603556
0.603864
0.604269
0.60547
0.606661
0.607357
0.607824
0.60829
0.608991
0.61014
0.611822
0.614545
0.619127
0.62476
0.631016
0.637516
0.644574
0.651917
0.659671
0.6679
0.675893
3
3
2.99998
2.99998
2.99988
2.99984
2.9994
2.99896
2.99643
2.99449
2.98198
2.96587
2.88067
2.74549
2.37785
1.6016
0.857226
0.413411
0.454805
0.520443
0.580343
0.606356
0.610969
0.608964
0.606311
0.603784
0.601888
0.600816
0.599745
0.598904
0.598665
0.599921
0.601547
0.602808
0.603784
0.604671
0.605511
0.606427
0.607886
0.609762
0.612733
0.617556
0.623218
0.629433
0.635913
0.643116
0.650552
0.658757
0.667344
0.675857
1.155
0.996982
0.481209
0.185882
0.00927539
0.112769
0.168605
0.221236
0.237103
0.230784
0.222555
0.215371
0.208568
0.198594
0.184962
0.167302
0.146416
0.123364
0.0989322
0.0737178
0.0483755
0.0254164
0.0182284
0.0393317
0.0643927
0.0893173
0.114063
0.138043
0.161764
0.184923
0.207673
0.22996
0.251444
0.271865
0.29189
0.312467
0.333455
0.354057
0.374178
0.393909
0.413271
0.432277
0.45086
0.469004
0.486706
0.50394
0.520749
0.53711
0.553005
0.568489
0.583479
0.59806
0.612163
0.625829
0.639046
0.651778
0.664145
0.675959
0.687434
0.698396
0.708928
0.719036
0.728663
0.737818
0.746525
0.754711
0.762403
0.769584
0.776227
0.782326
0.787846
0.792804
0.797148
0.800908
0.803996
0.806488
0.80822
0.80944
0.809953
0.8105
0.810528
0.810291
0.809006
0.807024
0.804791
0.802392
0.799951
0.797502
0.795077
0.792833
0.790774
0.788966
0.787475
0.786288
0.785347
0.784799
0.78437
0.784388
0.78437
0.788011
1.08318
0.998157
0.791619
0.547156
0.510844
0.442493
0.390311
0.343863
0.307673
0.265453
0.220661
0.188406
0.182394
0.190645
0.200734
0.212799
0.227364
0.243696
0.260966
0.279139
0.297567
0.315976
0.3341
0.352389
0.370759
0.389208
0.407463
0.425553
0.443428
0.461111
0.478537
0.495756
0.512384
0.528339
0.544012
0.560048
0.576529
0.592898
0.609134
0.625213
0.641035
0.656554
0.671772
0.686682
0.701267
0.715559
0.729553
0.743286
0.756743
0.769943
0.782904
0.795569
0.807984
0.82011
0.831913
0.843433
0.854639
0.865505
0.876064
0.886206
0.896017
0.905431
0.914429
0.923081
0.93129
0.939117
0.946479
0.953433
0.959926
0.965852
0.971342
0.976281
0.980537
0.984304
0.987444
0.990047
0.99181
0.993243
0.993849
0.994608
0.994997
0.994858
0.994426
0.992714
0.99147
0.989284
0.987851
0.985591
0.984139
0.981954
0.980664
0.97877
0.97782
0.976373
0.975924
0.974856
0.974843
0.9741
0.974174
0.975903
1.03835
1.04374
0.987869
0.891691
0.830573
0.788379
0.757903
0.727974
0.699731
0.675937
0.654733
0.638202
0.625987
0.617593
0.611681
0.608287
0.607643
0.608608
0.611922
0.616807
0.622858
0.629571
0.63666
0.644252
0.652458
0.661366
0.670888
0.680936
0.69143
0.702346
0.713677
0.72538
0.737098
0.748602
0.760078
0.771991
0.784411
0.796713
0.808584
0.820111
0.831538
0.842936
0.854254
0.86543
0.876404
0.887148
0.897692
0.908028
0.91818
0.928197
0.938087
0.947858
0.957529
0.967112
0.976592
0.98596
0.995226
1.00434
1.01325
1.02196
1.03045
1.03868
1.04663
1.05427
1.0616
1.06861
1.07524
1.08159
1.0876
1.09316
1.09847
1.10341
1.1079
1.11206
1.11582
1.11911
1.12192
1.12422
1.1261
1.12785
1.12951
1.13058
1.13098
1.13092
1.13047
1.12997
1.12922
1.12871
1.1279
1.12756
1.12693
1.12681
1.12646
1.12636
1.12655
1.12608
1.12645
1.12589
1.1258
1.12665
1.01364
1.05484
1.06118
1.03772
1.0037
0.982009
0.969657
0.958803
0.945787
0.932031
0.919163
0.908302
0.900364
0.894012
0.888634
0.883308
0.878339
0.873835
0.86986
0.866455
0.863437
0.86095
0.859146
0.858072
0.857669
0.85838
0.86043
0.863456
0.867409
0.872245
0.878045
0.884643
0.891735
0.899091
0.906782
0.915185
0.924622
0.934854
0.945459
0.956175
0.966848
0.977352
0.987582
0.997472
1.00697
1.01606
1.02484
1.03335
1.04135
1.0492
1.05701
1.06469
1.07215
1.0794
1.0864
1.09319
1.10014
1.1074
1.11461
1.12174
1.12881
1.13577
1.14261
1.14925
1.15562
1.16173
1.16745
1.17283
1.17783
1.18244
1.18667
1.19059
1.1941
1.1973
1.20014
1.2027
1.20489
1.20664
1.20822
1.21001
1.21167
1.21302
1.21399
1.21457
1.21494
1.21513
1.21523
1.21539
1.21567
1.21589
1.21645
1.21711
1.21799
1.21901
1.22023
1.22147
1.22283
1.22388
1.22463
1.22669
0.988012
1.04123
1.0727
1.08192
1.08127
1.07994
1.08209
1.08377
1.08417
1.0811
1.07618
1.07157
1.06766
1.06341
1.05822
1.052
1.0457
1.03936
1.03292
1.02665
1.02062
1.0151
1.01008
1.00557
1.00194
0.999183
0.997322
0.996757
0.996813
0.997776
1.00015
1.00305
1.00642
1.01003
1.01409
1.01899
1.02487
1.03157
1.03892
1.04677
1.05501
1.06353
1.07227
1.08117
1.09015
1.09915
1.10807
1.11674
1.12509
1.13308
1.14075
1.14819
1.15538
1.16239
1.16919
1.17577
1.18228
1.18879
1.19514
1.20129
1.20728
1.21305
1.21865
1.22409
1.22933
1.23444
1.23933
1.24399
1.24837
1.25245
1.25612
1.25941
1.26224
1.26468
1.26661
1.2681
1.26917
1.26977
1.27013
1.27056
1.27103
1.27122
1.2712
1.27089
1.27063
1.27026
1.27004
1.26994
1.26994
1.27029
1.2707
1.27139
1.27245
1.27355
1.27509
1.27675
1.27846
1.2803
1.2814
1.28509
0.960972
1.01758
1.06033
1.08917
1.10762
1.12133
1.13334
1.14431
1.15284
1.1582
1.16059
1.16087
1.15926
1.15698
1.15382
1.14923
1.14306
1.13636
1.12938
1.12214
1.11487
1.10795
1.10122
1.09477
1.08915
1.08434
1.08032
1.0774
1.07529
1.07422
1.07445
1.0751
1.07645
1.0783
1.08076
1.08416
1.08864
1.09421
1.10075
1.10794
1.11553
1.12336
1.13128
1.13918
1.14698
1.1547
1.16232
1.16978
1.17708
1.18427
1.19088
1.19697
1.20318
1.20952
1.21591
1.22224
1.22845
1.23446
1.24055
1.24688
1.2531
1.25912
1.2649
1.27046
1.27574
1.28072
1.28539
1.28973
1.2937
1.29739
1.30067
1.30364
1.30618
1.30837
1.31004
1.3113
1.31205
1.31223
1.31224
1.31222
1.31204
1.31169
1.31095
1.31008
1.30914
1.3082
1.30726
1.30638
1.30573
1.30528
1.30507
1.30518
1.30572
1.30678
1.3079
1.30988
1.31154
1.31404
1.3153
1.31995
0.936146
0.990503
1.03758
1.07587
1.10537
1.12909
1.14883
1.16614
1.18067
1.19204
1.19972
1.20419
1.20601
1.20587
1.20391
1.2013
1.19743
1.19191
1.1852
1.17816
1.17097
1.1638
1.1567
1.1497
1.1433
1.13769
1.13266
1.12838
1.12486
1.1222
1.12038
1.11968
1.11969
1.12024
1.12151
1.12424
1.12814
1.13315
1.1391
1.1457
1.15268
1.15975
1.16665
1.17334
1.1799
1.18651
1.19325
1.20011
1.20701
1.2139
1.22067
1.22702
1.23304
1.23912
1.24526
1.25139
1.25744
1.26331
1.26899
1.27481
1.28109
1.28748
1.29373
1.29977
1.30549
1.31086
1.31578
1.32029
1.32427
1.32771
1.33071
1.33308
1.33502
1.33657
1.33767
1.33842
1.33887
1.33894
1.33883
1.33883
1.33877
1.33843
1.33781
1.337
1.33606
1.33494
1.3337
1.33237
1.33105
1.3298
1.32872
1.3281
1.32791
1.32823
1.32871
1.32985
1.33119
1.33351
1.33476
1.33997
0.913649
0.96371
1.01025
1.05212
1.08732
1.11729
1.14234
1.16436
1.1828
1.19839
1.21017
1.21864
1.22377
1.22629
1.22675
1.22564
1.22381
1.22089
1.21631
1.21029
1.20379
1.19695
1.19003
1.18324
1.17663
1.17045
1.16468
1.1591
1.15424
1.15068
1.14813
1.14653
1.14571
1.14594
1.14709
1.14961
1.15393
1.15906
1.16488
1.17112
1.17741
1.18341
1.18907
1.19457
1.20011
1.20584
1.21184
1.21814
1.22471
1.23139
1.23802
1.24453
1.25081
1.25677
1.26272
1.26866
1.27451
1.28021
1.28569
1.29117
1.29704
1.30347
1.30999
1.31648
1.32281
1.32883
1.33438
1.33935
1.34373
1.34746
1.35038
1.3524
1.35377
1.35475
1.35514
1.355
1.35463
1.35415
1.35378
1.35369
1.35374
1.35396
1.35404
1.35372
1.35321
1.35262
1.35187
1.35078
1.34932
1.34776
1.34612
1.34475
1.34361
1.34334
1.34341
1.34393
1.34467
1.34623
1.34726
1.35242
0.892559
0.93808
0.98234
1.02456
1.06198
1.09525
1.12389
1.149
1.17051
1.18908
1.20377
1.21571
1.2239
1.2295
1.23235
1.23347
1.23318
1.23169
1.22955
1.22598
1.22082
1.21475
1.20833
1.20175
1.19522
1.18887
1.18273
1.17685
1.17172
1.16792
1.16521
1.16346
1.16263
1.1631
1.16515
1.16841
1.17327
1.17849
1.18379
1.1889
1.19383
1.19866
1.20335
1.20806
1.21291
1.21803
1.22352
1.22936
1.23573
1.2425
1.24923
1.25578
1.26211
1.26822
1.27418
1.27999
1.28564
1.29109
1.29634
1.30148
1.30691
1.31311
1.31985
1.32676
1.33368
1.34038
1.34658
1.35207
1.35665
1.36014
1.36255
1.36421
1.36547
1.36607
1.36575
1.36497
1.36395
1.36287
1.36205
1.36172
1.36169
1.36194
1.36275
1.3634
1.36366
1.36351
1.36313
1.36267
1.36193
1.36064
1.35892
1.35729
1.35564
1.35469
1.35418
1.35439
1.35477
1.35553
1.35612
1.36074
0.870233
0.911044
0.95269
0.993822
1.03242
1.06729
1.09852
1.12587
1.15005
1.17064
1.18811
1.20212
1.21347
1.22131
1.22707
1.2305
1.23202
1.23235
1.23128
1.22956
1.22672
1.22249
1.21707
1.21128
1.2052
1.19908
1.19311
1.18769
1.18336
1.18012
1.17766
1.17631
1.17654
1.17891
1.18178
1.18522
1.1891
1.19289
1.19674
1.20057
1.20435
1.20819
1.21174
1.21572
1.22043
1.22553
1.23096
1.23695
1.24362
1.25052
1.25745
1.26424
1.2708
1.27711
1.28316
1.28892
1.29438
1.29959
1.30464
1.30965
1.31506
1.32133
1.32811
1.3351
1.34206
1.34869
1.35472
1.35987
1.36392
1.36682
1.36884
1.3704
1.37127
1.3711
1.37026
1.3692
1.36804
1.36698
1.36632
1.36614
1.3663
1.36706
1.36848
1.36956
1.3702
1.37038
1.37024
1.36998
1.36942
1.36822
1.36662
1.36502
1.3636
1.36271
1.36223
1.36243
1.36276
1.36341
1.36382
1.36793
0.847921
0.88401
0.922216
0.961649
0.999745
1.03552
1.06796
1.09715
1.12284
1.14563
1.16507
1.18169
1.19523
1.20629
1.21453
1.22035
1.22466
1.22663
1.22766
1.22703
1.22561
1.22346
1.2202
1.21574
1.21072
1.20557
1.20079
1.19682
1.19345
1.19077
1.18911
1.18941
1.19136
1.19324
1.19497
1.19714
1.19953
1.2022
1.20509
1.20805
1.21063
1.21382
1.21783
1.22242
1.22729
1.23249
1.23831
1.24503
1.25211
1.25928
1.26637
1.27326
1.2799
1.28621
1.29211
1.29759
1.30276
1.30785
1.31304
1.31844
1.32417
1.33022
1.33649
1.34279
1.34893
1.35466
1.35972
1.36385
1.36695
1.36923
1.37108
1.37228
1.37249
1.37203
1.37125
1.37039
1.3696
1.36906
1.36894
1.36911
1.36986
1.37149
1.37302
1.37409
1.37463
1.37481
1.37481
1.37463
1.37393
1.37266
1.37133
1.37011
1.36909
1.36855
1.3684
1.36873
1.36912
1.36986
1.37011
1.37378
0.827016
0.859274
0.894558
0.931825
0.968717
1.00418
1.03708
1.06729
1.09444
1.11891
1.14013
1.15895
1.17473
1.18843
1.19882
1.20783
1.21378
1.21866
1.22118
1.22289
1.2232
1.2222
1.22062
1.21848
1.21533
1.21166
1.20806
1.20466
1.20193
1.20043
1.20049
1.20109
1.20183
1.20261
1.20364
1.20493
1.20682
1.20901
1.21088
1.21314
1.21627
1.22024
1.22467
1.22941
1.23469
1.24087
1.24749
1.25421
1.26091
1.26753
1.27403
1.28034
1.28646
1.29237
1.2981
1.30369
1.30917
1.31459
1.32001
1.32546
1.33098
1.33658
1.34217
1.34762
1.35276
1.3574
1.36133
1.36443
1.3669
1.36898
1.37048
1.37114
1.37121
1.37098
1.37064
1.37037
1.37033
1.37055
1.37091
1.3718
1.37344
1.37502
1.37625
1.377
1.37736
1.37754
1.37763
1.3773
1.37641
1.37546
1.37452
1.37378
1.37323
1.37303
1.3731
1.3735
1.37393
1.37463
1.37473
1.37825
0.809464
0.838491
0.870942
0.906384
0.942106
0.976791
1.00953
1.03996
1.06784
1.09315
1.11594
1.13634
1.15428
1.16974
1.18293
1.19371
1.20226
1.20872
1.2136
1.21701
1.21879
1.21995
1.2197
1.21908
1.21765
1.2156
1.21331
1.21124
1.2097
1.2087
1.20825
1.20818
1.20856
1.20919
1.2101
1.21141
1.21278
1.21434
1.21661
1.2198
1.22371
1.22795
1.23258
1.2378
1.24349
1.24937
1.25532
1.2613
1.26727
1.27321
1.27909
1.28486
1.29052
1.29609
1.3016
1.30707
1.31251
1.31793
1.32336
1.32881
1.33425
1.33957
1.34466
1.34945
1.35389
1.35782
1.36106
1.36367
1.36594
1.36775
1.36893
1.3696
1.36995
1.37014
1.37037
1.37077
1.3713
1.37191
1.37291
1.37422
1.37546
1.37656
1.37745
1.3781
1.37857
1.37894
1.37908
1.37882
1.37839
1.37793
1.37747
1.37712
1.37685
1.37681
1.37693
1.37736
1.37776
1.37845
1.37861
1.38257
0.795595
0.822862
0.853273
0.886248
0.920118
0.953581
0.98576
1.01608
1.0443
1.07026
1.094
1.11551
1.13473
1.15167
1.16648
1.17904
1.18937
1.1977
1.20431
1.2093
1.213
1.21527
1.21693
1.21744
1.21707
1.21622
1.2153
1.21451
1.21371
1.21311
1.21285
1.21311
1.21382
1.21469
1.21581
1.21719
1.21907
1.22132
1.22399
1.22728
1.23117
1.23536
1.23981
1.24466
1.24998
1.2555
1.26108
1.26666
1.27219
1.27764
1.28302
1.2883
1.29349
1.29864
1.30379
1.30898
1.31423
1.31951
1.3248
1.33008
1.33528
1.34036
1.34525
1.34977
1.35388
1.35764
1.3609
1.3635
1.36564
1.36743
1.36876
1.36959
1.37012
1.3705
1.37084
1.37123
1.3717
1.37221
1.37281
1.37374
1.3749
1.37609
1.37719
1.37815
1.37895
1.3796
1.38021
1.38066
1.38076
1.38058
1.38026
1.38
1.37985
1.37988
1.38003
1.38054
1.38102
1.38181
1.3821
1.38634
0.786094
0.811058
0.839341
0.870316
0.902517
0.93463
0.965773
0.99556
1.02363
1.04972
1.07382
1.09577
1.11548
1.13306
1.14853
1.16187
1.17333
1.18294
1.19078
1.19724
1.20259
1.20666
1.2095
1.21158
1.21317
1.21388
1.21431
1.21472
1.21531
1.21582
1.2165
1.21743
1.21846
1.21986
1.22168
1.22365
1.22559
1.22779
1.23032
1.23337
1.23706
1.24115
1.2454
1.24997
1.25503
1.26042
1.26581
1.27114
1.27637
1.28149
1.28645
1.29126
1.29592
1.30051
1.30509
1.30978
1.31462
1.3196
1.32469
1.32984
1.33501
1.34013
1.34509
1.34977
1.35409
1.35804
1.36146
1.36414
1.36616
1.36784
1.36913
1.36988
1.37011
1.37007
1.36995
1.36988
1.36998
1.37033
1.37088
1.37161
1.37284
1.37449
1.37608
1.37752
1.37877
1.37979
1.38068
1.3815
1.382
1.38202
1.38189
1.38181
1.38184
1.38208
1.38243
1.38311
1.38374
1.38481
1.38528
1.38975
0.78028
0.803354
0.829314
0.857775
0.887481
0.917398
0.946735
0.975161
1.00229
1.02774
1.05146
1.07333
1.09327
1.11143
1.12774
1.14215
1.15478
1.16564
1.17487
1.18282
1.18952
1.19493
1.1994
1.20317
1.20636
1.20898
1.21122
1.2135
1.21587
1.21802
1.21981
1.2214
1.22304
1.22485
1.22689
1.22875
1.23042
1.23237
1.23482
1.23793
1.24162
1.24562
1.24977
1.25426
1.25932
1.26467
1.27004
1.27535
1.28053
1.28557
1.29042
1.29502
1.29935
1.30345
1.30748
1.3116
1.31594
1.32054
1.32537
1.33036
1.33542
1.34044
1.34532
1.34998
1.35429
1.35806
1.36107
1.36329
1.36505
1.36649
1.36744
1.36778
1.36775
1.36751
1.36717
1.36691
1.36691
1.36726
1.3679
1.36881
1.37037
1.37248
1.37447
1.37627
1.37783
1.37913
1.38026
1.3813
1.38201
1.38223
1.38239
1.38268
1.38308
1.38367
1.38441
1.38539
1.38646
1.38818
1.38893
1.39357
0.772531
0.794812
0.81967
0.846569
0.874315
0.902144
0.929547
0.956253
0.981953
1.00652
1.0298
1.05166
1.07208
1.09092
1.10807
1.12363
1.13757
1.14986
1.16065
1.17017
1.17836
1.18537
1.19155
1.19712
1.20196
1.20622
1.21028
1.21417
1.21756
1.2203
1.22239
1.22419
1.22606
1.22772
1.22921
1.23106
1.2332
1.23576
1.23887
1.24245
1.24628
1.25026
1.25461
1.25958
1.26483
1.2701
1.27529
1.28035
1.28525
1.28997
1.29444
1.29865
1.30267
1.30659
1.31052
1.31455
1.31874
1.32309
1.3276
1.33223
1.3369
1.3415
1.34591
1.35005
1.35375
1.35681
1.35913
1.36095
1.36248
1.36355
1.36393
1.36384
1.36348
1.36305
1.36275
1.36272
1.36309
1.3638
1.36479
1.3665
1.36884
1.37114
1.37328
1.3752
1.37687
1.37828
1.37958
1.38072
1.38146
1.382
1.3826
1.38333
1.38422
1.38534
1.38643
1.38801
1.38966
1.39213
1.39334
1.39829
0.766718
0.787433
0.810976
0.836505
0.862932
0.889304
0.91523
0.940508
0.965013
0.98865
1.01128
1.03283
1.05318
1.07229
1.09009
1.10649
1.12148
1.13501
1.14711
1.15795
1.16762
1.17629
1.18423
1.19146
1.19796
1.20387
1.20932
1.21414
1.21802
1.22099
1.22344
1.22581
1.22814
1.23025
1.23238
1.23487
1.23789
1.24128
1.24484
1.24862
1.25272
1.25724
1.26194
1.26671
1.27144
1.27608
1.28061
1.285
1.28923
1.29329
1.2972
1.301
1.3048
1.30869
1.31271
1.31688
1.32114
1.32545
1.32977
1.33402
1.33813
1.34208
1.34584
1.34925
1.35203
1.35417
1.35598
1.35745
1.35842
1.35885
1.35894
1.35879
1.35856
1.35843
1.35859
1.35913
1.35991
1.36103
1.36293
1.36542
1.3679
1.37027
1.37247
1.37448
1.37623
1.37777
1.37926
1.38053
1.38146
1.38238
1.38341
1.3846
1.38594
1.38738
1.38895
1.39109
1.39295
1.39546
1.39689
1.40181
0.761428
0.779532
0.801188
0.825426
0.850602
0.875841
0.90084
0.92539
0.949299
0.972448
0.994748
1.01606
1.03629
1.05538
1.07333
1.09021
1.10589
1.12035
1.13362
1.14578
1.15695
1.16726
1.17673
1.1854
1.19332
1.20053
1.20681
1.21219
1.21691
1.22109
1.22473
1.22793
1.23097
1.234
1.23698
1.24007
1.24336
1.24678
1.25032
1.25408
1.25819
1.26252
1.26695
1.27138
1.27569
1.27985
1.28388
1.28777
1.2915
1.29508
1.29855
1.30198
1.30548
1.30915
1.31303
1.31711
1.32133
1.32561
1.32989
1.33408
1.33808
1.34185
1.34531
1.34819
1.3504
1.35221
1.35376
1.35487
1.35541
1.35556
1.35545
1.3552
1.35499
1.35499
1.35541
1.35618
1.35717
1.35884
1.36148
1.3643
1.36706
1.36968
1.37213
1.37436
1.37633
1.3781
1.3798
1.38127
1.38241
1.38358
1.38488
1.38635
1.38797
1.38963
1.39137
1.39358
1.39564
1.39801
1.39951
1.40408
0.755136
0.771727
0.791338
0.813406
0.837173
0.861839
0.886403
0.910525
0.9342
0.957308
0.979574
1.00083
1.02107
1.04025
1.05837
1.07541
1.09134
1.10612
1.11994
1.13288
1.14491
1.15618
1.16674
1.17668
1.18595
1.19463
1.20259
1.2097
1.2159
1.2214
1.22625
1.23039
1.23404
1.2375
1.24078
1.24386
1.24705
1.25042
1.25382
1.25737
1.2612
1.26539
1.26969
1.27399
1.27814
1.28205
1.28574
1.28927
1.29262
1.29575
1.29871
1.30164
1.30473
1.30817
1.31197
1.31607
1.32037
1.32474
1.32907
1.33323
1.33717
1.34086
1.34409
1.34661
1.34847
1.35006
1.35132
1.35203
1.35217
1.35199
1.35163
1.35124
1.351
1.3511
1.35172
1.35263
1.35394
1.3562
1.35929
1.36241
1.36544
1.3683
1.37097
1.37343
1.37561
1.3776
1.3795
1.38113
1.38247
1.38391
1.38552
1.3873
1.38924
1.39118
1.39333
1.39579
1.39814
1.40014
1.40147
1.40508
0.749721
0.765199
0.783366
0.804216
0.82661
0.849595
0.873129
0.897018
0.920654
0.943716
0.966018
0.987456
1.00795
1.02734
1.0455
1.06232
1.07795
1.09255
1.10626
1.11928
1.13185
1.14408
1.15589
1.16732
1.17805
1.18813
1.19748
1.20582
1.21335
1.21994
1.22538
1.22986
1.23386
1.23739
1.24033
1.24316
1.24624
1.24953
1.25283
1.25633
1.26035
1.26478
1.26936
1.27395
1.27838
1.28251
1.28634
1.28991
1.29324
1.29627
1.29906
1.30179
1.30464
1.30782
1.31136
1.3152
1.31925
1.32342
1.32755
1.3315
1.33524
1.33867
1.34155
1.34368
1.34527
1.34664
1.34762
1.34797
1.34782
1.34741
1.34688
1.34642
1.34624
1.34655
1.3474
1.34851
1.35032
1.35325
1.35658
1.35989
1.36308
1.3661
1.36893
1.37153
1.37387
1.37603
1.3781
1.37989
1.38155
1.38344
1.38559
1.38786
1.39018
1.39284
1.39571
1.39841
1.40109
1.40275
1.40395
1.40674
0.744021
0.759914
0.777734
0.79754
0.818761
0.841059
0.863836
0.886523
0.908965
0.931144
0.953003
0.974331
0.994733
1.01385
1.0316
1.04818
1.0639
1.07901
1.0937
1.10807
1.12209
1.13569
1.1488
1.16133
1.17319
1.18411
1.19378
1.20236
1.20989
1.21621
1.22163
1.22643
1.23051
1.23432
1.23808
1.24164
1.24513
1.24876
1.25253
1.25644
1.2606
1.26495
1.26944
1.27394
1.27835
1.28259
1.28659
1.29031
1.29378
1.29702
1.30008
1.30306
1.30604
1.30904
1.31215
1.31541
1.31877
1.3221
1.3253
1.32838
1.33137
1.33402
1.33606
1.33761
1.33895
1.33996
1.34043
1.3404
1.34014
1.33982
1.33963
1.33977
1.34039
1.34141
1.34269
1.34473
1.34761
1.35071
1.35384
1.3569
1.35982
1.36258
1.36514
1.36746
1.36965
1.37184
1.37414
1.37652
1.37905
1.38182
1.38502
1.38853
1.39218
1.39577
1.39909
1.40218
1.40489
1.40646
1.40757
1.40984
0.737145
0.753363
0.771506
0.791462
0.812728
0.834749
0.857002
0.879173
0.900983
0.922141
0.942547
0.962207
0.9811
0.999256
1.0168
1.03386
1.05057
1.06696
1.08299
1.09866
1.11398
1.12888
1.14314
1.15661
1.16908
1.18043
1.19056
1.1995
1.20709
1.21373
1.2196
1.22484
1.22975
1.23432
1.23872
1.24282
1.24672
1.25056
1.25439
1.25829
1.26228
1.26639
1.27061
1.27487
1.27911
1.28329
1.28738
1.29137
1.29524
1.29897
1.30254
1.30585
1.30891
1.31168
1.31412
1.3164
1.31852
1.32045
1.32219
1.32378
1.32521
1.32646
1.32754
1.32845
1.32924
1.32996
1.33062
1.33127
1.332
1.33287
1.33385
1.33501
1.33656
1.33851
1.34064
1.3429
1.34526
1.34766
1.35002
1.35225
1.35448
1.35672
1.35909
1.36152
1.36407
1.36689
1.37
1.37366
1.37746
1.3816
1.38579
1.38996
1.39395
1.3977
1.40122
1.40426
1.40707
1.40884
1.41009
1.4123
0.732811
0.748692
0.76641
0.785967
0.807067
0.829014
0.851093
0.872861
0.894068
0.914533
0.933953
0.952102
0.96933
0.986273
1.00337
1.02073
1.03826
1.05578
1.0731
1.09004
1.10644
1.12217
1.13711
1.15109
1.16393
1.1754
1.18537
1.19409
1.20205
1.20932
1.21606
1.22258
1.2288
1.23446
1.23974
1.24474
1.24946
1.25384
1.25791
1.2618
1.26562
1.26944
1.27325
1.27704
1.28083
1.28462
1.28841
1.29217
1.29585
1.29938
1.30273
1.30585
1.30859
1.311
1.31327
1.31528
1.31683
1.31803
1.31903
1.31985
1.32051
1.32105
1.32154
1.32207
1.32271
1.32356
1.32455
1.32568
1.3272
1.32901
1.33094
1.33295
1.33495
1.33694
1.33893
1.34093
1.3429
1.34475
1.34658
1.3485
1.35059
1.35286
1.35544
1.35812
1.36127
1.36479
1.36871
1.37303
1.37722
1.38179
1.38598
1.3902
1.39417
1.39787
1.40138
1.40443
1.40738
1.40948
1.41102
1.41333
0.733815
0.748638
0.765394
0.78393
0.803448
0.823361
0.843543
0.863852
0.883926
0.903331
0.921777
0.939416
0.956652
0.973927
0.991483
1.00934
1.02739
1.0455
1.06346
1.08108
1.09811
1.11422
1.12908
1.14254
1.15475
1.16602
1.17663
1.18664
1.19599
1.20473
1.21291
1.22067
1.22808
1.23508
1.24147
1.24704
1.2519
1.25618
1.26004
1.26366
1.26716
1.27061
1.27401
1.27744
1.28091
1.2844
1.2879
1.29135
1.29473
1.29799
1.30109
1.30396
1.30646
1.30871
1.31081
1.31263
1.31401
1.31505
1.31583
1.31639
1.3168
1.31714
1.3175
1.31801
1.31878
1.31972
1.32086
1.32249
1.32436
1.32622
1.32807
1.32996
1.33188
1.33383
1.33581
1.33772
1.33955
1.34135
1.34332
1.34544
1.34784
1.35039
1.35339
1.35649
1.36031
1.36424
1.36844
1.37282
1.37698
1.38138
1.38537
1.38948
1.39331
1.39706
1.40063
1.40395
1.4071
1.40961
1.41136
1.41384
0.737415
0.750575
0.765889
0.782784
0.800554
0.818693
0.836875
0.854943
0.872874
0.890639
0.908305
0.925926
0.943645
0.961572
0.979782
0.998255
1.01687
1.03543
1.05362
1.07116
1.08787
1.10372
1.11878
1.13308
1.14659
1.1593
1.17125
1.18249
1.19315
1.20323
1.21264
1.22131
1.22914
1.23599
1.24199
1.24735
1.25209
1.25631
1.26016
1.26381
1.26735
1.27085
1.2743
1.27764
1.28084
1.2839
1.28683
1.28965
1.29237
1.29499
1.29752
1.29994
1.30224
1.30438
1.30639
1.30818
1.30977
1.31112
1.31222
1.31308
1.31375
1.31435
1.31495
1.31555
1.31624
1.3171
1.31809
1.3193
1.32065
1.32212
1.32376
1.3256
1.32759
1.32957
1.33154
1.3335
1.33567
1.33786
1.34038
1.34291
1.34589
1.34889
1.3524
1.35606
1.35989
1.36404
1.36798
1.37233
1.37643
1.38071
1.38494
1.38908
1.39324
1.39722
1.40128
1.40478
1.40848
1.41115
1.41319
1.41535
0.736514
0.749049
0.763568
0.779825
0.796944
0.814006
0.830721
0.84723
0.863604
0.879929
0.896416
0.913305
0.930782
0.948906
0.967535
0.986443
1.00536
1.02406
1.04245
1.06042
1.07788
1.09478
1.11108
1.12669
1.14158
1.15573
1.16914
1.18174
1.19345
1.20416
1.21382
1.22234
1.2297
1.23603
1.24147
1.24598
1.2499
1.25338
1.25667
1.26009
1.26384
1.26767
1.27156
1.27545
1.27925
1.28285
1.28616
1.28917
1.29188
1.29433
1.29657
1.2986
1.30048
1.30222
1.30383
1.30527
1.30658
1.30775
1.30873
1.30958
1.31034
1.31092
1.31134
1.31184
1.31254
1.31336
1.31425
1.31517
1.31615
1.31742
1.31904
1.32087
1.3228
1.32484
1.32699
1.3293
1.33179
1.33445
1.3373
1.34035
1.34363
1.34715
1.35087
1.35475
1.35882
1.36305
1.36746
1.37199
1.37659
1.38122
1.38589
1.39051
1.3951
1.39954
1.40373
1.40753
1.41115
1.41375
1.4155
1.41719
0.733013
0.744908
0.758578
0.774255
0.790783
0.807238
0.823456
0.839474
0.855378
0.871254
0.887245
0.903658
0.920673
0.938284
0.956407
0.974923
0.993741
1.01273
1.03172
1.05051
1.06895
1.0869
1.10423
1.12082
1.13663
1.15156
1.16561
1.17881
1.19109
1.2023
1.21251
1.22151
1.22896
1.23516
1.24048
1.2447
1.24843
1.25211
1.25562
1.25926
1.26337
1.26757
1.27168
1.27571
1.2796
1.28329
1.28673
1.28995
1.29299
1.29573
1.298
1.29983
1.30146
1.30285
1.30384
1.30449
1.30492
1.30521
1.30539
1.30553
1.3056
1.30581
1.30626
1.30688
1.30776
1.30891
1.31007
1.31126
1.31254
1.31414
1.31608
1.31815
1.32024
1.32235
1.3245
1.32677
1.32921
1.33183
1.33467
1.33774
1.34106
1.34466
1.34855
1.35273
1.35719
1.36187
1.36671
1.37164
1.3766
1.38155
1.38644
1.39125
1.39594
1.40044
1.40473
1.40862
1.41203
1.41464
1.41643
1.41783
0.729029
0.740468
0.753471
0.767962
0.783263
0.798927
0.814616
0.830339
0.846247
0.862374
0.878725
0.89534
0.912279
0.929703
0.947801
0.966543
0.985781
1.00526
1.02478
1.04412
1.0631
1.08153
1.09927
1.11623
1.13237
1.14769
1.16217
1.17577
1.18836
1.19979
1.20989
1.21845
1.22571
1.23215
1.23773
1.24285
1.24753
1.25197
1.25647
1.26089
1.26514
1.26928
1.2733
1.27711
1.2807
1.28405
1.28719
1.29022
1.29313
1.29574
1.29786
1.2995
1.30091
1.30209
1.30274
1.30282
1.30253
1.30189
1.30111
1.30042
1.29988
1.29975
1.30016
1.30089
1.30208
1.30389
1.30581
1.30769
1.30963
1.31177
1.31407
1.3164
1.3186
1.32063
1.3226
1.32464
1.32688
1.32928
1.3319
1.33482
1.33814
1.3419
1.34609
1.35066
1.35553
1.36061
1.3658
1.37103
1.37623
1.38138
1.38643
1.39133
1.39603
1.40043
1.40453
1.40815
1.41134
1.41399
1.41576
1.41706
0.724454
0.736878
0.749898
0.763765
0.778406
0.793397
0.808467
0.823741
0.839391
0.855408
0.871694
0.88832
0.905495
0.923396
0.94203
0.961251
0.980874
1.00067
1.02042
1.03994
1.05905
1.07757
1.09542
1.11249
1.12877
1.14425
1.1588
1.17233
1.18473
1.19588
1.20579
1.21465
1.22256
1.22969
1.2362
1.24223
1.24789
1.25324
1.25831
1.26309
1.2675
1.27154
1.27522
1.27854
1.28157
1.28435
1.28696
1.28949
1.29193
1.29406
1.29575
1.29705
1.29819
1.2991
1.29946
1.29911
1.29833
1.29745
1.29656
1.2958
1.29539
1.29556
1.29615
1.29714
1.29885
1.30087
1.30287
1.30487
1.30703
1.30938
1.3118
1.31405
1.31611
1.31804
1.3198
1.3219
1.32427
1.32679
1.32959
1.33282
1.33662
1.34079
1.34545
1.35038
1.3556
1.36091
1.36624
1.37159
1.3768
1.38198
1.38693
1.39166
1.39612
1.40025
1.40411
1.40765
1.41085
1.41363
1.41548
1.41699
0.719436
0.731948
0.745386
0.759753
0.774697
0.789834
0.80507
0.820546
0.836287
0.85234
0.868738
0.885646
0.903156
0.921312
0.940017
0.959107
0.978436
0.997842
1.01719
1.03633
1.05508
1.07331
1.09095
1.10795
1.12428
1.13988
1.1546
1.16833
1.18095
1.19248
1.20292
1.21232
1.22082
1.22856
1.2357
1.24232
1.24854
1.25439
1.25982
1.26477
1.26927
1.27327
1.27679
1.27995
1.28275
1.28513
1.28721
1.28908
1.29061
1.2918
1.29288
1.29381
1.29439
1.29446
1.29419
1.29375
1.29322
1.29271
1.2923
1.29224
1.29257
1.29314
1.29418
1.29582
1.29752
1.29915
1.30074
1.30246
1.30447
1.30656
1.30855
1.31047
1.31219
1.31421
1.31652
1.31899
1.3217
1.32476
1.32833
1.3322
1.33657
1.3412
1.34622
1.35132
1.35661
1.36184
1.36713
1.37241
1.37754
1.38266
1.38742
1.39204
1.39632
1.40042
1.40424
1.40782
1.41113
1.41405
1.41598
1.41772
0.713187
0.725334
0.738974
0.754023
0.769729
0.785726
0.801974
0.818394
0.834838
0.851332
0.868036
0.885137
0.902729
0.920797
0.939261
0.958006
0.97693
0.99592
1.01488
1.03368
1.05219
1.07032
1.08795
1.10501
1.12146
1.13717
1.15194
1.16563
1.17817
1.18955
1.19989
1.20927
1.21785
1.22588
1.23364
1.2412
1.24842
1.25511
1.26129
1.26683
1.27182
1.27613
1.27962
1.28258
1.2849
1.28647
1.28765
1.28849
1.28906
1.28953
1.28976
1.2898
1.28961
1.28928
1.28895
1.28869
1.28858
1.28863
1.28881
1.28936
1.29047
1.29178
1.29323
1.29487
1.29645
1.29787
1.29928
1.30088
1.30267
1.30452
1.30619
1.30785
1.30992
1.3123
1.31484
1.3176
1.32075
1.32439
1.32842
1.33273
1.33742
1.34226
1.34733
1.3524
1.35761
1.36276
1.36795
1.373
1.37789
1.38259
1.38698
1.39124
1.39518
1.39902
1.40262
1.40614
1.40937
1.41239
1.41434
1.41663
0.705292
0.717672
0.731973
0.748093
0.765199
0.782662
0.800195
0.817668
0.835066
0.852271
0.869195
0.886074
0.90319
0.920698
0.938719
0.957198
0.976
0.995006
1.01409
1.03311
1.05188
1.0702
1.08788
1.10477
1.12077
1.13588
1.15011
1.16338
1.17551
1.18643
1.19636
1.20552
1.21402
1.22233
1.23111
1.24021
1.24905
1.25735
1.2649
1.27172
1.27765
1.28216
1.28513
1.28725
1.28873
1.2892
1.2887
1.28806
1.28748
1.287
1.28656
1.286
1.28555
1.28529
1.28517
1.28516
1.28543
1.28605
1.28697
1.28819
1.28948
1.29083
1.29237
1.29401
1.29544
1.29671
1.29799
1.29946
1.30091
1.30223
1.30383
1.30585
1.30823
1.31079
1.31356
1.31681
1.32073
1.32504
1.32965
1.33449
1.33948
1.34455
1.34966
1.35477
1.35983
1.36478
1.3695
1.37393
1.37806
1.38185
1.38543
1.38894
1.39234
1.39575
1.39907
1.40247
1.40564
1.40902
1.4114
1.41497
0.6983
0.711494
0.726868
0.744094
0.76242
0.781104
0.799659
0.817833
0.835612
0.853007
0.869956
0.886499
0.902738
0.919165
0.936961
0.956101
0.975657
0.995297
1.01477
1.03389
1.05251
1.07046
1.0876
1.10385
1.11922
1.13371
1.14727
1.15981
1.17136
1.18223
1.19238
1.20188
1.21079
1.21994
1.23031
1.24091
1.25085
1.26007
1.26845
1.27567
1.28121
1.28495
1.28749
1.28934
1.28991
1.28902
1.28766
1.28637
1.28531
1.28445
1.28372
1.28324
1.28297
1.2829
1.28331
1.28418
1.28511
1.28619
1.28716
1.28822
1.28929
1.29042
1.29161
1.29277
1.29382
1.29442
1.29461
1.29514
1.29625
1.29796
1.30014
1.30258
1.30521
1.30837
1.31249
1.31727
1.32233
1.32755
1.33282
1.33804
1.34319
1.34823
1.35313
1.35785
1.36235
1.36658
1.37048
1.37405
1.37745
1.3807
1.38362
1.38658
1.38968
1.39301
1.39627
1.39968
1.40291
1.40669
1.40941
1.41408
0.69995
0.712901
0.728006
0.744926
0.762766
0.780762
0.798471
0.815887
0.833119
0.850113
0.866776
0.883134
0.89955
0.916899
0.935607
0.954921
0.97443
0.993915
1.01321
1.0321
1.05039
1.06799
1.08483
1.10091
1.11627
1.13099
1.145
1.15813
1.17033
1.18158
1.1923
1.20284
1.21329
1.22353
1.23349
1.24292
1.25171
1.25964
1.26649
1.27237
1.27723
1.28072
1.28306
1.2847
1.28536
1.28507
1.28465
1.2844
1.28411
1.28366
1.28307
1.28259
1.28248
1.2829
1.28338
1.28379
1.28417
1.28443
1.28499
1.28558
1.28626
1.28692
1.28728
1.28729
1.287
1.28664
1.28687
1.28807
1.29008
1.29247
1.29502
1.29808
1.30216
1.307
1.31209
1.31733
1.32261
1.32783
1.33295
1.33795
1.34281
1.34753
1.35212
1.35657
1.36085
1.36495
1.36881
1.37244
1.37595
1.37938
1.38283
1.38629
1.38975
1.39328
1.39674
1.4005
1.40415
1.40827
1.41094
1.41467
0.70509
0.716089
0.728875
0.743412
0.759033
0.775191
0.791579
0.808022
0.824573
0.841411
0.858738
0.876716
0.895377
0.914585
0.93405
0.953621
0.973082
0.992116
1.01022
1.02741
1.04407
1.06058
1.07715
1.09387
1.11052
1.12685
1.14256
1.15759
1.17197
1.18551
1.19809
1.20953
1.21967
1.22847
1.23621
1.24304
1.24933
1.25521
1.26083
1.26603
1.27085
1.27517
1.27862
1.28131
1.28303
1.28383
1.28418
1.28421
1.28363
1.28227
1.28067
1.2792
1.27806
1.27719
1.27677
1.27686
1.27712
1.27738
1.27802
1.27868
1.27947
1.28034
1.28103
1.28143
1.28167
1.28216
1.28341
1.28548
1.28796
1.29065
1.29378
1.29754
1.3016
1.30585
1.31018
1.31451
1.31879
1.32306
1.32736
1.33174
1.33624
1.34089
1.34572
1.3507
1.3558
1.36091
1.36598
1.37099
1.3759
1.38069
1.38527
1.38955
1.39352
1.39715
1.40062
1.4039
1.40694
1.4093
1.41119
1.41202
0.706535
0.716358
0.727478
0.740475
0.754985
0.770367
0.786239
0.802542
0.819309
0.836679
0.854812
0.873713
0.893204
0.913018
0.93285
0.95246
0.971749
0.990701
1.00919
1.02695
1.04372
1.0595
1.07471
1.09014
1.10665
1.12363
1.14056
1.15694
1.17235
1.18651
1.19932
1.21079
1.22107
1.23012
1.23794
1.24496
1.2512
1.25641
1.26121
1.26567
1.26993
1.27442
1.27892
1.2825
1.28449
1.28529
1.28559
1.28546
1.28405
1.28106
1.27766
1.27431
1.27138
1.2692
1.26798
1.26726
1.26732
1.26869
1.27066
1.27272
1.27476
1.27688
1.27893
1.28077
1.2824
1.28398
1.28551
1.28741
1.28968
1.29198
1.29428
1.2967
1.29936
1.30227
1.30528
1.30836
1.31156
1.31505
1.31908
1.32365
1.32875
1.33427
1.34013
1.34614
1.35226
1.35835
1.36433
1.37014
1.37568
1.38093
1.38585
1.3904
1.39448
1.39812
1.40158
1.40462
1.40718
1.40852
1.41007
1.4101
0.694749
0.706442
0.720313
0.736145
0.752756
0.769627
0.786835
0.804435
0.82222
0.840087
0.858023
0.876091
0.89441
0.913143
0.932332
0.951835
0.971249
0.990225
1.00839
1.0257
1.04221
1.0582
1.07378
1.08903
1.10405
1.11876
1.13313
1.14712
1.16059
1.17356
1.18619
1.19824
1.20986
1.22081
1.23093
1.24022
1.24865
1.25591
1.26227
1.26768
1.27199
1.27569
1.27833
1.27978
1.2804
1.28052
1.28014
1.27939
1.27739
1.27497
1.27241
1.26984
1.26751
1.2658
1.26484
1.26427
1.26431
1.26518
1.26661
1.26819
1.27
1.27206
1.2741
1.27593
1.27767
1.27938
1.28114
1.28316
1.2853
1.28759
1.29018
1.29313
1.29634
1.29961
1.30311
1.30701
1.31163
1.31632
1.32165
1.32689
1.3326
1.33797
1.34353
1.34855
1.3536
1.35815
1.36251
1.3666
1.37047
1.37441
1.3782
1.38226
1.38616
1.39036
1.39466
1.39913
1.40335
1.40746
1.41032
1.41345
0.690409
0.704993
0.721685
0.739455
0.757356
0.775079
0.792589
0.809821
0.827123
0.845251
0.863675
0.8817
0.899378
0.91702
0.934926
0.953175
0.971635
0.990075
1.00818
1.02568
1.04239
1.0583
1.07348
1.08808
1.10221
1.11575
1.12856
1.14074
1.15254
1.16429
1.17674
1.18982
1.20298
1.21589
1.22815
1.23944
1.24957
1.25806
1.26435
1.26886
1.27233
1.27425
1.27483
1.27476
1.27453
1.2745
1.27465
1.27515
1.27588
1.27585
1.27508
1.27387
1.27255
1.27133
1.2697
1.26759
1.26527
1.26352
1.26221
1.26128
1.26113
1.26198
1.26349
1.2652
1.26715
1.2696
1.27283
1.27673
1.28093
1.28529
1.28976
1.29439
1.29919
1.30417
1.3093
1.31458
1.31992
1.32526
1.33054
1.33571
1.34069
1.34536
1.34963
1.35345
1.35693
1.36018
1.36298
1.36556
1.36839
1.37147
1.3748
1.37808
1.38165
1.38572
1.39114
1.3967
1.40285
1.40958
1.41347
1.42012
0.69165
0.707524
0.725336
0.743913
0.762047
0.779796
0.79742
0.814432
0.831349
0.84953
0.868424
0.88655
0.903932
0.920922
0.937948
0.955297
0.973018
0.990944
1.00878
1.02621
1.04296
1.05892
1.07411
1.08866
1.10267
1.1161
1.12882
1.14092
1.15262
1.16425
1.17676
1.1903
1.20394
1.21723
1.22968
1.24106
1.25119
1.25963
1.26585
1.27026
1.27361
1.2753
1.27541
1.27481
1.27419
1.27395
1.2739
1.2744
1.27538
1.27565
1.27508
1.2739
1.27246
1.27114
1.26961
1.26735
1.26457
1.2618
1.25971
1.25826
1.25794
1.25879
1.26024
1.26197
1.26442
1.26793
1.27225
1.27723
1.28245
1.28769
1.29291
1.29812
1.30331
1.30848
1.31363
1.31872
1.32373
1.32863
1.33342
1.33809
1.3426
1.34684
1.35071
1.35435
1.35771
1.36037
1.36268
1.36519
1.36798
1.37104
1.3744
1.37772
1.38131
1.38547
1.3911
1.39689
1.4033
1.41025
1.41429
1.42127
)
;

boundaryField
{
    inlet
    {
        type            calculated;
        value           uniform 3.00001;
    }
    outlet
    {
        type            calculated;
        value           nonuniform List<scalar> 
40
(
0.788011
0.975903
1.12665
1.22669
1.28509
1.31995
1.33997
1.35242
1.36074
1.36793
1.37378
1.37825
1.38257
1.38634
1.38975
1.39357
1.39829
1.40181
1.40408
1.40508
1.40674
1.40984
1.4123
1.41333
1.41384
1.41535
1.41719
1.41783
1.41706
1.41699
1.41772
1.41663
1.41497
1.41408
1.41467
1.41202
1.4101
1.41345
1.42012
1.42127
)
;
    }
    bottom
    {
        type            symmetryPlane;
    }
    top
    {
        type            symmetryPlane;
    }
    obstacle
    {
        type            calculated;
        value           uniform 0;
    }
    defaultFaces
    {
        type            empty;
    }
}


// ************************************************************************* //
