/*--------------------------------*- C++ -*----------------------------------*\
| =========                 |                                                 |
| \\      /  F ield         | OpenFOAM: The Open Source CFD Toolbox           |
|  \\    /   O peration     | Version:  2412                                  |
|   \\  /    A nd           | Website:  www.openfoam.com                      |
|    \\/     M anipulation  |                                                 |
\*---------------------------------------------------------------------------*/
FoamFile
{
    version     2.0;
    format      ascii;
    arch        "LSB;label=32;scalar=64";
    class       volScalarField;
    location    "16";
    object      Ma;
}
// * * * * * * * * * * * * * * * * * * * * * * * * * * * * * * * * * * * * * //

dimensions      [0 0 0 0 0 0 0];

internalField   nonuniform List<scalar> 
7000
(
2.25688
0.995725
0.30158
0.338501
0.401165
0.442608
0.450855
0.44639
0.440045
0.435122
0.432282
0.430004
0.427412
0.42432
0.42085
0.417073
0.413002
0.408624
0.403903
0.398845
0.39341
0.387616
0.381415
0.374826
0.367797
0.360347
0.352422
0.344036
0.33514
0.32574
0.315793
0.305296
0.294216
0.282539
0.270243
0.25731
0.243729
0.229479
0.214564
0.198969
0.182714
0.165795
0.148254
0.130104
0.111416
0.0922279
0.0726137
0.0528639
0.0319389
0.0155578
2.25693
0.995786
0.301376
0.338334
0.401009
0.442459
0.450707
0.446245
0.439906
0.43499
0.432155
0.42988
0.427291
0.424204
0.420738
0.416966
0.412901
0.408529
0.403814
0.398763
0.393335
0.38755
0.381357
0.374779
0.36776
0.360321
0.352409
0.344037
0.335156
0.325773
0.315844
0.305367
0.294309
0.282656
0.270387
0.257483
0.243934
0.229719
0.214844
0.199294
0.18309
0.166231
0.148764
0.130708
0.112148
0.0931504
0.0738406
0.0546712
0.0351727
0.0220832
2.25706
0.995982
0.301508
0.338369
0.401039
0.442492
0.45074
0.446284
0.439963
0.435059
0.432237
0.429967
0.427389
0.424307
0.420856
0.417092
0.413041
0.408679
0.403982
0.398943
0.393535
0.387766
0.381596
0.375037
0.368046
0.360633
0.352752
0.344412
0.33557
0.326226
0.316344
0.305916
0.294915
0.283323
0.271124
0.258297
0.244835
0.230719
0.215955
0.200535
0.184482
0.167807
0.150561
0.132791
0.11461
0.0961475
0.0776549
0.0598553
0.043057
0.0335944
2.25723
0.996287
0.301779
0.338447
0.40112
0.442592
0.450843
0.446404
0.440092
0.435219
0.432404
0.430157
0.427582
0.424527
0.421082
0.417347
0.413307
0.408977
0.404293
0.39929
0.3939
0.388172
0.382025
0.375514
0.368553
0.361196
0.353354
0.34508
0.336288
0.327021
0.317203
0.306867
0.295947
0.284466
0.272371
0.259678
0.246351
0.232402
0.217815
0.202608
0.186797
0.170411
0.153523
0.136194
0.118599
0.100927
0.083571
0.0674743
0.0533209
0.046202
2.25748
0.996717
0.302128
0.338516
0.401205
0.442711
0.450974
0.446547
0.440261
0.435416
0.432624
0.430399
0.427843
0.424813
0.421391
0.417686
0.413673
0.409376
0.404726
0.399761
0.394413
0.388727
0.382634
0.376173
0.369277
0.361978
0.354217
0.346012
0.337319
0.328137
0.318439
0.308207
0.297434
0.286081
0.274166
0.261635
0.24853
0.234789
0.22048
0.205551
0.190098
0.174103
0.157701
0.140967
0.124116
0.107441
0.0913941
0.077047
0.0651289
0.0595176
2.25781
0.997288
0.30257
0.338588
0.401301
0.442857
0.451142
0.44672
0.440487
0.435655
0.432917
0.430694
0.428193
0.425164
0.421806
0.418106
0.414164
0.409878
0.405305
0.400359
0.395096
0.38944
0.383442
0.377024
0.370235
0.362996
0.355357
0.347235
0.338679
0.329607
0.320067
0.30998
0.299388
0.288224
0.276522
0.264234
0.251385
0.237957
0.223968
0.209447
0.194414
0.178962
0.163152
0.147163
0.13121
0.115645
0.101008
0.0883194
0.0782112
0.0736441
2.25822
0.998012
0.303112
0.338664
0.401409
0.443036
0.451345
0.446958
0.440742
0.435971
0.433251
0.431082
0.428597
0.425627
0.42229
0.418658
0.414741
0.410531
0.40599
0.401134
0.395911
0.390361
0.384412
0.37812
0.371393
0.364304
0.356745
0.348799
0.340348
0.331483
0.322081
0.312236
0.301827
0.290944
0.279483
0.267522
0.25499
0.241951
0.228379
0.21433
0.199853
0.185006
0.169955
0.154803
0.139876
0.125514
0.112261
0.1011
0.0924708
0.0886518
2.25873
0.998901
0.303762
0.338745
0.401529
0.443245
0.451593
0.447234
0.441065
0.436343
0.433668
0.431544
0.429099
0.426181
0.422891
0.419319
0.415457
0.411317
0.406842
0.402065
0.396924
0.391466
0.385619
0.379433
0.372836
0.36587
0.358472
0.350671
0.342421
0.333728
0.324575
0.314939
0.304836
0.294214
0.283125
0.271496
0.259412
0.2468
0.233769
0.220279
0.206458
0.19235
0.178112
0.163953
0.150106
0.136992
0.125107
0.115291
0.107872
0.104651
2.25935
0.999967
0.30453
0.338834
0.401665
0.44349
0.451889
0.447562
0.441456
0.436782
0.434169
0.432088
0.429705
0.426837
0.423614
0.420104
0.41632
0.412251
0.407866
0.403174
0.398141
0.392786
0.387067
0.381008
0.37456
0.367754
0.360532
0.352929
0.344889
0.336443
0.32754
0.318208
0.308406
0.298162
0.287437
0.276278
0.264645
0.252611
0.240147
0.227366
0.214274
0.201027
0.187735
0.174596
0.161949
0.150068
0.139482
0.130919
0.124525
0.121747
2.26007
1.00122
0.305424
0.338932
0.401819
0.443778
0.452236
0.447961
0.441909
0.437312
0.434752
0.432739
0.43041
0.427619
0.424461
0.421036
0.417327
0.413359
0.409062
0.40449
0.399561
0.394349
0.388758
0.382868
0.376581
0.369972
0.362954
0.355583
0.347796
0.339625
0.331035
0.322038
0.312621
0.302783
0.292534
0.281866
0.27082
0.259388
0.24765
0.235607
0.223409
0.211078
0.198854
0.186853
0.175393
0.164827
0.15548
0.148025
0.142526
0.140179
2.2609
1.00268
0.306455
0.339042
0.401995
0.44411
0.452646
0.44842
0.442452
0.437925
0.435439
0.433496
0.431241
0.428527
0.425455
0.422118
0.41851
0.414641
0.410467
0.406009
0.40123
0.396151
0.390743
0.385013
0.378945
0.372532
0.365774
0.358651
0.351171
0.343312
0.335087
0.326477
0.317497
0.308139
0.29842
0.288346
0.277942
0.267241
0.25628
0.245135
0.23387
0.222625
0.211513
0.200756
0.19058
0.18127
0.173202
0.166845
0.162174
0.160137
2.26186
1.00435
0.307629
0.33917
0.402196
0.444496
0.453121
0.448968
0.443081
0.438646
0.436238
0.434374
0.432207
0.429577
0.426609
0.423366
0.419878
0.41612
0.412085
0.407762
0.403144
0.398233
0.393011
0.387491
0.381642
0.375489
0.368992
0.362186
0.355024
0.347549
0.339716
0.331568
0.323073
0.314271
0.30515
0.295747
0.286082
0.276191
0.266135
0.25596
0.24579
0.235682
0.225857
0.21639
0.207596
0.199664
0.192813
0.187531
0.183675
0.182066
2.26293
1.00623
0.308955
0.339314
0.402432
0.444928
0.453672
0.449592
0.443821
0.439476
0.437165
0.435389
0.433318
0.43079
0.427929
0.424805
0.421438
0.41782
0.413926
0.409771
0.405322
0.40061
0.395595
0.39031
0.384716
0.378844
0.37266
0.366189
0.359413
0.352341
0.344978
0.337323
0.329399
0.321202
0.312774
0.304114
0.295285
0.286302
0.277253
0.268177
0.259196
0.250395
0.241918
0.233936
0.226583
0.220116
0.214695
0.210592
0.207617
0.206312
2.26413
1.00833
0.310429
0.339456
0.402719
0.445415
0.454304
0.450318
0.444669
0.440437
0.438223
0.436554
0.434585
0.432178
0.42943
0.426446
0.423209
0.419752
0.416013
0.412046
0.407786
0.403298
0.398511
0.393495
0.388178
0.382628
0.376781
0.370701
0.364333
0.357739
0.350874
0.343796
0.336482
0.328984
0.321306
0.313492
0.305582
0.297619
0.289686
0.281834
0.274186
0.266817
0.259892
0.253497
0.247853
0.242996
0.239079
0.236342
0.23442
0.233765
2.26546
1.01067
0.312064
0.339623
0.403039
0.445974
0.45503
0.451161
0.445646
0.441545
0.439438
0.437884
0.436032
0.433751
0.431138
0.428295
0.425216
0.421922
0.418372
0.414599
0.410562
0.406306
0.401788
0.397052
0.392059
0.386848
0.381393
0.375725
0.369835
0.363737
0.357454
0.350981
0.344377
0.337618
0.330799
0.323895
0.317022
0.310178
0.303488
0.296993
0.290827
0.285066
0.279862
0.275319
0.271552
0.268735
0.266758
0.265783
0.265251
0.265215
2.26691
1.01323
0.313863
0.339827
0.403402
0.446624
0.455874
0.452135
0.446795
0.442819
0.440842
0.439401
0.437688
0.435536
0.433077
0.430382
0.427479
0.424361
0.421015
0.417452
0.413662
0.409659
0.405436
0.401007
0.396368
0.391531
0.386502
0.38129
0.375913
0.370376
0.364707
0.358924
0.35306
0.347151
0.341229
0.335364
0.32959
0.324007
0.318673
0.313697
0.309189
0.305253
0.302027
0.299618
0.29817
0.29766
0.298146
0.299576
0.301222
0.302743
2.26848
1.01601
0.315815
0.340057
0.403823
0.447379
0.456856
0.453274
0.448126
0.444294
0.442448
0.441139
0.439561
0.437563
0.435256
0.432737
0.430009
0.427097
0.423959
0.420641
0.4171
0.413392
0.40947
0.405395
0.40112
0.39671
0.392122
0.387425
0.382582
0.37767
0.372659
0.367628
0.362573
0.357569
0.352651
0.347876
0.343346
0.33909
0.335284
0.331951
0.329298
0.327423
0.326494
0.326613
0.328009
0.330745
0.334603
0.339702
0.34481
0.348802
2.27015
1.01899
0.317908
0.340325
0.404315
0.448267
0.458008
0.45462
0.449672
0.446016
0.444291
0.443134
0.441691
0.439863
0.437711
0.435383
0.432836
0.430147
0.427228
0.424174
0.420897
0.417505
0.413906
0.410208
0.406329
0.402369
0.398266
0.394106
0.389858
0.385588
0.381307
0.377053
0.372892
0.368837
0.365011
0.361416
0.358213
0.355447
0.353258
0.351816
0.351188
0.35163
0.353317
0.356521
0.361432
0.368167
0.376992
0.38772
0.399461
0.410064
2.27191
1.02212
0.320113
0.340645
0.4049
0.449312
0.459365
0.456192
0.451483
0.447995
0.44641
0.445394
0.44411
0.442447
0.44048
0.438338
0.436005
0.433534
0.430871
0.428078
0.42511
0.422029
0.418802
0.415479
0.412048
0.408539
0.404976
0.401365
0.397767
0.394169
0.390665
0.387242
0.384012
0.380988
0.378285
0.375976
0.374149
0.372991
0.372563
0.37306
0.374717
0.37783
0.382748
0.389614
0.39904
0.411363
0.427052
0.447206
0.471107
0.498711
2.27369
1.0253
0.322333
0.340979
0.405581
0.450545
0.460979
0.458056
0.45363
0.450295
0.448855
0.447963
0.446851
0.445338
0.443566
0.441602
0.439496
0.437244
0.434852
0.432329
0.429685
0.426935
0.424093
0.421174
0.418202
0.415189
0.412171
0.409166
0.406216
0.403358
0.400633
0.398113
0.39583
0.393904
0.392373
0.391407
0.391042
0.391468
0.392849
0.395531
0.399732
0.405823
0.414026
0.425181
0.439747
0.459287
0.485206
0.520708
0.572072
0.665056
2.27574
1.02898
0.324808
0.34123
0.406364
0.45212
0.463104
0.460552
0.456472
0.453368
0.452087
0.451419
0.450521
0.449288
0.447764
0.446117
0.4443
0.442416
0.440373
0.438283
0.436063
0.433825
0.431496
0.429186
0.426832
0.424543
0.422272
0.420127
0.418082
0.416249
0.414626
0.413329
0.412397
0.411951
0.412089
0.412857
0.414414
0.417174
0.421362
0.427053
0.434745
0.444712
0.457983
0.474967
0.497749
0.52776
0.569755
0.631297
0.730014
0.88176
2.27792
1.03292
0.327798
0.342191
0.408098
0.454989
0.466692
0.464519
0.460754
0.457712
0.456467
0.455894
0.455151
0.454097
0.452791
0.451366
0.449835
0.448241
0.446566
0.444846
0.443079
0.441298
0.439519
0.437762
0.436068
0.434446
0.432959
0.431617
0.430505
0.429634
0.429122
0.428988
0.42935
0.43023
0.431862
0.434446
0.438157
0.443072
0.449636
0.457961
0.468756
0.482478
0.499975
0.5228
0.55197
0.591532
0.644115
0.71825
0.829236
0.967522
2.27918
1.0352
0.329649
0.343255
0.410263
0.458735
0.471415
0.469742
0.466305
0.463283
0.462075
0.461616
0.461041
0.460161
0.459047
0.457824
0.456531
0.455198
0.453827
0.452439
0.451052
0.449688
0.448377
0.44714
0.446015
0.445032
0.444238
0.443673
0.443402
0.443486
0.443942
0.444844
0.446425
0.448826
0.452046
0.456334
0.461767
0.468758
0.477373
0.488343
0.501676
0.518677
0.539402
0.565954
0.599265
0.641923
0.697618
0.768047
0.864495
0.96795
2.28032
1.03729
0.33295
0.346955
0.415129
0.465153
0.478433
0.476632
0.47285
0.469476
0.468195
0.467834
0.467424
0.466715
0.465809
0.464812
0.463806
0.462779
0.461767
0.460754
0.45979
0.458869
0.458045
0.45732
0.456753
0.45636
0.456213
0.456325
0.456741
0.457545
0.458916
0.460896
0.463544
0.467031
0.471423
0.477026
0.483865
0.492452
0.50281
0.515589
0.531086
0.54991
0.573051
0.600917
0.635545
0.677369
0.729181
0.791315
0.869233
0.950453
2.27678
1.03091
0.335152
0.356939
0.427605
0.480035
0.49358
0.4908
0.485809
0.481555
0.479888
0.479327
0.478749
0.477875
0.47681
0.475711
0.474643
0.473613
0.472633
0.471717
0.470888
0.470174
0.469593
0.46919
0.468991
0.469027
0.469297
0.469961
0.471037
0.472638
0.474731
0.477517
0.480964
0.485358
0.490671
0.497259
0.505175
0.514743
0.526287
0.539992
0.556561
0.576136
0.599692
0.627624
0.660823
0.700357
0.746623
0.801073
0.864614
0.92927
2.28267
1.02365
0.359617
0.382559
0.448665
0.498605
0.510566
0.506839
0.501109
0.496717
0.495006
0.49431
0.493606
0.492651
0.49158
0.490497
0.489458
0.488454
0.48751
0.486623
0.48584
0.48516
0.484642
0.484254
0.484117
0.484267
0.48481
0.485672
0.487059
0.488903
0.491453
0.494594
0.49868
0.503542
0.509655
0.516781
0.525548
0.535665
0.5479
0.562052
0.578845
0.598425
0.621281
0.648062
0.67891
0.7149
0.755892
0.802806
0.856068
0.909675
1.87658
0.772498
0.274012
0.34422
0.417586
0.441231
0.441249
0.437287
0.433644
0.433544
0.435721
0.438614
0.441625
0.444676
0.447827
0.451082
0.454411
0.45776
0.461106
0.464426
0.467708
0.47089
0.474034
0.477174
0.480366
0.483548
0.486836
0.490157
0.493774
0.497585
0.501879
0.506578
0.511997
0.51811
0.525214
0.533371
0.5428
0.553768
0.566285
0.580958
0.59752
0.616939
0.63871
0.66406
0.692358
0.724853
0.760878
0.801382
0.846237
0.891041
1.86909
0.77181
0.282831
0.355478
0.428214
0.447778
0.443413
0.436113
0.430435
0.428518
0.428422
0.428828
0.429433
0.430343
0.431696
0.433485
0.435752
0.438369
0.441451
0.444887
0.44878
0.452861
0.45734
0.461997
0.467029
0.472197
0.47773
0.483473
0.489554
0.495893
0.502611
0.509697
0.517241
0.525394
0.534174
0.54394
0.554527
0.566566
0.57975
0.594837
0.611485
0.630481
0.651532
0.67531
0.701663
0.731002
0.763337
0.798507
0.836943
0.874673
1.86813
0.770505
0.284957
0.365209
0.443534
0.463716
0.457635
0.448322
0.441292
0.438534
0.437623
0.437023
0.436435
0.436032
0.435944
0.436217
0.43685
0.437854
0.439389
0.44138
0.443873
0.446803
0.45032
0.454345
0.458969
0.464137
0.469856
0.476132
0.482914
0.490306
0.498171
0.506779
0.515857
0.525827
0.536236
0.547695
0.559743
0.573029
0.587192
0.60288
0.619808
0.638555
0.658979
0.681498
0.706046
0.732882
0.761946
0.793185
0.826836
0.859407
1.8696
0.77375
0.290711
0.36742
0.443612
0.464306
0.459183
0.450722
0.444125
0.441737
0.441251
0.44107
0.440854
0.440743
0.44083
0.441136
0.441723
0.442631
0.443823
0.445311
0.447117
0.449358
0.452004
0.455221
0.458913
0.463302
0.468222
0.473951
0.480233
0.487439
0.495191
0.503964
0.513269
0.523658
0.534668
0.546816
0.559725
0.573836
0.588834
0.6051
0.622465
0.641217
0.661309
0.682975
0.70617
0.73104
0.75751
0.785631
0.81545
0.844134
1.87266
0.780367
0.298335
0.361345
0.428954
0.450266
0.448076
0.442061
0.436439
0.434546
0.434574
0.435105
0.435695
0.436412
0.437309
0.438482
0.439945
0.441635
0.443512
0.445625
0.447975
0.450644
0.453609
0.456986
0.46073
0.465015
0.469739
0.475157
0.481091
0.487876
0.495258
0.503599
0.512641
0.522702
0.533577
0.545503
0.558334
0.572265
0.587212
0.603326
0.62056
0.639057
0.658711
0.679668
0.701803
0.725292
0.74992
0.775666
0.802706
0.82857
1.88124
0.786946
0.300581
0.349096
0.412047
0.4412
0.44425
0.439591
0.434444
0.432144
0.431891
0.432413
0.43313
0.43405
0.435151
0.436486
0.438087
0.439947
0.442066
0.444468
0.44715
0.450163
0.453481
0.457188
0.461234
0.465759
0.470673
0.476184
0.482151
0.488837
0.49609
0.504159
0.512935
0.522604
0.533101
0.54458
0.556968
0.5704
0.584807
0.600311
0.61684
0.634502
0.653216
0.673082
0.693999
0.716001
0.738943
0.762787
0.787627
0.811299
2.26361
1.10701
0.40796
0.399407
0.459531
0.508282
0.519619
0.514744
0.507826
0.501762
0.498232
0.49575
0.493628
0.491598
0.48956
0.487577
0.485843
0.484343
0.483186
0.482329
0.481893
0.481836
0.482285
0.483213
0.48469
0.486754
0.489438
0.4928
0.496843
0.501657
0.50722
0.513642
0.520892
0.529095
0.538199
0.548337
0.559437
0.571619
0.584806
0.599104
0.61441
0.630821
0.648214
0.666639
0.686013
0.70632
0.727466
0.749365
0.7721
0.793728
2.27304
1.12895
0.392393
0.377286
0.450133
0.510921
0.529374
0.528513
0.524291
0.520482
0.519034
0.518654
0.518631
0.518584
0.518163
0.517528
0.516848
0.51621
0.515633
0.515149
0.514773
0.514569
0.514558
0.514822
0.515397
0.51636
0.51775
0.519677
0.522138
0.525286
0.529076
0.533689
0.539053
0.54534
0.55249
0.560626
0.569734
0.579897
0.59111
0.603394
0.616782
0.631218
0.646734
0.663228
0.680676
0.699006
0.718127
0.737943
0.758522
0.778107
2.29789
1.17762
0.434943
0.384143
0.447204
0.503543
0.522063
0.523109
0.521289
0.520105
0.520524
0.521756
0.523549
0.525348
0.526755
0.527952
0.529074
0.530219
0.531365
0.532541
0.533724
0.534963
0.536251
0.537648
0.539156
0.540846
0.542738
0.544903
0.54739
0.550262
0.553591
0.557424
0.561863
0.566937
0.572765
0.579359
0.586835
0.595182
0.604497
0.614756
0.626003
0.638208
0.651399
0.665561
0.680666
0.696685
0.713519
0.731013
0.749256
0.766659
1.90088
0.805216
0.306152
0.316853
0.373941
0.414824
0.42912
0.432962
0.435795
0.439457
0.444397
0.450155
0.456601
0.46311
0.469298
0.475309
0.481285
0.487261
0.493217
0.499116
0.504949
0.5107
0.516382
0.52198
0.527522
0.532992
0.538451
0.543876
0.549354
0.55488
0.560523
0.56633
0.572364
0.578694
0.585371
0.592495
0.600093
0.608285
0.61706
0.626554
0.636723
0.647704
0.659411
0.671946
0.6852
0.699182
0.713834
0.729176
0.745212
0.760543
2.30638
1.1947
0.450248
0.386783
0.44076
0.492373
0.509407
0.509487
0.506342
0.503865
0.502605
0.502416
0.502866
0.503256
0.503574
0.504071
0.50489
0.506159
0.507851
0.510005
0.512578
0.515617
0.519081
0.523008
0.527327
0.532087
0.537179
0.542685
0.548452
0.554592
0.560983
0.567725
0.57471
0.58205
0.589645
0.597628
0.60592
0.614647
0.623753
0.633351
0.643412
0.654015
0.665151
0.676846
0.689114
0.701934
0.715319
0.729172
0.74359
0.757322
2.31161
1.20465
0.433498
0.369829
0.438462
0.500778
0.522271
0.523697
0.521477
0.520004
0.52013
0.521257
0.522984
0.524487
0.525511
0.526354
0.527186
0.528131
0.529201
0.530484
0.531989
0.533799
0.535903
0.538385
0.541231
0.544507
0.548201
0.552358
0.556972
0.56206
0.56762
0.57364
0.580124
0.58705
0.594446
0.602257
0.610531
0.619194
0.628323
0.637828
0.647806
0.658155
0.668993
0.6802
0.691891
0.70395
0.716466
0.729307
0.742595
0.755206
2.31432
1.21044
0.437651
0.371867
0.441583
0.505488
0.527903
0.529599
0.527436
0.526086
0.526557
0.528071
0.530339
0.532533
0.534252
0.53578
0.537304
0.538934
0.540662
0.542522
0.544506
0.546651
0.548969
0.551496
0.554261
0.557294
0.560632
0.564295
0.56833
0.572741
0.577581
0.582841
0.588574
0.594753
0.601427
0.608559
0.616192
0.62428
0.632857
0.641881
0.651367
0.661288
0.671637
0.682398
0.693539
0.705063
0.71691
0.729088
0.741599
0.753491
2.31725
1.21806
0.464014
0.387984
0.447185
0.506329
0.528925
0.532177
0.531303
0.530933
0.531825
0.533753
0.536288
0.538588
0.540613
0.542518
0.544473
0.546516
0.548691
0.550973
0.553402
0.555953
0.558677
0.561549
0.564625
0.567884
0.571385
0.575112
0.579124
0.583408
0.588027
0.592972
0.598296
0.603994
0.610103
0.616622
0.623574
0.630968
0.638806
0.6471
0.655827
0.665008
0.674601
0.684625
0.695023
0.705805
0.716905
0.728319
0.740071
0.751255
1.90568
0.81368
0.324931
0.323663
0.376443
0.414322
0.427199
0.430233
0.432517
0.435854
0.440622
0.446533
0.45326
0.460085
0.466801
0.473473
0.480217
0.487026
0.493903
0.500798
0.50771
0.514606
0.521498
0.528363
0.535222
0.542066
0.548917
0.555776
0.562666
0.569596
0.576588
0.583666
0.590849
0.598172
0.605646
0.613321
0.621194
0.629319
0.637688
0.646341
0.655272
0.664503
0.674023
0.683852
0.693969
0.704382
0.715066
0.72601
0.737263
0.747947
2.31231
1.20929
0.465464
0.403657
0.466332
0.527553
0.549518
0.550471
0.546337
0.542508
0.540304
0.538932
0.538335
0.537934
0.537193
0.536463
0.535887
0.535724
0.5359
0.536576
0.537679
0.539281
0.541357
0.543938
0.546995
0.550548
0.554563
0.559058
0.563984
0.569356
0.575124
0.58129
0.587807
0.59468
0.601874
0.60939
0.617202
0.625311
0.633699
0.642369
0.651313
0.660532
0.670019
0.679772
0.689774
0.700016
0.710484
0.721154
0.732087
0.742457
2.2943
1.17012
0.460493
0.422869
0.485929
0.546343
0.566256
0.566306
0.562587
0.55935
0.558595
0.559001
0.560091
0.561354
0.56223
0.562869
0.563463
0.564119
0.564855
0.565676
0.566596
0.567654
0.568901
0.570378
0.572121
0.574172
0.576551
0.579289
0.582403
0.585915
0.589828
0.594166
0.598931
0.604133
0.609766
0.61583
0.622314
0.629211
0.636505
0.644183
0.652225
0.660613
0.669326
0.678347
0.687671
0.697266
0.70713
0.717225
0.727603
0.737463
1.88788
0.805135
0.340982
0.355397
0.406345
0.443104
0.452817
0.452623
0.451672
0.452508
0.455813
0.460431
0.46597
0.472035
0.478131
0.484261
0.49049
0.496825
0.503217
0.509621
0.516001
0.522344
0.528638
0.534884
0.541075
0.547224
0.553337
0.559441
0.565553
0.571707
0.577926
0.584235
0.590662
0.597229
0.603965
0.610886
0.618016
0.625364
0.632949
0.640773
0.648856
0.65719
0.665791
0.674636
0.683725
0.693048
0.702588
0.712337
0.722333
0.731834
1.87402
0.796347
0.339669
0.356691
0.398304
0.426913
0.434821
0.43478
0.43377
0.43325
0.433971
0.435592
0.438135
0.441329
0.44481
0.448632
0.452883
0.457597
0.462759
0.468343
0.474315
0.480647
0.487299
0.494241
0.501436
0.508851
0.516452
0.524211
0.532099
0.540096
0.548182
0.556361
0.56461
0.572947
0.581352
0.589852
0.598433
0.607124
0.615921
0.62483
0.633847
0.642994
0.652267
0.661683
0.671236
0.680938
0.690784
0.700766
0.710928
0.720547
1.88891
0.8061
0.345202
0.373719
0.430965
0.466939
0.473676
0.469613
0.464517
0.461405
0.460448
0.460414
0.460998
0.461955
0.462984
0.464149
0.465569
0.467319
0.469433
0.471925
0.474816
0.478119
0.481861
0.48604
0.490669
0.495738
0.50125
0.507183
0.51353
0.520263
0.527374
0.534826
0.542609
0.550685
0.559039
0.567632
0.576454
0.585468
0.594663
0.604031
0.613563
0.623238
0.633054
0.642985
0.653038
0.66319
0.673448
0.68379
0.694284
0.704187
2.34091
1.12462
0.469327
0.447714
0.513262
0.575036
0.595695
0.595111
0.589823
0.584526
0.581522
0.579622
0.578063
0.576698
0.57515
0.573421
0.571647
0.569934
0.568314
0.566833
0.565493
0.564353
0.563418
0.562756
0.562376
0.56235
0.562675
0.56343
0.564596
0.566217
0.568322
0.570918
0.574032
0.577644
0.581782
0.586414
0.591559
0.597178
0.603284
0.609824
0.616803
0.624172
0.631916
0.640026
0.648456
0.657192
0.666193
0.675447
0.68496
0.694034
1.88938
0.807277
0.346292
0.363511
0.415827
0.456066
0.468522
0.469512
0.468949
0.468914
0.47119
0.474699
0.478899
0.483632
0.488456
0.493274
0.49812
0.503059
0.508044
0.513069
0.518071
0.523062
0.527999
0.53291
0.537764
0.542598
0.547387
0.552171
0.556956
0.561766
0.566613
0.57153
0.576516
0.581622
0.58685
0.59225
0.597814
0.603595
0.609577
0.615814
0.622279
0.62902
0.63601
0.643261
0.650761
0.658523
0.666523
0.674763
0.683256
0.691374
1.88911
0.80742
0.347588
0.364571
0.416108
0.454591
0.465035
0.463966
0.461087
0.458519
0.458043
0.458873
0.460446
0.462641
0.46505
0.46763
0.470489
0.473709
0.477295
0.481233
0.485497
0.490068
0.494927
0.500053
0.505426
0.51102
0.516815
0.522786
0.528914
0.535198
0.541614
0.548161
0.554824
0.561599
0.568475
0.575453
0.582529
0.58971
0.596994
0.604388
0.611894
0.619517
0.62726
0.635129
0.643128
0.651261
0.65953
0.667932
0.676501
0.684645
2.34288
1.12821
0.472932
0.449749
0.516492
0.580752
0.603237
0.603363
0.5983
0.593243
0.590472
0.588929
0.587813
0.586972
0.58598
0.584823
0.583602
0.58248
0.581441
0.580581
0.579832
0.579318
0.578957
0.578889
0.579029
0.579497
0.580244
0.581317
0.582727
0.584487
0.5866
0.589073
0.591898
0.595082
0.598616
0.602506
0.606739
0.611314
0.616214
0.621441
0.62697
0.632802
0.638911
0.645302
0.651942
0.65884
0.665962
0.673313
0.680886
0.688135
1.88982
0.808802
0.353537
0.381455
0.43969
0.479634
0.489585
0.487889
0.484827
0.483428
0.48484
0.487504
0.490846
0.494675
0.498573
0.502523
0.506588
0.510821
0.515191
0.519683
0.524255
0.528901
0.533595
0.538339
0.54312
0.547938
0.552789
0.557679
0.562612
0.567596
0.572636
0.577751
0.582935
0.588217
0.59359
0.599081
0.604681
0.610415
0.616274
0.622279
0.628427
0.634735
0.641198
0.647826
0.654615
0.661573
0.668692
0.675968
0.683424
0.690527
1.87524
0.799752
0.351229
0.378128
0.427526
0.459434
0.467084
0.465951
0.464266
0.463546
0.464061
0.465248
0.46714
0.469411
0.471753
0.474221
0.476919
0.479891
0.483151
0.486692
0.490508
0.49459
0.498932
0.503525
0.508358
0.513423
0.518702
0.524187
0.52986
0.535713
0.541729
0.547894
0.554209
0.560656
0.56724
0.573941
0.580769
0.587709
0.59477
0.601939
0.609222
0.616604
0.624094
0.631685
0.639382
0.647177
0.655077
0.663075
0.671212
0.67892
1.87422
0.79938
0.351741
0.375374
0.42243
0.454093
0.462309
0.461844
0.460721
0.460096
0.460356
0.461171
0.462646
0.46447
0.466307
0.468197
0.470242
0.472485
0.474946
0.477623
0.480528
0.483663
0.487041
0.490659
0.494528
0.498644
0.503012
0.507628
0.512496
0.517607
0.522963
0.528557
0.534385
0.540436
0.546705
0.55318
0.559855
0.566716
0.573758
0.580973
0.588353
0.595895
0.603588
0.611425
0.619392
0.627487
0.635708
0.644059
0.652557
0.660633
1.88906
0.809136
0.354935
0.362685
0.413311
0.452103
0.463041
0.462623
0.460828
0.459577
0.459605
0.460406
0.461941
0.463832
0.465653
0.467447
0.469357
0.471435
0.473711
0.476172
0.478829
0.481673
0.48472
0.487963
0.491414
0.495068
0.498937
0.503014
0.50731
0.51182
0.516551
0.5215
0.52667
0.532059
0.537666
0.543492
0.54953
0.555783
0.562239
0.568904
0.575759
0.582812
0.590039
0.597455
0.60504
0.612805
0.620721
0.628798
0.637036
0.644882
2.31239
1.20481
0.48554
0.431526
0.492619
0.556863
0.582872
0.586379
0.583722
0.580999
0.579717
0.579407
0.579906
0.580741
0.58129
0.581584
0.581824
0.582107
0.582488
0.582954
0.583521
0.58418
0.584955
0.585844
0.586868
0.588028
0.589343
0.590813
0.592457
0.594275
0.596285
0.598488
0.600897
0.603517
0.606356
0.609419
0.612712
0.61624
0.620006
0.624013
0.628262
0.632755
0.637491
0.642469
0.64769
0.653144
0.658826
0.664722
0.670853
0.676753
2.32261
1.22892
0.466215
0.405403
0.481478
0.557553
0.588732
0.593417
0.590788
0.58793
0.586946
0.587404
0.588702
0.590525
0.592216
0.593621
0.59496
0.59638
0.597941
0.599627
0.601437
0.603354
0.605388
0.607532
0.609799
0.612178
0.614684
0.617307
0.62006
0.622935
0.625944
0.62908
0.632357
0.635767
0.639323
0.643018
0.646866
0.65086
0.655013
0.659318
0.663787
0.668413
0.67321
0.67817
0.683301
0.688594
0.694054
0.69967
0.705462
0.710997
2.31277
1.20628
0.486753
0.43258
0.494376
0.559835
0.586904
0.591061
0.589015
0.58691
0.586345
0.587006
0.588522
0.59052
0.592326
0.593926
0.595507
0.597196
0.599032
0.601012
0.603129
0.605379
0.607764
0.610286
0.61295
0.615755
0.618705
0.621799
0.62504
0.628426
0.631961
0.635643
0.639475
0.643455
0.647585
0.651864
0.656293
0.660871
0.6656
0.670477
0.675504
0.680679
0.686004
0.691475
0.697093
0.702857
0.708763
0.714811
0.72102
0.726955
1.88895
0.809178
0.356109
0.364319
0.416388
0.457
0.469091
0.469097
0.467494
0.466469
0.467096
0.468707
0.471173
0.474121
0.47704
0.479997
0.483091
0.486413
0.489946
0.493704
0.497653
0.501808
0.506142
0.510672
0.515375
0.520264
0.525317
0.530545
0.535929
0.541476
0.547171
0.553019
0.559008
0.56514
0.571405
0.577805
0.584331
0.590983
0.597755
0.604646
0.611653
0.618772
0.626002
0.633337
0.640776
0.648316
0.655959
0.663702
0.671585
0.67908
1.87418
0.800009
0.355331
0.38049
0.428586
0.460127
0.467644
0.466474
0.464728
0.463845
0.464054
0.464898
0.466428
0.468308
0.470126
0.471972
0.473919
0.476051
0.478343
0.48083
0.483476
0.486318
0.489329
0.49254
0.495927
0.49952
0.503297
0.50728
0.511453
0.51583
0.520401
0.525173
0.530141
0.535306
0.540667
0.546218
0.551963
0.55789
0.564008
0.570299
0.576776
0.583416
0.590235
0.597207
0.604348
0.611632
0.619077
0.626655
0.634409
0.641781
1.87703
0.80311
0.359416
0.395166
0.451564
0.484566
0.49049
0.486958
0.482772
0.480826
0.480809
0.481604
0.483005
0.484677
0.486265
0.48789
0.489621
0.491534
0.493595
0.495832
0.49821
0.500761
0.50346
0.506335
0.509364
0.512573
0.515943
0.519492
0.523211
0.527108
0.531181
0.535431
0.539862
0.544467
0.549258
0.554219
0.559369
0.564686
0.570193
0.575862
0.581719
0.587734
0.593934
0.600287
0.606819
0.613497
0.620348
0.627334
0.634498
0.64131
1.19226
1.05125
0.499546
0.190877
0.00869752
0.108435
0.159048
0.207547
0.229295
0.233829
0.222369
0.211
0.200726
0.191157
0.179092
0.164619
0.147269
0.127334
0.105497
0.082362
0.0585239
0.0348416
0.0156349
0.0237295
0.0475103
0.071883
0.0960345
0.119765
0.143137
0.166077
0.188631
0.210734
0.232429
0.2536
0.273669
0.2928
0.312386
0.332798
0.352827
0.372041
0.390621
0.408666
0.426261
0.443374
0.460032
0.476204
0.491906
0.507118
0.52185
0.536079
0.549816
0.563032
0.575735
0.587889
0.599501
0.610523
0.620964
0.630763
0.63993
0.648395
0.656171
0.663179
0.669435
0.674857
0.679472
0.683202
0.686094
0.68809
0.689275
0.689654
0.689642
0.689364
0.688517
0.686594
0.683614
0.680143
0.676588
0.673003
0.669426
0.665937
0.662613
0.659565
0.656832
0.654499
0.652559
0.651067
0.649979
0.649315
0.649033
0.649098
0.649354
0.649765
0.650441
0.651574
0.653062
0.654679
0.656319
0.658047
0.659712
0.664464
1.12274
1.03754
0.808025
0.550975
0.503787
0.432383
0.381984
0.340978
0.310489
0.291918
0.260906
0.230861
0.21141
0.209752
0.216872
0.227461
0.239959
0.253946
0.269116
0.285036
0.301465
0.31799
0.334357
0.350608
0.367402
0.384448
0.401666
0.418818
0.435972
0.452954
0.469855
0.486536
0.503076
0.519367
0.535062
0.550031
0.565064
0.580835
0.596751
0.612033
0.626807
0.641234
0.655379
0.669212
0.68274
0.695919
0.708774
0.721258
0.733403
0.745162
0.756561
0.76755
0.778149
0.788312
0.798046
0.807305
0.816088
0.824351
0.83208
0.839238
0.8458
0.851732
0.857006
0.861592
0.865464
0.8686
0.870986
0.872622
0.873506
0.873767
0.873632
0.873219
0.872297
0.870465
0.867693
0.864433
0.86103
0.857612
0.854214
0.850937
0.84782
0.844988
0.842451
0.840314
0.838542
0.83721
0.836248
0.835719
0.835536
0.835652
0.835923
0.836338
0.836956
0.837967
0.839247
0.840678
0.84208
0.843555
0.84477
0.848565
1.07531
1.07672
1.00933
0.901412
0.832332
0.782366
0.746309
0.71615
0.691295
0.67324
0.658331
0.644123
0.63406
0.629033
0.627558
0.627902
0.629545
0.632084
0.635592
0.639978
0.645187
0.65105
0.657476
0.664378
0.671976
0.680186
0.68898
0.698162
0.707751
0.717569
0.727695
0.737952
0.748456
0.759009
0.769406
0.779354
0.789435
0.800224
0.8116
0.822717
0.83354
0.844186
0.854719
0.865153
0.875452
0.885611
0.895585
0.905383
0.914959
0.924328
0.93344
0.942312
0.950887
0.959186
0.967141
0.974774
0.982014
0.98888
0.995297
1.00128
1.00676
1.01174
1.01615
1.02
1.02323
1.02585
1.02781
1.02912
1.02976
1.02986
1.02964
1.02915
1.02819
1.02646
1.02388
1.0209
1.0177
1.0145
1.01131
1.00827
1.00539
1.00279
1.00048
0.998543
0.996962
0.99578
0.994961
0.994528
0.994411
0.99454
0.994774
0.99515
0.995695
0.99658
0.997672
0.9989
1.00008
1.0013
1.00211
1.00516
1.04799
1.08517
1.08439
1.05111
1.00935
0.980547
0.962095
0.94833
0.936139
0.925113
0.916308
0.908746
0.901977
0.896809
0.894196
0.89293
0.891941
0.89094
0.889968
0.889201
0.888739
0.888686
0.889021
0.889936
0.89143
0.893574
0.896379
0.899777
0.903728
0.908166
0.913082
0.918416
0.924184
0.930272
0.936391
0.94237
0.948557
0.955484
0.963183
0.971071
0.978865
0.986613
0.994369
1.00217
1.00999
1.01782
1.02561
1.03335
1.04101
1.04858
1.05602
1.06332
1.07045
1.07738
1.08409
1.09055
1.09672
1.1026
1.10813
1.11329
1.11805
1.12238
1.12623
1.12959
1.13242
1.1347
1.13639
1.13749
1.13794
1.13792
1.13767
1.13717
1.13619
1.13453
1.13214
1.12939
1.12638
1.12335
1.12031
1.11745
1.11475
1.11234
1.11019
1.10841
1.10694
1.10587
1.10512
1.10473
1.10461
1.10472
1.10489
1.10518
1.10565
1.10641
1.10732
1.10837
1.10935
1.11035
1.11086
1.11346
1.0217
1.06965
1.09473
1.0983
1.08924
1.08153
1.07771
1.07609
1.07447
1.0718
1.06818
1.06526
1.06313
1.06024
1.05674
1.05387
1.05114
1.04819
1.04499
1.04163
1.03827
1.03508
1.0322
1.02976
1.02784
1.02657
1.02597
1.02604
1.02681
1.02814
1.03008
1.03255
1.03564
1.03911
1.04276
1.04638
1.05035
1.05503
1.06059
1.06652
1.07259
1.07869
1.0849
1.09117
1.09757
1.10402
1.11056
1.1171
1.12366
1.13017
1.13665
1.14303
1.14932
1.15546
1.16145
1.16722
1.17279
1.17808
1.1831
1.18779
1.19213
1.19607
1.1996
1.20267
1.20525
1.20732
1.20885
1.20981
1.21011
1.21002
1.20977
1.20926
1.20827
1.20664
1.20443
1.20186
1.19905
1.19615
1.19328
1.19054
1.18801
1.18572
1.18374
1.18208
1.18076
1.17978
1.17912
1.17877
1.17871
1.17882
1.17898
1.17929
1.17977
1.18053
1.18134
1.18233
1.1832
1.18412
1.18448
1.18694
0.991292
1.04503
1.08125
1.10449
1.11666
1.1244
1.13125
1.13816
1.14408
1.14841
1.15065
1.15103
1.15059
1.15019
1.14881
1.14608
1.14273
1.13911
1.1354
1.13127
1.12702
1.1226
1.11841
1.11439
1.1109
1.10787
1.10559
1.10388
1.10294
1.10257
1.10292
1.10386
1.10545
1.10748
1.10971
1.11201
1.1147
1.11813
1.12242
1.12716
1.13218
1.13736
1.14267
1.1481
1.15365
1.15931
1.16507
1.1709
1.17678
1.18267
1.18856
1.1944
1.20017
1.20584
1.21137
1.21675
1.22193
1.22688
1.23156
1.23596
1.24002
1.24373
1.24703
1.24991
1.25232
1.25425
1.25564
1.25645
1.25666
1.25655
1.25628
1.25572
1.25467
1.25303
1.25095
1.24852
1.24585
1.24306
1.24029
1.23764
1.2352
1.23302
1.23113
1.22955
1.22828
1.22734
1.22669
1.22638
1.22632
1.22641
1.22656
1.22687
1.22734
1.22807
1.22882
1.22975
1.23055
1.23137
1.23164
1.23398
0.961661
1.01364
1.0567
1.08983
1.11468
1.13318
1.14835
1.16154
1.17312
1.18254
1.18965
1.19421
1.19667
1.19739
1.19751
1.19686
1.19461
1.19122
1.18738
1.18321
1.17873
1.17409
1.16942
1.16487
1.1606
1.15678
1.15352
1.15088
1.14894
1.14763
1.14703
1.14703
1.14776
1.14894
1.15029
1.1518
1.15373
1.1564
1.15988
1.16386
1.16821
1.17281
1.17758
1.18249
1.18753
1.19269
1.19798
1.20335
1.2088
1.21429
1.21979
1.22528
1.23072
1.23608
1.24132
1.24643
1.25134
1.25606
1.26051
1.2647
1.26857
1.27209
1.27522
1.27796
1.28023
1.28202
1.28327
1.28395
1.28408
1.28396
1.28367
1.28304
1.28192
1.28026
1.27823
1.2759
1.27335
1.27069
1.26802
1.26547
1.26309
1.26097
1.25912
1.25758
1.25634
1.25543
1.25481
1.25452
1.25448
1.25456
1.25472
1.25505
1.25554
1.25627
1.25701
1.25791
1.25867
1.25944
1.25965
1.26193
0.935566
0.983334
1.02724
1.06525
1.09669
1.12209
1.14353
1.16184
1.17766
1.19097
1.20181
1.20983
1.21539
1.21854
1.22
1.22032
1.22014
1.21863
1.21567
1.21177
1.20748
1.2031
1.19856
1.19407
1.18968
1.18564
1.18201
1.17896
1.1765
1.17472
1.17359
1.17313
1.17337
1.17409
1.17494
1.176
1.17752
1.17978
1.18279
1.18632
1.19025
1.19448
1.19893
1.20354
1.2083
1.21317
1.21816
1.22326
1.22844
1.23367
1.23892
1.24418
1.24939
1.25453
1.25956
1.26447
1.26919
1.27372
1.278
1.28201
1.28571
1.28908
1.29206
1.29463
1.29674
1.29839
1.29951
1.30004
1.30009
1.29997
1.29964
1.29895
1.29774
1.29605
1.29404
1.29177
1.28932
1.28676
1.2842
1.28172
1.27941
1.27732
1.27552
1.274
1.2728
1.2719
1.2713
1.27104
1.27102
1.2711
1.27126
1.27162
1.27213
1.27288
1.27361
1.27451
1.27524
1.27598
1.27617
1.27843
0.912267
0.955938
0.998272
1.03787
1.07259
1.10256
1.12781
1.14963
1.16852
1.18489
1.1985
1.20955
1.2178
1.22368
1.22726
1.22926
1.22997
1.23007
1.22918
1.22685
1.22328
1.21941
1.21522
1.21108
1.20694
1.20309
1.19947
1.19638
1.19373
1.19177
1.19037
1.1897
1.18968
1.19014
1.1907
1.19153
1.19284
1.1949
1.19764
1.20089
1.20454
1.20853
1.21275
1.21718
1.22174
1.22645
1.23125
1.23617
1.24115
1.2462
1.25127
1.25634
1.26137
1.26633
1.27119
1.27591
1.28047
1.28481
1.28893
1.29276
1.2963
1.29948
1.3023
1.30469
1.30666
1.30814
1.30913
1.30951
1.30951
1.30936
1.309
1.30823
1.30694
1.30522
1.30322
1.30102
1.29867
1.29624
1.2938
1.29144
1.28923
1.28722
1.28546
1.28399
1.2828
1.28193
1.28135
1.28111
1.2811
1.28118
1.28135
1.28173
1.28225
1.28301
1.28375
1.28465
1.28537
1.28608
1.28624
1.28851
0.89068
0.930348
0.970433
1.00956
1.04564
1.07778
1.10596
1.13052
1.15198
1.17057
1.18653
1.19984
1.21063
1.2189
1.22488
1.22884
1.23132
1.23236
1.23259
1.23221
1.23075
1.22809
1.22451
1.22079
1.21707
1.21354
1.2102
1.20724
1.20468
1.20268
1.20123
1.20044
1.20029
1.20058
1.20097
1.20166
1.20285
1.20478
1.20732
1.21035
1.21375
1.2175
1.2215
1.22573
1.23012
1.23467
1.23931
1.24406
1.24887
1.25375
1.25864
1.26353
1.26839
1.27318
1.27786
1.28241
1.2868
1.29097
1.29491
1.29857
1.30192
1.30492
1.30757
1.30979
1.31159
1.31291
1.31374
1.31401
1.31397
1.3138
1.31338
1.31252
1.31115
1.30944
1.30749
1.30537
1.30313
1.30085
1.29856
1.29634
1.29425
1.29233
1.29063
1.28919
1.28804
1.28717
1.2866
1.28635
1.28635
1.28642
1.28659
1.28696
1.28748
1.28824
1.28897
1.28985
1.29056
1.29125
1.29138
1.29365
0.870523
0.906972
0.944758
0.982728
1.01883
1.05196
1.08164
1.10801
1.13124
1.15171
1.1695
1.18484
1.19768
1.20822
1.21636
1.22249
1.22679
1.22965
1.23117
1.23175
1.23156
1.23071
1.22873
1.22587
1.22271
1.21953
1.21649
1.21374
1.21132
1.20937
1.2079
1.20702
1.20672
1.20681
1.20704
1.20756
1.20865
1.21045
1.21282
1.21563
1.21881
1.22233
1.22614
1.2302
1.23444
1.23885
1.24337
1.24799
1.25267
1.25739
1.26214
1.26687
1.27157
1.27619
1.28072
1.28509
1.2893
1.29329
1.29704
1.3005
1.30367
1.30648
1.30893
1.31097
1.31259
1.31374
1.31439
1.31455
1.31449
1.31428
1.31379
1.31284
1.31144
1.30975
1.30786
1.30585
1.30377
1.30165
1.29955
1.2975
1.29555
1.29375
1.29214
1.29076
1.28964
1.28879
1.28823
1.28798
1.28796
1.28803
1.28819
1.28855
1.28905
1.2898
1.29051
1.29138
1.29207
1.29273
1.29284
1.29511
0.849784
0.883816
0.919703
0.956459
0.992178
1.02562
1.05619
1.08373
1.10837
1.13027
1.14966
1.16659
1.18123
1.19358
1.20382
1.21191
1.21815
1.22273
1.22593
1.22792
1.22884
1.22892
1.22845
1.22717
1.22505
1.22237
1.21961
1.217
1.21474
1.21285
1.21143
1.21052
1.21016
1.21008
1.21021
1.21068
1.21174
1.21349
1.21572
1.21836
1.22136
1.22469
1.22832
1.23223
1.23633
1.24062
1.24502
1.24951
1.25407
1.25866
1.26326
1.26784
1.27237
1.27683
1.28117
1.28537
1.28938
1.29318
1.29674
1.3
1.30297
1.30558
1.30783
1.30967
1.3111
1.31207
1.31255
1.31262
1.31255
1.31231
1.31174
1.3107
1.30928
1.30763
1.30585
1.30397
1.30206
1.30013
1.29822
1.29635
1.29456
1.29289
1.29139
1.29009
1.28901
1.28819
1.28763
1.28738
1.28734
1.28741
1.28755
1.28788
1.28837
1.28908
1.28978
1.29062
1.29129
1.29192
1.29201
1.29429
0.829112
0.860851
0.894848
0.930179
0.965104
0.99833
1.02923
1.05747
1.0831
1.10614
1.1268
1.14512
1.16127
1.17526
1.18727
1.19717
1.20522
1.21151
1.21633
1.21978
1.22211
1.22341
1.22377
1.2235
1.22274
1.22126
1.21923
1.21699
1.21487
1.21311
1.21172
1.21086
1.21043
1.21027
1.21025
1.21073
1.21178
1.21342
1.21553
1.21796
1.22079
1.22392
1.22741
1.23113
1.23511
1.23924
1.24353
1.24789
1.25233
1.25678
1.26124
1.26566
1.27004
1.27432
1.27848
1.28248
1.2863
1.28989
1.29324
1.2963
1.29904
1.30145
1.30348
1.30511
1.30633
1.30712
1.30743
1.30745
1.30735
1.30706
1.3064
1.3053
1.3039
1.30233
1.30068
1.29897
1.29725
1.29552
1.2938
1.29212
1.29051
1.28899
1.28761
1.2864
1.28539
1.2846
1.28405
1.28378
1.28373
1.28378
1.28391
1.2842
1.28465
1.28533
1.286
1.28681
1.28745
1.28805
1.28813
1.29042
0.810443
0.839803
0.871703
0.905281
0.938932
0.97141
1.00206
1.03049
1.05663
1.08044
1.10205
1.12148
1.13888
1.15426
1.16778
1.17931
1.18902
1.19698
1.2034
1.20839
1.21215
1.21477
1.21645
1.21723
1.21733
1.21684
1.21598
1.21462
1.21298
1.21137
1.21014
1.20932
1.20898
1.20875
1.20885
1.20946
1.21063
1.21231
1.21439
1.21679
1.21956
1.22263
1.22604
1.22969
1.23359
1.23764
1.24184
1.24611
1.25045
1.25478
1.2591
1.26337
1.26757
1.27165
1.27561
1.27938
1.28297
1.28632
1.28941
1.29221
1.29469
1.29683
1.2986
1.29998
1.30096
1.30152
1.30168
1.30165
1.3015
1.3011
1.30033
1.29917
1.29784
1.2964
1.29492
1.2934
1.29189
1.29035
1.28886
1.28738
1.28596
1.28462
1.28339
1.2823
1.28138
1.28065
1.28013
1.27986
1.2798
1.27984
1.27996
1.28022
1.28062
1.28127
1.2819
1.28268
1.28328
1.28384
1.28389
1.2862
0.795721
0.822464
0.851951
0.88338
0.915274
0.946459
0.976291
1.00435
1.03048
1.0546
1.07675
1.09695
1.11528
1.13177
1.14649
1.15948
1.17072
1.18027
1.18827
1.19484
1.20012
1.20422
1.2073
1.20943
1.21076
1.21139
1.21151
1.21122
1.21069
1.20998
1.20919
1.20878
1.20865
1.2087
1.20906
1.2099
1.21127
1.21299
1.21507
1.21747
1.22021
1.22325
1.22659
1.23016
1.23396
1.23792
1.24201
1.24617
1.25037
1.25457
1.25873
1.26283
1.26682
1.2707
1.27442
1.27796
1.28128
1.28437
1.28718
1.28971
1.2919
1.29376
1.29524
1.29637
1.2971
1.29743
1.29747
1.29741
1.29718
1.29665
1.29577
1.29463
1.29341
1.29214
1.29085
1.28954
1.28824
1.28694
1.28566
1.2844
1.2832
1.28205
1.281
1.28005
1.27925
1.27858
1.27812
1.27784
1.27777
1.27781
1.27791
1.27813
1.27849
1.27907
1.27966
1.28039
1.28095
1.28146
1.28148
1.2838
0.786355
0.810427
0.837357
0.866445
0.896317
0.925894
0.954527
0.981808
1.00752
1.03157
1.0539
1.07455
1.09351
1.11086
1.12659
1.14079
1.15338
1.16441
1.17394
1.18209
1.18894
1.19461
1.19919
1.2028
1.20554
1.20751
1.20882
1.20963
1.21001
1.2101
1.21002
1.20999
1.21008
1.21043
1.21107
1.21208
1.21344
1.21516
1.21722
1.21961
1.2223
1.22529
1.22853
1.232
1.23568
1.2395
1.24345
1.24746
1.25151
1.25553
1.25951
1.2634
1.26719
1.27082
1.2743
1.27756
1.28063
1.28341
1.28595
1.28815
1.29007
1.29161
1.29283
1.29366
1.29416
1.29429
1.29427
1.29414
1.29379
1.29311
1.29217
1.29113
1.29006
1.28898
1.2879
1.28681
1.28572
1.28464
1.28358
1.28254
1.28155
1.2806
1.27973
1.27893
1.27825
1.27767
1.27725
1.27698
1.27691
1.27693
1.27701
1.27719
1.2775
1.27802
1.27856
1.27923
1.27973
1.28018
1.28017
1.2825
0.780486
0.802239
0.826823
0.853683
0.881566
0.909492
0.936825
0.963171
0.988286
1.01204
1.03436
1.05522
1.07462
1.09258
1.10913
1.1243
1.13803
1.15034
1.16126
1.17084
1.17914
1.18626
1.19226
1.19726
1.20132
1.20456
1.20703
1.20888
1.21023
1.21116
1.2118
1.21232
1.21284
1.2135
1.21436
1.21549
1.21691
1.21865
1.22071
1.22307
1.22572
1.22863
1.23177
1.23513
1.23866
1.24234
1.24612
1.24996
1.25381
1.25765
1.26141
1.26509
1.26862
1.27201
1.27519
1.27819
1.28093
1.28342
1.28562
1.28752
1.28909
1.29034
1.29124
1.29182
1.29205
1.29207
1.292
1.29176
1.29122
1.29042
1.28953
1.28863
1.28774
1.28685
1.28598
1.28509
1.28423
1.28336
1.28253
1.28171
1.28094
1.28019
1.27951
1.27887
1.27831
1.27782
1.27745
1.27719
1.27712
1.27714
1.27719
1.27733
1.27758
1.27803
1.27851
1.2791
1.27954
1.27992
1.27986
1.28219
0.776425
0.796444
0.819102
0.844022
0.870066
0.896376
0.922371
0.947672
0.972044
0.995327
1.01744
1.03833
1.05797
1.07637
1.09353
1.10945
1.12413
1.1375
1.14961
1.16045
1.17009
1.17857
1.18596
1.1923
1.19768
1.20215
1.20581
1.20876
1.21109
1.2129
1.2143
1.21545
1.21647
1.2175
1.21862
1.21991
1.22143
1.22321
1.22527
1.22759
1.23018
1.23299
1.23603
1.23925
1.24263
1.24614
1.24973
1.25337
1.25702
1.26063
1.26417
1.26758
1.27086
1.27396
1.27687
1.27955
1.28199
1.28414
1.28602
1.28758
1.28883
1.28975
1.29036
1.29065
1.29071
1.29065
1.29045
1.28999
1.28931
1.28851
1.28775
1.287
1.28629
1.28559
1.28492
1.28424
1.2836
1.28295
1.28234
1.28175
1.2812
1.28067
1.28017
1.27969
1.27925
1.27886
1.27855
1.27832
1.27824
1.27825
1.27828
1.27838
1.27857
1.27893
1.27934
1.27985
1.28021
1.2805
1.28039
1.28272
0.773413
0.792093
0.813296
0.836671
0.86124
0.886183
0.910984
0.935299
0.958915
0.981673
1.00348
1.02427
1.04402
1.06269
1.08028
1.09679
1.11222
1.1265
1.13961
1.15157
1.16239
1.17209
1.18072
1.18831
1.19493
1.20061
1.20544
1.20947
1.21281
1.21555
1.21778
1.21961
1.22119
1.22263
1.22405
1.22554
1.22717
1.229
1.23104
1.23331
1.2358
1.23852
1.24141
1.24448
1.24768
1.251
1.25438
1.2578
1.2612
1.26456
1.26783
1.27098
1.27397
1.27678
1.27938
1.28174
1.28385
1.28567
1.2872
1.28842
1.28933
1.28994
1.29025
1.29032
1.29027
1.29008
1.28965
1.28899
1.28828
1.28758
1.28696
1.28637
1.28584
1.28533
1.28485
1.28438
1.28394
1.28352
1.28314
1.28278
1.28245
1.28213
1.28181
1.28149
1.28118
1.28089
1.28065
1.28046
1.28038
1.28038
1.28041
1.28048
1.28063
1.28091
1.28124
1.28165
1.28194
1.28214
1.28198
1.2843
0.770077
0.787862
0.808011
0.830231
0.853614
0.877446
0.901265
0.924751
0.9477
0.969974
0.99147
1.01213
1.0319
1.05075
1.06868
1.08565
1.10168
1.11668
1.13064
1.14353
1.15537
1.16615
1.17589
1.18464
1.1924
1.19923
1.20516
1.21025
1.21458
1.21823
1.22124
1.22375
1.22588
1.22775
1.22947
1.23116
1.23289
1.23474
1.23674
1.23893
1.24131
1.24387
1.2466
1.24949
1.25248
1.25558
1.25872
1.26189
1.26503
1.26812
1.2711
1.27396
1.27665
1.27916
1.28143
1.28347
1.28524
1.28672
1.2879
1.28879
1.28936
1.28967
1.28973
1.28968
1.28947
1.28901
1.28835
1.28765
1.28701
1.28644
1.28595
1.28552
1.28514
1.2848
1.28449
1.2842
1.28396
1.28376
1.28359
1.28346
1.28334
1.2832
1.28305
1.28288
1.2827
1.28251
1.28233
1.28219
1.28213
1.28212
1.28215
1.2822
1.28231
1.28253
1.28279
1.28311
1.28331
1.28344
1.28325
1.28558
0.765948
0.783023
0.80239
0.823752
0.846264
0.869244
0.89226
0.91506
0.937447
0.959303
0.980519
1.00104
1.02081
1.0398
1.05797
1.07532
1.09181
1.10741
1.12205
1.13574
1.14843
1.16015
1.17086
1.1806
1.18936
1.19718
1.20407
1.2101
1.21529
1.21975
1.22352
1.22669
1.22939
1.23172
1.23379
1.2357
1.23757
1.23946
1.24145
1.24356
1.24582
1.24823
1.25079
1.25346
1.25625
1.2591
1.26199
1.26489
1.26775
1.27054
1.27322
1.27577
1.27814
1.28032
1.28227
1.28396
1.28538
1.2865
1.28733
1.28786
1.28812
1.28815
1.28807
1.28782
1.28729
1.28657
1.28586
1.28523
1.28468
1.28424
1.28387
1.28359
1.28335
1.28318
1.28303
1.28293
1.2829
1.28292
1.28297
1.28305
1.28314
1.28318
1.28318
1.28316
1.28311
1.28303
1.28293
1.28285
1.28281
1.28281
1.28283
1.28287
1.28295
1.2831
1.28329
1.28352
1.28364
1.2837
1.28349
1.2858
0.759932
0.776487
0.795241
0.815946
0.837777
0.860103
0.882514
0.90477
0.926707
0.948208
0.96919
0.989584
1.00934
1.02842
1.0468
1.06444
1.08133
1.0974
1.11263
1.12697
1.14041
1.15292
1.1645
1.17513
1.18483
1.19359
1.20145
1.20841
1.21453
1.21986
1.22448
1.22841
1.23175
1.2346
1.23709
1.23932
1.24141
1.24342
1.24545
1.24752
1.2497
1.25197
1.25437
1.25684
1.25941
1.26201
1.26464
1.26724
1.26981
1.27228
1.27464
1.27685
1.27889
1.28071
1.28232
1.28364
1.28469
1.28544
1.28592
1.28609
1.28608
1.28595
1.28558
1.28495
1.28416
1.2834
1.28273
1.28216
1.28171
1.28136
1.28113
1.28097
1.28089
1.28085
1.28088
1.28096
1.28113
1.2814
1.2817
1.28199
1.28225
1.28245
1.28261
1.28273
1.28281
1.28284
1.28285
1.28284
1.28284
1.28285
1.28286
1.28289
1.28295
1.28305
1.28316
1.28329
1.28333
1.28334
1.28308
1.28536
0.754195
0.77013
0.788259
0.808297
0.829439
0.851088
0.872866
0.89456
0.916018
0.937141
0.957845
0.97807
0.997762
1.01688
1.03539
1.05325
1.07044
1.08694
1.10267
1.11761
1.13171
1.14497
1.15736
1.16886
1.17946
1.18917
1.19797
1.20589
1.21293
1.21918
1.22461
1.22934
1.23338
1.23689
1.23988
1.24253
1.24487
1.24707
1.24916
1.25124
1.25333
1.2555
1.2577
1.26
1.26231
1.26468
1.26701
1.26933
1.27155
1.27371
1.27572
1.2776
1.27927
1.28075
1.28196
1.28292
1.28357
1.28395
1.28405
1.284
1.28377
1.28323
1.28244
1.28158
1.28076
1.28001
1.27937
1.27886
1.27849
1.27825
1.27814
1.27811
1.27814
1.27821
1.27839
1.27871
1.27915
1.27963
1.2801
1.28055
1.28096
1.28133
1.28164
1.2819
1.2821
1.28225
1.28235
1.28241
1.28245
1.28248
1.2825
1.28252
1.28255
1.28259
1.28265
1.28267
1.28266
1.28261
1.28226
1.28447
0.747954
0.763404
0.780987
0.800465
0.821046
0.842135
0.863397
0.884618
0.905686
0.926489
0.946972
0.967048
0.986693
1.00583
1.02446
1.0425
1.05997
1.0768
1.09296
1.10839
1.12308
1.13697
1.15007
1.1623
1.17369
1.18419
1.19382
1.20253
1.21038
1.21735
1.22354
1.22893
1.23363
1.23765
1.24113
1.24412
1.24677
1.24913
1.25133
1.25341
1.25545
1.25748
1.25953
1.26159
1.26367
1.26574
1.26779
1.26977
1.27167
1.27346
1.27514
1.27664
1.27797
1.27906
1.2799
1.28047
1.28075
1.28079
1.28069
1.28034
1.27964
1.2787
1.27773
1.27682
1.27598
1.27526
1.27465
1.27421
1.27393
1.27382
1.2738
1.27384
1.27395
1.27419
1.27461
1.27517
1.27578
1.27641
1.27704
1.27764
1.27821
1.27873
1.27919
1.27958
1.27991
1.28017
1.28036
1.2805
1.28059
1.28065
1.28068
1.28069
1.2807
1.28071
1.28071
1.28069
1.28061
1.28047
1.27998
1.28208
0.736819
0.752365
0.76998
0.789351
0.809734
0.830557
0.851537
0.872483
0.893309
0.913915
0.934256
0.954254
0.97388
0.99307
1.0118
1.03003
1.04773
1.06487
1.08138
1.0972
1.11233
1.12671
1.14033
1.15315
1.16516
1.17633
1.18667
1.19614
1.20479
1.21257
1.21955
1.2257
1.23112
1.23579
1.23986
1.24334
1.24638
1.24902
1.25141
1.25356
1.25562
1.25756
1.25949
1.26134
1.2632
1.26498
1.26674
1.26837
1.26994
1.27136
1.27269
1.2738
1.27477
1.27545
1.27592
1.27607
1.27605
1.27584
1.27527
1.27437
1.27333
1.27224
1.27119
1.27021
1.26934
1.2686
1.26804
1.26767
1.26751
1.26749
1.26754
1.26766
1.26792
1.26838
1.26903
1.26976
1.27054
1.27133
1.27212
1.27289
1.27362
1.2743
1.27491
1.27545
1.2759
1.27628
1.27658
1.2768
1.27695
1.27705
1.27709
1.2771
1.2771
1.27709
1.27705
1.27697
1.27679
1.27656
1.27597
1.27802
0.72105
0.737057
0.755071
0.774708
0.795199
0.816037
0.836961
0.857829
0.878564
0.899097
0.919385
0.939368
0.959016
0.978277
0.997129
1.01553
1.03345
1.05087
1.06774
1.084
1.09963
1.11458
1.12883
1.14234
1.1551
1.16706
1.17822
1.18854
1.19804
1.20668
1.21452
1.22152
1.22775
1.23321
1.23799
1.24211
1.2457
1.24878
1.2515
1.25387
1.25605
1.25801
1.25987
1.26158
1.26323
1.26473
1.26618
1.26746
1.26867
1.26971
1.27065
1.27136
1.27191
1.27214
1.27217
1.27206
1.27163
1.27084
1.26972
1.26853
1.26729
1.26609
1.26493
1.26389
1.26297
1.26225
1.26173
1.26146
1.26139
1.26144
1.26155
1.26178
1.26223
1.26292
1.26373
1.26462
1.26555
1.26651
1.26747
1.2684
1.26929
1.27013
1.27089
1.27157
1.27217
1.27266
1.27307
1.27338
1.2736
1.27374
1.27379
1.2738
1.2738
1.27377
1.27367
1.27353
1.27326
1.27295
1.27226
1.27424
0.709726
0.725039
0.742434
0.76154
0.781589
0.802065
0.822687
0.843322
0.86387
0.884281
0.904485
0.924448
0.944108
0.963444
0.9824
1.00096
1.01909
1.03675
1.05395
1.07063
1.08672
1.10222
1.11707
1.13125
1.14472
1.15747
1.16944
1.18064
1.19103
1.2006
1.20932
1.21724
1.22434
1.23065
1.23618
1.24101
1.24517
1.24877
1.25183
1.25449
1.25676
1.25878
1.26054
1.26213
1.26351
1.26477
1.26584
1.2668
1.26761
1.26832
1.26884
1.26919
1.26929
1.26925
1.26897
1.26826
1.26722
1.26599
1.26465
1.26325
1.26188
1.26052
1.25928
1.25816
1.25725
1.25655
1.25613
1.25596
1.25598
1.25606
1.25624
1.25663
1.25727
1.25812
1.25908
1.26012
1.2612
1.2623
1.26341
1.26448
1.26552
1.2665
1.2674
1.26822
1.26893
1.26955
1.27006
1.27046
1.27074
1.27093
1.27101
1.27102
1.27101
1.27097
1.27085
1.27066
1.27031
1.26994
1.26916
1.27107
0.705437
0.71939
0.735508
0.753452
0.772465
0.792047
0.811903
0.8319
0.851926
0.871924
0.891813
0.911553
0.931074
0.950347
0.969314
0.987955
1.00623
1.02411
1.04158
1.05859
1.07509
1.09105
1.10643
1.12119
1.1353
1.14872
1.16141
1.17336
1.18452
1.19488
1.20442
1.21312
1.221
1.22804
1.23426
1.2397
1.2444
1.24844
1.25187
1.25478
1.25722
1.25928
1.261
1.26243
1.2636
1.26455
1.26528
1.26587
1.26632
1.26662
1.26674
1.26671
1.26648
1.26589
1.26492
1.26366
1.26224
1.26071
1.25913
1.25752
1.25596
1.25447
1.25314
1.252
1.2511
1.25046
1.25012
1.25005
1.2501
1.25024
1.25053
1.25109
1.2519
1.25289
1.25399
1.25516
1.25638
1.25763
1.25887
1.26009
1.26127
1.26239
1.26343
1.26437
1.26521
1.26594
1.26655
1.26704
1.2674
1.26764
1.26774
1.26775
1.26775
1.2677
1.26754
1.2673
1.26689
1.26644
1.26558
1.26743
0.698649
0.712395
0.728121
0.745566
0.764034
0.783073
0.802411
0.821934
0.841542
0.861184
0.880787
0.900305
0.919679
0.938864
0.957818
0.976499
0.994881
1.01292
1.03061
1.04789
1.06475
1.0811
1.09694
1.11221
1.12688
1.1409
1.15425
1.16687
1.17877
1.18986
1.20016
1.20962
1.21825
1.226
1.23295
1.23905
1.24438
1.24894
1.25282
1.25604
1.25871
1.26086
1.26258
1.26389
1.26486
1.26551
1.26592
1.26614
1.26622
1.26617
1.26596
1.26546
1.26456
1.2633
1.26183
1.26019
1.25843
1.25658
1.25472
1.25288
1.25113
1.24952
1.24813
1.24697
1.2461
1.24552
1.24529
1.24528
1.24537
1.24557
1.24598
1.24669
1.24765
1.24877
1.24997
1.25128
1.25262
1.25399
1.25536
1.25671
1.25801
1.25926
1.26042
1.26148
1.26244
1.26327
1.26398
1.26455
1.26498
1.26527
1.2654
1.26542
1.26541
1.26535
1.26518
1.26489
1.26441
1.26389
1.26295
1.26474
0.700709
0.713223
0.727739
0.74405
0.761468
0.77954
0.798006
0.816744
0.835669
0.854717
0.873827
0.892939
0.912001
0.930959
0.949771
0.968388
0.986781
1.0049
1.02273
1.04023
1.05734
1.07403
1.09024
1.10594
1.12108
1.13561
1.14951
1.16272
1.17522
1.18695
1.19791
1.20803
1.21733
1.22575
1.23333
1.24002
1.24588
1.25092
1.25518
1.25871
1.26159
1.26384
1.26556
1.26676
1.26751
1.26786
1.26795
1.26789
1.26772
1.26733
1.26652
1.26531
1.26382
1.2621
1.26021
1.25817
1.25604
1.25386
1.25172
1.24966
1.24777
1.24607
1.24463
1.24348
1.24264
1.24214
1.24198
1.24202
1.24213
1.2424
1.24293
1.24378
1.24484
1.24606
1.24737
1.24877
1.25021
1.25168
1.25315
1.25461
1.25602
1.25737
1.25863
1.2598
1.26085
1.26177
1.26256
1.26321
1.2637
1.26403
1.26419
1.26421
1.2642
1.26413
1.26393
1.2636
1.26305
1.26247
1.26144
1.26317
0.702776
0.714897
0.728956
0.744689
0.761494
0.778933
0.796789
0.81494
0.833329
0.851887
0.870571
0.889316
0.908084
0.926809
0.945461
0.963978
0.982336
1.00048
1.01837
1.03596
1.05321
1.07005
1.08646
1.10237
1.11775
1.13257
1.14677
1.16033
1.17319
1.18533
1.1967
1.20727
1.21703
1.22594
1.23398
1.24115
1.24744
1.25288
1.25749
1.26131
1.26437
1.26673
1.26844
1.26954
1.27004
1.27012
1.27002
1.26978
1.26925
1.26827
1.26685
1.26513
1.26318
1.26103
1.25872
1.25629
1.25383
1.25137
1.24901
1.24679
1.24479
1.24304
1.24161
1.24047
1.2397
1.23928
1.2392
1.23926
1.23941
1.23976
1.24041
1.24137
1.24251
1.24381
1.2452
1.24667
1.24819
1.24975
1.25131
1.25285
1.25434
1.25578
1.25713
1.25838
1.25952
1.26052
1.26139
1.2621
1.26265
1.26303
1.26322
1.26325
1.26324
1.26317
1.26296
1.2626
1.262
1.26137
1.26027
1.26196
0.692213
0.705173
0.719949
0.736242
0.75344
0.771144
0.78917
0.807431
0.825874
0.844458
0.863142
0.881881
0.900634
0.919357
0.938015
0.956558
0.974962
0.993167
1.01116
1.02884
1.04622
1.06319
1.07977
1.09586
1.11147
1.12651
1.14101
1.15485
1.16807
1.18056
1.19235
1.20333
1.21354
1.22288
1.2314
1.239
1.24575
1.25156
1.25655
1.26063
1.26393
1.26639
1.26815
1.26913
1.26944
1.26934
1.26913
1.26865
1.26767
1.26614
1.26424
1.26206
1.25965
1.25706
1.25435
1.25157
1.2488
1.24611
1.24358
1.24125
1.23919
1.23743
1.236
1.23492
1.2342
1.23388
1.23386
1.23394
1.23414
1.23458
1.23535
1.23641
1.23764
1.23901
1.24048
1.24204
1.24365
1.24529
1.24694
1.24857
1.25016
1.25168
1.25313
1.25447
1.2557
1.25679
1.25774
1.25852
1.25914
1.25957
1.25979
1.25984
1.25984
1.25977
1.25955
1.25917
1.25853
1.25787
1.2567
1.25835
0.674649
0.688346
0.703826
0.720761
0.738496
0.756683
0.775112
0.793738
0.812488
0.831355
0.850273
0.869233
0.888173
0.907076
0.925888
0.944586
0.963127
0.98148
0.999618
1.01749
1.03506
1.05226
1.06909
1.08547
1.10141
1.11683
1.13174
1.14604
1.15977
1.17279
1.18515
1.19673
1.20757
1.21754
1.2267
1.23493
1.2423
1.24868
1.25419
1.25872
1.26238
1.2651
1.26699
1.26793
1.26816
1.26799
1.26762
1.26684
1.26545
1.26343
1.26109
1.25842
1.25558
1.25255
1.24947
1.24636
1.24335
1.24045
1.23778
1.23536
1.23326
1.23149
1.23009
1.22905
1.22841
1.22817
1.2282
1.2283
1.22855
1.22908
1.22998
1.23112
1.23245
1.2339
1.23547
1.23711
1.23882
1.24056
1.24231
1.24405
1.24574
1.24737
1.24892
1.25037
1.25169
1.25288
1.25391
1.25478
1.25546
1.25594
1.2562
1.25627
1.25627
1.2562
1.25597
1.25558
1.25488
1.25418
1.25295
1.25456
0.658614
0.672234
0.687668
0.704615
0.722409
0.740704
0.759264
0.778042
0.796937
0.815955
0.835021
0.85413
0.87322
0.892273
0.911241
0.930094
0.948796
0.967309
0.985631
1.00378
1.02168
1.03929
1.05659
1.07351
1.09004
1.1061
1.12169
1.13673
1.1512
1.16502
1.17817
1.19058
1.20223
1.21303
1.22298
1.232
1.2401
1.24719
1.25331
1.25839
1.26249
1.26555
1.26763
1.2686
1.26877
1.26857
1.26806
1.267
1.26522
1.26276
1.25996
1.25683
1.25355
1.25012
1.24668
1.24328
1.24002
1.23696
1.23416
1.23168
1.22954
1.22778
1.22639
1.22542
1.22484
1.22467
1.22471
1.22484
1.22517
1.22582
1.22682
1.22804
1.22945
1.231
1.23266
1.23441
1.23622
1.23807
1.23993
1.24178
1.24358
1.24533
1.24698
1.24854
1.24996
1.25125
1.25237
1.25331
1.25406
1.2546
1.25489
1.25498
1.25497
1.2549
1.25466
1.25424
1.25349
1.25276
1.25147
1.25304
0.687094
0.697607
0.710056
0.724232
0.739599
0.755721
0.772394
0.789485
0.806942
0.824693
0.842703
0.860901
0.879254
0.897694
0.91619
0.934682
0.953143
0.971534
0.989799
1.00793
1.02591
1.04367
1.06118
1.07837
1.0952
1.11161
1.12757
1.14301
1.15789
1.17215
1.18574
1.19861
1.2107
1.22196
1.23235
1.24182
1.25031
1.2578
1.26426
1.26966
1.27399
1.27723
1.27939
1.28032
1.28039
1.28015
1.27951
1.27817
1.27595
1.27307
1.26975
1.26616
1.26237
1.25852
1.25467
1.25095
1.2474
1.24415
1.24118
1.23861
1.2364
1.23462
1.23323
1.23228
1.23174
1.23161
1.23165
1.23181
1.23219
1.23292
1.23396
1.23523
1.23667
1.23827
1.23997
1.24178
1.24363
1.24553
1.24743
1.24934
1.25119
1.25299
1.2547
1.25631
1.25779
1.25913
1.2603
1.26129
1.26208
1.26264
1.26297
1.26305
1.26305
1.26297
1.26271
1.26226
1.26148
1.2607
1.25936
1.26086
0.720574
0.730206
0.741568
0.754571
0.768733
0.783668
0.799176
0.815151
0.831547
0.848318
0.865421
0.882809
0.90043
0.918238
0.936176
0.954205
0.972266
0.990317
1.00831
1.02618
1.0439
1.06141
1.07866
1.09562
1.11222
1.12842
1.14418
1.15943
1.17415
1.18826
1.20174
1.21451
1.22655
1.23777
1.24817
1.25763
1.26619
1.27373
1.28027
1.28572
1.29013
1.29337
1.29554
1.29635
1.29633
1.29603
1.29527
1.29367
1.29111
1.28783
1.2841
1.28008
1.27589
1.27167
1.26751
1.26353
1.25978
1.25637
1.25332
1.25068
1.24845
1.24667
1.2453
1.24438
1.24389
1.24379
1.24383
1.24401
1.24443
1.24519
1.24625
1.24754
1.24899
1.25058
1.25229
1.25408
1.25594
1.25783
1.25973
1.26162
1.26348
1.26527
1.267
1.2686
1.2701
1.27144
1.27263
1.27362
1.27444
1.275
1.27534
1.27543
1.27542
1.27533
1.27507
1.2746
1.2738
1.27297
1.27159
1.27305
0.73722
0.747386
0.759202
0.772553
0.786928
0.801976
0.817488
0.83341
0.849675
0.86629
0.883182
0.900357
0.917726
0.9353
0.952979
0.970778
0.988593
1.00644
1.0242
1.04186
1.05928
1.07651
1.09343
1.11008
1.12633
1.14222
1.15763
1.17259
1.18698
1.20085
1.21405
1.22662
1.23844
1.24954
1.25978
1.2692
1.27766
1.28519
1.29168
1.29717
1.30153
1.30481
1.3069
1.30767
1.30753
1.30717
1.30634
1.3046
1.3018
1.29827
1.29427
1.28999
1.28555
1.28112
1.27678
1.27268
1.26886
1.26541
1.26235
1.25973
1.25753
1.2558
1.25449
1.25362
1.2532
1.25314
1.25321
1.25341
1.25387
1.25464
1.25575
1.25703
1.2585
1.26008
1.26179
1.26357
1.26543
1.2673
1.26921
1.27108
1.27295
1.27473
1.27646
1.27806
1.27958
1.28092
1.28212
1.28312
1.28395
1.28453
1.28488
1.28497
1.28496
1.28488
1.28462
1.28415
1.28333
1.28249
1.28108
1.28251
0.692156
0.704931
0.719344
0.735122
0.751716
0.768759
0.786084
0.803628
0.821352
0.839253
0.857289
0.875454
0.893689
0.911996
0.930299
0.948611
0.966843
0.985018
1.00303
1.02095
1.03866
1.05617
1.07336
1.09029
1.10682
1.12301
1.1387
1.15399
1.16868
1.18288
1.19639
1.20931
1.22145
1.2329
1.24345
1.2532
1.26196
1.26981
1.27656
1.28232
1.28687
1.29033
1.2925
1.29331
1.29316
1.29277
1.29189
1.29008
1.28715
1.28346
1.27929
1.27486
1.27028
1.26575
1.26135
1.25721
1.25339
1.24996
1.24695
1.24438
1.24227
1.2406
1.23936
1.23856
1.23822
1.2382
1.2383
1.23853
1.23904
1.23988
1.24105
1.24239
1.24393
1.24557
1.24734
1.24918
1.25111
1.25305
1.25502
1.25697
1.2589
1.26076
1.26256
1.26424
1.26581
1.26722
1.26849
1.26955
1.27042
1.27105
1.27143
1.27155
1.27156
1.2715
1.27127
1.27081
1.26999
1.26917
1.26776
1.26922
0.654723
0.66756
0.682223
0.698341
0.71536
0.732857
0.750695
0.768766
0.787056
0.805514
0.824116
0.842827
0.861602
0.880422
0.899226
0.918009
0.936698
0.955304
0.973743
0.992037
1.01011
1.02799
1.04558
1.06291
1.07986
1.09646
1.11259
1.12829
1.14341
1.15802
1.17196
1.18528
1.19783
1.20965
1.22059
1.2307
1.2398
1.24796
1.255
1.26099
1.26577
1.26937
1.27166
1.2725
1.27237
1.27197
1.27103
1.26913
1.26605
1.26218
1.25781
1.25318
1.24843
1.24374
1.23922
1.23497
1.23108
1.22759
1.22456
1.22197
1.21987
1.21819
1.21699
1.21619
1.21589
1.21588
1.21599
1.21624
1.21679
1.21768
1.21889
1.22029
1.22186
1.22357
1.22538
1.22729
1.22926
1.23128
1.23331
1.23534
1.23732
1.23926
1.24111
1.24287
1.24449
1.24597
1.24727
1.24839
1.2493
1.24996
1.25037
1.25051
1.25052
1.25047
1.25025
1.24979
1.24896
1.24813
1.24671
1.24819
0.653251
0.665157
0.678912
0.694182
0.710435
0.727246
0.744481
0.762028
0.779871
0.797953
0.816245
0.834709
0.853294
0.87198
0.890696
0.909441
0.92813
0.946779
0.965288
0.983688
1.00187
1.01987
1.03757
1.05502
1.07207
1.08879
1.10503
1.12085
1.13609
1.15081
1.16487
1.17831
1.19097
1.20291
1.21396
1.22417
1.23339
1.24164
1.24879
1.25486
1.25971
1.26337
1.2657
1.26656
1.26643
1.26603
1.26507
1.26309
1.25991
1.25588
1.25136
1.24655
1.24165
1.23679
1.23213
1.22774
1.22376
1.22017
1.21707
1.21441
1.21226
1.21054
1.20931
1.20849
1.20817
1.20815
1.20823
1.20847
1.20902
1.20991
1.21111
1.21252
1.21408
1.21579
1.21759
1.21951
1.22147
1.22349
1.22551
1.22755
1.22953
1.23148
1.23333
1.23509
1.23671
1.2382
1.23951
1.24063
1.24153
1.2422
1.24261
1.24275
1.24276
1.24271
1.24249
1.24201
1.24116
1.24032
1.23888
1.24036
)
;

boundaryField
{
    inlet
    {
        type            calculated;
        value           uniform 3.00001;
    }
    outlet
    {
        type            calculated;
        value           nonuniform List<scalar> 
40
(
0.664464
0.848565
1.00516
1.11346
1.18694
1.23398
1.26193
1.27843
1.28851
1.29365
1.29511
1.29429
1.29042
1.2862
1.2838
1.2825
1.28219
1.28272
1.2843
1.28558
1.2858
1.28536
1.28447
1.28208
1.27802
1.27424
1.27107
1.26743
1.26474
1.26317
1.26196
1.25835
1.25456
1.25304
1.26086
1.27305
1.28251
1.26922
1.24819
1.24036
)
;
    }
    bottom
    {
        type            symmetryPlane;
    }
    top
    {
        type            symmetryPlane;
    }
    obstacle
    {
        type            calculated;
        value           uniform 0;
    }
    defaultFaces
    {
        type            empty;
    }
}


// ************************************************************************* //
