/*--------------------------------*- C++ -*----------------------------------*\
| =========                 |                                                 |
| \\      /  F ield         | OpenFOAM: The Open Source CFD Toolbox           |
|  \\    /   O peration     | Version:  2412                                  |
|   \\  /    A nd           | Website:  www.openfoam.com                      |
|    \\/     M anipulation  |                                                 |
\*---------------------------------------------------------------------------*/
FoamFile
{
    version     2.0;
    format      ascii;
    arch        "LSB;label=32;scalar=64";
    class       volScalarField;
    location    "27";
    object      Ma;
}
// * * * * * * * * * * * * * * * * * * * * * * * * * * * * * * * * * * * * * //

dimensions      [0 0 0 0 0 0 0];

internalField   nonuniform List<scalar> 
7000
(
2.25598
0.994174
0.300527
0.338438
0.401062
0.442387
0.450594
0.446124
0.43977
0.43486
0.432015
0.429742
0.427143
0.424056
0.420584
0.416809
0.412743
0.408365
0.403654
0.398593
0.393172
0.387375
0.381189
0.374597
0.367584
0.360131
0.352222
0.343836
0.334955
0.325557
0.315624
0.305132
0.294062
0.282393
0.270107
0.257183
0.24361
0.229372
0.214464
0.198882
0.182632
0.165726
0.148189
0.130053
0.111368
0.0921924
0.0725906
0.0528469
0.031923
0.0155243
2.25604
0.994235
0.300325
0.338273
0.400907
0.442239
0.450446
0.44598
0.439632
0.434729
0.431888
0.429619
0.427023
0.42394
0.420473
0.416703
0.412642
0.40827
0.403565
0.398512
0.393097
0.387308
0.381131
0.374549
0.367546
0.360105
0.352209
0.343837
0.334971
0.32559
0.315675
0.305203
0.294155
0.28251
0.270251
0.257357
0.243815
0.229613
0.214745
0.199208
0.18301
0.166164
0.148701
0.13066
0.112103
0.0931171
0.073819
0.0546557
0.0351572
0.0220572
2.25616
0.994432
0.300457
0.338308
0.400937
0.442272
0.45048
0.44602
0.439689
0.434798
0.43197
0.429706
0.427121
0.424043
0.420591
0.416828
0.412783
0.40842
0.403733
0.398691
0.393298
0.387524
0.38137
0.374807
0.367833
0.360416
0.352553
0.344211
0.335385
0.326043
0.316175
0.305752
0.294762
0.283178
0.270988
0.258171
0.244717
0.230614
0.215857
0.20045
0.184403
0.167741
0.150499
0.132745
0.114565
0.0961165
0.0776337
0.0598397
0.0430408
0.0335722
2.25634
0.994738
0.300728
0.338385
0.401018
0.442372
0.450583
0.446137
0.43982
0.434956
0.432139
0.429894
0.427316
0.424261
0.420819
0.417083
0.41305
0.408717
0.404045
0.399037
0.393663
0.387929
0.3818
0.375283
0.36834
0.360978
0.353154
0.344878
0.336102
0.326837
0.317033
0.306702
0.295793
0.28432
0.272234
0.259552
0.246232
0.232296
0.217716
0.202523
0.186718
0.170346
0.153462
0.136148
0.118555
0.100896
0.0835505
0.0674574
0.0533027
0.0461803
2.25659
0.995169
0.301077
0.338454
0.401103
0.442493
0.450713
0.446287
0.439982
0.43516
0.432354
0.430141
0.427572
0.424552
0.421124
0.417426
0.413413
0.409121
0.404475
0.399513
0.394173
0.38849
0.382406
0.375947
0.369061
0.361766
0.354015
0.345816
0.337131
0.327957
0.318267
0.308045
0.297278
0.285937
0.274027
0.261509
0.248408
0.234682
0.220378
0.205464
0.190016
0.174037
0.157639
0.140921
0.124072
0.107409
0.0913717
0.0770291
0.0651082
0.0594941
2.25692
0.995741
0.301521
0.338526
0.401199
0.442638
0.450882
0.446458
0.440212
0.435395
0.432649
0.430434
0.427923
0.424902
0.421538
0.417846
0.413903
0.409621
0.405053
0.400109
0.394855
0.3892
0.383213
0.376795
0.370019
0.362782
0.355156
0.347036
0.338493
0.329426
0.319898
0.309817
0.299236
0.28808
0.276388
0.264109
0.251268
0.237851
0.223869
0.209359
0.194332
0.178893
0.163088
0.147116
0.131165
0.115612
0.100984
0.0882972
0.0781876
0.0736195
2.25733
0.996468
0.302064
0.338602
0.401306
0.442816
0.451086
0.44669
0.440473
0.435707
0.432988
0.430819
0.428331
0.425361
0.422026
0.418393
0.414483
0.410271
0.405741
0.40088
0.395673
0.390116
0.384185
0.377886
0.37118
0.364084
0.356545
0.348594
0.340162
0.331296
0.321911
0.312067
0.301672
0.290795
0.279345
0.267394
0.254871
0.241844
0.22828
0.214245
0.199772
0.184938
0.169887
0.154751
0.139833
0.125479
0.112234
0.101078
0.0924443
0.0886248
2.25785
0.997359
0.302716
0.338682
0.401426
0.443026
0.451333
0.44697
0.440792
0.436082
0.433403
0.431281
0.428833
0.425915
0.422628
0.419054
0.415201
0.411056
0.406596
0.401811
0.396689
0.391222
0.385396
0.379201
0.372625
0.365651
0.358274
0.350467
0.342236
0.333542
0.324405
0.314771
0.30468
0.294064
0.282985
0.271366
0.259289
0.246691
0.233664
0.220191
0.206374
0.192282
0.178048
0.163895
0.150053
0.136958
0.125074
0.115263
0.107842
0.104622
2.25846
0.998429
0.303486
0.33877
0.401562
0.443272
0.45163
0.4473
0.441182
0.436522
0.433903
0.431827
0.429438
0.426572
0.423351
0.419839
0.416063
0.41199
0.407618
0.402922
0.397903
0.392543
0.386841
0.380777
0.374347
0.367536
0.360333
0.352727
0.344704
0.336258
0.327369
0.318042
0.308249
0.298014
0.287295
0.276149
0.264518
0.252501
0.24004
0.227275
0.214187
0.200955
0.18767
0.174546
0.161895
0.150027
0.139452
0.130888
0.124492
0.121715
2.25919
0.999689
0.304383
0.338868
0.401716
0.443561
0.451978
0.447701
0.441634
0.437054
0.434483
0.432481
0.430141
0.427356
0.424196
0.420774
0.417069
0.413099
0.408815
0.404237
0.399326
0.394105
0.388535
0.382635
0.37637
0.369753
0.362752
0.35538
0.347606
0.339442
0.330861
0.321873
0.312462
0.302635
0.292391
0.281735
0.270695
0.259274
0.247543
0.235511
0.22332
0.210999
0.198785
0.186793
0.175337
0.164783
0.155438
0.14799
0.142489
0.140144
2.26003
1.00115
0.305415
0.338976
0.401891
0.443893
0.452389
0.448157
0.442183
0.437661
0.435178
0.43323
0.430981
0.428257
0.425197
0.421849
0.418258
0.414377
0.410222
0.405754
0.400994
0.395908
0.390515
0.384784
0.378727
0.372319
0.365568
0.358452
0.350978
0.343129
0.33491
0.326312
0.317337
0.307991
0.298276
0.288214
0.277815
0.267125
0.256171
0.245037
0.233779
0.222544
0.211437
0.200702
0.190517
0.181222
0.173164
0.166806
0.162134
0.160098
2.26099
1.00283
0.306593
0.3391
0.402092
0.44428
0.452865
0.448709
0.442805
0.438389
0.435967
0.434119
0.431934
0.429321
0.426337
0.423112
0.419611
0.41587
0.411826
0.40752
0.402896
0.398
0.392776
0.387268
0.381421
0.375278
0.368785
0.361987
0.354832
0.347364
0.339539
0.331399
0.322912
0.314119
0.305006
0.295612
0.285955
0.276071
0.266026
0.255857
0.245696
0.235597
0.22577
0.216326
0.207538
0.199607
0.192762
0.187488
0.18363
0.182023
2.26207
1.00472
0.307923
0.339242
0.402321
0.444721
0.453418
0.449334
0.443548
0.439216
0.436899
0.435128
0.433053
0.430526
0.427666
0.424542
0.421182
0.41756
0.41368
0.409517
0.405086
0.400366
0.395371
0.390077
0.384503
0.378624
0.372459
0.365984
0.359223
0.352152
0.344802
0.337151
0.329238
0.321046
0.312628
0.303974
0.295156
0.286179
0.277139
0.268075
0.259095
0.250314
0.241829
0.233864
0.226513
0.220064
0.214644
0.210543
0.207567
0.206264
2.26328
1.00684
0.309407
0.339397
0.402593
0.445217
0.454053
0.450065
0.444397
0.44018
0.43796
0.436296
0.434322
0.431916
0.429169
0.426183
0.422954
0.419493
0.415767
0.411794
0.407549
0.403055
0.398284
0.393264
0.387961
0.38241
0.376576
0.370497
0.364142
0.357549
0.350696
0.343622
0.33632
0.328827
0.321158
0.313351
0.305447
0.297496
0.289563
0.281729
0.274076
0.266728
0.259803
0.25342
0.247778
0.242928
0.239021
0.236287
0.234365
0.233711
2.26461
1.00918
0.311046
0.339556
0.402919
0.445777
0.454782
0.450907
0.445374
0.44129
0.439174
0.437629
0.435767
0.433493
0.430876
0.428037
0.424959
0.421667
0.418122
0.414349
0.410323
0.406064
0.40156
0.39682
0.391844
0.386628
0.381192
0.375517
0.369645
0.363544
0.357278
0.350805
0.344213
0.33746
0.330648
0.323753
0.316882
0.310052
0.303362
0.296883
0.290715
0.284967
0.279763
0.275235
0.271477
0.268666
0.266693
0.265721
0.265189
0.265155
2.26607
1.01175
0.312849
0.339753
0.403283
0.446422
0.455626
0.451878
0.446523
0.44256
0.440579
0.439142
0.437426
0.435273
0.432819
0.430119
0.427227
0.4241
0.420772
0.417198
0.413428
0.409413
0.405213
0.400772
0.396156
0.391309
0.386302
0.381083
0.375721
0.370182
0.364527
0.358749
0.352892
0.346992
0.341073
0.335221
0.329446
0.323879
0.318541
0.313583
0.309073
0.305151
0.301924
0.29952
0.298079
0.29758
0.298077
0.299505
0.30115
0.302675
2.26766
1.01455
0.31481
0.339982
0.403703
0.447175
0.456608
0.453012
0.447858
0.44403
0.442191
0.440874
0.439307
0.437293
0.435006
0.432467
0.429764
0.426831
0.423722
0.420383
0.41687
0.413143
0.409248
0.405158
0.400907
0.396487
0.391919
0.387217
0.38239
0.377476
0.372475
0.36745
0.3624
0.357406
0.352489
0.347729
0.343196
0.338955
0.335147
0.331828
0.329177
0.327312
0.32639
0.326515
0.327915
0.330655
0.33452
0.339626
0.344725
0.348724
2.26934
1.01754
0.316914
0.340247
0.404191
0.44806
0.457758
0.454357
0.449403
0.445752
0.444033
0.442871
0.441434
0.439598
0.437458
0.435118
0.432587
0.429886
0.426985
0.42392
0.420664
0.41726
0.413681
0.409975
0.406112
0.402148
0.398058
0.393899
0.389661
0.385395
0.381119
0.376875
0.372716
0.368675
0.364847
0.361267
0.358061
0.355306
0.35312
0.351684
0.35106
0.351506
0.353199
0.356409
0.361328
0.368067
0.376899
0.387632
0.399367
0.409971
2.27111
1.02069
0.319138
0.340562
0.404771
0.449105
0.459115
0.455934
0.451212
0.447736
0.446149
0.445136
0.443851
0.442186
0.440223
0.438077
0.435754
0.433276
0.430628
0.427826
0.424875
0.421785
0.418575
0.415245
0.411829
0.408319
0.404767
0.401159
0.397567
0.393976
0.390475
0.387061
0.383833
0.38082
0.378119
0.375817
0.373996
0.372842
0.372421
0.372922
0.374586
0.377704
0.382626
0.389494
0.398921
0.411249
0.426945
0.447105
0.470988
0.498595
2.27293
1.02394
0.321418
0.340941
0.40548
0.450366
0.460759
0.457822
0.453387
0.450055
0.448614
0.44772
0.446605
0.445087
0.443322
0.441348
0.439254
0.43699
0.434613
0.432078
0.429451
0.426692
0.423866
0.420943
0.417983
0.41497
0.41196
0.40896
0.406014
0.403163
0.400441
0.397928
0.395648
0.39373
0.392203
0.391241
0.390881
0.391311
0.392696
0.395382
0.399588
0.405685
0.413891
0.425051
0.439618
0.459156
0.485081
0.520593
0.571926
0.664903
2.27501
1.02767
0.323952
0.341215
0.406281
0.451966
0.462913
0.460349
0.456262
0.453158
0.451876
0.451202
0.450303
0.449061
0.447542
0.445881
0.444075
0.442176
0.440147
0.438046
0.435838
0.433593
0.431275
0.428961
0.426616
0.424327
0.422062
0.419921
0.417881
0.416053
0.414434
0.413141
0.412214
0.411771
0.411914
0.412686
0.414248
0.417014
0.421204
0.426896
0.434587
0.444558
0.457829
0.474815
0.497602
0.527609
0.569591
0.631145
0.729822
0.881474
2.27722
1.03165
0.326962
0.342166
0.40801
0.454834
0.466503
0.464317
0.46055
0.457503
0.456264
0.455681
0.454942
0.453877
0.452577
0.451143
0.449618
0.448016
0.446347
0.44462
0.44286
0.441076
0.439302
0.437545
0.435855
0.434235
0.432752
0.431412
0.430304
0.429437
0.428929
0.428798
0.429163
0.430045
0.431682
0.43427
0.437983
0.442901
0.449466
0.457791
0.46859
0.482303
0.49981
0.52262
0.551791
0.591353
0.64391
0.718031
0.828975
0.96713
2.2785
1.03396
0.328835
0.343226
0.410173
0.45858
0.471228
0.469541
0.4661
0.463075
0.461871
0.461405
0.460832
0.459946
0.458835
0.457607
0.456317
0.45498
0.453611
0.452222
0.450837
0.449473
0.448164
0.446928
0.445806
0.444825
0.444034
0.443472
0.443202
0.443291
0.443749
0.444653
0.446238
0.448643
0.451865
0.456153
0.461587
0.468578
0.477193
0.48816
0.501493
0.518491
0.539209
0.565767
0.59904
0.641709
0.697366
0.767749
0.864162
0.967471
2.27966
1.03608
0.332149
0.346924
0.415037
0.464994
0.478237
0.476421
0.472631
0.469258
0.467979
0.467618
0.467208
0.466497
0.465592
0.464594
0.463589
0.462563
0.461551
0.46054
0.459576
0.458657
0.457834
0.457111
0.456546
0.456156
0.456011
0.456124
0.456541
0.457351
0.458725
0.460707
0.463356
0.466845
0.471238
0.47684
0.483678
0.492267
0.502616
0.515404
0.530884
0.549716
0.572836
0.600697
0.635321
0.677091
0.728923
0.790939
0.868862
0.949899
2.2761
1.02968
0.334287
0.356823
0.427458
0.479818
0.493319
0.490519
0.485517
0.481269
0.479612
0.479057
0.478485
0.477616
0.476556
0.475463
0.4744
0.473376
0.4724
0.471489
0.470664
0.469954
0.469376
0.468978
0.468782
0.468821
0.469092
0.469761
0.47084
0.472443
0.474538
0.477326
0.480774
0.48517
0.49048
0.497075
0.504975
0.514555
0.526082
0.539788
0.556353
0.575908
0.599478
0.62736
0.660589
0.700047
0.74633
0.800695
0.864199
0.928775
2.28203
1.02254
0.358738
0.382356
0.448475
0.498367
0.510278
0.506526
0.500782
0.4964
0.494699
0.49401
0.493311
0.492362
0.491296
0.49022
0.489188
0.488192
0.487254
0.486374
0.485598
0.484925
0.484412
0.484029
0.483899
0.484055
0.484601
0.485467
0.486857
0.488705
0.491256
0.494402
0.498486
0.503351
0.509462
0.516588
0.525356
0.535459
0.547707
0.561821
0.578644
0.598171
0.621056
0.647782
0.678643
0.714585
0.755556
0.802427
0.855618
0.909175
1.87633
0.772012
0.273261
0.344117
0.417755
0.441224
0.441129
0.437148
0.433504
0.43341
0.435585
0.438473
0.441473
0.444516
0.447655
0.450903
0.454221
0.457564
0.460902
0.464218
0.467492
0.470672
0.473815
0.476955
0.480148
0.483328
0.48662
0.48994
0.493563
0.497372
0.501675
0.506365
0.511801
0.517898
0.525021
0.533155
0.542607
0.553543
0.566084
0.580722
0.597299
0.616686
0.638456
0.663781
0.692058
0.72453
0.760517
0.800989
0.845796
0.890537
1.8689
0.771403
0.282165
0.355347
0.428335
0.447791
0.443317
0.435955
0.430298
0.428404
0.428316
0.42872
0.42932
0.430224
0.431572
0.433353
0.435611
0.438218
0.441295
0.44472
0.448605
0.452672
0.457149
0.461793
0.466826
0.47198
0.477519
0.483247
0.48934
0.495664
0.502397
0.509468
0.517029
0.525164
0.533962
0.543709
0.554312
0.566332
0.579525
0.594595
0.611243
0.630222
0.651263
0.675019
0.701357
0.730664
0.762976
0.798099
0.836499
0.874174
1.86794
0.77009
0.284298
0.36506
0.443619
0.463692
0.457504
0.448128
0.441122
0.438391
0.437492
0.436894
0.436306
0.435904
0.435817
0.436087
0.436717
0.437721
0.439254
0.441237
0.443725
0.446642
0.450161
0.454163
0.458797
0.463938
0.469667
0.475917
0.48271
0.490079
0.497956
0.506543
0.515633
0.525584
0.536005
0.547447
0.559506
0.572777
0.586946
0.60262
0.619547
0.638278
0.658695
0.681194
0.705729
0.732537
0.761577
0.792778
0.826391
0.858918
1.86943
0.773372
0.290093
0.367275
0.44369
0.464289
0.459065
0.450544
0.443966
0.441604
0.441129
0.440951
0.440734
0.440623
0.440708
0.441014
0.441602
0.44251
0.443698
0.445181
0.446984
0.449219
0.451859
0.455071
0.458756
0.463136
0.468048
0.473768
0.480041
0.487238
0.494983
0.503743
0.513048
0.523418
0.53443
0.546563
0.559473
0.573572
0.588568
0.604823
0.622185
0.640923
0.661008
0.682657
0.705839
0.730686
0.757132
0.785226
0.815013
0.843662
1.87254
0.780054
0.297776
0.361234
0.429068
0.450305
0.448018
0.44195
0.436342
0.434468
0.434506
0.435036
0.435624
0.436338
0.43723
0.438402
0.439863
0.441547
0.443418
0.445525
0.447869
0.450532
0.45349
0.45686
0.460597
0.464874
0.46959
0.474999
0.480925
0.487697
0.495076
0.503398
0.512436
0.522481
0.533349
0.545261
0.558085
0.572002
0.58694
0.603041
0.620266
0.63875
0.658393
0.679337
0.701456
0.724929
0.749538
0.775261
0.802275
0.828112
1.88112
0.786634
0.300026
0.349024
0.4122
0.441241
0.444209
0.439522
0.43437
0.432088
0.431844
0.432367
0.433086
0.434006
0.435102
0.436435
0.438031
0.439887
0.442
0.444397
0.447071
0.450078
0.453388
0.457088
0.461125
0.465642
0.470548
0.476049
0.48201
0.488683
0.495928
0.503985
0.512751
0.522408
0.532894
0.54436
0.556736
0.570154
0.584548
0.600038
0.616553
0.6342
0.652899
0.672749
0.693648
0.715632
0.738555
0.762378
0.787195
0.810844
2.26308
1.106
0.407186
0.399178
0.459362
0.508056
0.519345
0.514454
0.507531
0.501483
0.497967
0.495496
0.493385
0.491367
0.48934
0.487368
0.485644
0.484155
0.483008
0.482161
0.481733
0.481684
0.482139
0.483072
0.484553
0.486618
0.489303
0.492663
0.496704
0.501514
0.507072
0.513485
0.520729
0.528922
0.538016
0.548143
0.559231
0.5714
0.584573
0.598857
0.614147
0.630541
0.647916
0.666325
0.685679
0.705968
0.727093
0.748972
0.771683
0.793291
2.2725
1.12789
0.391663
0.377126
0.449992
0.510705
0.529102
0.528219
0.523996
0.520193
0.518751
0.518376
0.518361
0.518321
0.517907
0.517278
0.516606
0.515977
0.51541
0.514936
0.514569
0.514375
0.514373
0.514646
0.51523
0.516201
0.517598
0.51953
0.521994
0.525145
0.528932
0.533547
0.538905
0.54519
0.552329
0.560459
0.569554
0.579708
0.590905
0.603178
0.61655
0.630971
0.646468
0.662945
0.680374
0.698685
0.717786
0.737581
0.758138
0.777702
2.29743
1.17661
0.434243
0.383993
0.447089
0.50338
0.521856
0.522884
0.521058
0.519874
0.520293
0.521524
0.523319
0.52512
0.526528
0.527728
0.528852
0.53
0.531148
0.532329
0.533516
0.53476
0.536053
0.537456
0.53897
0.540668
0.542566
0.544738
0.54723
0.550109
0.553443
0.557281
0.561722
0.566796
0.572624
0.579214
0.586686
0.595024
0.604329
0.614575
0.625808
0.637997
0.651172
0.665317
0.680404
0.696404
0.713217
0.73069
0.748911
0.766294
1.90075
0.805028
0.305805
0.316892
0.374008
0.414893
0.429173
0.432999
0.435822
0.439473
0.444404
0.45015
0.456588
0.463082
0.46926
0.475256
0.481222
0.487184
0.493128
0.499013
0.504836
0.510574
0.516248
0.521835
0.527372
0.532834
0.53829
0.543709
0.549187
0.554712
0.560356
0.566163
0.5722
0.578531
0.58521
0.592336
0.599934
0.608125
0.616897
0.626388
0.63655
0.647524
0.659219
0.671742
0.684978
0.698945
0.713577
0.728902
0.744916
0.760231
2.30593
1.19374
0.449586
0.386637
0.440663
0.492234
0.509233
0.509293
0.506147
0.50367
0.502412
0.502228
0.502683
0.503079
0.503403
0.503907
0.504733
0.506009
0.507705
0.509863
0.512436
0.515477
0.51894
0.522866
0.52718
0.531938
0.537023
0.542525
0.548285
0.554422
0.560806
0.567547
0.574526
0.581866
0.589458
0.597441
0.60573
0.614458
0.623563
0.63316
0.643218
0.65382
0.664949
0.67664
0.688899
0.701712
0.715083
0.728925
0.743327
0.757046
2.31117
1.20372
0.432887
0.369731
0.438372
0.500628
0.52208
0.523491
0.521272
0.519802
0.51993
0.521061
0.522791
0.524295
0.52532
0.526168
0.527002
0.527951
0.529026
0.530315
0.531824
0.533638
0.535746
0.538231
0.541079
0.544354
0.548049
0.552204
0.556816
0.5619
0.567456
0.57347
0.579949
0.586868
0.594261
0.602065
0.610335
0.618993
0.628119
0.637619
0.647596
0.657941
0.668777
0.67998
0.69167
0.703724
0.716236
0.729069
0.74235
0.754952
2.31389
1.20954
0.437063
0.371772
0.441499
0.50535
0.527725
0.529406
0.527242
0.525894
0.526366
0.527883
0.530154
0.532347
0.534066
0.535595
0.537122
0.538754
0.540485
0.542347
0.544335
0.546482
0.548804
0.551333
0.554101
0.557134
0.560475
0.564138
0.568173
0.572582
0.577422
0.582678
0.588408
0.594582
0.601251
0.608376
0.616002
0.624085
0.632653
0.641672
0.65115
0.661065
0.671406
0.682162
0.693294
0.704815
0.716655
0.728831
0.741333
0.753224
2.31688
1.21727
0.463433
0.387827
0.447096
0.506222
0.52878
0.53201
0.531132
0.530761
0.531653
0.533582
0.53612
0.538418
0.540445
0.542349
0.544306
0.546348
0.548525
0.550807
0.553237
0.555788
0.558514
0.561386
0.564463
0.567722
0.571225
0.574952
0.578964
0.58325
0.587867
0.592813
0.598133
0.603831
0.609935
0.616453
0.623398
0.630789
0.638618
0.646907
0.655625
0.6648
0.674382
0.6844
0.694787
0.705563
0.716655
0.728063
0.739807
0.750983
1.90563
0.813583
0.324708
0.323678
0.376481
0.414373
0.42726
0.430302
0.432593
0.435933
0.440703
0.446614
0.453341
0.460159
0.466867
0.473527
0.480261
0.487055
0.493919
0.500798
0.507695
0.514573
0.521449
0.528298
0.535142
0.541971
0.548809
0.555655
0.562533
0.569454
0.576435
0.583507
0.590681
0.597999
0.605466
0.613136
0.621004
0.629125
0.637488
0.646136
0.65506
0.664287
0.6738
0.683623
0.693733
0.704139
0.714814
0.72575
0.736995
0.747671
2.31198
1.20858
0.464951
0.403497
0.466201
0.527384
0.54931
0.550236
0.546092
0.54226
0.540054
0.538682
0.538088
0.537692
0.536959
0.536237
0.535671
0.535519
0.535707
0.536395
0.537509
0.539122
0.541203
0.543792
0.546851
0.550408
0.554422
0.558917
0.563838
0.569206
0.574968
0.581128
0.587636
0.594503
0.601687
0.609197
0.617001
0.625104
0.633483
0.642148
0.651085
0.660298
0.669779
0.679526
0.689522
0.699757
0.710219
0.720882
0.731809
0.742172
2.29403
1.16957
0.460055
0.422685
0.485794
0.546189
0.566073
0.566112
0.562392
0.559155
0.558399
0.558802
0.559889
0.561153
0.562025
0.562664
0.563255
0.563913
0.564649
0.565473
0.566394
0.567458
0.56871
0.570194
0.571943
0.574001
0.576385
0.579128
0.582247
0.585762
0.589677
0.594015
0.598779
0.603978
0.609607
0.615665
0.622144
0.629032
0.636319
0.643988
0.652021
0.6604
0.669103
0.678115
0.687431
0.697018
0.706873
0.71696
0.72733
0.737183
1.88783
0.805071
0.340771
0.355364
0.406342
0.443121
0.452856
0.452685
0.451749
0.452601
0.455914
0.460538
0.466078
0.472142
0.478232
0.484353
0.490569
0.496889
0.503265
0.509652
0.516014
0.522339
0.528615
0.534845
0.541021
0.547154
0.553255
0.559346
0.565447
0.571591
0.577802
0.584101
0.590522
0.597082
0.603811
0.610725
0.617848
0.625189
0.632767
0.640583
0.648658
0.656985
0.665577
0.674413
0.683493
0.692807
0.702339
0.712079
0.722066
0.731559
1.87402
0.796327
0.339518
0.35666
0.398325
0.426968
0.434882
0.434835
0.433828
0.433316
0.434049
0.435683
0.43824
0.441448
0.44494
0.448772
0.453028
0.457746
0.462906
0.468488
0.474452
0.480775
0.487412
0.49434
0.501515
0.508912
0.516489
0.524228
0.532092
0.540069
0.548132
0.556292
0.564522
0.572841
0.581229
0.589715
0.598281
0.606959
0.615743
0.624641
0.633647
0.642783
0.652047
0.661454
0.670998
0.680691
0.690527
0.700501
0.710653
0.720264
1.88891
0.806045
0.345014
0.373646
0.43094
0.466892
0.47362
0.469567
0.464485
0.461383
0.460432
0.460402
0.460995
0.46196
0.462999
0.464172
0.465605
0.467366
0.469492
0.471995
0.474897
0.478209
0.481959
0.48614
0.490772
0.495837
0.501347
0.507268
0.513606
0.520321
0.527417
0.534847
0.542609
0.550661
0.558993
0.567561
0.576362
0.585353
0.594527
0.603874
0.613388
0.623045
0.632844
0.642761
0.652799
0.662938
0.673185
0.683516
0.694
0.703894
2.34071
1.12427
0.469017
0.447559
0.513127
0.574866
0.595482
0.594872
0.589573
0.584271
0.58126
0.579351
0.577786
0.576416
0.574862
0.573129
0.571357
0.569644
0.568035
0.566557
0.565235
0.564103
0.56319
0.562541
0.562186
0.562177
0.562528
0.563301
0.564488
0.566127
0.568248
0.570858
0.573983
0.577604
0.581746
0.586381
0.591524
0.597139
0.603235
0.609767
0.616733
0.624089
0.631818
0.639911
0.648325
0.657044
0.666028
0.675264
0.684761
0.693818
1.88937
0.807236
0.346153
0.36347
0.415821
0.456081
0.468552
0.469556
0.469007
0.468986
0.471273
0.47479
0.478997
0.483732
0.488555
0.493366
0.498206
0.503135
0.50811
0.513121
0.51811
0.523087
0.528011
0.53291
0.537752
0.542575
0.547354
0.552132
0.556909
0.561717
0.56656
0.571476
0.576461
0.581568
0.586796
0.592197
0.597761
0.603543
0.609524
0.61576
0.622221
0.628958
0.635944
0.643189
0.650682
0.658434
0.666425
0.674654
0.683136
0.691241
1.8891
0.807384
0.347464
0.364537
0.416094
0.454585
0.465034
0.463969
0.461094
0.458535
0.458069
0.45891
0.460496
0.462703
0.465123
0.467712
0.470581
0.473809
0.477402
0.481345
0.485611
0.490182
0.495038
0.500159
0.505525
0.511111
0.516895
0.522854
0.52897
0.535241
0.541644
0.548177
0.554828
0.561589
0.568454
0.575419
0.582486
0.589655
0.596932
0.604316
0.611817
0.61943
0.627169
0.635028
0.643024
0.651148
0.659413
0.667804
0.67637
0.684504
2.34274
1.12796
0.472701
0.449625
0.516381
0.580618
0.603065
0.603166
0.598087
0.593018
0.590236
0.588681
0.587554
0.586703
0.585701
0.584536
0.583311
0.582187
0.58115
0.580292
0.579554
0.579044
0.578699
0.57864
0.578798
0.579279
0.580044
0.581133
0.58256
0.584335
0.586465
0.58895
0.59179
0.594982
0.598528
0.602425
0.606667
0.611245
0.616151
0.621378
0.62691
0.63274
0.638851
0.645236
0.651876
0.658767
0.665888
0.67323
0.6808
0.688041
1.88982
0.808779
0.353422
0.381409
0.439685
0.479632
0.489589
0.487908
0.484863
0.483478
0.484904
0.487579
0.490927
0.494761
0.498661
0.502611
0.506674
0.510901
0.515264
0.519746
0.524308
0.528941
0.533623
0.538354
0.543123
0.547927
0.552768
0.557645
0.56257
0.567544
0.572577
0.577683
0.582863
0.588139
0.59351
0.598997
0.604596
0.610327
0.616186
0.622188
0.628337
0.634643
0.641107
0.647732
0.654521
0.661476
0.668595
0.675867
0.683322
0.690421
1.87526
0.799751
0.35115
0.378099
0.427534
0.459446
0.467093
0.465963
0.464281
0.463568
0.464095
0.465294
0.467194
0.469479
0.47183
0.474312
0.477019
0.480003
0.48327
0.48682
0.490641
0.494727
0.49907
0.503662
0.508492
0.513549
0.518821
0.524296
0.529959
0.535798
0.541801
0.54795
0.554252
0.560683
0.567253
0.573938
0.580753
0.587679
0.594728
0.601883
0.609154
0.616524
0.624005
0.631584
0.639273
0.647057
0.654951
0.662939
0.671071
0.678771
1.87423
0.799385
0.351675
0.375347
0.422432
0.4541
0.462313
0.461851
0.460734
0.460114
0.460384
0.461209
0.462692
0.464528
0.466376
0.468278
0.470334
0.47259
0.475063
0.477753
0.48067
0.483817
0.487205
0.490833
0.494709
0.49883
0.503203
0.507821
0.512688
0.517796
0.523147
0.528733
0.534552
0.540592
0.546849
0.553309
0.559968
0.566811
0.573837
0.581033
0.588397
0.595918
0.603595
0.611412
0.619363
0.627438
0.635645
0.643975
0.652461
0.660518
1.88906
0.809112
0.35485
0.362657
0.413294
0.452092
0.463034
0.46262
0.460831
0.459585
0.459621
0.460431
0.461971
0.463874
0.465702
0.467509
0.469427
0.471519
0.473804
0.476278
0.478945
0.481803
0.48486
0.488115
0.491575
0.49524
0.499116
0.503202
0.507504
0.512019
0.516753
0.521704
0.526875
0.532262
0.537867
0.543686
0.549718
0.55596
0.562409
0.569058
0.575904
0.582938
0.590154
0.597548
0.60512
0.612862
0.620765
0.628818
0.637042
0.644864
2.31231
1.20464
0.485404
0.431468
0.492566
0.556794
0.582781
0.586273
0.583609
0.580877
0.579589
0.579274
0.579764
0.580594
0.581133
0.581423
0.581656
0.581939
0.582315
0.582783
0.583349
0.584013
0.58479
0.585685
0.586716
0.587884
0.589208
0.590689
0.592345
0.594176
0.596199
0.598415
0.600839
0.603471
0.606326
0.6094
0.612709
0.616246
0.620026
0.624041
0.628303
0.632801
0.637546
0.642527
0.647753
0.653206
0.658891
0.664784
0.670915
0.676809
2.32252
1.22873
0.466084
0.405361
0.481436
0.557493
0.588657
0.593335
0.590701
0.587838
0.586851
0.587304
0.588594
0.59041
0.592092
0.593489
0.594819
0.596233
0.597786
0.599466
0.601269
0.60318
0.605209
0.607349
0.609611
0.611988
0.614491
0.617113
0.619865
0.622741
0.625751
0.62889
0.632169
0.635583
0.639143
0.642844
0.646698
0.650699
0.654859
0.659171
0.663647
0.668281
0.673085
0.678052
0.683191
0.68849
0.693957
0.699578
0.705377
0.710916
2.31272
1.20615
0.486653
0.432531
0.494346
0.559801
0.586861
0.591011
0.588959
0.586847
0.586277
0.586934
0.588443
0.590433
0.592231
0.593825
0.595399
0.597082
0.59891
0.600885
0.602994
0.605239
0.607616
0.610134
0.61279
0.615591
0.618534
0.621624
0.624858
0.628242
0.631771
0.635451
0.639277
0.643256
0.647381
0.651659
0.656084
0.660663
0.665388
0.670267
0.675291
0.680469
0.68579
0.691265
0.696881
0.702648
0.708552
0.714603
0.72081
0.726749
1.88895
0.809179
0.356054
0.364302
0.416384
0.457003
0.469101
0.469119
0.467532
0.466518
0.467163
0.468789
0.471272
0.474228
0.477162
0.480128
0.483236
0.486564
0.490107
0.493869
0.497823
0.501977
0.506312
0.510839
0.515537
0.520419
0.525463
0.53068
0.53605
0.541585
0.547263
0.553097
0.559066
0.565182
0.571425
0.577808
0.58431
0.590946
0.597694
0.60457
0.611553
0.618658
0.625863
0.633185
0.640601
0.64813
0.655751
0.663485
0.671346
0.678834
1.87422
0.800022
0.355291
0.38047
0.428584
0.460131
0.46765
0.466483
0.464742
0.46386
0.464077
0.464929
0.466471
0.468352
0.470184
0.472035
0.474
0.476139
0.47845
0.480944
0.483609
0.486459
0.489486
0.492706
0.496109
0.49971
0.503499
0.507489
0.51167
0.516053
0.520627
0.525404
0.53037
0.535537
0.540891
0.546442
0.552175
0.5581
0.564202
0.570488
0.576945
0.583579
0.590374
0.597337
0.604453
0.611727
0.619144
0.62671
0.634435
0.641797
1.87704
0.803103
0.359362
0.395137
0.451551
0.484553
0.490474
0.486943
0.482758
0.480812
0.480801
0.481597
0.483008
0.484673
0.486271
0.487893
0.489637
0.491549
0.493624
0.495862
0.498254
0.500808
0.50352
0.506399
0.509442
0.512657
0.516038
0.519596
0.523324
0.52723
0.531309
0.535569
0.540003
0.544619
0.54941
0.554382
0.559529
0.564856
0.570356
0.576034
0.581882
0.587904
0.594093
0.600451
0.606969
0.61365
0.620483
0.627469
0.634614
0.641426
1.19153
1.04879
0.497497
0.19054
0.0108982
0.108738
0.160284
0.208623
0.230209
0.234563
0.222856
0.211382
0.201056
0.19152
0.179484
0.16503
0.147698
0.127764
0.105943
0.0827986
0.0589761
0.0352622
0.0158725
0.0232585
0.0469731
0.0712771
0.0954131
0.119119
0.142433
0.165334
0.187831
0.209905
0.231536
0.252675
0.272681
0.291781
0.311317
0.331688
0.351647
0.37081
0.389318
0.407311
0.424824
0.441872
0.45844
0.474531
0.490131
0.505246
0.519859
0.533975
0.547574
0.560655
0.573196
0.58519
0.596608
0.607441
0.617651
0.627226
0.636123
0.644325
0.651786
0.658488
0.664385
0.669461
0.673678
0.677032
0.679505
0.68112
0.681884
0.682053
0.681871
0.681305
0.679959
0.677444
0.674057
0.670444
0.66676
0.663038
0.659345
0.655764
0.652393
0.649308
0.646574
0.644228
0.642299
0.640789
0.639697
0.638999
0.638666
0.638638
0.638792
0.639126
0.639757
0.640844
0.642223
0.643735
0.645278
0.646946
0.648585
0.653361
1.1219
1.03596
0.806077
0.54917
0.502164
0.431225
0.381335
0.340602
0.310336
0.291779
0.260404
0.230121
0.210547
0.208797
0.215934
0.226485
0.238943
0.252854
0.267982
0.283834
0.300209
0.316676
0.332998
0.349167
0.365896
0.382875
0.400034
0.417129
0.434222
0.451149
0.467997
0.484623
0.501116
0.517346
0.532999
0.547912
0.562907
0.578623
0.594483
0.609704
0.624418
0.638785
0.652861
0.666632
0.680081
0.693193
0.705958
0.718365
0.730407
0.742072
0.753347
0.764221
0.774676
0.784696
0.794259
0.803345
0.811927
0.819982
0.827479
0.83439
0.840683
0.846329
0.851295
0.855557
0.859085
0.861868
0.863893
0.865164
0.865712
0.865719
0.865418
0.864746
0.863383
0.860987
0.857761
0.854279
0.850722
0.84715
0.843628
0.840231
0.837046
0.834144
0.831586
0.829405
0.827626
0.826249
0.825272
0.824668
0.824433
0.824457
0.824628
0.824958
0.82552
0.82648
0.827683
0.829019
0.830335
0.831746
0.832936
0.836735
1.07462
1.07544
1.00803
0.899571
0.831133
0.780834
0.744921
0.71483
0.690015
0.671921
0.656806
0.642464
0.632465
0.627326
0.625804
0.626056
0.627553
0.629951
0.633328
0.637587
0.642698
0.648464
0.654823
0.661651
0.669205
0.677361
0.686129
0.695281
0.704853
0.714654
0.724766
0.735014
0.745505
0.756049
0.766435
0.776377
0.786452
0.797232
0.808598
0.819691
0.8305
0.841115
0.851632
0.862025
0.872301
0.882407
0.892348
0.90208
0.911613
0.920902
0.929958
0.938734
0.947236
0.955416
0.963277
0.970766
0.977885
0.984578
0.990842
0.996621
1.00191
1.00665
1.01084
1.01442
1.01739
1.01971
1.02138
1.02238
1.02273
1.02261
1.02224
1.02155
1.02023
1.01801
1.01504
1.01179
1.00844
1.00509
1.0018
0.998659
0.995724
0.99307
0.990737
0.988769
0.987171
0.985956
0.985106
0.984609
0.984448
0.984501
0.98466
0.984959
0.985453
0.986294
0.987326
0.988489
0.989593
0.990761
0.99154
0.994603
1.04735
1.08416
1.08312
1.04971
1.00808
0.979378
0.961025
0.947249
0.934984
0.923866
0.914971
0.907229
0.900261
0.895085
0.892492
0.891202
0.890189
0.889149
0.888161
0.88737
0.886919
0.886866
0.887232
0.888162
0.889691
0.891859
0.894707
0.898134
0.90213
0.906595
0.911552
0.916906
0.922709
0.928809
0.934956
0.94094
0.947151
0.954077
0.961789
0.969656
0.977447
0.985163
0.992909
1.00067
1.00846
1.01623
1.02399
1.03167
1.03928
1.04676
1.05414
1.06134
1.06839
1.07521
1.08181
1.08814
1.09419
1.0999
1.10529
1.11026
1.11485
1.11895
1.12261
1.12572
1.12832
1.13032
1.13176
1.13257
1.13277
1.13258
1.13219
1.13148
1.13018
1.12812
1.12542
1.12242
1.11925
1.11609
1.113
1.11008
1.10736
1.10493
1.10279
1.10101
1.09957
1.0985
1.09775
1.09736
1.09724
1.09732
1.09746
1.09773
1.09818
1.09894
1.09983
1.10086
1.10181
1.10279
1.10328
1.1059
1.02102
1.06889
1.09374
1.09717
1.08809
1.08045
1.07669
1.0751
1.07344
1.0707
1.067
1.06403
1.06183
1.0589
1.05539
1.05255
1.04982
1.04686
1.04366
1.0403
1.03694
1.03376
1.03088
1.02845
1.02654
1.02529
1.0247
1.02478
1.02555
1.02688
1.02882
1.03129
1.03435
1.03782
1.04143
1.04504
1.04897
1.05364
1.05916
1.06506
1.07108
1.07714
1.08328
1.08951
1.09585
1.10225
1.10871
1.11519
1.12167
1.12811
1.1345
1.14079
1.14699
1.15302
1.1589
1.16455
1.16999
1.17514
1.18001
1.18453
1.1887
1.19245
1.19578
1.19862
1.20099
1.2028
1.2041
1.20474
1.20485
1.20463
1.20424
1.20351
1.20219
1.20023
1.19777
1.19497
1.19198
1.18896
1.18601
1.18324
1.18068
1.17841
1.17643
1.17479
1.17347
1.17249
1.17184
1.1715
1.17143
1.1715
1.17164
1.17192
1.17238
1.17311
1.17391
1.17486
1.17571
1.17657
1.17692
1.17936
0.990662
1.04428
1.08044
1.10358
1.11571
1.12348
1.13037
1.13732
1.14325
1.14753
1.14972
1.15002
1.14953
1.14912
1.14773
1.145
1.14166
1.13805
1.13433
1.13021
1.12597
1.12156
1.11737
1.11337
1.1099
1.10689
1.10462
1.10292
1.102
1.10164
1.10198
1.10293
1.10451
1.10654
1.10874
1.11104
1.11371
1.11713
1.12139
1.12611
1.1311
1.13624
1.14151
1.14688
1.15238
1.15799
1.16369
1.16946
1.17527
1.18109
1.1869
1.19265
1.19833
1.2039
1.20933
1.21459
1.21964
1.22446
1.229
1.23324
1.23714
1.24066
1.24377
1.24644
1.24864
1.25033
1.25146
1.25197
1.25199
1.25179
1.25139
1.25062
1.24928
1.24736
1.24503
1.24238
1.23953
1.23663
1.23379
1.23111
1.22866
1.22649
1.22461
1.22305
1.22182
1.22092
1.22031
1.22002
1.21998
1.22006
1.22021
1.22052
1.22099
1.22171
1.22246
1.22337
1.22416
1.22495
1.22521
1.22756
0.961076
1.01293
1.05592
1.089
1.11383
1.13233
1.14754
1.16077
1.17237
1.18178
1.18886
1.19339
1.19581
1.19649
1.1966
1.19594
1.19369
1.1903
1.18648
1.18232
1.17785
1.17322
1.16856
1.16402
1.15978
1.15596
1.15273
1.1501
1.14817
1.14687
1.14628
1.14628
1.14701
1.14818
1.14951
1.15101
1.15292
1.15558
1.15902
1.16298
1.16729
1.17185
1.17657
1.18143
1.18641
1.19152
1.19673
1.20204
1.20741
1.21283
1.21824
1.22364
1.22898
1.23424
1.23937
1.24436
1.24915
1.25372
1.25804
1.26207
1.26577
1.26911
1.27206
1.27459
1.27665
1.2782
1.2792
1.27959
1.27954
1.27934
1.27892
1.27809
1.2767
1.27479
1.27252
1.26998
1.26724
1.26444
1.26169
1.25909
1.25671
1.25461
1.2528
1.25131
1.25012
1.24925
1.24868
1.24843
1.24841
1.24848
1.24864
1.24898
1.24947
1.2502
1.25092
1.25181
1.25256
1.2533
1.25351
1.2558
0.934997
0.982695
1.02654
1.0645
1.09591
1.12131
1.14278
1.16111
1.17696
1.19027
1.20111
1.2091
1.21463
1.21774
1.21918
1.2195
1.21931
1.2178
1.21483
1.21096
1.20668
1.20231
1.19778
1.1933
1.18893
1.1849
1.18129
1.17825
1.17581
1.17404
1.17291
1.17246
1.17269
1.17341
1.17424
1.17529
1.1768
1.17905
1.18204
1.18554
1.18944
1.19363
1.19803
1.2026
1.20729
1.21212
1.21705
1.22208
1.22718
1.23234
1.23752
1.24268
1.2478
1.25285
1.25777
1.26256
1.26716
1.27156
1.2757
1.27956
1.2831
1.28629
1.28908
1.29145
1.29335
1.29476
1.29563
1.29591
1.29582
1.2956
1.29513
1.29421
1.29274
1.29083
1.28861
1.28615
1.28353
1.28084
1.27819
1.27567
1.27335
1.27129
1.26951
1.26804
1.26688
1.26603
1.26548
1.26525
1.26525
1.26532
1.26549
1.26585
1.26636
1.2671
1.26782
1.26869
1.26941
1.27011
1.27028
1.27255
0.911714
0.955333
0.997623
1.03718
1.07188
1.10184
1.1271
1.14894
1.16786
1.18424
1.19785
1.20889
1.21711
1.22297
1.22652
1.2285
1.2292
1.22928
1.2284
1.22606
1.22249
1.21862
1.21444
1.21031
1.20618
1.20235
1.19874
1.19566
1.19303
1.19108
1.18969
1.18902
1.189
1.18945
1.19002
1.19082
1.19213
1.19417
1.1969
1.20012
1.20375
1.20769
1.21188
1.21626
1.22078
1.22543
1.23019
1.23503
1.23996
1.24493
1.24993
1.25491
1.25985
1.26472
1.26948
1.27409
1.27853
1.28275
1.28672
1.29042
1.29379
1.29681
1.29943
1.30164
1.30339
1.30465
1.30537
1.30555
1.30545
1.3052
1.30465
1.30363
1.30208
1.30018
1.298
1.29563
1.29311
1.29054
1.28801
1.28558
1.28333
1.28132
1.27958
1.27814
1.27699
1.27616
1.27562
1.2754
1.27541
1.27548
1.27566
1.27603
1.27655
1.27729
1.27801
1.27887
1.27956
1.28023
1.28037
1.28264
0.890152
0.929775
0.969821
1.00891
1.04497
1.07709
1.10527
1.12984
1.15131
1.16992
1.18588
1.19919
1.20996
1.21821
1.22415
1.2281
1.23055
1.23158
1.2318
1.23141
1.22994
1.22727
1.2237
1.21998
1.21627
1.21275
1.20943
1.20648
1.20393
1.20195
1.20051
1.19973
1.19959
1.19986
1.20027
1.20094
1.20215
1.20407
1.20662
1.20961
1.213
1.21671
1.2207
1.22488
1.22924
1.23373
1.23833
1.24302
1.24777
1.25257
1.2574
1.26221
1.26698
1.27167
1.27626
1.2807
1.28497
1.28902
1.29282
1.29633
1.29952
1.30236
1.30482
1.30685
1.30844
1.30955
1.31011
1.3102
1.31008
1.30979
1.30917
1.30805
1.30645
1.30455
1.30242
1.30013
1.29774
1.29531
1.29292
1.29061
1.28847
1.28652
1.28483
1.2834
1.28227
1.28144
1.2809
1.28069
1.28069
1.28076
1.28093
1.2813
1.28182
1.28256
1.28327
1.28412
1.28479
1.28542
1.28553
1.2878
0.870023
0.906439
0.944196
0.982137
1.01822
1.05133
1.08099
1.10736
1.1306
1.15107
1.16887
1.18421
1.19703
1.20754
1.21566
1.22176
1.22604
1.22887
1.23038
1.23095
1.23076
1.2299
1.22792
1.22504
1.22191
1.21874
1.21573
1.21299
1.2106
1.20866
1.20721
1.20635
1.20606
1.20615
1.20638
1.20692
1.20802
1.20982
1.21218
1.21497
1.21813
1.22162
1.22541
1.22942
1.23364
1.23799
1.24247
1.24702
1.25164
1.2563
1.26097
1.26562
1.27024
1.27476
1.27919
1.28346
1.28754
1.2914
1.29502
1.29834
1.30134
1.30399
1.30626
1.30811
1.30953
1.31046
1.31085
1.31086
1.31073
1.3104
1.30969
1.30848
1.30685
1.30496
1.3029
1.30073
1.29849
1.29624
1.29401
1.29186
1.28984
1.28798
1.28635
1.28497
1.28386
1.28303
1.28249
1.28227
1.28227
1.28234
1.2825
1.28286
1.28337
1.28409
1.28479
1.28561
1.28626
1.28686
1.28694
1.28921
0.849294
0.883305
0.91917
0.95591
0.991609
1.02504
1.05559
1.08314
1.10778
1.12968
1.14907
1.166
1.18063
1.19297
1.20318
1.21125
1.21746
1.22201
1.22519
1.22717
1.22807
1.22815
1.22767
1.22638
1.22428
1.22159
1.21885
1.21625
1.21402
1.21214
1.21075
1.20985
1.20951
1.20943
1.20957
1.21005
1.21112
1.21287
1.21511
1.21773
1.22071
1.22402
1.22764
1.2315
1.23558
1.2398
1.24417
1.2486
1.2531
1.25762
1.26215
1.26664
1.2711
1.27545
1.27971
1.28378
1.28769
1.29135
1.29478
1.29789
1.30071
1.30315
1.30523
1.30689
1.30812
1.30886
1.30913
1.30908
1.30892
1.30853
1.30772
1.30642
1.30479
1.30297
1.30101
1.29898
1.29691
1.29484
1.29279
1.29081
1.28892
1.28719
1.28563
1.2843
1.28322
1.2824
1.28186
1.28162
1.2816
1.28166
1.28181
1.28214
1.28263
1.28332
1.284
1.28479
1.28542
1.28599
1.28605
1.28833
0.82864
0.860361
0.894339
0.929655
0.964564
0.997778
1.02867
1.05691
1.08253
1.10557
1.12623
1.14455
1.1607
1.17468
1.18666
1.19654
1.20456
1.21083
1.21563
1.21906
1.22137
1.22266
1.22301
1.22273
1.22198
1.2205
1.21848
1.21624
1.21415
1.21241
1.21105
1.21021
1.2098
1.20965
1.20965
1.21014
1.2112
1.21286
1.21496
1.2174
1.22021
1.22333
1.22678
1.23048
1.23442
1.23851
1.24276
1.24706
1.25144
1.25582
1.26022
1.26455
1.26885
1.27302
1.27709
1.28097
1.28468
1.28814
1.29136
1.29427
1.29687
1.2991
1.30097
1.30241
1.30344
1.30398
1.30414
1.30406
1.30385
1.30337
1.30245
1.3011
1.29951
1.29778
1.29596
1.2941
1.29221
1.29034
1.28847
1.28667
1.28493
1.28332
1.28186
1.2806
1.27956
1.27876
1.27821
1.27795
1.2779
1.27795
1.27808
1.27838
1.27883
1.27949
1.28013
1.2809
1.28149
1.28202
1.28206
1.28436
0.810008
0.839348
0.871234
0.904795
0.938434
0.970898
1.00154
1.02997
1.0561
1.07991
1.10151
1.12094
1.13833
1.15372
1.16721
1.17873
1.18841
1.19635
1.20274
1.2077
1.21144
1.21405
1.21571
1.21648
1.21659
1.2161
1.21524
1.21388
1.21225
1.21066
1.20946
1.20865
1.20832
1.2081
1.2082
1.20883
1.21
1.21169
1.21375
1.21614
1.21889
1.22195
1.22532
1.22895
1.2328
1.23682
1.24097
1.24519
1.24946
1.25373
1.25799
1.26218
1.26629
1.27028
1.27414
1.27781
1.28129
1.28451
1.28748
1.29014
1.29248
1.29446
1.29607
1.29727
1.29807
1.2984
1.29844
1.29834
1.29806
1.29746
1.29642
1.29506
1.29355
1.29195
1.29031
1.28864
1.28696
1.28529
1.28363
1.28202
1.28047
1.27901
1.27768
1.27652
1.27554
1.27478
1.27424
1.27396
1.27389
1.27393
1.27404
1.27429
1.27469
1.2753
1.27591
1.27663
1.27718
1.27767
1.27768
1.27998
0.795327
0.822048
0.851517
0.882934
0.914809
0.945988
0.975802
1.00386
1.02998
1.05411
1.07624
1.09645
1.11477
1.13125
1.14595
1.15893
1.17014
1.17967
1.18764
1.19418
1.19943
1.20352
1.20656
1.20868
1.20999
1.21061
1.21072
1.21042
1.20989
1.20918
1.20839
1.20801
1.20787
1.20794
1.20831
1.20917
1.21054
1.21226
1.21433
1.21673
1.21945
1.22248
1.22579
1.22934
1.2331
1.23703
1.24106
1.24518
1.24932
1.25345
1.25754
1.26157
1.26548
1.26927
1.27289
1.27633
1.27954
1.28251
1.2852
1.28759
1.28965
1.29136
1.29269
1.29364
1.29419
1.29435
1.29431
1.29416
1.29378
1.29302
1.2919
1.2906
1.28921
1.28779
1.28634
1.28489
1.28343
1.28197
1.28054
1.27913
1.27778
1.2765
1.27532
1.27428
1.27339
1.27267
1.27216
1.27186
1.27177
1.2718
1.27188
1.27209
1.27243
1.27299
1.27355
1.27421
1.27471
1.27514
1.27513
1.27743
0.786008
0.810066
0.836964
0.866045
0.895888
0.925461
0.95407
0.98135
1.00705
1.0311
1.05342
1.07406
1.09302
1.11036
1.12607
1.14026
1.15282
1.16383
1.17333
1.18145
1.18826
1.1939
1.19844
1.20203
1.20474
1.20669
1.20799
1.20878
1.20916
1.20924
1.20915
1.20913
1.20923
1.20959
1.21025
1.21125
1.21262
1.21433
1.21639
1.21877
1.22146
1.22442
1.22764
1.23109
1.23473
1.23852
1.24242
1.24638
1.25037
1.25433
1.25824
1.26206
1.26576
1.26931
1.27269
1.27586
1.27881
1.2815
1.28391
1.286
1.28777
1.28918
1.29024
1.29092
1.29123
1.29126
1.29117
1.29093
1.29039
1.2895
1.28837
1.28718
1.28595
1.28472
1.28349
1.28225
1.28101
1.27977
1.27855
1.27736
1.2762
1.27511
1.2741
1.27318
1.27239
1.27174
1.27124
1.27093
1.27082
1.27084
1.2709
1.27105
1.27133
1.27181
1.27232
1.27292
1.27337
1.27373
1.27368
1.27599
0.780184
0.801925
0.826486
0.853328
0.881192
0.909098
0.936418
0.962744
0.987853
1.01159
1.0339
1.05475
1.07415
1.09209
1.10863
1.12377
1.13749
1.14976
1.16065
1.17019
1.17846
1.18553
1.19151
1.19647
1.20051
1.20373
1.20617
1.208
1.20934
1.21025
1.21089
1.2114
1.21193
1.2126
1.21347
1.2146
1.21602
1.21777
1.21982
1.22218
1.22481
1.22771
1.23083
1.23416
1.23766
1.2413
1.24503
1.24883
1.25263
1.2564
1.2601
1.2637
1.26715
1.27045
1.27355
1.27645
1.27908
1.28147
1.28355
1.28534
1.28678
1.2879
1.28865
1.28907
1.28917
1.28912
1.28896
1.28855
1.28783
1.28686
1.28582
1.28477
1.28373
1.2827
1.28167
1.28064
1.27962
1.2786
1.2776
1.27662
1.27567
1.27477
1.27393
1.27316
1.27247
1.27189
1.27143
1.27111
1.27098
1.27097
1.27101
1.27112
1.27134
1.27173
1.27217
1.2727
1.27308
1.27337
1.27328
1.27559
0.776154
0.796155
0.818808
0.843711
0.869747
0.896038
0.92202
0.947305
0.971663
0.994935
1.01703
1.03791
1.05754
1.07592
1.09306
1.10897
1.12362
1.13697
1.14904
1.15985
1.16946
1.17789
1.18526
1.19155
1.1969
1.20133
1.20497
1.20788
1.21021
1.21198
1.21339
1.21452
1.21555
1.21657
1.2177
1.21898
1.22052
1.22229
1.22435
1.22666
1.22924
1.23204
1.23506
1.23825
1.24161
1.24507
1.24863
1.25221
1.25581
1.25935
1.26283
1.26617
1.26938
1.27239
1.27521
1.27779
1.28013
1.28218
1.28395
1.28539
1.28652
1.28731
1.28779
1.28793
1.2879
1.28777
1.28745
1.28682
1.28594
1.28503
1.28412
1.28325
1.28239
1.28155
1.28072
1.27991
1.27909
1.2783
1.27751
1.27675
1.27602
1.27532
1.27465
1.27403
1.27345
1.27295
1.27253
1.27223
1.27206
1.27203
1.27206
1.27213
1.27228
1.27259
1.27295
1.27339
1.2737
1.27392
1.27378
1.2761
0.773141
0.791822
0.813014
0.83639
0.860941
0.885885
0.910667
0.934981
0.958576
0.981332
1.00312
1.02391
1.04363
1.06229
1.07986
1.09636
1.11176
1.12601
1.13908
1.15101
1.16179
1.17146
1.18004
1.1876
1.19416
1.19983
1.2046
1.20862
1.21192
1.21464
1.21683
1.21867
1.22022
1.22167
1.22307
1.22458
1.2262
1.22803
1.23006
1.23234
1.23481
1.23752
1.24039
1.24344
1.2466
1.24989
1.25322
1.2566
1.25994
1.26326
1.26645
1.26954
1.27245
1.27519
1.27768
1.27997
1.28196
1.2837
1.2851
1.28623
1.28701
1.28751
1.28767
1.28766
1.28754
1.28724
1.28665
1.28583
1.28499
1.28419
1.28343
1.28272
1.28204
1.28139
1.28076
1.28015
1.27955
1.27896
1.2784
1.27787
1.27735
1.27685
1.27635
1.27587
1.27541
1.27499
1.27462
1.27434
1.27416
1.2741
1.27411
1.27415
1.27425
1.27446
1.27473
1.27509
1.27532
1.27546
1.27528
1.2776
0.769794
0.787575
0.80772
0.829938
0.853318
0.877141
0.900958
0.924429
0.947376
0.969632
0.991127
1.01176
1.03153
1.05036
1.06828
1.08522
1.10123
1.1162
1.13013
1.14298
1.15479
1.16552
1.17523
1.18392
1.19165
1.19842
1.20432
1.20936
1.21367
1.21728
1.22027
1.22276
1.22488
1.22673
1.22846
1.23013
1.23187
1.23371
1.23572
1.2379
1.24028
1.24282
1.24555
1.2484
1.25138
1.25443
1.25754
1.26065
1.26376
1.26678
1.26971
1.27249
1.27512
1.27754
1.27974
1.28168
1.28336
1.28474
1.28583
1.28659
1.28708
1.28724
1.28723
1.28711
1.28678
1.28618
1.28538
1.28458
1.28383
1.28315
1.28253
1.28197
1.28145
1.28098
1.28052
1.28009
1.27969
1.27931
1.27896
1.27863
1.27832
1.27799
1.27765
1.27731
1.27696
1.27661
1.2763
1.27604
1.27586
1.27577
1.27575
1.27577
1.27582
1.27594
1.27612
1.27638
1.27652
1.27659
1.27639
1.2787
0.765661
0.782729
0.802093
0.823449
0.845961
0.86893
0.891942
0.914732
0.937112
0.958957
0.980163
1.00068
1.02043
1.0394
1.05755
1.07488
1.09135
1.10693
1.12153
1.13519
1.14784
1.15952
1.17018
1.17988
1.18859
1.19638
1.20322
1.20921
1.21436
1.21879
1.22253
1.22568
1.22836
1.23068
1.23273
1.23465
1.23651
1.23841
1.24039
1.2425
1.24476
1.24716
1.2497
1.25237
1.25512
1.25795
1.2608
1.26366
1.26647
1.26921
1.27183
1.27432
1.27662
1.27872
1.28059
1.2822
1.28352
1.28455
1.28528
1.28572
1.28587
1.28583
1.28567
1.28528
1.28462
1.2838
1.283
1.28227
1.28162
1.28105
1.28056
1.28015
1.27979
1.27948
1.2792
1.27895
1.27875
1.27857
1.27844
1.27833
1.2782
1.27805
1.27786
1.27765
1.27741
1.27715
1.2769
1.27668
1.2765
1.27638
1.27633
1.27633
1.27635
1.27639
1.27648
1.27662
1.27668
1.27669
1.27645
1.27873
0.759639
0.776188
0.794939
0.815636
0.837462
0.859779
0.882183
0.90443
0.926357
0.947847
0.968819
0.989198
1.00895
1.02801
1.04637
1.06398
1.08085
1.0969
1.11211
1.12641
1.13982
1.15228
1.16382
1.17441
1.18407
1.19278
1.20061
1.20752
1.21361
1.2189
1.22348
1.22739
1.23071
1.23354
1.23602
1.23825
1.24033
1.24234
1.24436
1.24644
1.24861
1.25088
1.25326
1.25573
1.25827
1.26085
1.26344
1.26601
1.26853
1.27095
1.27325
1.2754
1.27737
1.27913
1.28065
1.28189
1.28286
1.28352
1.28389
1.28399
1.28393
1.2837
1.28319
1.28242
1.28156
1.28073
1.27997
1.2793
1.27874
1.27828
1.27792
1.27765
1.27744
1.27729
1.27717
1.27711
1.27711
1.27715
1.27723
1.27733
1.27738
1.27739
1.27736
1.27729
1.27717
1.27701
1.27683
1.27665
1.27648
1.27635
1.27627
1.27623
1.27622
1.27622
1.27623
1.27623
1.27621
1.27616
1.27584
1.27805
0.753903
0.769831
0.787955
0.807987
0.829122
0.850764
0.872533
0.894218
0.915665
0.936778
0.957469
0.977683
0.997358
1.01646
1.03495
1.0528
1.06996
1.08644
1.10214
1.11705
1.13112
1.14434
1.15668
1.16815
1.1787
1.18837
1.19712
1.20501
1.21201
1.21821
1.22362
1.22831
1.23233
1.23581
1.23879
1.24142
1.24377
1.24596
1.24804
1.25012
1.25221
1.25437
1.25657
1.25884
1.26115
1.26348
1.26579
1.26806
1.27025
1.27235
1.27431
1.27613
1.27775
1.27915
1.28029
1.28117
1.28175
1.28203
1.28207
1.28196
1.28164
1.28098
1.28006
1.27912
1.27823
1.27741
1.27669
1.27608
1.2756
1.27525
1.27502
1.27489
1.27482
1.27481
1.27483
1.27493
1.27515
1.27545
1.27573
1.27599
1.2762
1.27636
1.27646
1.27651
1.27649
1.27644
1.27636
1.27623
1.27608
1.27595
1.27584
1.27576
1.2757
1.27566
1.2756
1.27554
1.27542
1.27526
1.27479
1.27691
0.747666
0.763108
0.780684
0.800156
0.820727
0.84181
0.863059
0.884273
0.905328
0.926122
0.946589
0.966655
0.986282
1.00541
1.02401
1.04204
1.05948
1.07629
1.09242
1.10782
1.12248
1.13634
1.14939
1.16159
1.17294
1.1834
1.19298
1.20165
1.20946
1.2164
1.22255
1.22792
1.23258
1.23658
1.24004
1.24303
1.24566
1.24802
1.25021
1.25229
1.25432
1.25635
1.25838
1.26044
1.2625
1.26455
1.26656
1.26852
1.27038
1.27213
1.27375
1.27521
1.27646
1.2775
1.27826
1.27877
1.27896
1.27895
1.27879
1.27832
1.27752
1.27651
1.27546
1.27448
1.27356
1.27275
1.27206
1.27152
1.27114
1.27091
1.27081
1.27079
1.2708
1.27088
1.27109
1.27145
1.27188
1.27235
1.27278
1.27319
1.27354
1.27384
1.27408
1.27425
1.27434
1.27438
1.27435
1.2743
1.27421
1.2741
1.27395
1.27384
1.27373
1.27363
1.27351
1.27339
1.27317
1.27292
1.27234
1.27438
0.736523
0.752063
0.769669
0.789032
0.809405
0.830219
0.851188
0.872122
0.892937
0.913531
0.93386
0.953845
0.973457
0.99263
1.01135
1.02956
1.04724
1.06435
1.08083
1.09663
1.11173
1.12608
1.13967
1.15245
1.16443
1.17555
1.18585
1.19529
1.2039
1.21164
1.21858
1.2247
1.23009
1.23474
1.23878
1.24224
1.24527
1.2479
1.25029
1.25244
1.25449
1.25642
1.25834
1.26019
1.26203
1.26379
1.26551
1.26712
1.26865
1.27003
1.27131
1.27238
1.27329
1.27392
1.2743
1.2744
1.27434
1.27406
1.27337
1.27237
1.27127
1.27013
1.26901
1.26796
1.26701
1.2662
1.26554
1.26508
1.26481
1.26471
1.2647
1.26474
1.26486
1.26513
1.26559
1.26615
1.26676
1.26736
1.26796
1.26852
1.26904
1.26948
1.26987
1.27016
1.27039
1.27052
1.27058
1.27057
1.27053
1.27046
1.27033
1.27019
1.27002
1.26988
1.26969
1.2695
1.26919
1.26887
1.26819
1.27016
0.720744
0.736743
0.75475
0.774377
0.794862
0.815687
0.836605
0.857459
0.878186
0.898706
0.918984
0.938953
0.958588
0.977833
0.99667
1.01505
1.03296
1.05035
1.0672
1.08343
1.09903
1.11396
1.12818
1.14165
1.15437
1.1663
1.17742
1.1877
1.19716
1.20577
1.21356
1.22053
1.22673
1.23215
1.23691
1.241
1.24457
1.24763
1.25034
1.25271
1.25487
1.25682
1.25867
1.26037
1.26199
1.26348
1.26489
1.26615
1.26732
1.26833
1.26922
1.26989
1.27037
1.27056
1.27056
1.27039
1.26986
1.26897
1.2678
1.26654
1.26526
1.264
1.26279
1.26167
1.26068
1.25988
1.25928
1.25891
1.25876
1.25875
1.25879
1.25892
1.25921
1.25972
1.26037
1.2611
1.26185
1.26263
1.26338
1.26412
1.26478
1.2654
1.26592
1.26637
1.26671
1.26697
1.26711
1.26718
1.26716
1.26712
1.26705
1.26691
1.2667
1.26649
1.26623
1.26596
1.26557
1.26517
1.26438
1.26629
0.709486
0.724777
0.742158
0.761245
0.781281
0.80174
0.82235
0.842968
0.863506
0.883901
0.904094
0.92404
0.943688
0.963006
0.981948
1.00049
1.0186
1.03624
1.05342
1.07007
1.08614
1.10161
1.11643
1.13058
1.14402
1.15673
1.16866
1.17983
1.19017
1.1997
1.20839
1.21627
1.22332
1.2296
1.2351
1.2399
1.24404
1.24761
1.25066
1.25329
1.25556
1.25756
1.25932
1.26087
1.26226
1.26347
1.26454
1.26546
1.26625
1.26691
1.26741
1.2677
1.26777
1.26769
1.26735
1.26657
1.26544
1.26416
1.26277
1.26132
1.25988
1.25848
1.25717
1.256
1.25502
1.25425
1.25373
1.25346
1.25341
1.25345
1.25356
1.25381
1.2543
1.25498
1.25579
1.25665
1.25756
1.25847
1.25938
1.26024
1.26106
1.2618
1.26247
1.26303
1.2635
1.26385
1.2641
1.26422
1.26425
1.26422
1.26416
1.26405
1.26383
1.26358
1.26324
1.2629
1.26242
1.26196
1.26109
1.26295
0.705286
0.719216
0.735316
0.753236
0.772231
0.791791
0.81163
0.831606
0.851615
0.871594
0.891467
0.911188
0.930692
0.949946
0.968894
0.987517
1.00577
1.02363
1.04107
1.05806
1.07453
1.09047
1.10581
1.12054
1.13461
1.148
1.16065
1.17256
1.18367
1.19399
1.20348
1.21215
1.21998
1.22699
1.23316
1.23858
1.24324
1.24726
1.25066
1.25355
1.25597
1.25802
1.25971
1.26114
1.26228
1.26321
1.26392
1.26449
1.2649
1.26518
1.26527
1.26521
1.26494
1.26428
1.26323
1.26193
1.26046
1.2589
1.25727
1.25561
1.25399
1.25246
1.25108
1.24988
1.24891
1.2482
1.24777
1.24762
1.24764
1.24771
1.2479
1.24831
1.24898
1.24982
1.25077
1.25177
1.25282
1.25387
1.25492
1.25592
1.25688
1.25776
1.25856
1.25925
1.25983
1.26029
1.26063
1.26083
1.2609
1.26089
1.26084
1.26075
1.26054
1.26025
1.25984
1.25943
1.25887
1.25833
1.25738
1.25918
0.698501
0.712231
0.727947
0.745371
0.763825
0.782841
0.802164
0.821663
0.841255
0.860874
0.880461
0.899956
0.919313
0.938477
0.957412
0.976072
0.994431
1.01245
1.03011
1.04737
1.0642
1.08053
1.09633
1.11157
1.1262
1.14018
1.15349
1.16608
1.17793
1.18898
1.19923
1.20866
1.21723
1.22496
1.23185
1.23792
1.24321
1.24774
1.25158
1.25479
1.25743
1.25956
1.26126
1.26255
1.26349
1.26412
1.2645
1.26471
1.26477
1.2647
1.26447
1.26391
1.26295
1.26165
1.26013
1.25846
1.25666
1.25478
1.25287
1.25099
1.24919
1.24755
1.2461
1.2449
1.24396
1.24331
1.24298
1.24291
1.24296
1.2431
1.2434
1.24397
1.24479
1.24575
1.24682
1.24795
1.24912
1.2503
1.25147
1.2526
1.25368
1.25469
1.2556
1.25641
1.2571
1.25766
1.25808
1.25836
1.25848
1.25849
1.25845
1.25836
1.25817
1.25786
1.25739
1.25691
1.25626
1.25566
1.25462
1.25636
0.700609
0.713108
0.727616
0.743907
0.761311
0.779361
0.79781
0.816526
0.835432
0.854457
0.873546
0.892635
0.911676
0.93061
0.949399
0.967992
0.98636
1.00446
1.02226
1.03972
1.05681
1.07346
1.08964
1.1053
1.12041
1.1349
1.14876
1.16193
1.17438
1.18607
1.19698
1.20706
1.2163
1.22469
1.23221
1.23887
1.24468
1.24968
1.25391
1.25741
1.26025
1.26249
1.26417
1.26535
1.26607
1.26639
1.26646
1.2664
1.26622
1.26578
1.26494
1.26368
1.26215
1.2604
1.25847
1.2564
1.25423
1.25202
1.24984
1.24776
1.24582
1.24409
1.24261
1.24141
1.24051
1.23993
1.23969
1.23969
1.23976
1.23996
1.24038
1.24109
1.24203
1.2431
1.24428
1.24551
1.24679
1.24808
1.24936
1.2506
1.25179
1.2529
1.25393
1.25484
1.25563
1.25628
1.25678
1.25713
1.25731
1.25734
1.25731
1.25722
1.25703
1.25671
1.25621
1.25566
1.25493
1.25425
1.25313
1.2548
0.702667
0.71478
0.728834
0.744555
0.761347
0.77877
0.796608
0.81474
0.833109
0.851645
0.870309
0.88903
0.907775
0.926475
0.945103
0.963593
0.981925
1.00004
1.01791
1.03546
1.05268
1.06949
1.08586
1.10173
1.11708
1.13186
1.14602
1.15953
1.17236
1.18445
1.19578
1.2063
1.21601
1.22487
1.23287
1.23999
1.24625
1.25165
1.25622
1.26
1.26303
1.26536
1.26704
1.26811
1.26858
1.26865
1.26855
1.2683
1.26773
1.26672
1.26526
1.26352
1.26154
1.25935
1.25701
1.25456
1.25205
1.24957
1.24718
1.24494
1.24291
1.24113
1.23965
1.23847
1.23763
1.23714
1.23698
1.23702
1.23713
1.23739
1.23793
1.23876
1.23979
1.24094
1.24219
1.24351
1.24487
1.24624
1.2476
1.24893
1.25021
1.25141
1.25251
1.25351
1.25437
1.2551
1.25567
1.25608
1.25631
1.25636
1.25633
1.25625
1.25606
1.25574
1.2552
1.2546
1.25381
1.25307
1.25187
1.25349
0.692057
0.705007
0.719777
0.736056
0.753244
0.77093
0.788945
0.807185
0.825615
0.844177
0.862845
0.88156
0.900296
0.918993
0.93763
0.956148
0.974527
0.992707
1.01067
1.02833
1.04567
1.06262
1.07916
1.09522
1.11079
1.12581
1.14026
1.15407
1.16725
1.1797
1.19144
1.20238
1.21254
1.22185
1.23031
1.23787
1.24457
1.25036
1.25529
1.25934
1.2626
1.26504
1.26676
1.26771
1.268
1.26791
1.26769
1.26718
1.26617
1.26461
1.26269
1.26049
1.25806
1.25544
1.2527
1.24991
1.24712
1.24441
1.24185
1.2395
1.23741
1.23562
1.23415
1.23302
1.23224
1.23184
1.23175
1.23181
1.23197
1.23232
1.23296
1.2339
1.235
1.23624
1.23757
1.23897
1.24041
1.24187
1.24331
1.24473
1.24609
1.24738
1.24857
1.24965
1.2506
1.25141
1.25205
1.25252
1.2528
1.25289
1.25285
1.25278
1.2526
1.25227
1.25171
1.25108
1.25022
1.24944
1.24817
1.24974
0.674517
0.688185
0.703656
0.720562
0.738289
0.756446
0.774867
0.793463
0.812204
0.831041
0.84995
0.868881
0.887809
0.906685
0.925481
0.944153
0.962674
0.981001
0.999115
1.01696
1.0345
1.05168
1.06847
1.08483
1.10074
1.11613
1.131
1.14528
1.15895
1.17194
1.18425
1.1958
1.20658
1.21652
1.22562
1.23381
1.24112
1.24748
1.25292
1.25742
1.26103
1.26372
1.26557
1.26648
1.26667
1.26652
1.26615
1.26535
1.26391
1.26189
1.2595
1.25684
1.25395
1.25092
1.24782
1.24471
1.24166
1.23877
1.23607
1.23364
1.23151
1.22971
1.22827
1.22719
1.22647
1.22616
1.22613
1.22622
1.22642
1.22685
1.2276
1.22864
1.22984
1.23117
1.23258
1.23408
1.23561
1.23717
1.23871
1.24024
1.2417
1.2431
1.24439
1.24558
1.24662
1.24752
1.24824
1.24879
1.24913
1.24926
1.24923
1.24917
1.249
1.24868
1.2481
1.24743
1.24652
1.24569
1.24435
1.24588
0.658572
0.672149
0.687563
0.704467
0.722242
0.740497
0.759041
0.777782
0.796665
0.81565
0.834702
0.853782
0.872856
0.891883
0.910833
0.929661
0.948342
0.966831
0.985129
1.00325
1.02113
1.03872
1.05598
1.07287
1.08937
1.10541
1.12095
1.13596
1.15038
1.16417
1.17727
1.18964
1.20123
1.21199
1.22188
1.23086
1.23889
1.24594
1.252
1.25704
1.26108
1.2641
1.26612
1.26706
1.26719
1.267
1.26649
1.26541
1.26359
1.26112
1.25828
1.25515
1.25184
1.24841
1.24496
1.24155
1.23828
1.2352
1.2324
1.22989
1.22773
1.22593
1.22452
1.22348
1.22284
1.2226
1.22262
1.22272
1.22297
1.2235
1.22436
1.22549
1.22678
1.2282
1.22971
1.23131
1.23295
1.23461
1.23627
1.23791
1.23949
1.24099
1.2424
1.24369
1.24483
1.24583
1.24664
1.24726
1.24767
1.24783
1.24783
1.24777
1.24761
1.2473
1.24671
1.246
1.24504
1.24416
1.24277
1.24426
0.687146
0.697642
0.710078
0.724226
0.739574
0.755662
0.772311
0.789365
0.806799
0.824512
0.842499
0.860659
0.87899
0.897391
0.915866
0.934317
0.952759
0.971108
0.989352
1.00744
1.02539
1.04311
1.06059
1.07773
1.09453
1.11089
1.12682
1.14221
1.15705
1.17125
1.1848
1.19761
1.20966
1.22085
1.2312
1.24059
1.24904
1.25646
1.26287
1.26821
1.27249
1.27567
1.27778
1.27865
1.2787
1.27846
1.2778
1.27643
1.27418
1.27127
1.26793
1.26432
1.26053
1.25667
1.25283
1.2491
1.24556
1.24228
1.23932
1.23672
1.2345
1.23268
1.23126
1.23026
1.22965
1.22946
1.2295
1.22962
1.22993
1.23054
1.23149
1.23266
1.234
1.23547
1.23705
1.2387
1.24041
1.24213
1.24386
1.24555
1.2472
1.24877
1.25024
1.25159
1.2528
1.25385
1.25472
1.25538
1.25584
1.25602
1.25603
1.25598
1.25582
1.2555
1.25489
1.25415
1.25313
1.2522
1.25075
1.25218
0.720502
0.730138
0.741502
0.754499
0.76865
0.783567
0.799058
0.815008
0.831383
0.848124
0.865202
0.882558
0.900153
0.917926
0.935838
0.95383
0.971864
0.989876
1.00784
1.02567
1.04336
1.06083
1.07805
1.09496
1.11153
1.12768
1.1434
1.1586
1.17328
1.18734
1.20077
1.21349
1.22548
1.23664
1.24698
1.25639
1.26489
1.27236
1.27885
1.28424
1.28858
1.29177
1.29388
1.29464
1.29459
1.29428
1.29351
1.29188
1.28926
1.28597
1.28221
1.27819
1.27399
1.26977
1.26561
1.26163
1.25788
1.25447
1.2514
1.24875
1.2465
1.24469
1.24329
1.24232
1.24176
1.24161
1.24165
1.24181
1.24216
1.24282
1.2438
1.24499
1.24634
1.24783
1.24942
1.25108
1.25279
1.25452
1.25625
1.25795
1.25961
1.26119
1.26267
1.26404
1.26527
1.26633
1.26722
1.26791
1.26838
1.26858
1.26859
1.26853
1.26837
1.26804
1.26742
1.26666
1.26561
1.26464
1.26313
1.2645
0.737013
0.747187
0.758998
0.77235
0.786712
0.801753
0.817248
0.833156
0.849402
0.865998
0.882868
0.90002
0.917366
0.934914
0.952568
0.970339
0.988128
1.00595
1.02368
1.0413
1.0587
1.07589
1.09279
1.1094
1.12562
1.14147
1.15684
1.17176
1.18612
1.19994
1.2131
1.22562
1.2374
1.24844
1.25863
1.26799
1.2764
1.28388
1.29032
1.29574
1.30005
1.30327
1.30531
1.30603
1.30589
1.30552
1.30465
1.30286
1.30002
1.29647
1.29246
1.28818
1.28374
1.2793
1.27497
1.27086
1.26704
1.26357
1.2605
1.25786
1.25565
1.25387
1.25252
1.2516
1.25111
1.251
1.25106
1.25123
1.25161
1.25231
1.25331
1.2545
1.25586
1.25734
1.25892
1.26057
1.26227
1.26399
1.26571
1.2674
1.26905
1.27062
1.2721
1.27347
1.27469
1.27576
1.27665
1.27735
1.27782
1.27803
1.27804
1.27798
1.27782
1.2775
1.27688
1.2761
1.27504
1.27406
1.27252
1.27387
0.691877
0.704649
0.719031
0.734805
0.751369
0.768408
0.785706
0.803245
0.820946
0.83884
0.856853
0.87501
0.893225
0.91152
0.929805
0.948102
0.966316
0.984473
1.00247
1.02037
1.03805
1.05554
1.07271
1.08961
1.10612
1.12228
1.13795
1.1532
1.16787
1.18202
1.19551
1.20838
1.22048
1.23187
1.24239
1.25209
1.2608
1.2686
1.27531
1.281
1.28551
1.28891
1.29103
1.29181
1.29166
1.29127
1.29037
1.2885
1.28555
1.28185
1.27769
1.27325
1.2687
1.26416
1.25977
1.25563
1.25181
1.24837
1.24535
1.24276
1.24062
1.23891
1.23763
1.23677
1.23635
1.23626
1.23634
1.23654
1.23695
1.23769
1.23874
1.23998
1.24137
1.24289
1.2445
1.24619
1.24793
1.2497
1.25146
1.2532
1.2549
1.25652
1.25805
1.25946
1.26073
1.26184
1.26277
1.26349
1.264
1.26423
1.26425
1.26419
1.26404
1.26372
1.26311
1.26234
1.26127
1.2603
1.25876
1.26014
0.654689
0.66751
0.682118
0.698216
0.715181
0.732658
0.75045
0.768501
0.786752
0.80519
0.823761
0.842451
0.861202
0.88
0.898785
0.917543
0.936217
0.954795
0.973221
0.991482
1.00954
1.02739
1.04497
1.06226
1.07919
1.09575
1.11187
1.12752
1.14263
1.15718
1.1711
1.18437
1.19689
1.20865
1.21956
1.2296
1.23868
1.24677
1.25378
1.2597
1.26444
1.26798
1.27023
1.27104
1.27091
1.27051
1.26957
1.26761
1.26451
1.26063
1.25629
1.25167
1.24694
1.24226
1.23775
1.23351
1.22963
1.22614
1.22309
1.2205
1.21835
1.21665
1.21539
1.21455
1.21416
1.2141
1.21418
1.21439
1.21483
1.21561
1.2167
1.21798
1.21942
1.22098
1.22264
1.22438
1.22617
1.22799
1.22981
1.23161
1.23336
1.23503
1.23661
1.23807
1.23939
1.24054
1.24151
1.24227
1.2428
1.24306
1.24309
1.24304
1.24288
1.24257
1.24195
1.24116
1.24009
1.2391
1.23757
1.23897
0.653334
0.665237
0.678948
0.694202
0.710405
0.727194
0.744381
0.761902
0.779701
0.797753
0.816008
0.83444
0.852994
0.871644
0.890336
0.909044
0.927713
0.94632
0.964812
0.983168
1.00133
1.01929
1.03698
1.05437
1.07141
1.08808
1.1043
1.12006
1.13528
1.14995
1.16398
1.17735
1.18999
1.20185
1.21287
1.22302
1.2322
1.24038
1.24749
1.25349
1.2583
1.26189
1.26417
1.26499
1.26487
1.26446
1.26348
1.26146
1.25824
1.25421
1.24969
1.24491
1.24002
1.23519
1.23053
1.22617
1.22218
1.21861
1.21549
1.21283
1.21064
1.20891
1.20763
1.20678
1.20638
1.20632
1.2064
1.20661
1.20706
1.20786
1.20896
1.21026
1.21171
1.21328
1.21496
1.21671
1.21852
1.22035
1.22219
1.22401
1.22577
1.22747
1.22906
1.23054
1.23187
1.23304
1.23402
1.23479
1.23533
1.2356
1.23563
1.23558
1.23543
1.23511
1.23448
1.23368
1.23258
1.23158
1.23002
1.23141
)
;

boundaryField
{
    inlet
    {
        type            calculated;
        value           uniform 3.00001;
    }
    outlet
    {
        type            calculated;
        value           nonuniform List<scalar> 
40
(
0.653361
0.836735
0.994603
1.1059
1.17936
1.22756
1.2558
1.27255
1.28264
1.2878
1.28921
1.28833
1.28436
1.27998
1.27743
1.27599
1.27559
1.2761
1.2776
1.2787
1.27873
1.27805
1.27691
1.27438
1.27016
1.26629
1.26295
1.25918
1.25636
1.2548
1.25349
1.24974
1.24588
1.24426
1.25218
1.2645
1.27387
1.26014
1.23897
1.23141
)
;
    }
    bottom
    {
        type            symmetryPlane;
    }
    top
    {
        type            symmetryPlane;
    }
    obstacle
    {
        type            calculated;
        value           uniform 0;
    }
    defaultFaces
    {
        type            empty;
    }
}


// ************************************************************************* //
