/*--------------------------------*- C++ -*----------------------------------*\
| =========                 |                                                 |
| \\      /  F ield         | OpenFOAM: The Open Source CFD Toolbox           |
|  \\    /   O peration     | Version:  2412                                  |
|   \\  /    A nd           | Website:  www.openfoam.com                      |
|    \\/     M anipulation  |                                                 |
\*---------------------------------------------------------------------------*/
FoamFile
{
    version     2.0;
    format      ascii;
    arch        "LSB;label=32;scalar=64";
    class       volScalarField;
    location    "27";
    object      T;
}
// * * * * * * * * * * * * * * * * * * * * * * * * * * * * * * * * * * * * * //

dimensions      [0 0 0 1 0 0 0];

internalField   nonuniform List<scalar> 
7000
(
1.31911
2.65687
2.7198
2.66983
2.66466
2.64799
2.64457
2.64731
2.64936
2.65156
2.65282
2.65382
2.65496
2.65631
2.65781
2.65944
2.66117
2.66302
2.66499
2.66709
2.66931
2.67166
2.67412
2.67672
2.67942
2.68226
2.68521
2.68827
2.69144
2.69471
2.69807
2.70153
2.70504
2.70863
2.71224
2.7159
2.71954
2.72317
2.72673
2.73022
2.73357
2.73678
2.73977
2.74254
2.74498
2.74715
2.74889
2.75029
2.75124
2.75178
1.31918
2.65708
2.72005
2.66993
2.66479
2.64811
2.6447
2.64743
2.64948
2.65168
2.65293
2.65393
2.65507
2.65642
2.65792
2.65954
2.66127
2.66312
2.66509
2.66719
2.6694
2.67175
2.67421
2.6768
2.6795
2.68234
2.68528
2.68834
2.6915
2.69477
2.69812
2.70157
2.70508
2.70866
2.71226
2.71591
2.71954
2.72316
2.72671
2.73019
2.73352
2.73672
2.73969
2.74244
2.74488
2.74699
2.74875
2.75005
2.75098
2.75133
1.31916
2.657
2.71994
2.66991
2.66475
2.64806
2.64463
2.64739
2.64939
2.65162
2.65283
2.65388
2.65496
2.65636
2.6578
2.65947
2.66115
2.66305
2.66496
2.6671
2.66926
2.67165
2.67406
2.67669
2.67934
2.68221
2.6851
2.6882
2.6913
2.69461
2.69791
2.70139
2.70486
2.70846
2.71204
2.7157
2.71932
2.72294
2.7265
2.72997
2.73333
2.73649
2.7395
2.74218
2.74466
2.74675
2.7485
2.74985
2.75067
2.75109
1.31913
2.65682
2.71976
2.66991
2.6647
2.64795
2.64454
2.64724
2.64932
2.65146
2.65274
2.6537
2.65487
2.65617
2.6577
2.65927
2.66104
2.66282
2.66484
2.66686
2.66913
2.67138
2.67391
2.6764
2.67918
2.68189
2.68492
2.68784
2.69111
2.69422
2.69769
2.70096
2.70461
2.708
2.71174
2.7152
2.71897
2.72242
2.72608
2.72945
2.73285
2.73604
2.73898
2.74183
2.74411
2.74634
2.74801
2.74926
2.75028
2.75046
1.3191
2.6566
2.71953
2.66993
2.66466
2.64781
2.64442
2.64703
2.64925
2.65123
2.65265
2.65345
2.65476
2.6559
2.65756
2.65899
2.66087
2.66252
2.66464
2.66654
2.66889
2.67105
2.67363
2.67605
2.67885
2.68153
2.68453
2.68747
2.69065
2.69385
2.69717
2.70059
2.70401
2.70763
2.71107
2.71483
2.71821
2.72202
2.72524
2.72896
2.73197
2.73538
2.73821
2.741
2.74361
2.74541
2.74739
2.74865
2.74931
2.74988
1.31905
2.65631
2.71924
2.66997
2.6646
2.64769
2.64423
2.64703
2.64889
2.65121
2.65226
2.65341
2.65434
2.65585
2.65712
2.65892
2.66039
2.66243
2.66412
2.66642
2.66832
2.67089
2.67301
2.67584
2.67817
2.68126
2.6838
2.68712
2.68987
2.69339
2.69636
2.70002
2.70319
2.70692
2.71027
2.71398
2.71748
2.72104
2.72463
2.72787
2.73143
2.73413
2.73747
2.73981
2.7425
2.74474
2.74609
2.74768
2.74861
2.74858
1.319
2.65595
2.71887
2.67003
2.66454
2.64749
2.64403
2.64677
2.64872
2.65091
2.65207
2.65308
2.65413
2.65548
2.6569
2.6585
2.66016
2.66197
2.66388
2.6659
2.66808
2.67031
2.67276
2.67518
2.67791
2.6805
2.68352
2.68626
2.68954
2.69241
2.69594
2.69891
2.70263
2.7057
2.70954
2.71272
2.71654
2.71979
2.72345
2.72673
2.73005
2.73335
2.73592
2.73892
2.7409
2.74328
2.74517
2.74615
2.74686
2.7476
1.31894
2.65551
2.71844
2.67009
2.66446
2.64724
2.64378
2.64646
2.64847
2.65057
2.65178
2.6527
2.6538
2.65507
2.65652
2.65806
2.65973
2.66149
2.66339
2.66538
2.66752
2.66975
2.67211
2.6746
2.67717
2.6799
2.68266
2.68565
2.68857
2.69181
2.69483
2.69831
2.70138
2.70505
2.7081
2.71191
2.71495
2.71874
2.72178
2.72535
2.72842
2.73154
2.73472
2.73702
2.73974
2.74144
2.74309
2.74487
2.74571
2.74546
1.31887
2.655
2.71791
2.67018
2.66438
2.64697
2.64347
2.64617
2.64809
2.65024
2.65136
2.65233
2.65334
2.65465
2.65602
2.65759
2.65918
2.66097
2.66278
2.6648
2.66685
2.66909
2.67138
2.67383
2.67636
2.67902
2.68178
2.68463
2.68761
2.69062
2.69381
2.69693
2.70034
2.70349
2.70711
2.71016
2.71393
2.71681
2.7206
2.72329
2.72688
2.7295
2.73248
2.7354
2.73717
2.73986
2.74127
2.7422
2.74291
2.74392
1.31879
2.65439
2.71731
2.67028
2.66427
2.64662
2.64312
2.64571
2.64777
2.64972
2.65098
2.65177
2.65291
2.65404
2.65554
2.65693
2.65863
2.66025
2.66217
2.66401
2.66616
2.66822
2.67059
2.67288
2.67546
2.67797
2.68075
2.68347
2.68643
2.68934
2.69246
2.69553
2.69877
2.70198
2.70526
2.7086
2.7118
2.71525
2.71822
2.72171
2.72428
2.72771
2.72985
2.73284
2.73527
2.73651
2.73876
2.74031
2.7411
2.74058
1.31869
2.65369
2.7166
2.6704
2.66415
2.64626
2.64267
2.64537
2.64719
2.64932
2.65034
2.65131
2.65222
2.65353
2.65478
2.65634
2.65781
2.65958
2.66127
2.66326
2.66518
2.66738
2.66952
2.67192
2.67428
2.67688
2.67945
2.68222
2.68499
2.68791
2.69086
2.6939
2.69699
2.70011
2.70331
2.70645
2.7097
2.71277
2.71601
2.7189
2.72203
2.72456
2.72748
2.72943
2.73208
2.73436
2.73508
2.73612
2.7368
2.73819
1.31859
2.65288
2.71579
2.67053
2.66401
2.64579
2.6422
2.64473
2.64675
2.64861
2.64984
2.65054
2.65166
2.65268
2.65415
2.65542
2.65711
2.65858
2.66048
2.66216
2.66428
2.66617
2.6685
2.67059
2.67312
2.6754
2.67813
2.68059
2.68348
2.68611
2.68913
2.6919
2.69501
2.69791
2.70104
2.70404
2.70709
2.71017
2.71301
2.71614
2.71863
2.72169
2.72378
2.72636
2.72792
2.72982
2.73212
2.73329
2.73396
2.73305
1.31847
2.65197
2.71488
2.67068
2.66384
2.6453
2.64162
2.64421
2.64603
2.64802
2.64904
2.64987
2.65078
2.65195
2.65319
2.65461
2.65605
2.65768
2.65931
2.66116
2.66299
2.66504
2.66707
2.66933
2.67153
2.67398
2.67635
2.67898
2.68149
2.68427
2.68691
2.68982
2.69253
2.69554
2.69827
2.70133
2.70402
2.70705
2.70966
2.71248
2.71508
2.71737
2.72009
2.72174
2.72417
2.7254
2.726
2.72688
2.7274
2.72926
1.31834
2.65096
2.71381
2.67104
2.66347
2.64474
2.64097
2.64351
2.64533
2.64721
2.64825
2.64898
2.64991
2.65096
2.65224
2.65352
2.65501
2.65647
2.65817
2.65982
2.66173
2.66356
2.66567
2.66766
2.66997
2.67212
2.67459
2.67689
2.6795
2.68194
2.68464
2.6872
2.68994
2.6926
2.69532
2.69802
2.70068
2.70333
2.70591
2.70833
2.71077
2.71288
2.71479
2.71683
2.71786
2.72001
2.72157
2.72239
2.72272
2.72109
1.3182
2.64989
2.71253
2.67175
2.66277
2.64411
2.64023
2.64267
2.64453
2.64626
2.64735
2.64795
2.64891
2.64984
2.65113
2.6523
2.65378
2.65515
2.6568
2.65838
2.66019
2.66198
2.66394
2.66594
2.66801
2.67022
2.67237
2.67478
2.67698
2.67956
2.68178
2.6845
2.68672
2.68949
2.69171
2.6944
2.69663
2.6991
2.70133
2.7035
2.70558
2.70752
2.70926
2.71058
2.71193
2.71185
2.71225
2.7124
2.71296
2.71469
1.31805
2.64868
2.71118
2.67234
2.66211
2.64341
2.63937
2.64186
2.64348
2.64533
2.6462
2.64692
2.64765
2.64871
2.64975
2.65107
2.65226
2.65379
2.65514
2.65687
2.65837
2.66029
2.66193
2.66403
2.66579
2.66805
2.66993
2.67228
2.6743
2.67669
2.67883
2.68118
2.68346
2.68566
2.68805
2.69004
2.69241
2.69418
2.6963
2.69788
2.6995
2.7008
2.70203
2.70304
2.70357
2.70492
2.70455
2.70452
2.7032
2.70084
1.31788
2.64734
2.70972
2.6729
2.66143
2.64261
2.63841
2.64095
2.64233
2.64427
2.64494
2.64573
2.64629
2.64741
2.64826
2.64962
2.65066
2.65217
2.6534
2.65506
2.65648
2.65826
2.65986
2.66173
2.66351
2.66543
2.66738
2.66933
2.67141
2.67334
2.67552
2.67742
2.67959
2.68147
2.68349
2.68536
2.68707
2.68893
2.69021
2.6918
2.69275
2.69354
2.69384
2.69393
2.69328
2.69146
2.69077
2.68861
2.68795
2.68784
1.3177
2.64589
2.70817
2.67347
2.66069
2.64169
2.63736
2.63973
2.6412
2.64288
2.64369
2.64423
2.64493
2.64576
2.6468
2.64782
2.64906
2.65022
2.65163
2.65293
2.65451
2.65592
2.65765
2.65917
2.66101
2.66262
2.66453
2.66623
2.66813
2.66991
2.67174
2.67356
2.67524
2.67703
2.67848
2.6801
2.6813
2.68246
2.68352
2.68389
2.68469
2.68461
2.68424
2.68327
2.68206
2.68042
2.67613
2.67255
2.66672
2.6607
1.31751
2.64434
2.70652
2.67405
2.65988
2.64068
2.63616
2.63841
2.63987
2.64138
2.64222
2.64262
2.64332
2.64403
2.64502
2.64596
2.6471
2.64821
2.64946
2.65073
2.65208
2.65351
2.65493
2.65649
2.65794
2.65962
2.66108
2.66283
2.66427
2.66603
2.66742
2.6691
2.67044
2.67189
2.67314
2.67417
2.67526
2.67562
2.67625
2.67609
2.67523
2.67447
2.67204
2.66993
2.66528
2.65993
2.65477
2.64502
2.63539
2.62274
1.3173
2.64275
2.70484
2.67462
2.65895
2.63956
2.63477
2.63709
2.6382
2.63987
2.64044
2.64101
2.64144
2.64231
2.643
2.64411
2.64494
2.64618
2.64714
2.64849
2.64957
2.651
2.65217
2.65365
2.6549
2.65637
2.65768
2.65908
2.66041
2.66167
2.66299
2.66401
2.66524
2.66595
2.66695
2.66725
2.66791
2.66779
2.66744
2.66658
2.6655
2.66283
2.66061
2.65531
2.65066
2.64069
2.62786
2.61095
2.58208
2.51104
1.31729
2.64181
2.70049
2.67514
2.65755
2.63782
2.63271
2.63481
2.63594
2.63733
2.63804
2.63831
2.63887
2.63939
2.64025
2.64096
2.64198
2.64279
2.64393
2.64482
2.64606
2.64701
2.64832
2.64928
2.65063
2.65158
2.6529
2.65379
2.65501
2.65579
2.65681
2.65741
2.65806
2.65836
2.65857
2.65825
2.65766
2.65676
2.65487
2.65282
2.64871
2.64512
2.63749
2.63141
2.61844
2.60621
2.58348
2.54736
2.48961
2.36405
1.31727
2.64083
2.69577
2.67532
2.65564
2.63545
2.62984
2.63191
2.63279
2.63422
2.63483
2.63513
2.63552
2.63606
2.63671
2.63743
2.63819
2.63901
2.63983
2.64072
2.64158
2.64253
2.64338
2.64435
2.64515
2.64609
2.64678
2.64764
2.64815
2.64886
2.6491
2.6496
2.64956
2.64938
2.6489
2.64832
2.6468
2.64552
2.64241
2.63998
2.63489
2.62896
2.62129
2.60788
2.59493
2.56853
2.5418
2.49173
2.41723
2.31801
1.31724
2.64017
2.6933
2.67516
2.65406
2.63316
2.62692
2.62876
2.62953
2.63096
2.63154
2.63178
2.63207
2.63251
2.63307
2.63369
2.63435
2.63505
2.63575
2.6365
2.63723
2.638
2.63871
2.63945
2.64009
2.64073
2.64124
2.64167
2.64193
2.64209
2.64192
2.64153
2.64099
2.6398
2.63856
2.63622
2.63413
2.63021
2.6271
2.6208
2.61617
2.60616
2.59868
2.58345
2.56681
2.54293
2.50653
2.46404
2.39208
2.31853
1.31712
2.63902
2.69249
2.67397
2.65212
2.63036
2.62366
2.62561
2.62645
2.62796
2.62848
2.62855
2.62865
2.62892
2.62917
2.62962
2.62993
2.63041
2.63076
2.63128
2.63166
2.63219
2.63258
2.6331
2.63348
2.63394
2.63425
2.63465
2.63476
2.63483
2.63472
2.63438
2.63378
2.6325
2.63123
2.62844
2.6261
2.62119
2.61682
2.60953
2.60135
2.59132
2.57735
2.56329
2.54112
2.51832
2.48442
2.44402
2.39092
2.32901
1.31689
2.64023
2.70398
2.6706
2.6521
2.62872
2.62152
2.62425
2.62521
2.62705
2.62753
2.62748
2.62744
2.62748
2.62756
2.62766
2.62773
2.62776
2.62774
2.6277
2.62763
2.62745
2.6273
2.62696
2.62668
2.62621
2.62584
2.62503
2.62455
2.62346
2.62281
2.62134
2.62047
2.61845
2.61715
2.61432
2.6118
2.60796
2.6028
2.59717
2.58814
2.57881
2.56471
2.54882
2.52839
2.50259
2.47341
2.43472
2.39202
2.34483
1.30178
2.58662
2.69854
2.67706
2.65967
2.63615
2.62926
2.63216
2.63322
2.63474
2.63461
2.63417
2.6335
2.63296
2.63237
2.63184
2.6312
2.63065
2.62999
2.62944
2.62876
2.62824
2.6275
2.62701
2.62613
2.62559
2.62435
2.62343
2.62158
2.62026
2.6176
2.61579
2.61228
2.61002
2.60555
2.60277
2.59709
2.59355
2.58643
2.58093
2.57197
2.56268
2.55066
2.53538
2.51801
2.49464
2.46888
2.43591
2.3983
2.35813
1.72048
2.46902
2.72876
2.70695
2.68437
2.67406
2.6746
2.67615
2.67754
2.67782
2.67663
2.67517
2.67354
2.67176
2.66979
2.66759
2.66518
2.66256
2.65974
2.65677
2.65356
2.65031
2.64676
2.6433
2.63931
2.63539
2.63096
2.62786
2.62401
2.62146
2.61779
2.6151
2.6108
2.60715
2.60193
2.5969
2.59074
2.58379
2.57683
2.56746
2.55926
2.54694
2.5364
2.52035
2.50557
2.48453
2.46328
2.4357
2.40599
2.37322
1.73238
2.46211
2.72326
2.7022
2.67743
2.66845
2.67234
2.67404
2.67673
2.67756
2.67775
2.67761
2.67735
2.67705
2.67637
2.67576
2.67444
2.67348
2.67145
2.67013
2.6674
2.66568
2.66227
2.65998
2.65605
2.65343
2.64902
2.64488
2.63924
2.63383
2.62723
2.62107
2.61487
2.60888
2.60317
2.59615
2.59013
2.58138
2.57387
2.56306
2.55341
2.54032
2.52777
2.51213
2.4958
2.47697
2.45611
2.43322
2.4078
2.38173
1.72913
2.46766
2.72524
2.7025
2.67386
2.66439
2.66922
2.67166
2.67483
2.67594
2.67629
2.67643
2.67659
2.67657
2.67648
2.67622
2.67563
2.67523
2.67431
2.67359
2.67202
2.67095
2.66871
2.66702
2.66414
2.66151
2.65808
2.65445
2.65031
2.64539
2.64067
2.63415
2.62808
2.61909
2.61182
2.60172
2.59375
2.58349
2.5749
2.56369
2.55334
2.54052
2.52748
2.51228
2.49618
2.4779
2.45812
2.43634
2.41283
2.38989
1.73183
2.46095
2.7207
2.69701
2.67079
2.66114
2.6657
2.66795
2.67112
2.67238
2.67278
2.67306
2.67339
2.6737
2.67396
2.674
2.67391
2.67366
2.67323
2.67253
2.67185
2.67055
2.66957
2.66756
2.66624
2.66354
2.66174
2.65804
2.65565
2.65073
2.64763
2.64139
2.6371
2.62958
2.62344
2.61426
2.6057
2.59434
2.58351
2.57072
2.55815
2.54442
2.5305
2.51521
2.49911
2.48151
2.46335
2.4433
2.42226
2.40156
1.741
2.44279
2.70918
2.68466
2.66706
2.65769
2.66064
2.66235
2.66544
2.66649
2.66715
2.66723
2.66746
2.66758
2.66771
2.66771
2.66766
2.66748
2.6673
2.66683
2.66649
2.66569
2.66511
2.66385
2.66291
2.66086
2.65948
2.6565
2.65456
2.65055
2.64764
2.6427
2.6386
2.63263
2.62695
2.61965
2.61223
2.60319
2.59351
2.58228
2.57014
2.55619
2.54156
2.52548
2.50915
2.49141
2.47318
2.45389
2.43387
2.41437
1.73595
2.43636
2.70583
2.67713
2.66927
2.65603
2.65615
2.65815
2.66116
2.66226
2.66333
2.66344
2.66371
2.6639
2.66407
2.66414
2.66412
2.66402
2.66386
2.66351
2.66321
2.66254
2.66203
2.66092
2.66013
2.65841
2.65724
2.65474
2.65298
2.64969
2.64697
2.64278
2.63878
2.63365
2.62847
2.62208
2.61544
2.60754
2.59925
2.58964
2.57941
2.56768
2.55514
2.54099
2.52591
2.50944
2.4922
2.47385
2.45474
2.43611
1.35699
2.46746
2.67924
2.66854
2.64653
2.62388
2.61685
2.62089
2.62286
2.62574
2.62716
2.6282
2.629
2.63001
2.63072
2.63182
2.63248
2.63345
2.63396
2.63479
2.63511
2.63585
2.63597
2.63616
2.63617
2.63606
2.63583
2.63525
2.63467
2.63347
2.6323
2.6304
2.6284
2.62542
2.62218
2.61759
2.61256
2.60617
2.59926
2.59099
2.5823
2.5722
2.56157
2.54971
2.53698
2.52308
2.50825
2.49238
2.47559
2.45912
1.36041
2.47703
2.68636
2.67711
2.65249
2.62352
2.61389
2.61472
2.6167
2.61866
2.61948
2.61957
2.61977
2.6198
2.62006
2.6204
2.62077
2.62109
2.62143
2.62166
2.62194
2.62202
2.62219
2.62211
2.62194
2.62156
2.62117
2.6203
2.6196
2.61812
2.61698
2.61477
2.61286
2.6099
2.60708
2.60355
2.59989
2.59543
2.59049
2.58482
2.57811
2.57053
2.56153
2.55161
2.54077
2.52911
2.51674
2.50352
2.48943
2.47562
1.34961
2.4127
2.66943
2.66958
2.65016
2.62377
2.61401
2.61406
2.61477
2.61532
2.61499
2.61412
2.61337
2.61234
2.61167
2.61098
2.61048
2.60983
2.60934
2.6087
2.60823
2.60759
2.60709
2.60642
2.60586
2.60508
2.60437
2.60353
2.60264
2.60156
2.60019
2.59864
2.59662
2.59446
2.59166
2.58871
2.58503
2.58116
2.57651
2.57145
2.56571
2.55963
2.55294
2.54565
2.53758
2.52821
2.51768
2.5066
2.49481
2.48344
1.74167
2.39664
2.67503
2.66132
2.65254
2.63863
2.63347
2.63372
2.63348
2.63319
2.63239
2.63116
2.62975
2.62809
2.62648
2.6249
2.62322
2.6215
2.61964
2.61779
2.61579
2.61382
2.61168
2.60961
2.60733
2.60521
2.60281
2.60072
2.59824
2.59581
2.59325
2.59061
2.58781
2.58476
2.58157
2.57794
2.5742
2.56981
2.56534
2.56004
2.55467
2.54836
2.54199
2.53466
2.52708
2.51908
2.51095
2.50193
2.49221
2.48262
1.34702
2.39566
2.66023
2.66583
2.6495
2.62422
2.61562
2.61427
2.61554
2.61581
2.61553
2.61518
2.61429
2.61338
2.61273
2.61188
2.61115
2.61009
2.60914
2.60781
2.60668
2.60531
2.60415
2.60265
2.60138
2.59951
2.59793
2.59542
2.59341
2.59069
2.58834
2.58525
2.58246
2.57889
2.57567
2.57173
2.56802
2.56362
2.55929
2.5543
2.54915
2.54336
2.53724
2.5306
2.52341
2.51584
2.5077
2.49929
2.49033
2.48172
1.34834
2.40655
2.66741
2.67129
2.65098
2.62225
2.611
2.61081
2.61178
2.61249
2.61236
2.61166
2.61091
2.60991
2.60932
2.60858
2.60798
2.60709
2.60628
2.60515
2.604
2.60234
2.60066
2.5985
2.59633
2.59383
2.59131
2.58851
2.5856
2.5825
2.5792
2.5758
2.57224
2.56868
2.56473
2.56081
2.5564
2.55212
2.54725
2.54255
2.53721
2.53208
2.52621
2.52051
2.51404
2.50765
2.50046
2.49317
2.48535
2.47801
1.34776
2.40221
2.66464
2.66934
2.64838
2.61896
2.60696
2.60681
2.60762
2.60853
2.60825
2.6074
2.60658
2.60547
2.60475
2.604
2.60338
2.60257
2.60181
2.60087
2.59991
2.59876
2.59748
2.596
2.59428
2.59238
2.59017
2.58779
2.58504
2.58216
2.57887
2.57547
2.57164
2.56777
2.56347
2.5591
2.55425
2.5493
2.54395
2.53843
2.53261
2.52659
2.52034
2.51381
2.50715
2.50015
2.49312
2.48563
2.47808
2.4707
1.34492
2.3792
2.64748
2.66156
2.64242
2.61458
2.60277
2.60134
2.60164
2.60188
2.60122
2.60045
2.59911
2.59801
2.59693
2.59606
2.59502
2.5941
2.59294
2.59191
2.59065
2.58952
2.58814
2.5869
2.58539
2.58396
2.58222
2.58051
2.57844
2.57634
2.57388
2.57128
2.56829
2.56505
2.56143
2.5575
2.5533
2.54873
2.54389
2.5386
2.53312
2.52718
2.52106
2.51446
2.50774
2.50058
2.49334
2.48583
2.47821
2.47087
1.75128
2.37314
2.6457
2.64176
2.6283
2.6142
2.60933
2.60957
2.60955
2.60943
2.60886
2.60819
2.60697
2.60583
2.60455
2.60343
2.60206
2.60074
2.59916
2.59761
2.59583
2.59406
2.59207
2.59008
2.5879
2.58569
2.58329
2.58083
2.57821
2.57548
2.57267
2.5697
2.56664
2.56331
2.55988
2.55608
2.55217
2.54783
2.54328
2.53832
2.53311
2.52751
2.52172
2.51558
2.50927
2.50262
2.49575
2.48859
2.48109
2.47395
1.34702
2.38882
2.65262
2.65983
2.63929
2.60895
2.59761
2.59626
2.59788
2.5992
2.59905
2.59854
2.59796
2.59669
2.59602
2.59481
2.59407
2.59259
2.59164
2.58991
2.58838
2.58653
2.58471
2.58258
2.58051
2.57827
2.5762
2.5739
2.57175
2.5693
2.56676
2.56387
2.56091
2.55764
2.55429
2.55066
2.54692
2.54293
2.53884
2.53451
2.52999
2.52518
2.52009
2.51464
2.50889
2.50283
2.4965
2.48997
2.48312
2.47657
1.35072
2.41208
2.65483
2.64886
2.62692
2.59636
2.5856
2.58587
2.58765
2.58958
2.58992
2.58968
2.58921
2.58844
2.58793
2.58741
2.58694
2.58633
2.58566
2.58487
2.58398
2.58296
2.58181
2.5805
2.57901
2.57717
2.57508
2.57269
2.57006
2.56718
2.56418
2.561
2.55767
2.55415
2.55048
2.54663
2.54261
2.53841
2.53403
2.52949
2.52475
2.51986
2.51485
2.50973
2.50438
2.49889
2.49313
2.48717
2.48092
2.47496
1.77118
2.3722
2.63849
2.61755
2.61122
2.59592
2.59319
2.59394
2.59506
2.59633
2.59607
2.59559
2.59524
2.59457
2.594
2.59342
2.59284
2.59216
2.59143
2.59061
2.58973
2.58873
2.58764
2.58641
2.58508
2.58356
2.5819
2.58001
2.57793
2.57553
2.57279
2.56976
2.56642
2.56283
2.55896
2.55486
2.5505
2.54596
2.54118
2.53625
2.53107
2.52571
2.52004
2.51423
2.50824
2.50211
2.4959
2.48959
2.48316
2.47703
1.7977
2.35517
2.62648
2.60588
2.6027
2.59278
2.5894
2.58962
2.58986
2.59042
2.59016
2.58955
2.58891
2.58788
2.58685
2.58573
2.58455
2.58322
2.58182
2.58028
2.5787
2.57699
2.57529
2.57351
2.57175
2.56991
2.56809
2.56617
2.56426
2.5623
2.56041
2.55838
2.55639
2.55419
2.55197
2.54947
2.54688
2.54392
2.5406
2.53692
2.53302
2.52884
2.52444
2.51973
2.51479
2.50955
2.50402
2.49819
2.4921
2.48619
1.76253
2.38165
2.65009
2.6193
2.61351
2.59936
2.5962
2.59831
2.59978
2.60061
2.60035
2.59986
2.59881
2.59761
2.59633
2.59501
2.59358
2.59207
2.59042
2.58873
2.58692
2.58508
2.58299
2.58079
2.57834
2.57582
2.57305
2.57023
2.56717
2.56411
2.56082
2.55756
2.55411
2.5506
2.54689
2.54316
2.53923
2.53532
2.53142
2.52749
2.52342
2.51924
2.51487
2.51045
2.50585
2.50118
2.49631
2.49133
2.4861
2.48117
1.28618
2.49457
2.64473
2.64203
2.61676
2.58405
2.57199
2.57244
2.57507
2.57746
2.57872
2.57894
2.57917
2.57914
2.57908
2.579
2.57885
2.57854
2.57807
2.57742
2.57659
2.57555
2.5744
2.57305
2.57158
2.56988
2.56815
2.56601
2.56377
2.56138
2.55876
2.55598
2.55288
2.54969
2.54618
2.54261
2.53875
2.53484
2.53066
2.52645
2.522
2.51754
2.51305
2.50832
2.50346
2.49838
2.4932
2.4878
2.48229
2.47703
1.7718
2.36722
2.63953
2.61694
2.61065
2.59524
2.5903
2.59121
2.59163
2.59322
2.59284
2.59227
2.59181
2.59102
2.59027
2.58942
2.58865
2.58767
2.58674
2.58559
2.58448
2.58314
2.58183
2.58027
2.57873
2.57692
2.57513
2.57302
2.57071
2.5681
2.56531
2.56223
2.55914
2.55583
2.5525
2.54889
2.54526
2.5413
2.53734
2.53301
2.52869
2.52399
2.51913
2.51406
2.5089
2.50355
2.49811
2.49249
2.48676
2.48129
1.7732
2.36542
2.63744
2.61502
2.60878
2.59349
2.58853
2.58964
2.5907
2.59179
2.59233
2.59183
2.59139
2.59059
2.58974
2.58881
2.58782
2.58668
2.58544
2.58405
2.58258
2.58098
2.57929
2.5775
2.57561
2.57364
2.57156
2.56944
2.56738
2.56522
2.56304
2.56072
2.55821
2.5555
2.5526
2.54955
2.54632
2.54295
2.53939
2.53569
2.53179
2.52776
2.52351
2.51914
2.51455
2.50984
2.50492
2.49989
2.49463
2.48954
1.28559
2.49096
2.64204
2.63935
2.61361
2.57897
2.56604
2.56554
2.56807
2.57013
2.57108
2.57102
2.57088
2.5705
2.57019
2.56972
2.56943
2.5688
2.56836
2.56747
2.56682
2.56566
2.56478
2.56335
2.56223
2.5606
2.55897
2.5572
2.5553
2.55329
2.55116
2.54895
2.54663
2.54421
2.54168
2.53902
2.53621
2.53326
2.53016
2.52689
2.52347
2.51987
2.51613
2.51221
2.50815
2.50391
2.49955
2.49499
2.49032
2.48578
1.76673
2.37287
2.64062
2.60988
2.60346
2.5875
2.58444
2.58661
2.58751
2.58963
2.58939
2.58884
2.58838
2.58754
2.58676
2.58587
2.585
2.58396
2.5829
2.58168
2.58043
2.57903
2.57758
2.576
2.57433
2.57257
2.57067
2.56868
2.56655
2.56432
2.56193
2.55932
2.55657
2.5536
2.55051
2.54721
2.54381
2.54021
2.53652
2.53272
2.52883
2.5248
2.52066
2.51638
2.51198
2.50745
2.50279
2.49801
2.49307
2.48835
1.79461
2.35598
2.62404
2.59594
2.59191
2.58021
2.57694
2.57813
2.57844
2.57916
2.57898
2.57857
2.57811
2.57737
2.57665
2.5759
2.57509
2.57419
2.5732
2.57212
2.57095
2.56968
2.56832
2.56687
2.56533
2.5637
2.56197
2.56015
2.55825
2.55624
2.55416
2.5521
2.54992
2.54776
2.54545
2.54312
2.54061
2.53802
2.5352
2.53224
2.52904
2.52574
2.52225
2.51866
2.51486
2.51098
2.50688
2.5027
2.49829
2.49411
1.79922
2.35075
2.61901
2.59275
2.5891
2.57785
2.57404
2.57472
2.57489
2.57529
2.57515
2.57473
2.57424
2.57348
2.5727
2.57192
2.57106
2.57013
2.56908
2.56796
2.56672
2.56541
2.56396
2.56244
2.56078
2.55904
2.55716
2.55519
2.55309
2.55089
2.54856
2.54614
2.54358
2.54094
2.53816
2.5353
2.53232
2.52931
2.5262
2.52304
2.51978
2.51643
2.51294
2.50937
2.50565
2.50185
2.4979
2.49385
2.48964
2.48564
1.77977
2.35597
2.61658
2.60301
2.59365
2.5772
2.57217
2.57266
2.57326
2.57389
2.57387
2.5734
2.57287
2.57204
2.57123
2.57045
2.5696
2.56869
2.56767
2.56658
2.56538
2.5641
2.56272
2.56124
2.55965
2.55797
2.55617
2.55427
2.55224
2.55011
2.54785
2.54549
2.54298
2.54037
2.53761
2.53475
2.53174
2.52862
2.52537
2.522
2.5185
2.5149
2.51117
2.50732
2.50336
2.49928
2.49508
2.49077
2.48632
2.48208
1.34477
2.37987
2.63801
2.63738
2.61519
2.58174
2.56753
2.56515
2.56646
2.56757
2.56752
2.56727
2.56657
2.56557
2.56467
2.56388
2.56305
2.56217
2.56117
2.56011
2.55892
2.55766
2.55628
2.55482
2.55323
2.55155
2.54973
2.54783
2.54578
2.54364
2.54134
2.53896
2.53641
2.53378
2.53098
2.52808
2.52502
2.52187
2.51855
2.51513
2.51154
2.50785
2.504
2.50006
2.49594
2.49175
2.48738
2.48296
2.47836
2.47397
1.34602
2.38748
2.65289
2.657
2.63096
2.59246
2.57494
2.57258
2.57422
2.5755
2.57595
2.57561
2.57478
2.57378
2.57272
2.57185
2.57097
2.57006
2.56903
2.56794
2.56673
2.56548
2.56411
2.56268
2.56113
2.55952
2.55779
2.55599
2.55406
2.55206
2.54993
2.54772
2.54537
2.54294
2.54036
2.5377
2.53488
2.53198
2.52892
2.52577
2.52246
2.51906
2.51549
2.51182
2.50799
2.50406
2.49997
2.49579
2.49145
2.48727
1.3451
2.37936
2.63634
2.63636
2.61343
2.58011
2.56495
2.56295
2.56431
2.56523
2.56564
2.56521
2.56451
2.56347
2.56254
2.56171
2.56091
2.56003
2.55908
2.55804
2.55693
2.55573
2.55447
2.5531
2.55168
2.55014
2.54854
2.54682
2.54503
2.54312
2.54114
2.53903
2.53685
2.53454
2.53215
2.52962
2.52701
2.52426
2.52143
2.51845
2.5154
2.51218
2.50889
2.50544
2.50191
2.49821
2.49444
2.49051
2.48649
2.48257
1.78105
2.35424
2.61407
2.59971
2.59005
2.57217
2.5671
2.56746
2.56805
2.56909
2.56893
2.56838
2.56789
2.56701
2.56626
2.56544
2.56466
2.56374
2.5628
2.56172
2.56062
2.55938
2.55812
2.55671
2.55528
2.55369
2.55209
2.55032
2.54852
2.54656
2.54457
2.54241
2.54022
2.53785
2.53545
2.53287
2.53025
2.52745
2.52462
2.52159
2.51853
2.51527
2.51197
2.50848
2.50495
2.50122
2.49745
2.49348
2.48944
2.4855
1.80127
2.34724
2.61462
2.5874
2.58386
2.57259
2.5691
2.57018
2.57047
2.57091
2.57076
2.57024
2.5697
2.5688
2.56798
2.56709
2.5662
2.56518
2.56413
2.56294
2.56172
2.56036
2.55897
2.55742
2.55584
2.55411
2.55234
2.55041
2.54843
2.54629
2.5441
2.54175
2.53935
2.53678
2.53415
2.53136
2.5285
2.52548
2.5224
2.51914
2.51582
2.51234
2.50878
2.50506
2.50127
2.49732
2.49329
2.4891
2.48483
2.48069
1.78824
2.36086
2.62703
2.59541
2.58879
2.57468
2.5722
2.57422
2.57572
2.57664
2.57661
2.5761
2.57556
2.57472
2.57395
2.57313
2.57228
2.57131
2.57029
2.56915
2.56796
2.56666
2.5653
2.56382
2.56228
2.56061
2.55888
2.55702
2.55509
2.55303
2.5509
2.54863
2.54629
2.54381
2.54124
2.53854
2.53575
2.53282
2.52981
2.52664
2.52339
2.51999
2.51651
2.51287
2.50915
2.50528
2.50132
2.49721
2.49301
2.48895
2.17225
2.34551
2.76262
2.86064
2.85397
2.81358
2.81225
2.81182
2.80474
2.80369
2.80689
2.80845
2.80991
2.81081
2.81271
2.81411
2.8163
2.81817
2.81986
2.82096
2.82147
2.82165
2.82066
2.81982
2.81698
2.81453
2.81072
2.80688
2.80213
2.79718
2.79158
2.78573
2.77942
2.77288
2.76622
2.75927
2.75225
2.74448
2.73646
2.72836
2.72029
2.71211
2.70394
2.69569
2.6875
2.6793
2.6712
2.66313
2.65522
2.64738
2.63974
2.63223
2.62496
2.61787
2.61107
2.6045
2.59829
2.59236
2.58685
2.58168
2.57699
2.5727
2.56896
2.56568
2.56298
2.5608
2.55922
2.55816
2.5577
2.55757
2.55769
2.55804
2.55892
2.56037
2.56243
2.56464
2.56686
2.56912
2.57132
2.57347
2.57547
2.57731
2.57892
2.58032
2.58145
2.58235
2.58299
2.58342
2.58361
2.58365
2.58355
2.5833
2.58295
2.58222
2.58147
2.58041
2.57956
2.5784
2.57749
2.57442
2.18042
2.26046
2.45064
2.62853
2.69738
2.73211
2.75821
2.78243
2.79621
2.80881
2.81666
2.82663
2.83206
2.83167
2.82781
2.82265
2.81535
2.8082
2.79918
2.7906
2.78063
2.77131
2.761
2.75144
2.74077
2.73071
2.71973
2.70944
2.69839
2.688
2.67697
2.66659
2.65566
2.64535
2.6348
2.62494
2.61478
2.60453
2.59388
2.58357
2.5735
2.56362
2.55387
2.54429
2.53487
2.52564
2.51661
2.50778
2.49918
2.4908
2.48267
2.47479
2.46719
2.45988
2.45288
2.44621
2.43989
2.43394
2.4284
2.42327
2.4186
2.41439
2.4107
2.40752
2.40489
2.40282
2.40132
2.40037
2.39998
2.39999
2.40027
2.40084
2.40197
2.40376
2.40623
2.40891
2.41165
2.4144
2.4171
2.41972
2.42215
2.42437
2.42632
2.42799
2.42933
2.43038
2.43111
2.43157
2.43174
2.43172
2.43158
2.43128
2.43091
2.43013
2.42936
2.42825
2.4274
2.42622
2.42545
2.42258
2.2268
2.21306
2.27122
2.35874
2.41086
2.46096
2.4946
2.52183
2.54282
2.55863
2.57043
2.57955
2.58626
2.58878
2.58809
2.58645
2.58262
2.57823
2.57282
2.56698
2.56036
2.55365
2.54638
2.53926
2.53151
2.52393
2.51573
2.50785
2.49943
2.49142
2.4829
2.47484
2.46629
2.45821
2.4499
2.44229
2.43436
2.42636
2.41774
2.40942
2.40124
2.39328
2.38534
2.37757
2.36982
2.36225
2.35475
2.34745
2.34024
2.33325
2.32638
2.31976
2.31329
2.30711
2.3011
2.29542
2.28996
2.28488
2.28006
2.27566
2.27158
2.26796
2.26472
2.26199
2.25968
2.25792
2.25661
2.25586
2.25557
2.25567
2.256
2.25652
2.25756
2.25921
2.26149
2.26398
2.26655
2.26911
2.27163
2.27402
2.27628
2.27829
2.28008
2.28157
2.2828
2.28371
2.28437
2.28474
2.28487
2.28482
2.2847
2.28443
2.2841
2.28338
2.28271
2.2817
2.28098
2.27996
2.27948
2.27707
2.25964
2.22041
2.21605
2.24112
2.2716
2.29414
2.30937
2.32121
2.33174
2.34101
2.34867
2.3548
2.35954
2.36316
2.3647
2.36496
2.36492
2.36482
2.36463
2.36435
2.36385
2.3632
2.36245
2.36115
2.35961
2.35779
2.35548
2.35295
2.34996
2.34682
2.34324
2.33955
2.33542
2.33125
2.32688
2.32277
2.31838
2.31362
2.30816
2.30262
2.29704
2.29156
2.28597
2.28041
2.27471
2.26909
2.26337
2.25776
2.25209
2.24657
2.24102
2.23567
2.23033
2.22523
2.22019
2.21542
2.21077
2.20644
2.20228
2.1985
2.19493
2.1918
2.18894
2.18656
2.18451
2.18299
2.18183
2.18122
2.18102
2.18119
2.18152
2.18203
2.18305
2.1846
2.18671
2.18902
2.1915
2.19392
2.19634
2.19858
2.20071
2.20256
2.20424
2.20559
2.20673
2.20754
2.20814
2.20843
2.20854
2.20847
2.20837
2.20815
2.20785
2.2072
2.20664
2.20573
2.20513
2.20426
2.20401
2.20194
2.27512
2.241
2.21931
2.21185
2.2189
2.22353
2.22559
2.22618
2.2272
2.22906
2.2319
2.2342
2.23628
2.23811
2.24087
2.24315
2.24538
2.24782
2.25051
2.25335
2.25626
2.25903
2.26165
2.26389
2.26583
2.26718
2.26814
2.26862
2.26834
2.26779
2.26669
2.26524
2.26323
2.26097
2.25845
2.25601
2.25323
2.24996
2.24593
2.24161
2.23712
2.23262
2.22799
2.22331
2.21847
2.21362
2.20864
2.20368
2.19865
2.19369
2.1887
2.18383
2.17897
2.17427
2.16964
2.16523
2.16092
2.15689
2.15303
2.14949
2.14616
2.14323
2.14056
2.13833
2.13643
2.13501
2.13396
2.13347
2.13336
2.13356
2.13387
2.13445
2.13547
2.13701
2.13898
2.14118
2.14357
2.14594
2.14829
2.15047
2.15251
2.1543
2.15588
2.15717
2.15822
2.15898
2.15951
2.15977
2.15984
2.15976
2.15966
2.15941
2.15911
2.15844
2.15796
2.15706
2.15654
2.15572
2.15559
2.15359
2.29858
2.25478
2.23057
2.2107
2.20093
2.19405
2.18832
2.18222
2.1774
2.17361
2.17191
2.17143
2.17205
2.17242
2.17352
2.17575
2.17833
2.18151
2.18446
2.18808
2.19147
2.19532
2.19865
2.20217
2.20492
2.20763
2.20942
2.21105
2.21175
2.21231
2.21209
2.21143
2.21024
2.20873
2.20699
2.20525
2.20315
2.20054
2.1972
2.1935
2.18957
2.18551
2.18135
2.1771
2.17273
2.16829
2.16376
2.15918
2.15455
2.14993
2.1453
2.14073
2.13619
2.13176
2.12742
2.12323
2.11919
2.11536
2.11172
2.10835
2.10522
2.10243
2.09993
2.09781
2.09604
2.0947
2.09379
2.09339
2.09337
2.09356
2.09388
2.09449
2.09555
2.09708
2.09894
2.10105
2.10333
2.10565
2.10792
2.11005
2.11201
2.11374
2.11524
2.11648
2.11747
2.11818
2.11867
2.1189
2.11894
2.11886
2.11875
2.11846
2.11816
2.11748
2.11703
2.11615
2.11568
2.11489
2.11483
2.11289
2.3222
2.28221
2.24854
2.22374
2.2033
2.18835
2.17595
2.16546
2.15595
2.1485
2.14263
2.13914
2.13703
2.13667
2.13672
2.1373
2.13918
2.14202
2.14525
2.14863
2.1523
2.15606
2.15985
2.16355
2.16698
2.1701
2.17269
2.17487
2.1764
2.17752
2.17798
2.17809
2.17749
2.17657
2.17551
2.17434
2.17284
2.17077
2.16806
2.16491
2.16151
2.15788
2.15415
2.15028
2.14633
2.14226
2.13812
2.13388
2.12961
2.12529
2.12098
2.11666
2.11241
2.10821
2.10412
2.10014
2.09632
2.09266
2.08922
2.08599
2.08305
2.08037
2.07802
2.07599
2.07436
2.07312
2.07233
2.07201
2.07205
2.07222
2.07257
2.07323
2.07433
2.07585
2.07766
2.07969
2.08187
2.08411
2.08631
2.08839
2.09028
2.09197
2.09341
2.0946
2.09555
2.09624
2.0967
2.0969
2.09692
2.09685
2.09672
2.09641
2.0961
2.09541
2.09498
2.09412
2.09368
2.09293
2.09292
2.09102
2.33825
2.30429
2.27118
2.24267
2.21852
2.19944
2.18194
2.16698
2.15405
2.14352
2.13467
2.12845
2.12388
2.12157
2.12023
2.12021
2.12035
2.12158
2.12394
2.12705
2.1306
2.13403
2.1377
2.1412
2.14472
2.14784
2.15073
2.15306
2.155
2.15633
2.15719
2.15748
2.15726
2.1566
2.15584
2.15495
2.15369
2.15186
2.14943
2.14658
2.14343
2.14003
2.13648
2.13279
2.12901
2.12511
2.12115
2.11709
2.113
2.10885
2.1047
2.10055
2.09645
2.0924
2.08846
2.08462
2.08095
2.07743
2.07413
2.07103
2.06822
2.06566
2.06344
2.06155
2.06004
2.05891
2.05823
2.05801
2.0581
2.05828
2.05867
2.05939
2.06057
2.06209
2.06387
2.06583
2.06792
2.07007
2.07218
2.0742
2.07605
2.07769
2.07911
2.08028
2.0812
2.08188
2.08232
2.0825
2.0825
2.08243
2.0823
2.08196
2.08164
2.08094
2.08051
2.07967
2.07924
2.07853
2.07856
2.07666
2.35213
2.32058
2.28992
2.26003
2.23427
2.21097
2.19209
2.17544
2.16092
2.14791
2.13728
2.12829
2.12193
2.11707
2.11441
2.11259
2.11211
2.11181
2.11246
2.11408
2.117
2.11999
2.12337
2.12644
2.1297
2.1325
2.13533
2.13752
2.13957
2.14085
2.14191
2.14218
2.14212
2.14158
2.14095
2.14019
2.139
2.13728
2.13497
2.13228
2.12926
2.12601
2.12256
2.11897
2.11527
2.11149
2.10761
2.10369
2.0997
2.09568
2.09165
2.08764
2.08367
2.07977
2.07595
2.07226
2.06871
2.06535
2.06217
2.05923
2.05654
2.05414
2.05205
2.0503
2.04891
2.04792
2.04735
2.04721
2.04731
2.04752
2.04798
2.04877
2.05001
2.05153
2.05326
2.05516
2.05716
2.0592
2.06122
2.06315
2.06493
2.06653
2.06791
2.06905
2.06996
2.07062
2.07105
2.07121
2.0712
2.07113
2.07099
2.07065
2.07032
2.06961
2.06918
2.06835
2.06794
2.06727
2.06734
2.06542
2.36798
2.33885
2.30956
2.2804
2.25334
2.22896
2.20734
2.18848
2.1718
2.15736
2.14489
2.13452
2.12597
2.11946
2.11465
2.1115
2.10944
2.10858
2.10818
2.10835
2.10929
2.11093
2.11359
2.11635
2.11918
2.12174
2.12422
2.12628
2.12814
2.12943
2.13042
2.13076
2.13069
2.13027
2.12975
2.12905
2.12795
2.12632
2.12419
2.12172
2.11895
2.11595
2.11274
2.10938
2.10589
2.10231
2.09863
2.0949
2.0911
2.08728
2.08344
2.07961
2.07581
2.07208
2.06842
2.06489
2.06148
2.05826
2.05523
2.05244
2.04989
2.04764
2.04567
2.04406
2.04279
2.04192
2.04147
2.04141
2.04151
2.04175
2.04225
2.04312
2.04439
2.04591
2.04761
2.04944
2.05134
2.05327
2.05518
2.05702
2.05874
2.06029
2.06164
2.06278
2.06368
2.06435
2.06478
2.06495
2.06494
2.06488
2.06475
2.06442
2.06409
2.06339
2.06296
2.06216
2.06175
2.06112
2.06122
2.05929
2.383
2.35515
2.32676
2.29815
2.271
2.24585
2.22331
2.20304
2.18522
2.16928
2.15551
2.14343
2.13341
2.12501
2.11861
2.11361
2.11018
2.10771
2.10646
2.10579
2.10588
2.10645
2.10773
2.10976
2.11203
2.11439
2.1166
2.11865
2.12046
2.12192
2.12306
2.12371
2.12399
2.12394
2.1238
2.12344
2.12267
2.12135
2.11956
2.11744
2.11501
2.11232
2.10937
2.10625
2.10295
2.09955
2.09603
2.09245
2.08879
2.08512
2.08142
2.07773
2.07406
2.07047
2.06695
2.06355
2.06028
2.05721
2.05432
2.05168
2.04927
2.04717
2.04535
2.04387
2.04274
2.04199
2.04167
2.04167
2.04178
2.04205
2.04261
2.04356
2.04485
2.04636
2.048
2.04974
2.05152
2.05333
2.0551
2.05683
2.05844
2.05993
2.06123
2.06235
2.06323
2.0639
2.06433
2.06452
2.06452
2.06446
2.06434
2.06401
2.06369
2.06301
2.06259
2.0618
2.06141
2.06081
2.06094
2.05899
2.40595
2.37796
2.3491
2.31984
2.29168
2.26537
2.24138
2.21978
2.20042
2.18324
2.16796
2.15465
2.14306
2.13334
2.12519
2.11881
2.11382
2.11022
2.10765
2.10611
2.10537
2.1054
2.10587
2.10711
2.10878
2.1111
2.1135
2.11586
2.11784
2.11966
2.12097
2.12202
2.1225
2.1229
2.12299
2.1228
2.12224
2.12112
2.11952
2.11767
2.11546
2.11302
2.11028
2.10737
2.10423
2.101
2.0976
2.09417
2.09063
2.0871
2.08351
2.07998
2.07642
2.07298
2.06956
2.06632
2.06317
2.06024
2.05747
2.05497
2.05267
2.05071
2.049
2.04766
2.04662
2.04602
2.04577
2.0458
2.04592
2.04622
2.04685
2.04787
2.04917
2.05063
2.05221
2.05384
2.05552
2.05719
2.05885
2.06046
2.06199
2.0634
2.06467
2.06575
2.06664
2.06731
2.06776
2.06796
2.06799
2.06794
2.06783
2.06753
2.06723
2.06657
2.06616
2.06539
2.06502
2.06443
2.06459
2.0626
2.43184
2.40567
2.37762
2.3486
2.31993
2.29281
2.26755
2.24463
2.22379
2.20522
2.18852
2.17386
2.16088
2.1498
2.14024
2.13253
2.12623
2.12149
2.11785
2.11546
2.1139
2.11331
2.11348
2.11406
2.11518
2.11695
2.11896
2.1213
2.12354
2.12545
2.12709
2.12827
2.12914
2.12972
2.13032
2.13025
2.12988
2.12907
2.12777
2.12624
2.1243
2.12216
2.11964
2.11697
2.114
2.11094
2.10767
2.10439
2.10095
2.09756
2.09406
2.09066
2.0872
2.08388
2.08058
2.07747
2.07443
2.07164
2.06896
2.0666
2.06441
2.06259
2.061
2.05981
2.05888
2.05843
2.05823
2.05827
2.05841
2.05877
2.05948
2.06055
2.06184
2.06323
2.06472
2.06623
2.06779
2.06933
2.07087
2.07236
2.07381
2.07513
2.07636
2.0774
2.07829
2.07895
2.07943
2.07965
2.07972
2.07968
2.07959
2.07932
2.07904
2.07841
2.07802
2.07726
2.07691
2.07634
2.07652
2.07449
2.45221
2.42964
2.40437
2.37744
2.35001
2.32341
2.2981
2.27465
2.25303
2.23346
2.21571
2.19988
2.18575
2.17341
2.16264
2.15361
2.14609
2.14011
2.13538
2.13193
2.12945
2.12798
2.12725
2.12741
2.12787
2.12896
2.13049
2.13231
2.13428
2.13642
2.13798
2.13943
2.14019
2.14103
2.14143
2.14125
2.14075
2.13974
2.13836
2.13669
2.13468
2.13241
2.12985
2.12708
2.12408
2.12096
2.11768
2.11437
2.11097
2.10758
2.10417
2.10083
2.0975
2.0943
2.09117
2.08821
2.08537
2.08275
2.08031
2.07815
2.07621
2.07459
2.07324
2.07224
2.07154
2.07125
2.07118
2.07126
2.07146
2.07193
2.07274
2.07383
2.07506
2.07635
2.0777
2.07906
2.08045
2.08182
2.08319
2.08452
2.08581
2.087
2.08811
2.08907
2.08989
2.09052
2.09098
2.09122
2.09129
2.09126
2.09118
2.09095
2.09069
2.09011
2.08974
2.08903
2.0887
2.08818
2.0884
2.08635
2.46392
2.44543
2.42404
2.40057
2.37604
2.35159
2.32781
2.30521
2.28402
2.26438
2.24635
2.22992
2.2151
2.20181
2.19008
2.17979
2.17104
2.16367
2.15765
2.1528
2.14905
2.14624
2.14429
2.1431
2.14256
2.14264
2.14292
2.14354
2.14438
2.14507
2.14591
2.14629
2.14655
2.14654
2.14631
2.14572
2.14469
2.14335
2.14174
2.13984
2.13769
2.13528
2.13264
2.12979
2.12679
2.12363
2.1204
2.11709
2.11377
2.11043
2.10714
2.1039
2.10075
2.09769
2.09478
2.092
2.08941
2.087
2.08483
2.08289
2.08123
2.07984
2.07876
2.07798
2.07753
2.07738
2.07742
2.07755
2.07785
2.07844
2.07934
2.08039
2.08151
2.08266
2.08383
2.08501
2.08619
2.08737
2.08854
2.08968
2.09077
2.09181
2.09276
2.0936
2.09432
2.09489
2.09531
2.09555
2.09563
2.0956
2.09553
2.09534
2.09511
2.09459
2.09425
2.0936
2.09331
2.09285
2.09312
2.09105
2.46596
2.45031
2.43216
2.4118
2.39034
2.36847
2.34694
2.326
2.30607
2.28719
2.26958
2.25318
2.23812
2.2243
2.21181
2.20051
2.19058
2.18185
2.17439
2.16799
2.1627
2.15828
2.15479
2.15198
2.14991
2.14838
2.14736
2.14663
2.14632
2.14618
2.14624
2.14623
2.14613
2.1458
2.14523
2.14439
2.14324
2.14182
2.14011
2.13817
2.13596
2.13355
2.13091
2.12812
2.12516
2.1221
2.11893
2.11574
2.11251
2.10933
2.10617
2.10311
2.10012
2.09728
2.09455
2.09201
2.08963
2.08748
2.08554
2.08388
2.08245
2.08133
2.08047
2.07995
2.0797
2.0797
2.07977
2.07998
2.08042
2.08113
2.08203
2.083
2.08398
2.08496
2.08595
2.08694
2.08793
2.08891
2.08988
2.09083
2.09175
2.09262
2.09343
2.09415
2.09478
2.0953
2.09569
2.09594
2.09602
2.09601
2.09596
2.09582
2.09563
2.09517
2.09487
2.09428
2.09403
2.09363
2.09396
2.09187
2.46662
2.45262
2.43632
2.41799
2.39846
2.37846
2.35846
2.33888
2.3199
2.30179
2.28454
2.26834
2.25312
2.23902
2.22592
2.21393
2.203
2.19324
2.18451
2.17691
2.17026
2.16462
2.15982
2.15583
2.1525
2.14978
2.14766
2.14607
2.14487
2.14398
2.14333
2.14275
2.14218
2.14148
2.14065
2.13959
2.13832
2.13678
2.13502
2.133
2.1308
2.12838
2.12581
2.12305
2.1202
2.11721
2.11419
2.1111
2.10805
2.10499
2.10203
2.09913
2.09638
2.09374
2.09129
2.08898
2.08691
2.08502
2.0834
2.08199
2.08088
2.08
2.07944
2.07911
2.07907
2.07913
2.07928
2.07964
2.0802
2.08099
2.08183
2.08267
2.0835
2.08432
2.08513
2.08594
2.08675
2.08754
2.08833
2.0891
2.08983
2.09053
2.09119
2.0918
2.09233
2.09279
2.09314
2.09338
2.09348
2.09348
2.09344
2.09335
2.09319
2.09283
2.09257
2.09206
2.09185
2.09154
2.09192
2.08982
2.4651
2.45253
2.43782
2.42122
2.40348
2.38519
2.36669
2.34836
2.33039
2.31299
2.29624
2.28026
2.26509
2.25077
2.23733
2.22477
2.21314
2.20247
2.19277
2.18403
2.1762
2.16928
2.1631
2.15782
2.15325
2.14948
2.14627
2.14369
2.14152
2.13984
2.1384
2.13724
2.13612
2.13507
2.13389
2.13265
2.13118
2.12959
2.12772
2.12573
2.12348
2.12114
2.11858
2.11596
2.11316
2.11035
2.10742
2.10455
2.10161
2.0988
2.09598
2.09335
2.09077
2.08842
2.08615
2.08416
2.0823
2.08074
2.07934
2.07827
2.07738
2.07684
2.07647
2.07644
2.07649
2.07662
2.07694
2.07744
2.07817
2.0789
2.07964
2.08033
2.08101
2.08165
2.0823
2.08293
2.08356
2.08416
2.08476
2.08533
2.08589
2.08641
2.08692
2.08738
2.08782
2.0882
2.08852
2.08873
2.08886
2.08887
2.08884
2.08878
2.08866
2.08839
2.08818
2.08775
2.0876
2.08736
2.0878
2.08569
2.45845
2.44752
2.43452
2.41952
2.40325
2.38623
2.36903
2.35177
2.3348
2.31811
2.30195
2.28628
2.27129
2.25691
2.24328
2.23033
2.21817
2.20679
2.1963
2.1866
2.17782
2.16978
2.16267
2.15627
2.15074
2.14582
2.14167
2.13805
2.13508
2.1325
2.13042
2.12857
2.12703
2.12553
2.12415
2.12264
2.12114
2.11941
2.11763
2.1156
2.1135
2.11117
2.1088
2.10622
2.10366
2.10093
2.09826
2.09549
2.09284
2.09015
2.08764
2.08516
2.0829
2.08071
2.07879
2.07697
2.07547
2.0741
2.07307
2.07219
2.07166
2.07128
2.07124
2.07128
2.07141
2.07172
2.0722
2.07287
2.07356
2.07421
2.07482
2.07537
2.0759
2.07639
2.07687
2.07732
2.07777
2.07819
2.0786
2.07898
2.07936
2.07971
2.08007
2.08042
2.08076
2.08106
2.08133
2.08154
2.08167
2.0817
2.08169
2.08165
2.08158
2.08138
2.08123
2.08089
2.0808
2.08061
2.08109
2.07899
2.45849
2.44694
2.43377
2.41905
2.40333
2.38704
2.37038
2.35377
2.33725
2.32106
2.30517
2.28978
2.27481
2.26045
2.2466
2.23343
2.22081
2.20898
2.19781
2.18749
2.17788
2.16914
2.16113
2.15393
2.14741
2.1417
2.1366
2.13225
2.12841
2.12523
2.1225
2.12027
2.11832
2.11667
2.11507
2.11359
2.11203
2.11045
2.10871
2.10689
2.10489
2.1028
2.10055
2.09824
2.0958
2.09336
2.09083
2.08835
2.08585
2.08346
2.0811
2.07891
2.07681
2.07492
2.07317
2.07167
2.07033
2.06929
2.06843
2.06788
2.0675
2.06742
2.06745
2.06758
2.0679
2.06837
2.06902
2.06968
2.07028
2.07083
2.07132
2.07177
2.07217
2.07255
2.0729
2.07323
2.07354
2.07383
2.07409
2.07433
2.07457
2.07481
2.07506
2.07533
2.07559
2.07585
2.07609
2.07629
2.07643
2.0765
2.07651
2.07649
2.07645
2.07634
2.07623
2.07599
2.07594
2.07582
2.07631
2.07421
2.46169
2.4499
2.43639
2.42151
2.40568
2.38949
2.37313
2.35674
2.34046
2.32438
2.30863
2.29322
2.27828
2.26375
2.2498
2.23632
2.22347
2.21118
2.19965
2.18874
2.17866
2.16924
2.16067
2.15279
2.14578
2.13943
2.13392
2.12903
2.12491
2.1213
2.11827
2.11571
2.11351
2.11157
2.10988
2.10828
2.10675
2.10519
2.10358
2.10185
2.10003
2.09808
2.09604
2.09389
2.09169
2.08941
2.08714
2.08485
2.08261
2.08041
2.07833
2.07634
2.07452
2.07284
2.07137
2.07008
2.06904
2.06822
2.06766
2.06732
2.06722
2.06727
2.06741
2.06776
2.06827
2.06893
2.06958
2.07017
2.07069
2.07114
2.07153
2.07186
2.07214
2.07239
2.07261
2.0728
2.07297
2.0731
2.0732
2.07329
2.07338
2.0735
2.07364
2.07381
2.074
2.0742
2.0744
2.07457
2.07471
2.0748
2.07484
2.07484
2.07483
2.07478
2.07473
2.0746
2.07459
2.07453
2.07503
2.07294
2.46529
2.45456
2.44204
2.42787
2.41257
2.39667
2.38051
2.36429
2.34814
2.33217
2.31643
2.30103
2.28597
2.27137
2.25718
2.24353
2.23035
2.21781
2.20582
2.19456
2.18392
2.17405
2.16483
2.15643
2.14868
2.14175
2.13546
2.12996
2.12502
2.12077
2.11702
2.11384
2.1111
2.10882
2.10678
2.10497
2.10323
2.10159
2.09991
2.09822
2.09643
2.0946
2.09266
2.09068
2.08863
2.08657
2.08448
2.08244
2.08042
2.0785
2.07666
2.07497
2.07339
2.07201
2.0708
2.06983
2.06906
2.06856
2.06826
2.06821
2.06827
2.06847
2.0689
2.0695
2.0702
2.07086
2.07148
2.07201
2.07247
2.07283
2.07313
2.07333
2.0735
2.0736
2.0737
2.07372
2.07371
2.07368
2.0736
2.0735
2.07345
2.07343
2.07345
2.07349
2.07357
2.07369
2.07383
2.07396
2.07409
2.07419
2.07425
2.07428
2.07429
2.07429
2.07429
2.07429
2.07432
2.07433
2.07488
2.07286
2.46452
2.45468
2.44302
2.42979
2.41555
2.40066
2.38545
2.37003
2.35458
2.33915
2.32387
2.30877
2.29395
2.27942
2.26526
2.25148
2.23816
2.22528
2.21296
2.20119
2.19005
2.17952
2.16967
2.16046
2.15197
2.14414
2.13705
2.1306
2.1249
2.11979
2.11535
2.11143
2.10809
2.10512
2.10261
2.10037
2.0984
2.09656
2.09484
2.09311
2.0914
2.08964
2.08785
2.08601
2.08415
2.08227
2.08042
2.0786
2.07686
2.07519
2.07364
2.0722
2.07093
2.06982
2.06894
2.06827
2.06785
2.06766
2.06767
2.06778
2.06808
2.06862
2.06938
2.07014
2.07088
2.07154
2.07213
2.07262
2.07301
2.07328
2.07347
2.07357
2.07362
2.07361
2.07358
2.07349
2.07332
2.07305
2.07283
2.07259
2.07243
2.07228
2.0722
2.07214
2.07216
2.07219
2.07225
2.07234
2.07246
2.07255
2.07265
2.0727
2.07276
2.07279
2.07284
2.07289
2.07301
2.07312
2.07376
2.07184
2.46656
2.45646
2.44498
2.43201
2.41808
2.40356
2.38869
2.37364
2.35849
2.34336
2.32827
2.31335
2.2986
2.28413
2.26991
2.25608
2.24257
2.22952
2.21688
2.20481
2.19324
2.1823
2.17192
2.16224
2.15317
2.14484
2.13717
2.13028
2.12407
2.1186
2.11374
2.1095
2.10579
2.10262
2.09987
2.09747
2.09535
2.09343
2.09166
2.08995
2.08831
2.08665
2.08502
2.08334
2.08171
2.08004
2.07846
2.07688
2.07542
2.074
2.07275
2.07158
2.07062
2.0698
2.06923
2.06883
2.06871
2.06873
2.06889
2.0693
2.06992
2.07073
2.07157
2.07236
2.0731
2.07375
2.07431
2.07474
2.07505
2.07523
2.07531
2.07533
2.07531
2.07525
2.07508
2.07479
2.07445
2.07408
2.07373
2.0734
2.07312
2.07287
2.07269
2.07254
2.07247
2.07243
2.07245
2.07249
2.07256
2.07263
2.07276
2.07284
2.07294
2.07301
2.07312
2.07321
2.07341
2.07358
2.0743
2.07245
2.476
2.46609
2.45458
2.44172
2.42786
2.4135
2.39875
2.38386
2.36881
2.3538
2.33877
2.32391
2.30915
2.29465
2.28035
2.26639
2.25273
2.23948
2.22662
2.21433
2.2025
2.19129
2.18059
2.17056
2.16107
2.15229
2.14405
2.1365
2.1295
2.12319
2.11744
2.11242
2.10791
2.10408
2.10065
2.09778
2.09517
2.09298
2.09091
2.08912
2.08734
2.08574
2.0841
2.08261
2.08106
2.07967
2.07825
2.07701
2.07576
2.07471
2.07368
2.07289
2.07216
2.07173
2.07141
2.07141
2.07149
2.07175
2.07234
2.07318
2.0741
2.07504
2.07596
2.07682
2.0776
2.07827
2.0788
2.07918
2.0794
2.07948
2.07947
2.07943
2.07932
2.07908
2.07868
2.07822
2.07769
2.07719
2.07666
2.07621
2.07574
2.07537
2.07501
2.07477
2.07454
2.07443
2.07434
2.07434
2.07436
2.0744
2.0745
2.07458
2.07475
2.07484
2.07502
2.07515
2.07544
2.07566
2.07647
2.07469
2.47219
2.46409
2.454
2.44237
2.42975
2.41658
2.40296
2.38909
2.37496
2.36074
2.34639
2.33208
2.31775
2.30356
2.28946
2.27558
2.2619
2.24851
2.2354
2.22267
2.2103
2.1984
2.18694
2.17602
2.16563
2.15585
2.14664
2.1381
2.13018
2.12296
2.11634
2.11041
2.10505
2.10036
2.09616
2.09256
2.08934
2.0866
2.08411
2.08198
2.07999
2.07827
2.0766
2.07516
2.07374
2.07254
2.07137
2.07041
2.06948
2.06878
2.06813
2.06773
2.06743
2.06745
2.06757
2.06781
2.06842
2.06922
2.07028
2.07138
2.07251
2.07359
2.07463
2.07558
2.07642
2.07709
2.0776
2.0779
2.07804
2.07803
2.07798
2.07786
2.0776
2.07713
2.07659
2.07592
2.07529
2.07457
2.07394
2.07326
2.07269
2.0721
2.07166
2.0712
2.07091
2.07062
2.07049
2.07037
2.07037
2.07039
2.07043
2.07051
2.07071
2.07084
2.0711
2.07129
2.07169
2.07197
2.07289
2.07121
2.46785
2.45913
2.44915
2.438
2.42595
2.41335
2.40034
2.38703
2.37347
2.35972
2.34585
2.33188
2.31789
2.30391
2.29001
2.27619
2.26256
2.24909
2.23587
2.22289
2.21028
2.19801
2.18619
2.1748
2.16394
2.15357
2.1438
2.13459
2.12602
2.11806
2.11078
2.10413
2.09816
2.09279
2.08807
2.0839
2.08029
2.07716
2.07451
2.07222
2.07026
2.06855
2.06706
2.06575
2.0646
2.06361
2.06276
2.06204
2.06143
2.06095
2.06061
2.06045
2.0605
2.06063
2.06097
2.0617
2.06268
2.06379
2.06499
2.06623
2.06745
2.06865
2.06974
2.07074
2.07156
2.07221
2.07264
2.07287
2.07291
2.07287
2.07278
2.07256
2.07216
2.0716
2.07092
2.07023
2.06946
2.06872
2.06796
2.06725
2.06655
2.06594
2.06537
2.0649
2.06449
2.0642
2.06396
2.06386
2.0638
2.06382
2.06387
2.06394
2.06414
2.0643
2.06463
2.06485
2.06531
2.06563
2.06659
2.06495
2.47193
2.46258
2.45193
2.44015
2.42767
2.41474
2.40153
2.38807
2.37446
2.36067
2.3468
2.33284
2.31888
2.30491
2.29102
2.2772
2.26353
2.25
2.23668
2.22359
2.21083
2.19838
2.18635
2.17471
2.16358
2.15293
2.14286
2.13333
2.12445
2.11617
2.10856
2.10158
2.0953
2.08964
2.08472
2.08039
2.07672
2.07352
2.07085
2.06854
2.06664
2.06499
2.06367
2.06252
2.06164
2.06088
2.06035
2.05987
2.05958
2.05934
2.05932
2.05938
2.05961
2.06016
2.061
2.06207
2.06325
2.06452
2.06583
2.06716
2.06846
2.0697
2.0708
2.07177
2.07254
2.07311
2.07346
2.07358
2.07356
2.0735
2.07335
2.07302
2.07249
2.07182
2.07106
2.07026
2.06942
2.06858
2.06773
2.06693
2.06616
2.06546
2.06481
2.06426
2.06378
2.06341
2.06313
2.06297
2.0629
2.06292
2.06295
2.06302
2.06321
2.06339
2.06378
2.06404
2.06456
2.06491
2.06591
2.06431
2.4806
2.47154
2.46104
2.44926
2.43664
2.42348
2.40999
2.39626
2.38234
2.3683
2.35417
2.34001
2.32583
2.31171
2.29764
2.2837
2.26989
2.25627
2.24283
2.22964
2.21671
2.20412
2.19188
2.18005
2.16865
2.15774
2.14733
2.13748
2.1282
2.11953
2.1115
2.10412
2.09741
2.0914
2.08602
2.08129
2.07716
2.07362
2.07062
2.06813
2.06607
2.06441
2.06309
2.06208
2.06135
2.06086
2.06056
2.0604
2.06034
2.0604
2.06058
2.06102
2.06172
2.06273
2.0639
2.06519
2.06659
2.06805
2.06953
2.071
2.0724
2.07368
2.07481
2.07575
2.07649
2.07699
2.07725
2.0773
2.07725
2.07715
2.0769
2.07647
2.07583
2.07507
2.07423
2.07335
2.07243
2.07151
2.07059
2.06971
2.06886
2.06808
2.06737
2.06674
2.0662
2.06577
2.06544
2.06522
2.06513
2.06513
2.06517
2.06524
2.06542
2.06561
2.06604
2.06634
2.06693
2.06732
2.06836
2.06679
2.47792
2.46993
2.46068
2.45002
2.43843
2.42624
2.41362
2.40066
2.38741
2.37394
2.36027
2.34649
2.33261
2.3187
2.30478
2.29093
2.27713
2.26348
2.24996
2.23665
2.22356
2.21076
2.19827
2.18617
2.17445
2.1632
2.15241
2.14216
2.13244
2.12334
2.11483
2.10698
2.09978
2.09325
2.0874
2.08223
2.07772
2.07386
2.07059
2.0679
2.06571
2.064
2.0627
2.0618
2.06125
2.06101
2.06095
2.061
2.06114
2.06149
2.0621
2.06307
2.06426
2.06562
2.06713
2.06874
2.07043
2.07215
2.07385
2.07548
2.07699
2.07834
2.0795
2.08044
2.08114
2.08159
2.08177
2.08177
2.08171
2.08155
2.08122
2.08068
2.07994
2.0791
2.07818
2.07722
2.07621
2.07521
2.07421
2.07324
2.07231
2.07144
2.07064
2.06993
2.06932
2.06881
2.06842
2.06815
2.06801
2.068
2.06803
2.06809
2.06827
2.06848
2.06894
2.06928
2.06994
2.07038
2.07148
2.06998
2.48019
2.47202
2.46244
2.45181
2.44037
2.42842
2.41604
2.40339
2.39042
2.37725
2.36384
2.35031
2.3366
2.32286
2.30903
2.29526
2.28148
2.26783
2.25426
2.24091
2.22776
2.21491
2.20235
2.19018
2.17836
2.16701
2.15607
2.14566
2.13574
2.1264
2.11762
2.10947
2.10193
2.09505
2.0888
2.08325
2.07834
2.07411
2.07051
2.06754
2.06514
2.06331
2.06197
2.06114
2.06076
2.06071
2.06079
2.061
2.06145
2.06222
2.06335
2.06472
2.06626
2.06796
2.0698
2.07172
2.07368
2.07562
2.07749
2.07925
2.08084
2.08224
2.08341
2.08432
2.08499
2.08537
2.08549
2.08545
2.08536
2.08516
2.08475
2.0841
2.08329
2.08239
2.08141
2.08038
2.07932
2.07824
2.07718
2.07614
2.07514
2.07421
2.07334
2.07257
2.07189
2.07132
2.07088
2.07056
2.07038
2.07035
2.07038
2.07044
2.07062
2.07083
2.07132
2.07169
2.07242
2.07289
2.07406
2.0726
2.48651
2.47916
2.47026
2.46016
2.44916
2.43764
2.42561
2.41325
2.40051
2.38754
2.37429
2.3609
2.34732
2.33368
2.31992
2.30618
2.29241
2.27873
2.26509
2.25164
2.2383
2.22524
2.21237
2.19985
2.1876
2.17579
2.16433
2.15338
2.14286
2.13293
2.12348
2.11471
2.10649
2.09899
2.09211
2.08599
2.08051
2.07582
2.07175
2.06845
2.06574
2.06375
2.06229
2.06152
2.06123
2.06131
2.06148
2.06189
2.06268
2.06393
2.06548
2.06725
2.06922
2.07133
2.07354
2.0758
2.07805
2.08023
2.08229
2.08418
2.08586
2.0873
2.08848
2.08939
2.09002
2.09034
2.09042
2.09036
2.09024
2.08995
2.08946
2.08869
2.08781
2.0868
2.08574
2.0846
2.08345
2.08226
2.0811
2.07993
2.07884
2.07778
2.07682
2.07593
2.07517
2.0745
2.07398
2.07358
2.07335
2.07326
2.07329
2.07335
2.0735
2.07372
2.07424
2.07464
2.07543
2.07595
2.07719
2.0758
2.47835
2.47151
2.46332
2.45402
2.44389
2.43322
2.42204
2.41049
2.39848
2.38615
2.37346
2.36053
2.34734
2.334
2.32051
2.30696
2.29333
2.27972
2.2661
2.25258
2.2391
2.22581
2.21266
2.19978
2.18713
2.17484
2.16286
2.15134
2.1402
2.12962
2.11951
2.11003
2.10111
2.09291
2.08533
2.07854
2.07242
2.06713
2.06253
2.05877
2.05569
2.05342
2.0518
2.05101
2.05076
2.05088
2.05118
2.05183
2.05302
2.0547
2.0567
2.05893
2.06135
2.06388
2.06648
2.06906
2.0716
2.074
2.07624
2.07825
2.08003
2.08151
2.08272
2.08362
2.08423
2.0845
2.08454
2.08447
2.08431
2.08395
2.08337
2.08251
2.08156
2.08046
2.07932
2.07807
2.07684
2.07554
2.07428
2.07301
2.07182
2.07065
2.0696
2.0686
2.06775
2.06698
2.06639
2.0659
2.06562
2.06549
2.0655
2.06555
2.06568
2.06591
2.06645
2.06688
2.06774
2.0683
2.06963
2.06831
2.47447
2.46704
2.45838
2.44864
2.43817
2.4272
2.41581
2.40408
2.39204
2.37973
2.36716
2.35435
2.34132
2.32812
2.31476
2.30131
2.28776
2.27421
2.26063
2.24705
2.23355
2.22016
2.20694
2.19391
2.18113
2.16864
2.15648
2.14469
2.13334
2.12244
2.11207
2.10225
2.09305
2.08447
2.0766
2.06942
2.06302
2.05737
2.05253
2.04847
2.04524
2.0428
2.04117
2.0404
2.04028
2.04043
2.04083
2.0417
2.04312
2.04512
2.04738
2.04991
2.05255
2.05533
2.05808
2.06084
2.06345
2.06594
2.06818
2.07021
2.07193
2.0734
2.07452
2.07538
2.07589
2.0761
2.07609
2.07601
2.07581
2.07539
2.07472
2.07383
2.07282
2.07169
2.0705
2.06923
2.06794
2.06661
2.0653
2.064
2.06276
2.06155
2.06044
2.05941
2.05851
2.05771
2.05707
2.05657
2.05624
2.0561
2.05611
2.05615
2.05629
2.05651
2.05705
2.05749
2.05838
2.05895
2.06028
2.05899
2.46641
2.45856
2.44944
2.43945
2.42857
2.41739
2.40575
2.39396
2.38177
2.36946
2.35679
2.34404
2.33096
2.31786
2.30448
2.29114
2.27758
2.26411
2.25051
2.23706
2.22359
2.21033
2.19715
2.18428
2.17157
2.15925
2.14719
2.1356
2.12437
2.11369
2.10345
2.09386
2.08479
2.07643
2.06869
2.06172
2.05543
2.04996
2.04522
2.04133
2.03819
2.03592
2.03439
2.03385
2.03389
2.03412
2.03464
2.0357
2.03739
2.0396
2.04214
2.04487
2.04775
2.05068
2.05361
2.05644
2.05915
2.06164
2.0639
2.06588
2.06758
2.06896
2.07004
2.0708
2.07126
2.07139
2.07135
2.07125
2.07101
2.07055
2.06982
2.06893
2.06791
2.0668
2.0656
2.06436
2.06307
2.06177
2.06047
2.0592
2.05796
2.05679
2.05568
2.05468
2.05377
2.053
2.05236
2.05187
2.05154
2.05143
2.05144
2.05149
2.05163
2.05185
2.0524
2.05285
2.05375
2.05434
2.05566
2.05437
2.48011
2.47259
2.46387
2.45406
2.44342
2.43223
2.42053
2.4085
2.39608
2.38342
2.37045
2.3573
2.34393
2.33046
2.31685
2.30321
2.28952
2.27586
2.26224
2.24873
2.23529
2.22206
2.20896
2.19615
2.18356
2.17132
2.15937
2.14786
2.13671
2.12607
2.11586
2.10626
2.09714
2.08872
2.08086
2.07379
2.06733
2.06173
2.05681
2.05281
2.04952
2.0472
2.04562
2.04516
2.04524
2.04552
2.04614
2.0474
2.0494
2.0519
2.05477
2.0578
2.061
2.06416
2.06731
2.07028
2.07312
2.07565
2.07797
2.07993
2.08163
2.08295
2.08401
2.08469
2.08511
2.08518
2.08513
2.085
2.08471
2.08422
2.08346
2.08254
2.0815
2.08036
2.07914
2.07786
2.07655
2.07523
2.0739
2.0726
2.07134
2.07013
2.069
2.06797
2.06703
2.06623
2.06556
2.06505
2.0647
2.06456
2.06457
2.06462
2.06476
2.065
2.06555
2.06601
2.06694
2.06756
2.06891
2.06763
2.47581
2.46894
2.46097
2.45178
2.44188
2.4313
2.42039
2.40898
2.39731
2.38518
2.37286
2.36014
2.3473
2.33412
2.3209
2.3074
2.29394
2.28029
2.26676
2.25315
2.23976
2.22635
2.21322
2.20017
2.18747
2.17493
2.16283
2.15095
2.1396
2.12855
2.1181
2.10805
2.09867
2.08977
2.08164
2.07407
2.06735
2.06128
2.05614
2.05171
2.04827
2.04561
2.044
2.04335
2.04349
2.04379
2.04447
2.04588
2.04812
2.05093
2.05411
2.0575
2.06101
2.06451
2.06794
2.07118
2.0742
2.07693
2.07936
2.08143
2.08318
2.08457
2.08564
2.08636
2.08674
2.08682
2.08677
2.08663
2.08632
2.08578
2.08498
2.08402
2.08294
2.08176
2.08049
2.07917
2.07781
2.07643
2.07505
2.07369
2.07237
2.07111
2.06992
2.06882
2.06784
2.06698
2.06626
2.0657
2.06532
2.06514
2.06513
2.06519
2.06532
2.06556
2.06612
2.06661
2.06758
2.06822
2.06965
2.06843
2.47846
2.4716
2.46366
2.45446
2.44464
2.43414
2.42336
2.41206
2.40055
2.38857
2.37642
2.36384
2.35115
2.33808
2.32498
2.31157
2.2982
2.2846
2.27112
2.25746
2.24398
2.23043
2.21715
2.20387
2.19094
2.1781
2.16571
2.15348
2.14179
2.13035
2.11954
2.10907
2.09933
2.09001
2.08152
2.07355
2.0665
2.06006
2.05463
2.04989
2.04623
2.04335
2.04163
2.04087
2.04099
2.0413
2.04201
2.04348
2.04584
2.04884
2.0522
2.05581
2.05951
2.06321
2.06677
2.07016
2.07326
2.07607
2.07853
2.08065
2.0824
2.08381
2.08485
2.08557
2.08592
2.08601
2.08594
2.08579
2.08546
2.08488
2.08404
2.08305
2.08193
2.08071
2.0794
2.07804
2.07663
2.07521
2.07377
2.07236
2.07099
2.06967
2.06843
2.06729
2.06625
2.06535
2.06458
2.06399
2.06357
2.06337
2.06334
2.06339
2.06351
2.06375
2.06431
2.0648
2.06579
2.06644
2.0679
2.0667
2.47338
2.46604
2.45758
2.44799
2.43776
2.42697
2.41585
2.40432
2.39252
2.38036
2.36798
2.35528
2.34241
2.32929
2.31607
2.30266
2.28922
2.27566
2.26213
2.24856
2.23508
2.22163
2.20835
2.19519
2.18227
2.16955
2.15717
2.14507
2.13339
2.12207
2.11126
2.10091
2.09116
2.08195
2.07344
2.06556
2.05848
2.05212
2.04664
2.04198
2.03828
2.03548
2.03373
2.03308
2.03319
2.03352
2.03426
2.03578
2.0382
2.04126
2.04469
2.04834
2.05208
2.05578
2.05935
2.06271
2.06578
2.06854
2.07096
2.07302
2.07472
2.07607
2.07707
2.07775
2.07806
2.07812
2.07805
2.07789
2.07754
2.07694
2.0761
2.07509
2.07397
2.07275
2.07145
2.07009
2.06869
2.06726
2.06584
2.06443
2.06306
2.06174
2.06051
2.05936
2.05833
2.05742
2.05667
2.05607
2.05565
2.05545
2.05542
2.05547
2.0556
2.05583
2.05638
2.05687
2.05785
2.05849
2.05992
2.0587
2.48183
2.47457
2.46616
2.45665
2.44645
2.43569
2.42457
2.41303
2.4012
2.38902
2.37658
2.36384
2.35091
2.33775
2.32446
2.311
2.29749
2.28387
2.27028
2.25665
2.24312
2.22962
2.21629
2.20309
2.19012
2.17737
2.16493
2.15279
2.14105
2.12969
2.11883
2.10843
2.09862
2.08937
2.08079
2.07287
2.06572
2.05932
2.05378
2.04908
2.04533
2.04251
2.04075
2.04009
2.04021
2.04055
2.04132
2.04288
2.04538
2.04852
2.05205
2.05578
2.0596
2.06337
2.067
2.07039
2.07351
2.07629
2.07873
2.08079
2.0825
2.08384
2.08485
2.0855
2.08582
2.08586
2.08579
2.08563
2.08527
2.08466
2.0838
2.08279
2.08166
2.08043
2.07913
2.07776
2.07635
2.07491
2.07349
2.07207
2.07069
2.06937
2.06813
2.06697
2.06593
2.06502
2.06426
2.06365
2.06323
2.06302
2.063
2.06304
2.06317
2.0634
2.06396
2.06446
2.06545
2.06609
2.06752
2.0663
)
;

boundaryField
{
    inlet
    {
        type            fixedValue;
        value           uniform 1;
    }
    outlet
    {
        type            zeroGradient;
    }
    bottom
    {
        type            symmetryPlane;
    }
    top
    {
        type            symmetryPlane;
    }
    obstacle
    {
        type            zeroGradient;
    }
    defaultFaces
    {
        type            empty;
    }
}


// ************************************************************************* //
