/*--------------------------------*- C++ -*----------------------------------*\
| =========                 |                                                 |
| \\      /  F ield         | OpenFOAM: The Open Source CFD Toolbox           |
|  \\    /   O peration     | Version:  2412                                  |
|   \\  /    A nd           | Website:  www.openfoam.com                      |
|    \\/     M anipulation  |                                                 |
\*---------------------------------------------------------------------------*/
FoamFile
{
    version     2.0;
    format      ascii;
    arch        "LSB;label=32;scalar=64";
    class       volScalarField;
    location    "7";
    object      T;
}
// * * * * * * * * * * * * * * * * * * * * * * * * * * * * * * * * * * * * * //

dimensions      [0 0 0 1 0 0 0];

internalField   nonuniform List<scalar> 
7000
(
1
1.00002
1.00002
1.00009
1.00012
1.00049
1.00075
1.00264
1.00514
1.01544
1.03687
1.10067
1.32687
1.91138
2.33757
2.64021
2.65155
2.64433
2.63093
2.63214
2.63751
2.64314
2.64933
2.65513
2.66053
2.6647
2.66767
2.67124
2.67903
2.69251
2.70719
2.71918
2.7271
2.73131
2.73292
2.73424
2.73832
2.75021
2.76426
2.77932
2.79408
2.80172
2.80014
2.7842
2.77753
2.79173
2.81699
2.83578
2.83824
2.81274
1
1.00002
1.00002
1.00011
1.00011
1.00066
1.00065
1.00382
1.00433
1.02101
1.02564
1.13568
1.28579
1.86582
2.33937
2.62914
2.64877
2.64329
2.63132
2.63252
2.63808
2.64364
2.64935
2.65475
2.66013
2.66437
2.6675
2.67224
2.68164
2.69514
2.70931
2.72064
2.72798
2.7318
2.73323
2.73444
2.73836
2.75014
2.76429
2.77929
2.79383
2.80143
2.80007
2.78431
2.77651
2.78928
2.81492
2.83446
2.83761
2.81256
1
1.00002
1.00002
1.00011
1.00013
1.00061
1.00066
1.00344
1.00415
1.01834
1.03113
1.1279
1.28977
1.9565
2.32622
2.63616
2.64884
2.64216
2.63053
2.63229
2.63731
2.6424
2.64808
2.65378
2.65967
2.66435
2.66758
2.67185
2.68066
2.69394
2.70806
2.71946
2.72696
2.73093
2.73245
2.73377
2.73791
2.75002
2.76429
2.7791
2.79332
2.80091
2.79981
2.78446
2.77563
2.78725
2.81332
2.83367
2.83724
2.81249
1
1.00002
1.00002
1.0001
1.00012
1.00056
1.0006
1.0029
1.00454
1.01732
1.03218
1.13557
1.29448
1.86939
2.32968
2.64106
2.65271
2.64584
2.63212
2.63307
2.63716
2.64276
2.64933
2.65554
2.66125
2.66552
2.66848
2.67232
2.68065
2.69395
2.708
2.71927
2.72666
2.73055
2.73205
2.7334
2.73768
2.74993
2.76415
2.77884
2.7928
2.80026
2.7993
2.78429
2.7749
2.78582
2.81209
2.83254
2.83644
2.81201
1
1.00002
1.00002
1.0001
1.00011
1.00063
1.00059
1.00337
1.00491
1.0196
1.02774
1.1248
1.27975
1.85187
2.32053
2.62786
2.64993
2.64478
2.63282
2.63397
2.63921
2.64458
2.65064
2.65654
2.66196
2.66596
2.66888
2.6734
2.68263
2.69581
2.70926
2.71981
2.72665
2.73022
2.73159
2.73291
2.73726
2.74964
2.76371
2.77813
2.79191
2.79938
2.79857
2.78384
2.77377
2.78416
2.81064
2.83126
2.83507
2.81129
1
1.00002
1.00002
1.0001
1.00011
1.00055
1.00055
1.00288
1.0043
1.01642
1.03006
1.13717
1.28698
1.94536
2.31273
2.63259
2.65162
2.64509
2.63257
2.63409
2.63905
2.64384
2.64973
2.65556
2.6606
2.66416
2.66678
2.67068
2.6794
2.69309
2.70714
2.7182
2.72538
2.72915
2.73062
2.73207
2.73674
2.74923
2.76292
2.77713
2.7908
2.79827
2.79755
2.78295
2.77238
2.78228
2.8088
2.82974
2.83403
2.80996
1
1.00002
1.00002
1.00009
1.0001
1.0005
1.00065
1.0029
1.00395
1.01635
1.03209
1.12811
1.28777
1.92461
2.30789
2.63232
2.65435
2.64734
2.63418
2.63525
2.63905
2.6433
2.6489
2.65493
2.66025
2.66397
2.66664
2.67051
2.6792
2.69268
2.70633
2.71699
2.72394
2.72762
2.7291
2.73065
2.73583
2.74882
2.7619
2.77564
2.7894
2.79721
2.7967
2.78223
2.77078
2.77999
2.80665
2.82771
2.8318
2.80873
1
1.00002
1.00002
1.00009
1.0001
1.00049
1.00061
1.00269
1.00348
1.01484
1.03237
1.12458
1.28164
1.90322
2.29885
2.63052
2.65409
2.64666
2.6324
2.63368
2.63844
2.64307
2.64905
2.65479
2.65941
2.66258
2.66529
2.67017
2.68004
2.69321
2.70597
2.71574
2.72209
2.72549
2.72693
2.72866
2.73457
2.74835
2.76105
2.77416
2.78759
2.79547
2.79516
2.781
2.7686
2.77703
2.80316
2.82479
2.8298
2.80642
1
1.00002
1.00002
1.00009
1.0001
1.0005
1.00055
1.00292
1.00418
1.0145
1.03076
1.10749
1.2901
1.85491
2.28981
2.62501
2.6575
2.64989
2.63386
2.63469
2.63788
2.64273
2.64896
2.65502
2.65941
2.6622
2.66485
2.67015
2.68073
2.69384
2.70593
2.71487
2.72058
2.7236
2.72495
2.72684
2.73344
2.74786
2.75997
2.77218
2.78532
2.79358
2.7936
2.78014
2.76672
2.77418
2.79978
2.82205
2.82719
2.80473
1
1.00002
1.00002
1.00009
1.00011
1.00054
1.00069
1.00286
1.00388
1.0157
1.03337
1.11275
1.27122
1.79777
2.28351
2.63125
2.66407
2.65474
2.63641
2.63667
2.63922
2.64398
2.65028
2.65568
2.65896
2.66111
2.66398
2.67028
2.68161
2.69453
2.70577
2.71374
2.7187
2.72129
2.72257
2.72467
2.73211
2.74705
2.75876
2.77004
2.78241
2.79057
2.79088
2.77832
2.76389
2.76965
2.7951
2.81791
2.8233
2.80095
1
1.00002
1.00002
1.00009
1.00009
1.00051
1.00057
1.00265
1.00426
1.01574
1.02796
1.12732
1.25276
1.84763
2.24592
2.62732
2.66832
2.65677
2.63744
2.63793
2.64066
2.64573
2.65204
2.65627
2.65833
2.66022
2.66389
2.67203
2.68394
2.69593
2.70553
2.71204
2.716
2.71809
2.71936
2.7219
2.73083
2.74583
2.75689
2.76746
2.77912
2.78689
2.78733
2.7755
2.7609
2.76651
2.78985
2.81318
2.82013
2.79839
1
1.00002
1.00002
1.0001
1.0001
1.00056
1.00057
1.00325
1.00334
1.01898
1.02234
1.11487
1.23296
1.73037
2.23628
2.62077
2.67044
2.65966
2.64045
2.63899
2.64071
2.64513
2.65125
2.65495
2.65677
2.65945
2.66531
2.67534
2.68684
2.69711
2.70467
2.70951
2.7124
2.714
2.71542
2.7187
2.72958
2.74479
2.75497
2.76444
2.77557
2.78345
2.78414
2.77313
2.75711
2.76081
2.78499
2.80852
2.81402
2.79269
1
1.00002
1.00002
1.00009
1.00011
1.00058
1.00057
1.00323
1.00353
1.01792
1.02254
1.08664
1.237
1.71155
2.22033
2.61607
2.67403
2.66129
2.64309
2.64068
2.64216
2.6462
2.65188
2.65505
2.65698
2.66075
2.66833
2.67854
2.68884
2.69707
2.70256
2.70589
2.70783
2.7091
2.71095
2.71568
2.72892
2.74346
2.75234
2.76045
2.77087
2.77882
2.77989
2.76985
2.75216
2.75451
2.77552
2.80078
2.80964
2.78881
1
1.00001
1.00002
1.00007
1.0001
1.00044
1.00062
1.00264
1.00317
1.01449
1.02745
1.10499
1.23808
1.69341
2.20103
2.61551
2.67956
2.66392
2.64343
2.64079
2.64261
2.64761
2.65408
2.65743
2.66028
2.66555
2.67327
2.68206
2.6899
2.69555
2.69899
2.70109
2.70238
2.7037
2.70646
2.71353
2.72811
2.74213
2.74974
2.75629
2.76501
2.77223
2.77341
2.76474
2.7467
2.74773
2.76768
2.79356
2.80078
2.78003
1
1.00001
1.00002
1.00008
1.0001
1.00046
1.00058
1.00238
1.0036
1.01282
1.02913
1.10254
1.22087
1.72519
2.16362
2.60991
2.68402
2.66738
2.64714
2.64459
2.64676
2.65288
2.6592
2.66226
2.66553
2.6707
2.67713
2.68377
2.68912
2.69246
2.69437
2.6955
2.69637
2.69803
2.70271
2.71283
2.72667
2.73969
2.74635
2.75111
2.75942
2.76626
2.76735
2.75966
2.74045
2.73947
2.75653
2.78177
2.79173
2.77328
1
1.00001
1.00001
1.00008
1.00009
1.00041
1.00054
1.00196
1.00345
1.01229
1.02907
1.06853
1.23368
1.65283
2.1527
2.60536
2.69082
2.67091
2.64922
2.64839
2.65139
2.65862
2.66475
2.66891
2.67196
2.67494
2.67863
2.68235
2.68482
2.68617
2.6871
2.68784
2.68908
2.69271
2.7013
2.71262
2.72513
2.73607
2.74174
2.74458
2.75055
2.75794
2.75993
2.75342
2.73226
2.7288
2.74319
2.7699
2.77968
2.75901
1
1.00001
1.00002
1.00007
1.0001
1.0004
1.00059
1.00218
1.0032
1.01381
1.02492
1.08838
1.20412
1.64072
2.11286
2.60581
2.696
2.6741
2.65176
2.65268
2.65701
2.66575
2.67158
2.67371
2.67419
2.6745
2.67509
2.67569
2.67634
2.67731
2.67831
2.67989
2.68366
2.69125
2.70132
2.71234
2.72317
2.73191
2.73635
2.73793
2.74126
2.74808
2.74991
2.74525
2.72476
2.71658
2.72596
2.75134
2.76196
2.74558
1
1.00001
1.00001
1.00007
1.00009
1.00039
1.00049
1.00205
1.00281
1.01187
1.02313
1.07704
1.19731
1.60159
2.08488
2.59118
2.70223
2.67844
2.66008
2.65741
2.65928
2.66224
2.66511
2.66662
2.66707
2.66694
2.66697
2.66733
2.66813
2.66929
2.67134
2.67567
2.6827
2.69166
2.70173
2.71163
2.72017
2.7265
2.72944
2.73009
2.73124
2.73596
2.73893
2.7358
2.71469
2.70241
2.70775
2.72946
2.73963
2.71796
1
1.00001
1.00001
1.00007
1.00007
1.00038
1.00041
1.00213
1.0029
1.01261
1.02013
1.07645
1.18203
1.54927
2.05437
2.57533
2.70597
2.68366
2.66776
2.65946
2.6559
2.65654
2.65805
2.65919
2.65932
2.65938
2.65967
2.66034
2.66158
2.66411
2.66873
2.67555
2.68403
2.69301
2.70184
2.70999
2.71598
2.71938
2.72065
2.72028
2.71986
2.72245
2.72434
2.72234
2.7048
2.68364
2.68246
2.69701
2.70333
2.68003
1
1.00001
1.00001
1.00007
1.00006
1.00039
1.00043
1.00195
1.00312
1.00988
1.02193
1.0595
1.18471
1.45606
2.0289
2.56241
2.71784
2.69255
2.66758
2.6509
2.64818
2.65072
2.65487
2.65699
2.65721
2.65698
2.65704
2.6575
2.65897
2.66319
2.6705
2.6787
2.68642
2.69357
2.70074
2.70608
2.70931
2.71008
2.70961
2.70833
2.70692
2.70788
2.709
2.70718
2.69111
2.66198
2.6507
2.65398
2.64626
2.56445
1
1.00001
1.00001
1.00007
1.00007
1.00039
1.00043
1.0022
1.00261
1.01196
1.01607
1.0693
1.16067
1.45454
1.97026
2.54501
2.72511
2.69462
2.65867
2.64288
2.64327
2.65053
2.65675
2.65861
2.65838
2.65766
2.6577
2.65864
2.66205
2.66787
2.67405
2.67999
2.68572
2.691
2.69533
2.69665
2.69704
2.69692
2.69588
2.69232
2.68922
2.68784
2.6861
2.6825
2.67062
2.63249
2.59871
2.57731
2.54169
2.43271
1
1.00001
1.00002
1.00007
1.00008
1.00036
1.00044
1.00201
1.00217
1.01165
1.01351
1.06177
1.16245
1.40196
1.94947
2.52398
2.72257
2.68273
2.65134
2.64312
2.6454
2.65583
2.66238
2.66404
2.6638
2.66227
2.66116
2.66125
2.66254
2.66656
2.67178
2.67654
2.67985
2.68082
2.68108
2.68103
2.68058
2.6792
2.67718
2.67306
2.66851
2.66513
2.66021
2.65482
2.64401
2.61363
2.55778
2.50879
2.43248
2.38155
1
1.00001
1.00002
1.00007
1.0001
1.00035
1.00054
1.00198
1.00267
1.00986
1.01479
1.06023
1.16205
1.38368
1.94649
2.51438
2.70489
2.66851
2.65272
2.65221
2.65578
2.66638
2.66835
2.66784
2.66499
2.66074
2.65828
2.65775
2.65816
2.66013
2.66367
2.66618
2.66802
2.66891
2.66887
2.6684
2.66742
2.66586
2.66252
2.65699
2.65039
2.64265
2.63674
2.62521
2.61381
2.59333
2.54027
2.49198
2.39605
2.34616
1.00001
1.00001
1.00005
1.00005
1.0002
1.00025
1.0008
1.00108
1.00369
1.01078
1.01305
1.0554
1.15855
1.36436
1.92802
2.46823
2.69283
2.67415
2.6699
2.66797
2.66844
2.66996
2.66831
2.66383
2.65827
2.6533
2.64991
2.64852
2.64854
2.64909
2.65067
2.65293
2.65482
2.65582
2.65585
2.65533
2.65418
2.6519
2.64895
2.64287
2.63554
2.62633
2.61463
2.60285
2.5846
2.56869
2.52778
2.49151
2.40917
2.35094
1.00001
1.00001
1.00006
1.00005
1.00031
1.0003
1.00166
1.00189
1.0078
1.00655
1.03473
0.969927
1.16075
1.37396
1.93301
2.47961
2.72736
2.70984
2.69095
2.67427
2.66565
2.66028
2.65578
2.6513
2.64752
2.64521
2.64365
2.64276
2.64237
2.6425
2.64318
2.64471
2.64593
2.64617
2.64593
2.64494
2.64306
2.63985
2.63416
2.62814
2.61894
2.61143
2.59662
2.58601
2.56473
2.5495
2.51843
2.48524
2.43985
2.37623
1.00001
1.00001
1.00005
1.00005
1.00029
1.00027
1.00161
1.00194
1.00802
1.00628
1.03727
0.957729
1.15657
1.35555
1.95135
2.49976
2.74487
2.72468
2.6981
2.67169
2.65901
2.65339
2.65054
2.64709
2.64405
2.64149
2.63895
2.63537
2.63305
2.63297
2.63396
2.63627
2.63772
2.63815
2.63801
2.63728
2.6351
2.63216
2.62546
2.61975
2.60861
2.60143
2.58671
2.57699
2.55688
2.54235
2.51741
2.48843
2.4498
2.4099
1
1
1
1.00002
1.00002
1.00005
0.999973
1.00044
0.997975
1.00779
0.97398
1.02867
1.01169
1.61082
2.42428
2.5653
2.62072
2.61659
2.60802
2.6096
2.61496
2.6233
2.63295
2.63595
2.63591
2.63509
2.6332
2.6306
2.62807
2.62476
2.62196
2.61937
2.61841
2.61643
2.61411
2.61287
2.61258
2.61234
2.61002
2.60642
2.59778
2.59133
2.57762
2.56828
2.5507
2.53545
2.51572
2.49205
2.46251
2.42897
1
1
1.00002
1.00002
1.00012
1.00016
1.00065
1.00102
1.00396
1.00664
1.02295
1.03645
1.0682
1.48336
2.32265
2.5304
2.59791
2.58852
2.58231
2.58393
2.59064
2.5953
2.60074
2.60617
2.60914
2.61036
2.6104
2.61017
2.60913
2.60747
2.60546
2.60419
2.60219
2.60009
2.59485
2.58866
2.58023
2.57403
2.56989
2.5681
2.56384
2.56009
2.55166
2.54192
2.52986
2.51485
2.50041
2.48248
2.45958
2.43389
1
1
1.00002
1.00002
1.00012
1.00013
1.00062
1.0009
1.00354
1.00541
1.02158
1.0312
1.12114
1.3945
2.13612
2.46825
2.60609
2.59455
2.58687
2.57824
2.57938
2.5819
2.58431
2.58774
2.59106
2.59317
2.59479
2.5969
2.59968
2.60233
2.60326
2.60316
2.60241
2.60072
2.59621
2.58935
2.577
2.56637
2.55296
2.54359
2.5326
2.52374
2.51483
2.50393
2.49288
2.47943
2.46461
2.45011
2.43273
2.41652
1
1
1.00002
1.00002
1.00008
1.00014
1.00055
1.00083
1.00353
1.0045
1.01966
1.02901
1.13009
1.33049
1.94476
2.40187
2.62662
2.61789
2.60942
2.59373
2.58865
2.59061
2.59167
2.59314
2.59403
2.59539
2.59762
2.60073
2.60458
2.60857
2.61123
2.612
2.61172
2.61057
2.60731
2.60233
2.59076
2.57613
2.55824
2.54405
2.52998
2.51621
2.50374
2.49078
2.4771
2.46336
2.44804
2.43277
2.41584
2.39972
1
1
1.00002
1.00002
1.00009
1.00011
1.00056
1.00067
1.00326
1.00417
1.0179
1.02627
1.11481
1.27127
1.83165
2.30375
2.62674
2.64221
2.631
2.60886
2.59454
2.59531
2.59686
2.6008
2.60531
2.60863
2.61337
2.61649
2.61912
2.62052
2.62052
2.61982
2.61819
2.61591
2.61288
2.61029
2.60503
2.59752
2.58309
2.56441
2.54464
2.52582
2.50939
2.49389
2.47899
2.46387
2.44876
2.43315
2.41687
2.4011
1
1
1.00001
1.00001
1.00007
1.00007
1.00042
1.00051
1.00279
1.0037
1.01635
1.02254
1.10284
1.25563
1.76319
2.28049
2.63196
2.65888
2.64344
2.6088
2.6022
2.6056
2.61409
2.63085
2.64173
2.64513
2.64499
2.64111
2.63409
2.62934
2.62565
2.62235
2.61897
2.61584
2.61257
2.60995
2.60674
2.60255
2.59584
2.58492
2.57126
2.5534
2.53466
2.51488
2.49707
2.47807
2.46173
2.44453
2.42855
2.41382
0.999999
0.999997
0.999997
0.999984
0.999978
0.999929
0.999978
0.999707
1.00111
0.995786
1.02782
0.910859
1.08411
1.18993
1.7968
2.58907
2.66444
2.66772
2.64871
2.60747
2.59842
2.60065
2.60994
2.62799
2.63797
2.64149
2.64114
2.63863
2.63368
2.62944
2.62599
2.62329
2.61951
2.61479
2.609
2.60383
2.59962
2.5959
2.59097
2.58324
2.57229
2.55824
2.54266
2.52503
2.50751
2.48888
2.4717
2.45445
2.43809
2.42366
0.999999
0.999996
0.999996
0.999974
0.999964
0.999806
0.99976
0.998964
0.999654
0.994669
1.0221
0.914893
1.07043
1.1658
1.74411
2.5668
2.65624
2.66573
2.65014
2.61457
2.5902
2.58654
2.58599
2.58863
2.59097
2.59446
2.59676
2.59853
2.60074
2.60281
2.60289
2.60243
2.60119
2.59831
2.59221
2.58395
2.5756
2.56882
2.56266
2.5573
2.55067
2.54128
2.52998
2.51586
2.50125
2.48454
2.46815
2.45205
2.4365
2.42282
1
1
1
0.999995
1.00001
0.999925
1.00001
0.999394
0.999719
0.994992
1.01641
0.912307
1.07609
1.13078
1.72664
2.59159
2.64241
2.64172
2.61668
2.57807
2.55461
2.5497
2.54896
2.55013
2.55494
2.56382
2.57078
2.57637
2.58009
2.58386
2.58987
2.59452
2.59546
2.59459
2.59193
2.58538
2.57494
2.56407
2.55288
2.54239
2.53244
2.52206
2.51152
2.49985
2.48834
2.4754
2.46205
2.44818
2.43446
2.42212
1
1.00001
1.00001
1.00002
1.00004
1.0001
1.00028
1.0005
1.00181
1.00268
1.00975
1.02018
1.06992
1.20574
1.53834
2.14338
2.57105
2.67068
2.6522
2.64363
2.63516
2.62223
2.60812
2.59586
2.5879
2.58586
2.58071
2.57667
2.57311
2.57196
2.57236
2.57561
2.58431
2.59381
2.59913
2.59924
2.59694
2.59043
2.57516
2.55611
2.53973
2.52525
2.51228
2.49959
2.48759
2.47549
2.46365
2.45183
2.44051
2.43007
1
1
1
1.00002
1.00002
1.0001
1.00005
1.00028
1.00052
0.999499
1.00306
0.96279
1.05945
1.03955
1.64683
2.46123
2.57996
2.62502
2.60916
2.60167
2.60247
2.6052
2.60426
2.60351
2.60166
2.59928
2.59608
2.58914
2.58023
2.574
2.57139
2.57127
2.57352
2.58257
2.59406
2.60036
2.60204
2.60139
2.5983
2.58889
2.5691
2.54621
2.52446
2.50664
2.49188
2.47883
2.46757
2.45671
2.44723
2.43871
1
1
1
1.00002
1.00003
1.00013
1.00014
1.00071
1.0009
1.00393
1.00569
1.02
1.04295
1.09112
1.53589
2.39419
2.56292
2.60899
2.58971
2.5699
2.56811
2.5729
2.58051
2.5849
2.58603
2.5856
2.58363
2.58305
2.58591
2.58996
2.5909
2.58993
2.58835
2.58915
2.59139
2.59498
2.59784
2.5985
2.59757
2.59354
2.58234
2.56534
2.54608
2.52568
2.50627
2.48915
2.47519
2.46237
2.45168
2.4422
1
1
1
1.00002
1.00002
1.00012
1.00013
1.0007
1.00084
1.00342
1.00521
1.02045
1.0322
1.09529
1.43496
2.18033
2.53938
2.62198
2.59787
2.57349
2.56462
2.56465
2.56697
2.56903
2.5699
2.57036
2.57088
2.57462
2.58604
2.60035
2.61199
2.61824
2.6196
2.61804
2.61182
2.60279
2.59613
2.59267
2.59111
2.58823
2.58063
2.56668
2.5509
2.53448
2.51745
2.49948
2.48319
2.46846
2.45613
2.44567
1
1
1
1.00001
1.00002
1.00008
1.00011
1.00051
1.0007
1.00242
1.00459
1.01579
1.03467
1.1407
1.35991
2.01761
2.44657
2.63833
2.62296
2.60461
2.59236
2.58285
2.57806
2.57715
2.57691
2.57727
2.58037
2.59171
2.61129
2.62901
2.64001
2.64409
2.64367
2.63767
2.62098
2.59975
2.58024
2.56611
2.55741
2.55266
2.54883
2.54387
2.5371
2.52704
2.51638
2.5058
2.49517
2.48382
2.47191
2.46038
1
1
1
1.00001
1.00001
1.00007
1.00008
1.00046
1.00045
1.00339
0.996967
1.03623
0.904609
1.10429
1.23435
1.88607
2.6462
2.70861
2.67746
2.64326
2.61469
2.59497
2.57868
2.57087
2.56669
2.5644
2.56591
2.57406
2.59429
2.61587
2.63
2.63609
2.63667
2.63263
2.61704
2.59117
2.56665
2.5466
2.53218
2.52265
2.51678
2.51271
2.50941
2.50739
2.50551
2.5036
2.50065
2.49808
2.49392
2.49047
1
1
1
1.00001
1.00001
1.00005
1.0001
1.00035
1.00059
1.00171
1.00523
1.01048
1.03537
1.08889
1.30017
1.84369
2.30843
2.62645
2.65467
2.64044
2.61371
2.59381
2.58171
2.58015
2.57956
2.57913
2.57971
2.58251
2.58732
2.59375
2.60364
2.61344
2.61821
2.61801
2.61205
2.59568
2.57741
2.5608
2.54477
2.53061
2.52038
2.51326
2.50831
2.50532
2.5035
2.50268
2.50153
2.50037
2.49881
2.49709
1
1
1
1.00001
1.00001
1.00007
1.00008
1.00043
1.00052
1.00254
1.0037
1.01271
1.03053
1.08809
1.25351
1.71437
2.25241
2.59001
2.64358
2.62571
2.5918
2.58299
2.58574
2.59517
2.61603
2.62861
2.6313
2.63045
2.62562
2.61685
2.60841
2.59812
2.59254
2.59081
2.58896
2.58405
2.57319
2.56222
2.55361
2.5458
2.53809
2.53014
2.52387
2.519
2.51497
2.51225
2.50966
2.50739
2.50515
2.50314
1
1
1
1
0.999999
1.00001
0.999961
1.00002
0.999722
1.00104
0.995769
1.0265
0.913339
1.07925
1.17877
1.76456
2.54692
2.62623
2.64011
2.62676
2.59044
2.57192
2.57161
2.57548
2.58663
2.60428
2.617
2.62159
2.62128
2.61843
2.61032
2.59867
2.58788
2.57867
2.57059
2.56396
2.55875
2.55469
2.55113
2.54852
2.54713
2.54616
2.54519
2.54443
2.54291
2.54148
2.53853
2.53421
2.52882
2.52213
1
1
0.999999
0.999998
0.999988
0.999963
0.99987
0.999786
0.998999
0.999598
0.993162
1.02037
0.912131
1.06413
1.15293
1.71538
2.55093
2.60639
2.61779
2.60348
2.57709
2.55598
2.54988
2.54733
2.5467
2.54817
2.5558
2.5697
2.58553
2.59733
2.60099
2.60047
2.59768
2.59221
2.58584
2.57926
2.57339
2.56725
2.56217
2.55777
2.55424
2.55165
2.54948
2.54844
2.5466
2.5451
2.54194
2.53706
2.5309
2.52355
1
1
1
0.999999
0.999991
0.999979
0.999929
0.999824
0.999129
0.999646
0.993157
1.01945
0.911554
1.06373
1.13932
1.70318
2.53615
2.59369
2.6076
2.59294
2.56266
2.53493
2.52342
2.52
2.51987
2.52145
2.53053
2.5526
2.57998
2.60402
2.62185
2.63379
2.63961
2.64061
2.63928
2.6334
2.62061
2.60334
2.58462
2.5651
2.54758
2.5329
2.52101
2.51218
2.50572
2.50015
2.49643
2.49209
2.4886
2.48494
1
1
1
1.00001
1.00001
1.00005
1.00007
1.00029
1.00036
1.00166
1.00225
1.01023
1.02143
1.06528
1.20289
1.50351
2.14333
2.53407
2.63046
2.60622
2.60257
2.59711
2.59752
2.60061
2.5989
2.5901
2.58225
2.58073
2.58249
2.58943
2.5983
2.60533
2.61017
2.61245
2.61268
2.6116
2.6073
2.59708
2.58365
2.56849
2.5524
2.53738
2.52459
2.51385
2.5068
2.49975
2.49562
2.48943
2.4849
2.48028
1
1
1
1
1
1.00002
1.00002
1.00002
0.999951
0.999985
0.998406
1.00205
0.982857
1.03776
1.01118
1.63896
2.45925
2.54078
2.5788
2.56355
2.5631
2.5675
2.57783
2.58683
2.59231
2.59608
2.60236
2.60513
2.60478
2.60502
2.60594
2.60569
2.60298
2.59718
2.59142
2.58666
2.58306
2.57986
2.57535
2.56871
2.56144
2.55264
2.54442
2.5351
2.5287
2.5207
2.5164
2.50968
2.50351
2.49718
1
1
1
1
1.00002
1.00002
1.00011
1.00013
1.0005
1.00044
1.00327
1.00506
0.999193
1.05533
1.11879
1.56601
2.36584
2.51523
2.55803
2.5417
2.52885
2.52973
2.53593
2.54611
2.55597
2.56775
2.58526
2.60553
2.62524
2.63881
2.64446
2.645
2.64266
2.6338
2.61859
2.60263
2.58707
2.57292
2.56126
2.55159
2.54281
2.53431
2.52659
2.51899
2.51285
2.50681
2.50254
2.49757
2.49395
2.48966
1
1
1
1.00001
1.00003
1.00003
1.00018
1.00018
1.00114
1.00135
1.0073
1.00042
1.04754
0.905082
1.13504
1.31928
1.96019
2.53332
2.72166
2.67541
2.62607
2.59068
2.57214
2.57148
2.57137
2.57193
2.57533
2.58048
2.58539
2.58931
2.59147
2.59218
2.59206
2.59108
2.58818
2.58308
2.57742
2.57212
2.56717
2.56181
2.55535
2.54759
2.53958
2.53201
2.52567
2.51921
2.5135
2.50629
2.50115
2.49509
1
1
1
1
1.00002
1.00002
1.00012
1.00011
1.00062
1.00075
1.00232
1.00589
1.01824
1.03844
1.1556
1.34561
1.98206
2.40358
2.65201
2.63214
2.62001
2.59323
2.58257
2.58327
2.58541
2.58958
2.59269
2.59515
2.59723
2.59878
2.59945
2.59912
2.59691
2.59206
2.58668
2.58156
2.57743
2.57442
2.57177
2.568
2.56236
2.55504
2.5472
2.5392
2.53198
2.52452
2.51871
2.51199
2.50788
2.50289
1
1
1
1
1.00002
1.00002
1.0001
1.00013
1.00059
1.00069
1.00345
1.00442
1.01901
1.02659
1.11335
1.27835
1.84134
2.31255
2.61954
2.62632
2.61287
2.58463
2.56777
2.56824
2.57144
2.57916
2.59332
2.60729
2.61727
2.62271
2.6249
2.62508
2.62408
2.61911
2.60619
2.58899
2.57238
2.55782
2.54567
2.5357
2.52738
2.52021
2.51398
2.50852
2.50377
2.4995
2.49586
2.49268
2.49103
2.4899
1
1
1
1
1.00001
1.00001
1.00007
1.00009
1.00038
1.00057
1.00243
1.00387
1.01405
1.03114
1.08766
1.29282
1.81875
2.27917
2.61339
2.64107
2.62411
2.58471
2.56749
2.56956
2.57614
2.59207
2.61003
2.61977
2.62341
2.62386
2.62345
2.62239
2.62058
2.61651
2.60502
2.58531
2.56471
2.54591
2.53015
2.5176
2.50794
2.50066
2.49522
2.49115
2.48806
2.48572
2.48393
2.4827
2.48245
2.48245
1
1
1
1
1.00001
1.00001
1.00006
1.00007
1.00032
1.00056
1.00123
1.00448
1.00903
1.03264
1.08251
1.28088
1.78395
2.25559
2.60205
2.65131
2.63134
2.5924
2.58597
2.59081
2.60617
2.62618
2.63458
2.63471
2.63114
2.62463
2.62176
2.62021
2.61878
2.61558
2.60564
2.58466
2.56232
2.54224
2.52577
2.51313
2.50394
2.4975
2.49308
2.49008
2.48804
2.48661
2.48567
2.48524
2.48548
2.48689
1
0.999999
0.999999
0.999997
0.999997
0.999985
0.999978
0.999937
1.00001
0.999725
1.00117
0.995749
1.02858
0.909485
1.08553
1.19594
1.80562
2.59392
2.66839
2.67262
2.65488
2.61311
2.59202
2.58976
2.59181
2.59393
2.59349
2.59001
2.58516
2.58302
2.58309
2.58408
2.5844
2.58376
2.58049
2.57343
2.56739
2.5637
2.56204
2.56172
2.56186
2.56198
2.56177
2.5604
2.55588
2.54662
2.53622
2.5264
2.5201
2.51545
1
1
0.999999
0.999996
0.999995
0.999973
0.999963
0.999864
0.999774
0.999165
0.99991
0.994922
1.02405
0.912999
1.0744
1.17625
1.76345
2.57919
2.66364
2.67256
2.65876
2.62668
2.6001
2.58493
2.57602
2.56773
2.56187
2.55696
2.55398
2.55272
2.55237
2.55241
2.55257
2.55268
2.553
2.55461
2.5603
2.57156
2.58275
2.59144
2.59675
2.59895
2.59907
2.59744
2.59142
2.5779
2.56258
2.54406
2.52849
2.51248
1
1
1
1
1.00001
0.999999
1.00005
0.999906
0.999998
0.999065
0.999843
0.994296
1.02434
0.911423
1.07455
1.16951
1.77335
2.6032
2.67401
2.67258
2.6464
2.60339
2.57393
2.55837
2.55091
2.5467
2.54438
2.54362
2.54376
2.54443
2.54512
2.54533
2.54524
2.54482
2.54429
2.54418
2.5444
2.54591
2.55101
2.56083
2.57079
2.57875
2.58333
2.58487
2.58473
2.58255
2.57419
2.55299
2.52901
2.50448
1
1
1
1
1
1.00002
1.00004
1.00007
1.00031
1.00033
1.00165
1.00272
1.0113
1.0222
1.09692
1.20305
1.71329
2.17241
2.5985
2.67163
2.64514
2.63133
2.63369
2.64144
2.6427
2.6371
2.62332
2.60918
2.59795
2.59058
2.58679
2.58521
2.58447
2.58352
2.58111
2.57329
2.55629
2.53792
2.52291
2.51331
2.50933
2.50937
2.51251
2.52014
2.52586
2.52782
2.52756
2.52475
2.51908
2.51145
1
1
1
1
1.00001
1.00002
1.00007
1.0001
1.00042
1.00054
1.00237
1.00302
1.0123
1.01827
1.07836
1.18879
1.57187
2.08089
2.5641
2.69609
2.68058
2.68466
2.68681
2.68185
2.66837
2.653
2.64017
2.62785
2.61651
2.60704
2.59933
2.59294
2.58814
2.58502
2.58208
2.57605
2.56441
2.54904
2.53282
2.51829
2.50696
2.49957
2.49605
2.49566
2.49787
2.50525
2.51612
2.52595
2.53469
2.54112
1
1
1
1.00001
1.00001
1.00003
1.00004
1.00013
1.00033
1.00059
1.00201
1.00321
1.01312
1.01943
1.0802
1.18001
1.56498
2.05961
2.56113
2.71718
2.70713
2.70595
2.69826
2.67956
2.66076
2.64919
2.63756
2.62685
2.61572
2.6051
2.59595
2.58867
2.58306
2.57913
2.57668
2.5743
2.56932
2.5594
2.54629
2.53239
2.51985
2.5104
2.50498
2.50347
2.50488
2.51146
2.5245
2.5362
2.5456
2.55148
2.23509
2.65547
2.69718
3.01999
3.40003
3.2858
3.2745
3.25187
3.24408
3.24001
3.23765
3.23101
3.22464
3.21491
3.2054
3.19506
3.18669
3.17817
3.16971
3.16129
3.15421
3.14475
3.13616
3.12719
3.11958
3.11255
3.10224
3.09581
3.08751
3.08186
3.07136
3.06535
3.05766
3.0525
3.04406
3.03712
3.02759
3.02019
3.01158
3.00477
2.99692
2.98991
2.9818
2.97396
2.96573
2.95711
2.949
2.94048
2.93194
2.92331
2.91489
2.90647
2.89837
2.89029
2.88232
2.87438
2.86663
2.85883
2.85148
2.84398
2.83699
2.82998
2.82323
2.81676
2.81019
2.80413
2.79781
2.79194
2.78605
2.78028
2.77486
2.76943
2.76442
2.75952
2.75523
2.7505
2.74737
2.74343
2.74036
2.73857
2.7358
2.73486
2.73301
2.73184
2.73062
2.73081
2.73148
2.73247
2.73373
2.73495
2.736
2.73718
2.7378
2.7382
2.73829
2.73799
2.73726
2.73526
2.73426
2.72743
2.24274
2.46547
2.54414
2.70907
2.78029
2.86871
2.94782
3.03745
3.09742
3.14682
3.18607
3.21256
3.21923
3.21262
3.19431
3.14606
3.0933
3.04718
3.00689
2.97129
2.94029
2.91116
2.88423
2.85693
2.83005
2.80226
2.77737
2.75209
2.73047
2.70836
2.69009
2.67215
2.65731
2.64266
2.63019
2.61796
2.60709
2.59637
2.58723
2.57831
2.57101
2.56375
2.55759
2.55131
2.54588
2.54055
2.53593
2.53134
2.52688
2.52212
2.51682
2.51109
2.50478
2.49825
2.49175
2.48547
2.47973
2.47463
2.47017
2.46635
2.46312
2.46033
2.45783
2.45563
2.45384
2.45202
2.45042
2.44949
2.44842
2.44776
2.44782
2.44817
2.44908
2.45065
2.4529
2.45599
2.45945
2.46417
2.46928
2.47536
2.4824
2.4894
2.49708
2.50413
2.51147
2.51926
2.52765
2.53543
2.54313
2.5499
2.55619
2.56172
2.56647
2.57044
2.57353
2.57551
2.57688
2.57689
2.57678
2.5722
2.27173
2.30462
2.38933
2.45657
2.5088
2.53787
2.55628
2.57132
2.58435
2.59444
2.61005
2.62256
2.63415
2.64901
2.65763
2.65954
2.6591
2.65679
2.64928
2.63243
2.61225
2.59348
2.57716
2.56156
2.54705
2.53358
2.52092
2.50852
2.49659
2.48529
2.47432
2.4642
2.45459
2.44581
2.43662
2.42759
2.41824
2.40886
2.3993
2.38936
2.3793
2.36905
2.35886
2.34871
2.33876
2.32899
2.3196
2.31064
2.30231
2.29469
2.28767
2.28128
2.27523
2.26949
2.26386
2.25823
2.25284
2.24754
2.24294
2.23885
2.23571
2.23343
2.23185
2.23107
2.2307
2.23072
2.23087
2.23105
2.23115
2.23105
2.23064
2.22978
2.2282
2.22637
2.22409
2.22102
2.21817
2.21509
2.21158
2.20893
2.2068
2.20476
2.203
2.20224
2.20254
2.20343
2.2057
2.20793
2.21259
2.21607
2.22175
2.22563
2.23158
2.23523
2.2408
2.24375
2.24861
2.25053
2.25487
2.25452
2.28634
2.27023
2.29317
2.32268
2.35206
2.37016
2.38046
2.38857
2.39286
2.39461
2.39623
2.39677
2.39727
2.39621
2.39663
2.39813
2.40187
2.40799
2.41477
2.42272
2.43072
2.4374
2.44217
2.44435
2.44471
2.44395
2.44066
2.43366
2.4252
2.41668
2.40766
2.39897
2.39075
2.38346
2.37617
2.36895
2.3617
2.35478
2.3478
2.34039
2.33237
2.32367
2.31427
2.30422
2.29367
2.28274
2.27153
2.26018
2.24885
2.23779
2.22715
2.21702
2.20741
2.19829
2.1897
2.18164
2.174
2.16672
2.15975
2.1532
2.14726
2.14219
2.13827
2.13572
2.13454
2.13436
2.13456
2.13537
2.13729
2.13993
2.1429
2.14617
2.14973
2.15344
2.15717
2.16081
2.16384
2.1665
2.16799
2.16878
2.16882
2.16801
2.166
2.16304
2.16075
2.15818
2.15608
2.15408
2.15252
2.15155
2.15118
2.1509
2.15088
2.15083
2.15104
2.15112
2.15136
2.15137
2.15171
2.14957
2.30166
2.27371
2.26098
2.26381
2.2701
2.27513
2.27683
2.27775
2.27807
2.27753
2.2772
2.27575
2.2742
2.27432
2.27542
2.27743
2.28053
2.28603
2.29146
2.29781
2.30481
2.31272
2.32006
2.32628
2.3318
2.3353
2.33632
2.33603
2.33515
2.33328
2.32937
2.3248
2.31979
2.31453
2.30869
2.30246
2.2961
2.29013
2.28457
2.27929
2.2742
2.26902
2.26341
2.25717
2.25024
2.24265
2.23434
2.22543
2.21589
2.20607
2.19604
2.18606
2.17617
2.1664
2.15672
2.14746
2.13842
2.13017
2.1222
2.11479
2.10757
2.10037
2.09345
2.08652
2.08032
2.0746
2.07002
2.0662
2.06361
2.06182
2.06093
2.06093
2.06118
2.06189
2.06299
2.06448
2.06583
2.06777
2.06916
2.07156
2.07353
2.07646
2.07845
2.08114
2.08387
2.08628
2.0902
2.09276
2.09649
2.09904
2.10226
2.10443
2.10689
2.10846
2.10999
2.11091
2.11168
2.11191
2.11247
2.11023
2.33606
2.28749
2.26474
2.24612
2.23466
2.2266
2.21987
2.21288
2.2078
2.20331
2.20005
2.19908
2.199
2.19962
2.20139
2.20614
2.21071
2.2177
2.22575
2.23404
2.24221
2.25022
2.25732
2.2634
2.26879
2.27231
2.27509
2.27684
2.27691
2.27627
2.27496
2.27289
2.27038
2.26749
2.26378
2.25901
2.25373
2.2485
2.24323
2.2382
2.23338
2.22923
2.22519
2.22117
2.21658
2.21132
2.20529
2.1984
2.19112
2.1834
2.17565
2.16776
2.1597
2.15144
2.14269
2.13352
2.12388
2.11382
2.10359
2.09313
2.08294
2.07297
2.06379
2.05535
2.0481
2.04192
2.03695
2.03319
2.03052
2.02869
2.02808
2.02816
2.02855
2.02947
2.03099
2.03272
2.03454
2.03659
2.0385
2.04067
2.0428
2.04498
2.04681
2.04826
2.05043
2.05151
2.05392
2.05551
2.0577
2.0593
2.06117
2.06268
2.06398
2.06506
2.06565
2.06602
2.06592
2.06567
2.06544
2.06227
2.37558
2.32208
2.27909
2.25296
2.23013
2.20979
2.19362
2.17938
2.16861
2.16088
2.15411
2.15173
2.15189
2.15326
2.15624
2.16031
2.1686
2.17646
2.18755
2.19871
2.20887
2.21801
2.22532
2.23109
2.23475
2.23714
2.2385
2.23864
2.23825
2.23725
2.23591
2.23388
2.23249
2.23129
2.22841
2.22593
2.22319
2.22009
2.21664
2.21323
2.20953
2.20544
2.20067
2.19539
2.1899
2.18425
2.17877
2.17313
2.16774
2.16245
2.15755
2.15284
2.14808
2.14287
2.1366
2.12928
2.12051
2.11062
2.0995
2.08771
2.07551
2.06343
2.05202
2.04156
2.03258
2.02503
2.01914
2.0148
2.01168
2.00995
2.00961
2.00979
2.01043
2.01176
2.01354
2.01542
2.01728
2.01918
2.02106
2.02283
2.02501
2.02672
2.02895
2.03026
2.03247
2.03437
2.03609
2.03843
2.04039
2.0423
2.04404
2.04563
2.04678
2.04777
2.04813
2.04806
2.04775
2.04695
2.0464
2.04206
2.38765
2.34707
2.30393
2.2654
2.23638
2.2122
2.1921
2.17331
2.15722
2.14669
2.1378
2.13162
2.13097
2.13177
2.13525
2.1396
2.14724
2.1571
2.16739
2.18011
2.19133
2.20134
2.20976
2.2163
2.21968
2.22003
2.2195
2.21777
2.21427
2.21092
2.20745
2.2043
2.20145
2.20027
2.19846
2.19862
2.20015
2.20165
2.20192
2.20164
2.20037
2.19698
2.19076
2.18263
2.17381
2.16511
2.15754
2.15123
2.14626
2.14236
2.13945
2.13753
2.13607
2.13443
2.13138
2.12653
2.1193
2.10982
2.09835
2.08569
2.0726
2.05963
2.04761
2.03672
2.02753
2.01993
2.01406
2.00983
2.00686
2.00524
2.00497
2.00517
2.00584
2.00714
2.00886
2.01061
2.0124
2.01418
2.01583
2.01751
2.01924
2.02089
2.02236
2.02373
2.02473
2.0263
2.02715
2.02804
2.02893
2.0294
2.02948
2.02938
2.02895
2.02772
2.02655
2.02405
2.02239
2.01911
2.01756
2.01073
2.38177
2.34761
2.31303
2.2786
2.2468
2.21815
2.19503
2.17626
2.15952
2.147
2.13848
2.13085
2.12832
2.12888
2.13087
2.13622
2.14098
2.15126
2.16054
2.1716
2.1837
2.19433
2.20388
2.21029
2.21238
2.2121
2.21013
2.20454
2.19706
2.18986
2.18263
2.17654
2.17254
2.17127
2.17136
2.17562
2.18492
2.1921
2.1956
2.19632
2.19589
2.19374
2.18771
2.17689
2.1646
2.15245
2.14183
2.13373
2.12848
2.12559
2.12416
2.12345
2.1231
2.12288
2.12244
2.12109
2.11726
2.10874
2.09715
2.08438
2.07127
2.05849
2.04682
2.03636
2.02765
2.02044
2.01487
2.01081
2.00802
2.00633
2.00593
2.00607
2.00657
2.00762
2.00896
2.0103
2.01166
2.01285
2.01406
2.01504
2.01601
2.01694
2.01739
2.01761
2.01762
2.01741
2.01703
2.01609
2.01463
2.01325
2.01113
2.00894
2.00631
2.00321
2.00019
1.99603
1.99315
1.98835
1.98623
1.97864
2.37367
2.34733
2.31774
2.28602
2.25705
2.23085
2.20826
2.19059
2.17702
2.1668
2.1594
2.1558
2.15238
2.14935
2.14937
2.1502
2.15209
2.15547
2.16275
2.16931
2.17983
2.18956
2.19813
2.20433
2.20594
2.20496
2.20031
2.18937
2.17738
2.16659
2.15803
2.1531
2.15178
2.1525
2.15741
2.16883
2.18043
2.18888
2.19318
2.19411
2.19354
2.1905
2.18184
2.16766
2.15304
2.13997
2.12972
2.12274
2.11877
2.11703
2.11653
2.11646
2.11644
2.11638
2.11597
2.11423
2.1094
2.10038
2.08955
2.07806
2.06647
2.05545
2.04537
2.03646
2.0289
2.0227
2.01781
2.01419
2.01158
2.00989
2.00891
2.00843
2.00834
2.00842
2.0086
2.00878
2.00888
2.00884
2.00866
2.00821
2.00762
2.00676
2.00576
2.00418
2.00249
2.00015
1.99785
1.99492
1.99169
1.98831
1.98437
1.98065
1.97681
1.97323
1.9699
1.96705
1.9646
1.96242
1.96193
1.95875
2.3758
2.35222
2.32781
2.30228
2.27966
2.25973
2.24319
2.22932
2.21781
2.20827
2.19864
2.18921
2.18082
2.17253
2.16384
2.15752
2.15581
2.15621
2.15842
2.16273
2.17106
2.17838
2.18424
2.18813
2.18832
2.18513
2.1752
2.16291
2.15345
2.14704
2.14344
2.1426
2.14318
2.1472
2.15807
2.17065
2.18081
2.18677
2.18875
2.18856
2.18623
2.17888
2.1657
2.15178
2.13907
2.12885
2.12159
2.11716
2.11491
2.11391
2.11344
2.11315
2.11289
2.11232
2.11058
2.10615
2.09858
2.08972
2.08009
2.0704
2.06088
2.05194
2.04377
2.03642
2.03013
2.02469
2.02013
2.0163
2.01305
2.01032
2.00796
2.00588
2.00399
2.00226
2.00063
1.99909
1.99764
1.99617
1.99467
1.9931
1.99142
1.98952
1.98742
1.98503
1.98237
1.97942
1.97633
1.97311
1.96991
1.96677
1.96377
1.96102
1.95868
1.95666
1.95501
1.95385
1.95356
1.9534
1.95469
1.95325
2.39032
2.37192
2.35431
2.33619
2.31816
2.30085
2.28438
2.26805
2.25202
2.23645
2.2212
2.20584
2.19138
2.17881
2.16739
2.15748
2.15169
2.15072
2.1514
2.15419
2.15814
2.16372
2.16654
2.16713
2.16501
2.15789
2.15026
2.14504
2.14135
2.13922
2.13898
2.13995
2.14496
2.15503
2.16561
2.17419
2.17904
2.18043
2.18007
2.17748
2.17005
2.15901
2.14774
2.13724
2.12835
2.12171
2.11735
2.11477
2.11325
2.11226
2.11163
2.11115
2.11026
2.10817
2.10371
2.0975
2.09011
2.0821
2.07376
2.06542
2.05732
2.04944
2.04187
2.03463
2.02766
2.02108
2.01498
2.00936
2.00441
2.00022
1.99675
1.99405
1.99214
1.99089
1.99014
1.98976
1.98959
1.98934
1.98887
1.98814
1.987
1.98534
1.9832
1.98065
1.97779
1.97458
1.97127
1.96783
1.96448
1.96142
1.9586
1.95606
1.95372
1.952
1.9513
1.95128
1.95149
1.95228
1.95443
1.95635
2.40182
2.38568
2.3707
2.35557
2.33971
2.32267
2.30457
2.28558
2.26646
2.24747
2.22857
2.21035
2.19359
2.17879
2.16595
2.15554
2.14849
2.14597
2.14612
2.14698
2.14861
2.14919
2.14924
2.14749
2.14301
2.13924
2.13774
2.13736
2.13732
2.13785
2.13961
2.14413
2.15102
2.15846
2.16426
2.16689
2.16736
2.16697
2.16507
2.16016
2.15303
2.1451
2.13686
2.1292
2.12288
2.11808
2.11457
2.11205
2.11029
2.10894
2.10768
2.10603
2.10371
2.1005
2.09635
2.0912
2.08505
2.078
2.07014
2.06169
2.05287
2.0439
2.03506
2.02656
2.01861
2.01144
2.00524
2.00011
1.99607
1.99304
1.99096
1.9897
1.98946
1.98959
1.98999
1.99081
1.99165
1.99219
1.99227
1.99206
1.99128
1.98963
1.98728
1.98432
1.98098
1.97744
1.9737
1.96977
1.96583
1.96208
1.95872
1.95602
1.95455
1.95426
1.95438
1.95489
1.95612
1.95971
1.96299
1.97105
2.40244
2.38774
2.37426
2.36058
2.34567
2.32906
2.31058
2.29062
2.27025
2.25008
2.23092
2.21332
2.1972
2.18257
2.16991
2.15975
2.15231
2.14776
2.14574
2.1451
2.14424
2.14258
2.14047
2.13787
2.13571
2.13451
2.13408
2.13412
2.13456
2.13555
2.13777
2.14056
2.14322
2.1462
2.14935
2.15206
2.15351
2.15365
2.15321
2.15149
2.14726
2.14088
2.13379
2.12656
2.11968
2.11366
2.10886
2.10521
2.10245
2.10039
2.0989
2.09784
2.09685
2.09539
2.09293
2.08889
2.08301
2.07547
2.06672
2.05732
2.0478
2.03853
2.02985
2.02182
2.01484
2.0088
2.00373
1.99986
1.99684
1.99451
1.99335
1.99324
1.99345
1.99413
1.99561
1.99738
1.99908
2.00044
2.00117
2.00125
2.00086
1.99943
1.99648
1.99295
1.98886
1.98415
1.97908
1.97407
1.96956
1.96586
1.96323
1.96191
1.96168
1.96182
1.96267
1.96461
1.96911
1.97487
1.97986
1.98681
2.40294
2.38916
2.37644
2.36334
2.34897
2.33301
2.31491
2.29556
2.27567
2.25609
2.23834
2.22251
2.20834
2.19621
2.18574
2.17699
2.17022
2.1647
2.15954
2.15504
2.15116
2.1474
2.14425
2.14215
2.14022
2.13708
2.1334
2.1305
2.12891
2.12823
2.12798
2.12812
2.12931
2.13287
2.1387
2.14464
2.14886
2.15055
2.15058
2.14981
2.14712
2.14083
2.13249
2.12374
2.11534
2.10819
2.10284
2.0993
2.09714
2.09587
2.09507
2.09456
2.09414
2.09342
2.0918
2.08802
2.08123
2.07276
2.06341
2.05376
2.04445
2.03562
2.02763
2.02071
2.01467
2.00971
2.00599
2.00303
2.00084
1.99991
1.9999
2.00016
2.00094
2.00253
2.00455
2.00665
2.00846
2.00969
2.01007
2.00986
2.00885
2.00631
2.00241
1.99772
1.99239
1.98682
1.98156
1.977
1.97336
1.97076
1.96933
1.96894
1.96906
1.96976
1.97178
1.97531
1.98003
1.98378
1.98786
1.99138
2.41398
2.40278
2.39113
2.3783
2.36403
2.34828
2.33049
2.31177
2.29234
2.27326
2.25515
2.23816
2.22301
2.21012
2.19942
2.19107
2.18487
2.17992
2.17569
2.17225
2.16856
2.1632
2.15661
2.15053
2.14454
2.13728
2.12941
2.12371
2.12106
2.12047
2.12065
2.12167
2.12457
2.13015
2.13732
2.14448
2.14962
2.15175
2.15185
2.15093
2.14741
2.13922
2.12911
2.11926
2.11055
2.10375
2.09921
2.09666
2.09542
2.09489
2.09466
2.0945
2.09422
2.09343
2.09108
2.08554
2.07736
2.0682
2.05868
2.04943
2.04069
2.03272
2.02579
2.01979
2.01492
2.01131
2.0085
2.00634
2.00528
2.0052
2.00542
2.00609
2.00751
2.00926
2.01102
2.0124
2.013
2.01297
2.0124
2.01063
2.00737
2.00324
1.99828
1.99286
1.98745
1.98253
1.97838
1.97513
1.97272
1.97119
1.97065
1.97071
1.97131
1.97305
1.97607
1.97946
1.98263
1.98578
1.98955
1.99081
2.42608
2.41896
2.41028
2.39858
2.38377
2.36673
2.34833
2.32924
2.30972
2.29001
2.27076
2.25265
2.23613
2.22182
2.21022
2.2012
2.1944
2.18905
2.1844
2.17979
2.17381
2.166
2.15754
2.14952
2.14122
2.13231
2.12459
2.12008
2.1186
2.11861
2.11943
2.1223
2.12852
2.13598
2.14332
2.14902
2.15189
2.15235
2.1516
2.14825
2.14005
2.12971
2.11977
2.11096
2.10386
2.09895
2.09625
2.09513
2.0948
2.09477
2.09479
2.09473
2.09421
2.0923
2.08743
2.07962
2.07065
2.0613
2.05206
2.0432
2.03499
2.02764
2.02118
2.01575
2.0115
2.00813
2.00533
2.0034
2.00273
2.00277
2.00311
2.00406
2.00581
2.00778
2.0096
2.01081
2.01106
2.01075
2.00958
2.00685
2.00288
1.99814
1.99293
1.98771
1.98287
1.97872
1.97531
1.97265
1.97069
1.96951
1.96927
1.96947
1.97041
1.97243
1.97531
1.97806
1.98067
1.98362
1.98692
1.98732
2.4287
2.42109
2.41278
2.40131
2.38671
2.36976
2.35149
2.3332
2.31509
2.29671
2.27822
2.2602
2.24358
2.2289
2.21677
2.20737
2.20009
2.19397
2.18765
2.18042
2.17217
2.16269
2.15275
2.14394
2.13615
2.12874
2.12323
2.12084
2.12067
2.12124
2.1232
2.12756
2.13347
2.1398
2.145
2.14774
2.14821
2.14757
2.14468
2.13731
2.12735
2.11773
2.10917
2.10201
2.09649
2.09297
2.09138
2.09096
2.09098
2.09119
2.0914
2.0913
2.09044
2.08768
2.08159
2.07352
2.06462
2.05544
2.04649
2.03812
2.03047
2.02353
2.01737
2.01228
2.00813
2.00469
2.00213
2.00089
2.00075
2.00095
2.00157
2.00301
2.0052
2.00772
2.01017
2.01193
2.01256
2.01248
2.01179
2.00975
2.00557
2.00037
1.99469
1.98899
1.98367
1.97902
1.97515
1.97207
1.96971
1.96825
1.96782
1.96794
1.96863
1.97036
1.97319
1.97591
1.97825
1.9812
1.98436
1.98501
2.43028
2.41953
2.40875
2.39625
2.38162
2.36534
2.34825
2.33122
2.31453
2.29813
2.28189
2.26565
2.25007
2.23588
2.22409
2.21442
2.20612
2.19842
2.18999
2.1805
2.17064
2.16023
2.14976
2.14059
2.13313
2.12625
2.12027
2.117
2.11653
2.11697
2.11853
2.12241
2.12817
2.13405
2.13884
2.14136
2.14159
2.14057
2.13682
2.12821
2.11782
2.10798
2.09939
2.09234
2.08699
2.08366
2.08239
2.08237
2.0829
2.08408
2.08478
2.08487
2.08445
2.0827
2.07808
2.07073
2.06257
2.05426
2.04621
2.03872
2.03188
2.02565
2.0202
2.01572
2.01203
2.00892
2.00675
2.00592
2.00592
2.00619
2.00696
2.00856
2.01078
2.01336
2.01583
2.01757
2.01818
2.01809
2.01737
2.01523
2.01079
2.0052
1.99909
1.99301
1.98738
1.98249
1.97841
1.97513
1.97262
1.97112
1.97068
1.97081
1.97153
1.97335
1.97594
1.97836
1.98039
1.98305
1.98474
1.98467
2.44264
2.42829
2.4144
2.39985
2.38423
2.36778
2.35098
2.33414
2.31745
2.30115
2.28561
2.27151
2.25889
2.24768
2.2379
2.22886
2.21991
2.21053
2.19989
2.18809
2.17581
2.16319
2.15089
2.14035
2.13135
2.12277
2.11527
2.11117
2.11053
2.11103
2.11284
2.11726
2.12397
2.13077
2.13611
2.13862
2.13868
2.13715
2.13178
2.12097
2.10985
2.1002
2.09249
2.08657
2.08238
2.08019
2.07982
2.08025
2.08166
2.083
2.08357
2.0836
2.08315
2.08127
2.07652
2.06956
2.06216
2.05487
2.04818
2.04223
2.03713
2.03294
2.02942
2.02657
2.02454
2.02292
2.02139
2.02049
2.02039
2.02052
2.02092
2.02185
2.02332
2.02482
2.02583
2.02606
2.02587
2.02507
2.02303
2.01944
2.0148
2.00947
2.0039
1.9984
1.9933
1.98895
1.98545
1.98275
1.98089
1.98011
1.98013
1.9807
1.98229
1.98424
1.98532
1.9859
1.98603
1.98586
1.98537
1.98249
2.48156
2.46882
2.45067
2.43018
2.40913
2.38816
2.36772
2.34809
2.32942
2.31182
2.2957
2.28169
2.27062
2.26251
2.25592
2.24912
2.24057
2.22933
2.21569
2.2004
2.18412
2.168
2.15343
2.14119
2.13034
2.1204
2.11275
2.10935
2.10911
2.1099
2.11278
2.11946
2.1269
2.13287
2.13681
2.13797
2.13706
2.13291
2.12351
2.11324
2.10428
2.09695
2.09114
2.08668
2.08378
2.08279
2.0829
2.08362
2.08435
2.08463
2.08459
2.08398
2.08182
2.0771
2.07123
2.06513
2.05922
2.05387
2.04954
2.04641
2.0444
2.04323
2.04263
2.04228
2.04189
2.04144
2.04094
2.04037
2.03967
2.03879
2.03773
2.03644
2.03485
2.03301
2.03096
2.02858
2.02573
2.02242
2.01877
2.01499
2.01132
2.00796
2.00501
2.00246
2.00046
1.99925
1.99891
1.99898
1.99929
1.99989
2.00024
2.00029
1.99989
1.99884
1.9959
1.99339
1.98803
1.98426
1.9802
1.97497
2.49434
2.48794
2.47362
2.45483
2.43472
2.41383
2.39246
2.37101
2.34978
2.32933
2.31074
2.29512
2.28277
2.2732
2.26531
2.25778
2.2492
2.23814
2.22427
2.20829
2.19138
2.1751
2.16087
2.14829
2.13684
2.12816
2.12368
2.12275
2.12331
2.12564
2.12906
2.13166
2.13388
2.13504
2.13487
2.13298
2.12731
2.11932
2.11201
2.10613
2.10181
2.09904
2.0978
2.09739
2.0971
2.09672
2.09599
2.09516
2.09385
2.09112
2.0862
2.0798
2.07257
2.06525
2.05862
2.05322
2.04924
2.04652
2.04491
2.04433
2.04434
2.04463
2.04546
2.04674
2.04791
2.04865
2.04883
2.04858
2.04749
2.04513
2.04225
2.03882
2.03465
2.02979
2.02462
2.01959
2.01507
2.01121
2.00805
2.00556
2.00371
2.00241
2.00182
2.00189
2.0026
2.00447
2.00631
2.00734
2.00771
2.00774
2.00757
2.00684
2.00442
2.0006
1.99439
1.98919
1.98221
1.97835
1.97363
1.97067
2.49702
2.4886
2.47448
2.45759
2.43996
2.42222
2.4042
2.38527
2.36463
2.34302
2.32214
2.30359
2.28829
2.27615
2.26616
2.2566
2.24593
2.23359
2.22001
2.20629
2.19362
2.18256
2.17329
2.166
2.16082
2.15675
2.15312
2.14925
2.14485
2.14085
2.1375
2.13426
2.13026
2.12481
2.11802
2.1113
2.10651
2.10425
2.10372
2.10388
2.10465
2.10637
2.10732
2.10731
2.10704
2.10621
2.10395
2.09873
2.09159
2.08396
2.07619
2.06869
2.06194
2.05608
2.05123
2.04741
2.04439
2.04219
2.04108
2.04094
2.04117
2.04188
2.04317
2.04447
2.04546
2.0458
2.04562
2.04471
2.04246
2.03934
2.0356
2.03118
2.02629
2.02145
2.01707
2.01329
2.01006
2.00735
2.00517
2.00356
2.00258
2.00235
2.00267
2.00395
2.0061
2.00778
2.00862
2.00883
2.0088
2.00846
2.00719
2.00405
1.9989
1.99384
1.98798
1.98337
1.97793
1.97494
1.97111
1.9705
2.50999
2.49482
2.4749
2.45348
2.43434
2.41742
2.4013
2.38424
2.36572
2.34562
2.32496
2.3052
2.28756
2.27215
2.25841
2.24555
2.2332
2.22137
2.21054
2.20126
2.19387
2.18831
2.18386
2.17966
2.17469
2.16866
2.16193
2.155
2.14808
2.14025
2.13105
2.12146
2.11259
2.10456
2.0984
2.09533
2.09478
2.09508
2.0964
2.09936
2.10243
2.10467
2.10561
2.10551
2.10439
2.10089
2.0948
2.08812
2.0813
2.07477
2.06874
2.0633
2.05851
2.05438
2.05094
2.04815
2.04595
2.04423
2.04296
2.0422
2.04162
2.04103
2.04043
2.03985
2.03912
2.03804
2.03662
2.03497
2.0331
2.03096
2.02844
2.02558
2.0226
2.01973
2.01706
2.01457
2.01236
2.0105
2.00905
2.00816
2.00799
2.00827
2.0092
2.00988
2.00993
2.0098
2.0094
2.00837
2.0068
2.0033
2.0002
1.99581
1.99185
1.98771
1.98374
1.98064
1.97747
1.97625
1.97482
1.97538
2.51136
2.49576
2.47387
2.44807
2.42275
2.40196
2.38628
2.37322
2.35959
2.34351
2.32527
2.30641
2.28854
2.27241
2.25788
2.2445
2.23208
2.22083
2.21125
2.20363
2.1977
2.19271
2.18762
2.18188
2.17543
2.16815
2.15968
2.15009
2.13996
2.13007
2.12026
2.11122
2.10339
2.09666
2.09192
2.08999
2.08992
2.09047
2.09211
2.09437
2.09597
2.09648
2.09621
2.09488
2.09169
2.08746
2.08271
2.0778
2.07303
2.06864
2.0647
2.06127
2.05824
2.05564
2.05342
2.05143
2.0496
2.04794
2.04635
2.04484
2.04348
2.04239
2.04149
2.04052
2.03947
2.03839
2.03721
2.03576
2.03396
2.03189
2.02978
2.02772
2.02571
2.02391
2.0224
2.02101
2.01992
2.01927
2.01879
2.01852
2.01798
2.0175
2.01633
2.01546
2.01379
2.01192
2.00986
2.0065
2.00399
1.99985
1.9969
1.99295
1.98992
1.98654
1.98369
1.98134
1.97871
1.97763
1.976
1.9764
2.47932
2.47411
2.46725
2.45421
2.4331
2.41112
2.39288
2.37777
2.36341
2.34836
2.3325
2.31667
2.30135
2.28677
2.27301
2.25998
2.24776
2.23648
2.22612
2.21644
2.2073
2.19839
2.18964
2.18087
2.17177
2.16247
2.15302
2.14337
2.13371
2.12444
2.11599
2.1087
2.10267
2.09821
2.09491
2.09262
2.09136
2.09063
2.09008
2.08956
2.08872
2.08726
2.08518
2.08261
2.07965
2.07643
2.073
2.06958
2.06633
2.06328
2.06036
2.05758
2.05487
2.05223
2.04979
2.04756
2.0457
2.04431
2.04331
2.0427
2.04255
2.0426
2.04282
2.04299
2.04296
2.04275
2.0422
2.04103
2.0393
2.03736
2.03542
2.03344
2.03134
2.02938
2.02737
2.02532
2.02352
2.02212
2.0208
2.02016
2.01902
2.01831
2.01685
2.01583
2.01442
2.01247
2.0108
2.00768
2.00549
2.00194
1.99886
1.99522
1.99148
1.98793
1.98374
1.98094
1.97689
1.97526
1.97268
1.97287
2.47082
2.46615
2.46328
2.46033
2.45655
2.4499
2.43442
2.41123
2.38812
2.36691
2.34783
2.33082
2.31607
2.30344
2.29225
2.28148
2.27012
2.25776
2.24451
2.23107
2.21806
2.20551
2.19353
2.18197
2.17085
2.16014
2.15019
2.1412
2.13292
2.12517
2.1179
2.11107
2.10512
2.10001
2.09588
2.09261
2.08996
2.08793
2.08646
2.08527
2.08404
2.08243
2.08027
2.07752
2.07412
2.07011
2.06583
2.0616
2.05759
2.05379
2.05008
2.04631
2.04252
2.03905
2.03635
2.03468
2.03396
2.03391
2.03419
2.03526
2.03782
2.04116
2.04472
2.04818
2.05107
2.05294
2.05377
2.05385
2.05334
2.05146
2.04746
2.04254
2.03746
2.03264
2.02822
2.02419
2.02063
2.01763
2.01527
2.01372
2.01308
2.01305
2.0133
2.01375
2.01381
2.01374
2.01352
2.01289
2.01176
2.00923
2.0057
2.0012
1.99589
1.99053
1.98481
1.9801
1.97528
1.9726
1.96951
1.96989
2.48166
2.47001
2.46448
2.46156
2.45947
2.45693
2.45254
2.44058
2.41484
2.38636
2.36058
2.33907
2.32156
2.30683
2.29342
2.28059
2.26809
2.25619
2.24464
2.23332
2.222
2.21079
2.19981
2.1892
2.17883
2.16845
2.15791
2.14723
2.13656
2.12605
2.11605
2.10702
2.09912
2.09279
2.08824
2.08542
2.08387
2.08366
2.08388
2.08411
2.08389
2.08271
2.07998
2.07629
2.07169
2.06641
2.06093
2.05561
2.05068
2.04621
2.0421
2.03827
2.03494
2.03252
2.03118
2.0307
2.03069
2.031
2.03224
2.03514
2.03898
2.0438
2.04883
2.0533
2.0573
2.06006
2.06137
2.06159
2.0612
2.05916
2.05425
2.04788
2.04134
2.0352
2.02968
2.02478
2.02054
2.01707
2.01453
2.0131
2.01278
2.01312
2.01449
2.01659
2.01786
2.01832
2.01832
2.01803
2.01697
2.01403
2.00968
2.00408
1.99803
1.992
1.98595
1.98092
1.97606
1.97325
1.97046
1.97103
2.48547
2.4847
2.48335
2.48138
2.47894
2.47465
2.46484
2.44676
2.42314
2.39678
2.37099
2.34786
2.3278
2.31028
2.29447
2.27967
2.26549
2.25213
2.24025
2.23064
2.22333
2.21761
2.21198
2.20488
2.19558
2.1841
2.17093
2.15653
2.14196
2.12761
2.1143
2.10283
2.09342
2.0863
2.08232
2.08154
2.08193
2.08329
2.08469
2.08501
2.08452
2.08256
2.07866
2.07376
2.06802
2.06194
2.05604
2.05059
2.04554
2.04076
2.03649
2.03332
2.03152
2.03084
2.03077
2.031
2.03203
2.03449
2.03778
2.04202
2.04661
2.05101
2.05506
2.05873
2.06146
2.06267
2.06286
2.06262
2.06134
2.05758
2.05208
2.04616
2.04035
2.03496
2.03007
2.02574
2.02218
2.01952
2.01795
2.01768
2.01817
2.01989
2.02194
2.0231
2.02338
2.02334
2.0229
2.02151
2.01848
2.01354
2.00852
2.00208
1.99628
1.9905
1.98542
1.98128
1.97769
1.97577
1.97431
1.97528
2.49017
2.49047
2.49072
2.48996
2.48778
2.48146
2.46597
2.444
2.42068
2.39834
2.37807
2.35911
2.34078
2.32292
2.30549
2.28832
2.27188
2.25736
2.24598
2.23792
2.23214
2.22683
2.22023
2.21147
2.20043
2.1872
2.17253
2.15682
2.14095
2.12581
2.11216
2.10119
2.09358
2.08922
2.08767
2.08757
2.08757
2.08728
2.08631
2.08412
2.08065
2.07611
2.07065
2.06449
2.05806
2.05189
2.04621
2.04091
2.03596
2.0319
2.02932
2.02822
2.02809
2.02824
2.02909
2.03109
2.03413
2.03826
2.0426
2.04695
2.05114
2.05482
2.05789
2.05998
2.06081
2.06077
2.06012
2.05803
2.05402
2.04961
2.04498
2.04055
2.03645
2.03269
2.02939
2.02676
2.025
2.02431
2.02445
2.02549
2.02742
2.02855
2.02881
2.02875
2.02838
2.02744
2.02497
2.02126
2.01647
2.01082
2.00551
1.99929
1.99443
1.98938
1.9855
1.98223
1.97965
1.97832
1.97735
1.97827
2.4961
2.49427
2.4932
2.49154
2.48892
2.48263
2.46757
2.44683
2.42563
2.40542
2.38618
2.36779
2.35024
2.33323
2.31656
2.30039
2.28532
2.27216
2.2612
2.25183
2.2431
2.23384
2.22329
2.211
2.1972
2.18203
2.16638
2.15079
2.13649
2.1242
2.11439
2.10743
2.10267
2.09935
2.0969
2.0946
2.09196
2.08876
2.0846
2.07934
2.07335
2.06708
2.06073
2.05439
2.04832
2.04291
2.0382
2.03387
2.02997
2.02719
2.02593
2.02566
2.02583
2.02642
2.02814
2.03107
2.03513
2.03973
2.04422
2.04832
2.0519
2.05482
2.05678
2.05765
2.05769
2.05721
2.05565
2.05255
2.04898
2.04565
2.04206
2.03871
2.03551
2.03259
2.03019
2.02846
2.02771
2.02781
2.02866
2.0304
2.03141
2.03159
2.03148
2.03112
2.02994
2.02797
2.024
2.01987
2.0146
2.0092
2.00395
1.99829
1.99416
1.98964
1.98659
1.98379
1.98175
1.98051
1.97969
1.98047
2.49266
2.50315
2.50689
2.50613
2.50194
2.48987
2.46953
2.44785
2.42741
2.40936
2.39319
2.37766
2.36209
2.34655
2.33148
2.31736
2.30415
2.29172
2.27961
2.26733
2.25432
2.24032
2.2253
2.20943
2.19314
2.1768
2.16121
2.14674
2.1343
2.12404
2.11619
2.11052
2.10621
2.10285
2.09972
2.09597
2.09137
2.08598
2.07971
2.07288
2.06601
2.05917
2.05243
2.0463
2.04112
2.03646
2.032
2.02848
2.02684
2.02657
2.02681
2.02745
2.02896
2.03212
2.03565
2.04044
2.04506
2.04942
2.05312
2.056
2.05812
2.0594
2.05969
2.05947
2.05853
2.05605
2.05298
2.04988
2.04653
2.04381
2.04087
2.03824
2.03591
2.03402
2.03288
2.03268
2.03314
2.0348
2.0367
2.03755
2.0376
2.03743
2.03691
2.03559
2.03264
2.02866
2.02349
2.01806
2.01195
2.00615
2.00062
1.99574
1.99215
1.9889
1.98696
1.98543
1.98455
1.9843
1.98451
1.98566
2.49015
2.51277
2.52271
2.52234
2.51376
2.48829
2.45747
2.43123
2.41124
2.39554
2.38275
2.37287
2.36524
2.35817
2.34982
2.33969
2.32725
2.31255
2.29617
2.27874
2.26076
2.24268
2.22463
2.20695
2.18972
2.1734
2.15845
2.1454
2.13481
2.12678
2.12102
2.11705
2.11385
2.11023
2.10546
2.09938
2.09193
2.08335
2.07419
2.06457
2.05488
2.04614
2.03905
2.03316
2.02776
2.02353
2.02174
2.02174
2.02221
2.02385
2.02602
2.0307
2.03657
2.04275
2.0497
2.05569
2.0607
2.06433
2.06637
2.06697
2.06676
2.06548
2.0621
2.05745
2.05285
2.04839
2.04437
2.0408
2.03772
2.03571
2.03401
2.03289
2.03262
2.03311
2.03512
2.03924
2.04341
2.04669
2.04849
2.04893
2.04882
2.04817
2.0461
2.04134
2.03474
2.02725
2.01927
2.01126
2.0037
1.99711
1.99184
1.98818
1.98601
1.98501
1.98485
1.98499
1.9855
1.98626
1.9878
1.98916
2.50304
2.53204
2.54181
2.53787
2.51519
2.47044
2.43148
2.40363
2.38665
2.37829
2.37527
2.37395
2.373
2.37176
2.36904
2.36143
2.34391
2.3209
2.29688
2.27349
2.25177
2.2321
2.21433
2.19778
2.18246
2.16881
2.15773
2.14986
2.14481
2.14163
2.13913
2.13571
2.13032
2.12267
2.11281
2.10047
2.08636
2.07202
2.05836
2.04597
2.0357
2.028
2.0219
2.01653
2.01294
2.01209
2.01237
2.0134
2.01637
2.01986
2.02542
2.03248
2.03971
2.04862
2.05656
2.06316
2.06795
2.07071
2.07136
2.07078
2.06835
2.06284
2.05629
2.0498
2.04422
2.03923
2.03518
2.0319
2.02986
2.02896
2.02882
2.02957
2.03257
2.03796
2.04414
2.05015
2.05491
2.05781
2.05892
2.05894
2.05828
2.05575
2.04975
2.04139
2.03224
2.02284
2.01363
2.00512
1.99773
1.99191
1.98777
1.98536
1.98451
1.98455
1.98517
1.98621
1.98722
1.98797
1.98947
1.98973
2.51714
2.52782
2.53241
2.52812
2.51045
2.48003
2.45201
2.42982
2.41441
2.4038
2.39621
2.39085
2.38714
2.38215
2.37154
2.35378
2.33122
2.30664
2.28285
2.26138
2.24269
2.22633
2.21181
2.19918
2.18894
2.18133
2.17618
2.17276
2.17004
2.1666
2.16111
2.1525
2.14063
2.12595
2.10974
2.0934
2.07766
2.06294
2.05018
2.03957
2.03065
2.0236
2.01876
2.01504
2.0113
2.00882
2.00846
2.00894
2.01006
2.01236
2.01608
2.02128
2.02809
2.03491
2.04138
2.04717
2.05194
2.05521
2.05656
2.05659
2.05593
2.05377
2.05026
2.04704
2.04373
2.04085
2.03823
2.03612
2.03523
2.03509
2.03558
2.03761
2.04147
2.04605
2.05066
2.05424
2.05625
2.05692
2.05689
2.05626
2.05409
2.04915
2.04298
2.0359
2.02864
2.02125
2.01395
2.00784
2.00216
1.99839
1.99494
1.99297
1.99086
1.98966
1.98809
1.98669
1.98579
1.98382
1.98284
1.98071
2.4959
2.48772
2.48667
2.48904
2.49303
2.49374
2.4933
2.48858
2.47199
2.44528
2.41986
2.39912
2.38466
2.37419
2.36376
2.35022
2.333
2.31327
2.29333
2.27423
2.25606
2.2387
2.22252
2.20818
2.19663
2.18775
2.18113
2.17528
2.16895
2.1609
2.1507
2.13873
2.12536
2.11153
2.09823
2.08625
2.07624
2.06848
2.06208
2.05654
2.05138
2.04628
2.03989
2.03257
2.02542
2.0187
2.01141
2.00503
2.00086
1.99845
1.99807
1.99853
2.00026
2.00447
2.01055
2.01756
2.02536
2.03363
2.04189
2.04978
2.05703
2.06314
2.06758
2.07014
2.07094
2.07072
2.06957
2.06675
2.06273
2.05852
2.05403
2.04966
2.04558
2.04195
2.03884
2.03619
2.03405
2.03265
2.03205
2.03203
2.03244
2.03351
2.03413
2.0342
2.03413
2.03386
2.03305
2.03107
2.0276
2.02288
2.01696
2.01025
2.00278
1.99542
1.98764
1.98136
1.97526
1.97149
1.9684
1.96934
2.47465
2.45586
2.44945
2.45156
2.46289
2.47615
2.48153
2.48105
2.47227
2.44484
2.41098
2.38471
2.36713
2.35598
2.34852
2.34314
2.33943
2.33575
2.32805
2.31113
2.28649
2.25942
2.23305
2.20923
2.1891
2.17292
2.16035
2.15052
2.14256
2.13565
2.12919
2.12287
2.11697
2.11148
2.1063
2.10134
2.09669
2.09218
2.08699
2.08109
2.07395
2.06591
2.0558
2.04513
2.03374
2.02522
2.0144
2.00682
2.00038
1.99644
1.9954
1.99566
1.99686
2.00009
2.00606
2.01379
2.02301
2.03325
2.04406
2.05523
2.06634
2.07662
2.08493
2.09045
2.09274
2.0929
2.09194
2.08844
2.08084
2.07185
2.06239
2.05324
2.0449
2.03758
2.03144
2.02656
2.02308
2.02128
2.02109
2.02192
2.02497
2.03047
2.03557
2.03936
2.04163
2.04256
2.04262
2.04208
2.03998
2.03474
2.02684
2.0179
2.00842
1.99909
1.98988
1.98231
1.9753
1.97121
1.96844
1.96961
2.50631
2.5055
2.50227
2.48965
2.46645
2.4485
2.43807
2.43238
2.42683
2.41771
2.40505
2.39045
2.37665
2.3652
2.35612
2.34867
2.34112
2.33101
2.31701
2.29934
2.27844
2.25626
2.23447
2.21423
2.19702
2.18265
2.17137
2.1621
2.15447
2.14758
2.14112
2.13456
2.12826
2.1215
2.11454
2.10702
2.09855
2.08893
2.07857
2.06755
2.05612
2.04558
2.03628
2.02786
2.02133
2.01886
2.01895
2.01973
2.02237
2.02716
2.03156
2.03676
2.04105
2.0448
2.04726
2.04931
2.05151
2.05338
2.05553
2.05759
2.05989
2.06204
2.06384
2.06551
2.06613
2.066
2.0654
2.06425
2.06317
2.06186
2.06041
2.0586
2.05709
2.0552
2.05368
2.05144
2.04977
2.04805
2.04716
2.0454
2.0443
2.0425
2.04144
2.03933
2.03749
2.03458
2.0316
2.0279
2.02454
2.02064
2.0169
2.01268
2.0092
2.00506
2.00213
1.99799
1.99533
1.99159
1.98956
1.98659
2.54803
2.55069
2.5445
2.51835
2.47642
2.44553
2.42911
2.42418
2.42445
2.42629
2.42718
2.42564
2.41616
2.39047
2.35803
2.32942
2.30637
2.28841
2.27474
2.26462
2.25787
2.25384
2.25046
2.2452
2.23701
2.22568
2.21149
2.1955
2.17876
2.16202
2.14577
2.13028
2.11544
2.10106
2.08704
2.07348
2.06032
2.04778
2.03641
2.02692
2.01891
2.01142
2.00563
2.00371
2.00398
2.00532
2.00833
2.01454
2.02264
2.03107
2.04062
2.04936
2.05663
2.06129
2.06265
2.06219
2.05971
2.05334
2.04557
2.03884
2.03349
2.02926
2.02621
2.02432
2.02381
2.02424
2.02592
2.03018
2.03644
2.0439
2.0522
2.06038
2.06701
2.07137
2.07355
2.07398
2.07356
2.07167
2.06671
2.05853
2.04924
2.03959
2.03004
2.02095
2.01266
2.00559
2
1.99618
1.99438
1.99414
1.99452
1.99592
1.99762
1.99903
1.99965
1.99972
1.99959
1.9976
1.99556
1.98851
2.55584
2.5559
2.54594
2.51432
2.47263
2.44198
2.42566
2.4217
2.42315
2.42787
2.4307
2.42979
2.42118
2.39477
2.35675
2.32311
2.2969
2.27808
2.26532
2.25696
2.25163
2.24841
2.24666
2.2446
2.23991
2.22897
2.21085
2.18966
2.16748
2.14572
2.12534
2.10679
2.09004
2.0749
2.0612
2.0488
2.03737
2.02691
2.01789
2.01079
2.00472
1.99908
1.99583
1.99564
1.99637
1.99859
2.0025
2.0095
2.01816
2.02659
2.0367
2.04578
2.05329
2.05804
2.05926
2.05863
2.05572
2.04837
2.03955
2.03182
2.0258
2.02099
2.01757
2.01542
2.01494
2.0154
2.01732
2.02222
2.02938
2.03789
2.04749
2.05709
2.06513
2.07075
2.07385
2.07473
2.07444
2.07269
2.06768
2.05833
2.04763
2.03657
2.02574
2.01554
2.00634
1.99853
1.99238
1.98812
1.98606
1.98579
1.98629
1.98823
1.99119
1.99382
1.99532
1.99591
1.99616
1.99537
1.99429
1.98866
)
;

boundaryField
{
    inlet
    {
        type            fixedValue;
        value           uniform 1;
    }
    outlet
    {
        type            zeroGradient;
    }
    bottom
    {
        type            symmetryPlane;
    }
    top
    {
        type            symmetryPlane;
    }
    obstacle
    {
        type            zeroGradient;
    }
    defaultFaces
    {
        type            empty;
    }
}


// ************************************************************************* //
