/*--------------------------------*- C++ -*----------------------------------*\
| =========                 |                                                 |
| \\      /  F ield         | OpenFOAM: The Open Source CFD Toolbox           |
|  \\    /   O peration     | Version:  2412                                  |
|   \\  /    A nd           | Website:  www.openfoam.com                      |
|    \\/     M anipulation  |                                                 |
\*---------------------------------------------------------------------------*/
FoamFile
{
    version     2.0;
    format      ascii;
    arch        "LSB;label=32;scalar=64";
    class       volScalarField;
    location    "19.5";
    object      Ma;
}
// * * * * * * * * * * * * * * * * * * * * * * * * * * * * * * * * * * * * * //

dimensions      [0 0 0 0 0 0 0];

internalField   nonuniform List<scalar> 
7000
(
2.25607
0.994334
0.300635
0.338442
0.401069
0.442406
0.450616
0.446146
0.439791
0.434882
0.432035
0.429763
0.427164
0.424076
0.420605
0.416829
0.412763
0.408384
0.403673
0.398612
0.39319
0.387393
0.381206
0.374614
0.3676
0.360147
0.352237
0.343851
0.334969
0.325571
0.315636
0.305144
0.294074
0.282404
0.270117
0.257193
0.243619
0.229381
0.214472
0.198889
0.182639
0.165732
0.148195
0.130058
0.111372
0.092196
0.0725937
0.05285
0.0319247
0.0155251
2.25613
0.994396
0.300432
0.338276
0.400914
0.442258
0.450468
0.446002
0.439653
0.43475
0.431908
0.42964
0.427044
0.42396
0.420493
0.416724
0.412662
0.408289
0.403584
0.398531
0.393116
0.387326
0.381148
0.374566
0.367563
0.360121
0.352224
0.343851
0.334985
0.325603
0.315687
0.305215
0.294167
0.282521
0.270261
0.257366
0.243824
0.229622
0.214753
0.199215
0.183016
0.16617
0.148706
0.130665
0.112107
0.0931205
0.0738219
0.0546586
0.0351588
0.0220582
2.25626
0.994593
0.300565
0.338311
0.400944
0.442291
0.450502
0.446042
0.439711
0.434819
0.431991
0.429726
0.427142
0.424064
0.420611
0.416849
0.412803
0.40844
0.403752
0.39871
0.393316
0.387542
0.381388
0.374824
0.367849
0.360432
0.352568
0.344226
0.335399
0.326056
0.316188
0.305764
0.294773
0.283188
0.270998
0.258181
0.244726
0.230622
0.215865
0.200457
0.184409
0.167746
0.150505
0.132749
0.114569
0.0961198
0.0776366
0.0598426
0.0430426
0.0335736
2.25643
0.994899
0.300836
0.338389
0.401025
0.44239
0.450605
0.446159
0.439841
0.434977
0.43216
0.429915
0.427337
0.424282
0.420839
0.417103
0.41307
0.408736
0.404064
0.399056
0.393681
0.387947
0.381817
0.3753
0.368356
0.360994
0.353169
0.344893
0.336116
0.32685
0.317045
0.306714
0.295804
0.284331
0.272244
0.259562
0.246241
0.232304
0.217724
0.20253
0.186725
0.170352
0.153467
0.136152
0.118559
0.100899
0.0835534
0.0674604
0.0533048
0.0461823
2.25668
0.99533
0.301185
0.338458
0.40111
0.442511
0.450734
0.446309
0.440003
0.435181
0.432374
0.430162
0.427593
0.424572
0.421144
0.417447
0.413433
0.409141
0.404494
0.399532
0.394191
0.388509
0.382423
0.375965
0.369077
0.361782
0.35403
0.345831
0.337145
0.327971
0.31828
0.308057
0.29729
0.285948
0.274037
0.261519
0.248417
0.23469
0.220386
0.205471
0.190022
0.174043
0.157644
0.140925
0.124076
0.107412
0.0913749
0.0770323
0.0651106
0.0594966
2.25701
0.995902
0.301629
0.338529
0.401206
0.442656
0.450904
0.44648
0.440233
0.435416
0.432669
0.430455
0.427943
0.424923
0.421559
0.417866
0.413923
0.409641
0.405072
0.400128
0.394874
0.389218
0.383231
0.376813
0.370036
0.362798
0.355171
0.34705
0.338508
0.329439
0.319911
0.309829
0.299248
0.288091
0.276399
0.264119
0.251278
0.23786
0.223877
0.209366
0.194338
0.178899
0.163093
0.147121
0.13117
0.115616
0.100987
0.0883007
0.0781905
0.0736225
2.25743
0.996629
0.302172
0.338605
0.401313
0.442834
0.451108
0.446712
0.440495
0.435728
0.433009
0.430839
0.428352
0.425382
0.422047
0.418414
0.414504
0.410291
0.405761
0.400899
0.395691
0.390134
0.384203
0.377903
0.371197
0.3641
0.35656
0.348609
0.340177
0.33131
0.321924
0.31208
0.301684
0.290806
0.279356
0.267404
0.254881
0.241853
0.228288
0.214253
0.199779
0.184944
0.169893
0.154756
0.139838
0.125483
0.112238
0.101082
0.0924477
0.0886283
2.25794
0.99752
0.302824
0.338686
0.401433
0.443045
0.451355
0.446993
0.440814
0.436103
0.433423
0.431303
0.428854
0.425937
0.422648
0.419075
0.415221
0.411077
0.406615
0.401831
0.396707
0.391241
0.385414
0.379219
0.372642
0.365668
0.358289
0.350483
0.342251
0.333557
0.324418
0.314784
0.304692
0.294076
0.282996
0.271376
0.259299
0.2467
0.233673
0.220199
0.206382
0.192289
0.178054
0.163901
0.150058
0.136962
0.125078
0.115267
0.107846
0.104626
2.25856
0.99859
0.303594
0.338774
0.401569
0.44329
0.451652
0.447322
0.441204
0.436544
0.433924
0.431849
0.429458
0.426593
0.423372
0.41986
0.416083
0.412011
0.407638
0.402941
0.397922
0.392562
0.386859
0.380795
0.374365
0.367552
0.360349
0.352742
0.344719
0.336272
0.327383
0.318055
0.308262
0.298026
0.287306
0.276159
0.264528
0.25251
0.240049
0.227283
0.214195
0.200963
0.187676
0.174552
0.161901
0.150032
0.139457
0.130893
0.124496
0.12172
2.25928
0.99985
0.304491
0.338872
0.401723
0.443579
0.452
0.447723
0.441656
0.437076
0.434504
0.432502
0.430163
0.427377
0.424217
0.420795
0.41709
0.41312
0.408835
0.404256
0.399346
0.394123
0.388554
0.382653
0.376387
0.36977
0.362769
0.355396
0.347622
0.339456
0.330875
0.321887
0.312475
0.302648
0.292402
0.281747
0.270705
0.259283
0.247553
0.23552
0.223328
0.211007
0.198792
0.186799
0.175343
0.164789
0.155444
0.147995
0.142494
0.140149
2.26012
1.00131
0.305524
0.33898
0.401899
0.443912
0.452411
0.448179
0.442206
0.437683
0.4352
0.433251
0.431002
0.428278
0.425218
0.42187
0.418279
0.414398
0.410243
0.405774
0.401013
0.395927
0.390534
0.384802
0.378745
0.372336
0.365585
0.358468
0.350993
0.343144
0.334924
0.326326
0.31735
0.308004
0.298288
0.288225
0.277826
0.267136
0.256181
0.245046
0.233788
0.222552
0.211445
0.20071
0.190524
0.181228
0.17317
0.166812
0.162139
0.160104
2.26108
1.00299
0.306702
0.339104
0.4021
0.444299
0.452887
0.448732
0.442828
0.438411
0.435989
0.434141
0.431956
0.429342
0.426359
0.423133
0.419633
0.415892
0.411847
0.40754
0.402916
0.39802
0.392795
0.387287
0.381439
0.375296
0.368802
0.362004
0.354848
0.34738
0.339554
0.331414
0.322926
0.314132
0.305018
0.295624
0.285966
0.276082
0.266036
0.255866
0.245705
0.235606
0.225778
0.216334
0.207546
0.199614
0.192769
0.187495
0.183636
0.182029
2.26216
1.00488
0.308032
0.339247
0.40233
0.444739
0.45344
0.449357
0.443571
0.439239
0.436921
0.435151
0.433075
0.430549
0.427688
0.424564
0.421203
0.417582
0.4137
0.409538
0.405106
0.400386
0.39539
0.390097
0.384522
0.378642
0.372476
0.366001
0.359239
0.352168
0.344817
0.337166
0.329253
0.32106
0.312642
0.303987
0.295168
0.286191
0.27715
0.268085
0.259105
0.250324
0.241838
0.233872
0.226521
0.220071
0.214651
0.210551
0.207575
0.206272
2.26337
1.007
0.309515
0.339401
0.402603
0.445235
0.454075
0.450087
0.444419
0.440203
0.437982
0.436318
0.434344
0.431938
0.429191
0.426205
0.422975
0.419514
0.415788
0.411815
0.407569
0.403076
0.398304
0.393283
0.38798
0.382429
0.376595
0.370515
0.364159
0.357565
0.350712
0.343638
0.336335
0.328841
0.321172
0.313364
0.30546
0.297508
0.289575
0.28174
0.274086
0.266737
0.259813
0.25343
0.247788
0.242937
0.23903
0.236295
0.234373
0.23372
2.2647
1.00934
0.311154
0.339561
0.402929
0.445794
0.454804
0.45093
0.445396
0.441313
0.439196
0.437651
0.435789
0.433515
0.430898
0.428059
0.424981
0.421689
0.418144
0.41437
0.410343
0.406085
0.40158
0.39684
0.391863
0.386647
0.38121
0.375536
0.369662
0.363561
0.357294
0.350821
0.344228
0.337475
0.330662
0.323767
0.316896
0.310065
0.303375
0.296895
0.290727
0.284978
0.279773
0.275244
0.271487
0.268675
0.266703
0.26573
0.265199
0.265164
2.26617
1.01191
0.312958
0.339759
0.403293
0.44644
0.455648
0.451902
0.446546
0.442584
0.440602
0.439166
0.437448
0.435297
0.432841
0.430142
0.427249
0.424123
0.420794
0.41722
0.413449
0.409435
0.405233
0.400793
0.396176
0.391329
0.386321
0.381101
0.375739
0.3702
0.364544
0.358765
0.352908
0.347007
0.341088
0.335235
0.329459
0.323891
0.318554
0.313595
0.309085
0.305164
0.301936
0.299532
0.29809
0.29759
0.298087
0.299516
0.301161
0.302686
2.26775
1.01471
0.314919
0.339987
0.403713
0.447193
0.456631
0.453036
0.447883
0.444054
0.442214
0.440897
0.439331
0.437317
0.43503
0.432491
0.429787
0.426854
0.423744
0.420406
0.416892
0.413165
0.40927
0.405179
0.400928
0.396507
0.391939
0.387237
0.382409
0.377495
0.372493
0.367467
0.362418
0.357423
0.352506
0.347744
0.343212
0.33897
0.335162
0.331842
0.32919
0.327324
0.326403
0.326526
0.327927
0.330667
0.334533
0.339638
0.344738
0.348736
2.26943
1.0177
0.317023
0.340253
0.404202
0.44808
0.457781
0.454382
0.449428
0.445777
0.444057
0.442896
0.441459
0.439622
0.437482
0.435143
0.432612
0.42991
0.427009
0.423943
0.420687
0.417283
0.413703
0.409996
0.406134
0.402169
0.398079
0.393919
0.38968
0.385414
0.381138
0.376893
0.372734
0.368692
0.364863
0.361283
0.358077
0.355322
0.353135
0.3517
0.351075
0.351521
0.353213
0.356423
0.361341
0.368081
0.376913
0.387646
0.399381
0.409986
2.2712
1.02085
0.319247
0.340569
0.404783
0.449125
0.459139
0.45596
0.451238
0.447762
0.446174
0.445161
0.443876
0.442211
0.440248
0.438102
0.43578
0.433301
0.430653
0.42785
0.424899
0.421809
0.418599
0.415269
0.411853
0.408342
0.40479
0.401181
0.397589
0.393997
0.390496
0.387081
0.383852
0.380839
0.378137
0.375835
0.374013
0.372858
0.372437
0.372938
0.374602
0.377719
0.382641
0.389509
0.398937
0.411265
0.426961
0.447122
0.471005
0.498614
2.27302
1.0241
0.321526
0.340949
0.405493
0.450387
0.460784
0.457848
0.453413
0.450081
0.44864
0.447745
0.446631
0.445113
0.443348
0.441373
0.43928
0.437015
0.434638
0.432103
0.429475
0.426716
0.42389
0.420967
0.418006
0.414993
0.411982
0.408982
0.406036
0.403185
0.400462
0.397948
0.395669
0.39375
0.392223
0.39126
0.390901
0.39133
0.392714
0.3954
0.399606
0.405702
0.413908
0.425068
0.439635
0.459174
0.485099
0.520613
0.571947
0.664926
2.27509
1.02782
0.324049
0.341214
0.406287
0.45198
0.462931
0.460367
0.456281
0.453177
0.451894
0.451221
0.450322
0.449081
0.447562
0.445901
0.444095
0.442197
0.440168
0.438067
0.435859
0.433614
0.431296
0.428982
0.426637
0.424348
0.422083
0.419942
0.417902
0.416073
0.414455
0.413161
0.412234
0.411791
0.411933
0.412705
0.414267
0.417033
0.421224
0.426915
0.434607
0.444577
0.457849
0.474835
0.497623
0.527631
0.569614
0.631172
0.729855
0.881518
2.2773
1.0318
0.327058
0.342167
0.408018
0.454849
0.46652
0.464336
0.460568
0.457522
0.456282
0.455699
0.45496
0.453895
0.452596
0.451161
0.449636
0.448034
0.446365
0.444638
0.442878
0.441094
0.43932
0.437564
0.435873
0.434254
0.432771
0.431432
0.430324
0.429457
0.42895
0.428818
0.429183
0.430065
0.431702
0.434291
0.438004
0.442922
0.449488
0.457812
0.468611
0.482326
0.499832
0.522645
0.551815
0.59138
0.643938
0.718065
0.829019
0.967197
2.27859
1.03411
0.328931
0.343227
0.410181
0.458595
0.471246
0.46956
0.46612
0.463095
0.46189
0.461425
0.460851
0.459965
0.458854
0.457626
0.456335
0.454998
0.453629
0.452239
0.450854
0.449491
0.448181
0.446945
0.445823
0.444842
0.444051
0.443489
0.44322
0.443308
0.443767
0.444671
0.446256
0.448662
0.451884
0.456173
0.461607
0.468599
0.477214
0.488182
0.501516
0.518515
0.539235
0.565792
0.599072
0.641741
0.697405
0.767794
0.864215
0.967552
2.27974
1.03623
0.332245
0.346926
0.415046
0.465011
0.478258
0.476443
0.472654
0.46928
0.468001
0.46764
0.46723
0.466519
0.465613
0.464615
0.46361
0.462583
0.461571
0.46056
0.459596
0.458676
0.457853
0.45713
0.456564
0.456175
0.456029
0.456142
0.45656
0.45737
0.458743
0.460725
0.463375
0.466864
0.471257
0.47686
0.483699
0.492287
0.502639
0.515424
0.530908
0.549739
0.572863
0.600727
0.63535
0.677132
0.72896
0.791
0.868919
0.949994
2.27618
1.02984
0.334395
0.356836
0.427475
0.479844
0.49335
0.490553
0.485553
0.481304
0.479646
0.47909
0.478517
0.477648
0.476587
0.475494
0.47443
0.473405
0.472428
0.471516
0.47069
0.46998
0.469401
0.469002
0.468805
0.468843
0.469114
0.469782
0.470861
0.472464
0.474558
0.477347
0.480795
0.485191
0.490502
0.497096
0.504999
0.514577
0.526107
0.539813
0.556378
0.575938
0.599504
0.627396
0.660618
0.700091
0.74637
0.800752
0.864262
0.928854
2.28211
1.02268
0.358852
0.382381
0.4485
0.498399
0.510317
0.506567
0.500826
0.496443
0.494741
0.494051
0.493352
0.492402
0.491336
0.490259
0.489227
0.488229
0.487291
0.48641
0.485633
0.484959
0.484445
0.484061
0.483931
0.484085
0.48463
0.485495
0.486885
0.488731
0.491282
0.494426
0.498511
0.503374
0.509486
0.516611
0.52538
0.535485
0.547731
0.561853
0.578668
0.598207
0.621084
0.647822
0.678677
0.71463
0.755601
0.802483
0.855684
0.909253
1.87636
0.772075
0.273359
0.344128
0.41773
0.441223
0.441144
0.437166
0.433522
0.433427
0.435603
0.438491
0.441493
0.444537
0.447678
0.450927
0.454246
0.45759
0.46093
0.464246
0.467522
0.470701
0.473845
0.476985
0.480178
0.483359
0.48665
0.489971
0.493593
0.497402
0.501703
0.506395
0.511827
0.517928
0.525046
0.533185
0.542631
0.553576
0.566109
0.580756
0.597327
0.616722
0.638489
0.663821
0.6921
0.724577
0.760569
0.801046
0.845861
0.890613
1.86893
0.771459
0.282257
0.355364
0.428316
0.447786
0.443327
0.435974
0.430314
0.428416
0.428327
0.42873
0.429331
0.430235
0.431584
0.433366
0.435625
0.438233
0.44131
0.444738
0.448623
0.452692
0.45717
0.461817
0.466849
0.472006
0.477544
0.483276
0.489365
0.495693
0.502423
0.509498
0.517055
0.525195
0.533989
0.543741
0.55434
0.566365
0.579554
0.594628
0.611275
0.630258
0.651299
0.67506
0.701399
0.730712
0.763028
0.798158
0.836565
0.874248
1.86796
0.770148
0.284392
0.365081
0.443606
0.463693
0.45752
0.448152
0.441143
0.438408
0.437507
0.436908
0.43632
0.435917
0.435829
0.4361
0.436729
0.437733
0.439266
0.44125
0.443738
0.446656
0.450173
0.454182
0.45881
0.46396
0.469683
0.475942
0.48273
0.490106
0.497978
0.506571
0.515656
0.525613
0.53603
0.547478
0.559534
0.572809
0.586976
0.602654
0.61958
0.638316
0.658733
0.681236
0.705773
0.732585
0.76163
0.792837
0.826456
0.85899
1.86945
0.773427
0.290185
0.367297
0.443678
0.46429
0.459081
0.450569
0.443988
0.441621
0.441144
0.440966
0.440748
0.440637
0.440722
0.441027
0.441615
0.442522
0.44371
0.445193
0.446996
0.449231
0.451872
0.455083
0.458769
0.46315
0.468063
0.473785
0.480059
0.487257
0.495003
0.503765
0.51307
0.523444
0.534455
0.546591
0.5595
0.573602
0.588598
0.604855
0.622218
0.640959
0.661046
0.682697
0.705883
0.730733
0.757185
0.785283
0.815076
0.843731
1.87255
0.780102
0.297863
0.361252
0.429049
0.450297
0.448024
0.441965
0.436354
0.434477
0.434513
0.435044
0.435631
0.436346
0.437238
0.43841
0.439871
0.441555
0.443426
0.445534
0.447878
0.450541
0.4535
0.45687
0.460607
0.464885
0.469601
0.475011
0.480938
0.487711
0.49509
0.503416
0.512454
0.522502
0.533371
0.545285
0.55811
0.572029
0.586969
0.603072
0.620298
0.638784
0.65843
0.679375
0.701498
0.724974
0.749586
0.775313
0.802333
0.828175
1.88113
0.786684
0.300117
0.349036
0.412174
0.441232
0.444213
0.43953
0.434379
0.432094
0.431848
0.432371
0.433089
0.434009
0.435105
0.436438
0.438035
0.439891
0.442004
0.444401
0.447076
0.450083
0.453394
0.457094
0.461132
0.46565
0.470556
0.476058
0.482018
0.488693
0.495939
0.503998
0.512765
0.522423
0.532911
0.544379
0.556756
0.570177
0.584573
0.600066
0.616583
0.634233
0.652934
0.672786
0.693689
0.715676
0.738602
0.762429
0.78725
0.810903
2.26317
1.10617
0.407319
0.399218
0.459389
0.508091
0.519387
0.514497
0.507574
0.501523
0.498004
0.495531
0.493417
0.491397
0.489368
0.487395
0.485669
0.484179
0.48303
0.482181
0.481752
0.481702
0.482156
0.483088
0.484568
0.486633
0.489317
0.492678
0.496718
0.501528
0.507086
0.513501
0.520744
0.528938
0.538033
0.548161
0.55925
0.57142
0.584595
0.598881
0.614173
0.63057
0.647948
0.666359
0.685716
0.706009
0.727137
0.749019
0.771735
0.793346
2.2726
1.12808
0.391796
0.377156
0.450018
0.510744
0.52915
0.528271
0.524049
0.520245
0.518802
0.518425
0.518408
0.518368
0.517952
0.517322
0.516648
0.516018
0.515449
0.514972
0.514604
0.514408
0.514405
0.514676
0.515258
0.516228
0.517623
0.519554
0.522017
0.525168
0.528955
0.533568
0.538928
0.545211
0.552352
0.560482
0.569579
0.579732
0.590931
0.603204
0.616578
0.631
0.646499
0.662979
0.680409
0.698724
0.717827
0.737626
0.758186
0.777754
2.29751
1.1768
0.434375
0.384021
0.447112
0.503412
0.521896
0.522927
0.521103
0.519919
0.520338
0.52157
0.523365
0.525167
0.526575
0.527775
0.528898
0.530046
0.531194
0.532374
0.53356
0.534803
0.536095
0.537497
0.53901
0.540706
0.542602
0.544774
0.547265
0.550142
0.553474
0.557312
0.561751
0.566826
0.572652
0.579242
0.586713
0.595054
0.604359
0.614607
0.62584
0.638032
0.651208
0.665355
0.680443
0.696444
0.71326
0.730736
0.74896
0.766346
1.90077
0.805064
0.305872
0.316885
0.373998
0.414885
0.42917
0.433001
0.435827
0.439481
0.444415
0.450165
0.456605
0.463103
0.469283
0.475282
0.48125
0.487215
0.493161
0.499048
0.504872
0.510612
0.516286
0.521874
0.527411
0.532874
0.53833
0.54375
0.549227
0.554751
0.560394
0.566202
0.572237
0.578568
0.585246
0.592371
0.599968
0.608159
0.616932
0.626422
0.636585
0.647559
0.659256
0.67178
0.685019
0.698987
0.713622
0.728949
0.744965
0.760283
2.30602
1.19394
0.449723
0.386671
0.440684
0.49226
0.509265
0.509328
0.506181
0.503703
0.502445
0.502259
0.502714
0.50311
0.503433
0.503937
0.504762
0.506039
0.507735
0.509894
0.512468
0.51551
0.518973
0.5229
0.527215
0.531974
0.53706
0.542564
0.548325
0.554461
0.560847
0.567588
0.574567
0.581907
0.589499
0.597482
0.605772
0.614499
0.623604
0.633201
0.643259
0.653861
0.664991
0.676682
0.688943
0.701756
0.715129
0.728973
0.743377
0.757098
2.31127
1.20392
0.433022
0.369754
0.438392
0.500661
0.522121
0.523536
0.521317
0.519846
0.519973
0.521104
0.522833
0.524337
0.525362
0.526208
0.527042
0.52799
0.529065
0.530353
0.531861
0.533676
0.535783
0.538268
0.541116
0.544392
0.548087
0.552242
0.556855
0.561939
0.567496
0.57351
0.579991
0.58691
0.594304
0.602108
0.610379
0.619037
0.628164
0.637664
0.647641
0.657987
0.668823
0.680026
0.691717
0.703771
0.716284
0.729118
0.742401
0.755004
2.31399
1.20975
0.437197
0.371795
0.44152
0.505384
0.527769
0.529453
0.527289
0.525941
0.526414
0.52793
0.530201
0.532394
0.534113
0.535642
0.537168
0.5388
0.540531
0.542392
0.54438
0.546526
0.548847
0.551376
0.554144
0.557177
0.560518
0.56418
0.568216
0.572625
0.577465
0.582721
0.588452
0.594626
0.601295
0.608421
0.616048
0.624131
0.632701
0.641719
0.651198
0.661115
0.671456
0.682213
0.693346
0.704868
0.716709
0.728886
0.741389
0.753281
2.31697
1.21747
0.463574
0.387864
0.447121
0.506254
0.528821
0.532055
0.531178
0.530808
0.5317
0.533629
0.536167
0.538466
0.540493
0.542396
0.544354
0.546395
0.548573
0.550854
0.553285
0.555836
0.558561
0.561433
0.56451
0.567769
0.571271
0.574997
0.57901
0.583295
0.587913
0.592858
0.598179
0.603876
0.609981
0.616499
0.623445
0.630836
0.638666
0.646956
0.655674
0.66485
0.674434
0.684452
0.694841
0.705618
0.716711
0.72812
0.739865
0.751042
1.90564
0.813609
0.324769
0.323677
0.376473
0.414366
0.427256
0.430301
0.432594
0.435936
0.440709
0.446622
0.453352
0.460172
0.466884
0.473547
0.480283
0.48708
0.493947
0.500828
0.507728
0.514608
0.521486
0.528336
0.535182
0.542011
0.548851
0.555698
0.562577
0.569499
0.576481
0.583553
0.590727
0.598046
0.605513
0.613184
0.621051
0.629173
0.637537
0.646186
0.65511
0.664338
0.673851
0.683676
0.693787
0.704193
0.71487
0.725807
0.737054
0.74773
2.31207
1.20877
0.46509
0.40354
0.466236
0.527429
0.549363
0.550293
0.546149
0.542315
0.540108
0.538734
0.538138
0.53774
0.537005
0.536282
0.535715
0.535561
0.535748
0.536435
0.537549
0.539161
0.541243
0.543831
0.546891
0.550448
0.554463
0.558959
0.56388
0.56925
0.575012
0.581173
0.587682
0.59455
0.601735
0.609245
0.617049
0.625153
0.633533
0.642199
0.651136
0.66035
0.669832
0.679579
0.689576
0.699813
0.710275
0.720939
0.731867
0.742232
2.29411
1.16973
0.460186
0.422741
0.48584
0.546242
0.566135
0.566176
0.562455
0.559218
0.55846
0.558863
0.559949
0.561212
0.562083
0.562721
0.563311
0.563968
0.564703
0.565525
0.566445
0.567508
0.568759
0.570243
0.57199
0.574048
0.576431
0.579174
0.582292
0.585807
0.589722
0.594061
0.598824
0.604024
0.609653
0.615713
0.622191
0.629081
0.636368
0.644038
0.652072
0.660452
0.669156
0.67817
0.687486
0.697074
0.70693
0.717018
0.727389
0.737243
1.88784
0.805091
0.340839
0.355379
0.406349
0.443127
0.452862
0.452692
0.451757
0.45261
0.455925
0.460551
0.466093
0.47216
0.478252
0.484376
0.490595
0.496917
0.503295
0.509685
0.516048
0.522375
0.528653
0.534884
0.541061
0.547196
0.553296
0.559389
0.56549
0.571635
0.577846
0.584147
0.590566
0.597128
0.603857
0.610772
0.617895
0.625237
0.632815
0.640633
0.648708
0.657036
0.665628
0.674466
0.683547
0.692862
0.702395
0.712136
0.722124
0.731618
1.87402
0.796334
0.339572
0.356673
0.398323
0.426959
0.434873
0.434827
0.433821
0.433309
0.434041
0.435675
0.438232
0.441441
0.444933
0.448767
0.453024
0.457745
0.462907
0.468492
0.474459
0.480784
0.487424
0.494355
0.501533
0.508933
0.516512
0.524254
0.53212
0.540099
0.548163
0.556326
0.564556
0.572878
0.581267
0.589754
0.598321
0.607
0.615786
0.624684
0.633692
0.642829
0.652094
0.661501
0.671047
0.680741
0.690578
0.700553
0.710706
0.720319
1.88891
0.806067
0.345087
0.373673
0.430946
0.466907
0.47364
0.469586
0.464502
0.461397
0.460443
0.460412
0.461003
0.461966
0.463004
0.464177
0.465608
0.467369
0.469494
0.471997
0.4749
0.478211
0.481962
0.486144
0.490777
0.495844
0.501355
0.507279
0.513619
0.520336
0.527434
0.534866
0.542632
0.550685
0.559019
0.567589
0.576392
0.585385
0.594562
0.60391
0.613425
0.623084
0.632885
0.642802
0.652842
0.662983
0.673231
0.683563
0.694049
0.703943
2.34079
1.12441
0.469145
0.447626
0.513185
0.574933
0.595558
0.594951
0.589652
0.584346
0.581334
0.579422
0.577855
0.576481
0.574926
0.57319
0.571415
0.5697
0.568088
0.566608
0.565282
0.564148
0.563232
0.562581
0.562224
0.562212
0.562561
0.563333
0.564518
0.566156
0.568277
0.570886
0.574011
0.577631
0.581774
0.586409
0.591553
0.597168
0.603266
0.609799
0.616766
0.624123
0.631853
0.639948
0.648363
0.657083
0.666068
0.675306
0.684805
0.693863
1.88937
0.807255
0.346217
0.36349
0.415832
0.456093
0.468566
0.469573
0.469026
0.469005
0.471293
0.474812
0.47902
0.483755
0.48858
0.493394
0.498236
0.503165
0.508141
0.513154
0.518144
0.523122
0.528047
0.532946
0.537788
0.542612
0.547391
0.552169
0.556946
0.561753
0.566597
0.571512
0.576497
0.581604
0.586832
0.592233
0.597797
0.603579
0.60956
0.615796
0.622258
0.628996
0.635982
0.643228
0.650721
0.658474
0.666466
0.674696
0.683179
0.691286
1.88911
0.807402
0.347528
0.364557
0.416105
0.454595
0.465045
0.463982
0.461107
0.458546
0.458079
0.45892
0.460504
0.462711
0.465131
0.467721
0.47059
0.473819
0.477413
0.481357
0.485624
0.490197
0.495054
0.500177
0.505544
0.511131
0.516917
0.522878
0.528995
0.535267
0.541672
0.548206
0.554858
0.56162
0.568486
0.575452
0.58252
0.58969
0.596967
0.604352
0.611854
0.619467
0.627207
0.635067
0.643064
0.651188
0.659454
0.667847
0.676413
0.684548
2.34281
1.1281
0.472827
0.449692
0.51644
0.580686
0.603143
0.603248
0.598168
0.593098
0.590314
0.588757
0.587627
0.586773
0.58577
0.584603
0.583376
0.582249
0.58121
0.580351
0.579609
0.579098
0.578751
0.57869
0.578846
0.579326
0.580089
0.581176
0.582603
0.584376
0.586506
0.58899
0.591829
0.595022
0.598567
0.602464
0.606706
0.611284
0.616191
0.621418
0.62695
0.632781
0.638892
0.645278
0.651919
0.65881
0.665931
0.673275
0.680846
0.688088
1.88982
0.808794
0.353493
0.38144
0.439696
0.479651
0.489614
0.487935
0.48489
0.483503
0.48493
0.487605
0.490954
0.494788
0.49869
0.502641
0.506705
0.510934
0.515298
0.519781
0.524344
0.528978
0.533661
0.538392
0.543163
0.547967
0.552808
0.557686
0.562611
0.567585
0.572618
0.577725
0.582906
0.588182
0.593553
0.59904
0.604639
0.61037
0.61623
0.622232
0.628382
0.634688
0.641152
0.647778
0.654567
0.661523
0.668642
0.675915
0.683371
0.69047
1.87525
0.799755
0.351209
0.378126
0.427539
0.459451
0.467102
0.465974
0.464292
0.463577
0.464103
0.465302
0.467201
0.469485
0.471837
0.474318
0.477026
0.48001
0.483279
0.486829
0.490651
0.494739
0.499083
0.503676
0.508507
0.513567
0.51884
0.524316
0.529981
0.535821
0.541826
0.547977
0.55428
0.560713
0.567284
0.57397
0.580786
0.587713
0.594763
0.601919
0.609191
0.616562
0.624044
0.631624
0.639314
0.6471
0.654994
0.662983
0.671116
0.678817
1.87422
0.799383
0.351729
0.375371
0.422434
0.454102
0.462318
0.461857
0.46074
0.46012
0.460389
0.461213
0.462695
0.46453
0.466377
0.468278
0.470335
0.47259
0.475063
0.477753
0.48067
0.483817
0.487205
0.490834
0.494711
0.498833
0.503207
0.507826
0.512694
0.517803
0.523156
0.528744
0.534564
0.540606
0.546864
0.553326
0.559987
0.566831
0.573859
0.581056
0.588422
0.595944
0.603623
0.611441
0.619394
0.62747
0.635678
0.64401
0.652497
0.660555
1.88906
0.809131
0.354919
0.36268
0.413307
0.452104
0.463047
0.462635
0.460846
0.459599
0.459634
0.460444
0.461982
0.463884
0.46571
0.467517
0.469434
0.471525
0.47381
0.476284
0.47895
0.481808
0.484864
0.48812
0.49158
0.495245
0.499121
0.503208
0.50751
0.512026
0.516761
0.521712
0.526884
0.532272
0.537878
0.543698
0.549732
0.555974
0.562425
0.569075
0.575923
0.582958
0.590175
0.597571
0.605144
0.612887
0.620791
0.628846
0.637071
0.644895
2.31238
1.20479
0.485527
0.431522
0.492612
0.556848
0.582846
0.586343
0.583679
0.580947
0.579658
0.579342
0.579829
0.580658
0.581195
0.581485
0.581716
0.581998
0.582373
0.58284
0.583405
0.584067
0.584843
0.585737
0.586766
0.587933
0.589256
0.590736
0.59239
0.59422
0.596242
0.598457
0.600881
0.603512
0.606366
0.609441
0.612749
0.616286
0.620066
0.624081
0.628342
0.632841
0.637586
0.642567
0.647794
0.653248
0.658934
0.664827
0.670959
0.676854
2.32261
1.22891
0.466211
0.405403
0.481476
0.557548
0.588725
0.593409
0.590777
0.587915
0.586926
0.587378
0.588667
0.590481
0.592163
0.59356
0.594891
0.596303
0.597856
0.599536
0.601338
0.603249
0.605277
0.607416
0.609677
0.612054
0.614557
0.617178
0.619929
0.622804
0.625814
0.628952
0.632231
0.635644
0.639204
0.642905
0.646758
0.650759
0.654918
0.65923
0.663706
0.66834
0.673144
0.678112
0.68325
0.68855
0.694018
0.699639
0.705438
0.710977
2.31278
1.20629
0.486757
0.432583
0.494385
0.55985
0.586918
0.591072
0.589022
0.58691
0.586339
0.586996
0.588503
0.590492
0.592291
0.593885
0.595459
0.597142
0.59897
0.600945
0.603053
0.605298
0.607675
0.610193
0.612849
0.61565
0.618592
0.621683
0.624917
0.628301
0.631829
0.63551
0.639336
0.643315
0.64744
0.651719
0.656144
0.660723
0.665448
0.670328
0.675352
0.68053
0.685852
0.691327
0.696943
0.702711
0.708616
0.714667
0.720875
0.726814
1.88896
0.809186
0.356118
0.364326
0.416398
0.457015
0.469115
0.469134
0.467548
0.466533
0.467177
0.468803
0.471285
0.474241
0.477175
0.480141
0.48325
0.486579
0.490123
0.493885
0.49784
0.501995
0.506331
0.510859
0.515559
0.520442
0.525487
0.530706
0.536077
0.541613
0.547293
0.553128
0.559098
0.565215
0.571459
0.577844
0.584347
0.590984
0.597733
0.604611
0.611594
0.6187
0.625907
0.63323
0.640646
0.648176
0.655798
0.663533
0.671395
0.678883
1.8742
0.800018
0.35534
0.380495
0.428591
0.460137
0.467658
0.466492
0.464751
0.463867
0.464084
0.464935
0.466475
0.468355
0.470187
0.472037
0.474001
0.47614
0.478451
0.480945
0.483609
0.486459
0.489487
0.492707
0.49611
0.499712
0.503501
0.507492
0.511673
0.516057
0.520632
0.52541
0.530377
0.535546
0.5409
0.546453
0.552187
0.558114
0.564216
0.570505
0.576963
0.583598
0.590395
0.59736
0.604476
0.611752
0.61917
0.626738
0.634464
0.641828
1.87704
0.803113
0.359425
0.395174
0.451572
0.484577
0.490502
0.48697
0.482785
0.480836
0.480824
0.48162
0.483029
0.484693
0.48629
0.487911
0.489654
0.491566
0.49364
0.495878
0.498269
0.500823
0.503534
0.506414
0.509456
0.512671
0.516052
0.51961
0.523338
0.527245
0.531324
0.535584
0.540019
0.544635
0.549426
0.5544
0.559547
0.564875
0.570375
0.576055
0.581903
0.587927
0.594116
0.600475
0.606994
0.613677
0.620511
0.627499
0.634645
0.641458
1.19166
1.04926
0.497886
0.190622
0.0103604
0.108649
0.159899
0.208291
0.229935
0.234347
0.22273
0.211299
0.200997
0.191459
0.179422
0.164966
0.147633
0.127704
0.105879
0.0827427
0.0589165
0.0352158
0.0158372
0.0233072
0.0470748
0.0713539
0.0955304
0.119228
0.142566
0.165471
0.187988
0.210068
0.231718
0.252865
0.272891
0.291997
0.311549
0.331928
0.351909
0.371083
0.389613
0.407617
0.425154
0.442216
0.45881
0.474917
0.490548
0.505682
0.520329
0.534468
0.548104
0.561214
0.573797
0.585826
0.597293
0.608167
0.618434
0.628058
0.637021
0.645282
0.652818
0.659589
0.665571
0.670727
0.675038
0.678479
0.681052
0.682758
0.683623
0.683845
0.683709
0.683219
0.682
0.679618
0.67631
0.67277
0.669147
0.665487
0.661844
0.658312
0.654981
0.651936
0.649236
0.646928
0.645032
0.643561
0.642508
0.641852
0.641572
0.641592
0.641792
0.642171
0.642854
0.643993
0.645427
0.64698
0.648561
0.650251
0.651902
0.656673
1.12205
1.03625
0.806479
0.549528
0.502612
0.431479
0.381428
0.340624
0.31028
0.291722
0.26048
0.230288
0.210729
0.209004
0.216135
0.226696
0.239159
0.253091
0.268228
0.284102
0.300488
0.316977
0.333312
0.349505
0.366249
0.383251
0.400425
0.417539
0.434647
0.451592
0.468456
0.485099
0.501607
0.517854
0.533523
0.548449
0.563458
0.579188
0.595067
0.610303
0.625037
0.63942
0.653518
0.667305
0.68078
0.693911
0.706703
0.719132
0.731204
0.742893
0.754204
0.765105
0.775601
0.785652
0.795262
0.804385
0.813021
0.821121
0.828679
0.835643
0.842006
0.847714
0.85276
0.857091
0.860709
0.863568
0.865687
0.86704
0.867676
0.867738
0.867483
0.866881
0.865633
0.863368
0.860236
0.856829
0.853334
0.849824
0.846355
0.84301
0.839869
0.837011
0.83449
0.83235
0.830609
0.829276
0.828339
0.827783
0.827598
0.827668
0.827882
0.828261
0.828872
0.829887
0.831139
0.832518
0.83387
0.835308
0.83651
0.840315
1.07473
1.07568
1.00826
0.899969
0.831358
0.78119
0.745239
0.71514
0.690318
0.672239
0.657205
0.642913
0.632911
0.627811
0.626307
0.626589
0.628131
0.630574
0.633988
0.638286
0.643423
0.649218
0.655592
0.66244
0.67
0.678169
0.686937
0.696097
0.705664
0.715469
0.725575
0.735825
0.746308
0.756856
0.767234
0.777178
0.787245
0.798027
0.809388
0.820487
0.831293
0.841916
0.852432
0.862836
0.873115
0.883234
0.893182
0.902931
0.912474
0.921784
0.930855
0.939656
0.948178
0.956388
0.964275
0.971801
0.978953
0.985689
0.991994
0.997824
1.00316
1.00796
1.01221
1.01585
1.01889
1.02128
1.02303
1.0241
1.02453
1.02446
1.02414
1.02351
1.02229
1.0202
1.01731
1.01414
1.01084
1.00756
1.00432
1.00123
0.998334
0.995725
0.993426
0.991499
0.989935
0.988765
0.987953
0.987514
0.987389
0.987485
0.987679
0.988019
0.988556
0.989443
0.990516
0.991713
0.992848
0.994038
0.99483
0.997896
1.04746
1.08434
1.08335
1.04998
1.00832
0.979601
0.961227
0.947468
0.935237
0.924155
0.915291
0.907616
0.900715
0.895552
0.892962
0.891687
0.890687
0.889663
0.888682
0.887898
0.887443
0.887388
0.887742
0.888662
0.890175
0.892329
0.895158
0.898569
0.902545
0.906995
0.911933
0.917273
0.923059
0.929148
0.93528
0.941255
0.947453
0.95437
0.962071
0.969936
0.977721
0.985437
0.99318
1.00094
1.00874
1.01651
1.02427
1.03196
1.03958
1.04708
1.05447
1.06169
1.06875
1.07559
1.08222
1.08857
1.09465
1.1004
1.10582
1.11083
1.11546
1.11962
1.12331
1.12649
1.12914
1.13121
1.13271
1.1336
1.13386
1.1337
1.13335
1.13271
1.13149
1.12954
1.1269
1.12397
1.12085
1.11775
1.11469
1.11181
1.10912
1.10672
1.10461
1.10287
1.10145
1.10041
1.09969
1.09934
1.09925
1.09936
1.09952
1.09982
1.10032
1.10111
1.10204
1.10309
1.10406
1.10506
1.10557
1.1082
1.02113
1.06902
1.09391
1.09737
1.0883
1.08065
1.07687
1.07528
1.07364
1.07093
1.06727
1.06431
1.06215
1.05924
1.05575
1.05291
1.05018
1.04723
1.04404
1.04068
1.03732
1.03414
1.03126
1.02882
1.02691
1.02565
1.02506
1.02513
1.02589
1.02722
1.02915
1.03163
1.03468
1.03815
1.04176
1.04538
1.04931
1.05398
1.0595
1.0654
1.07143
1.0775
1.08365
1.08989
1.09624
1.10265
1.10913
1.11562
1.12211
1.12857
1.13498
1.1413
1.14751
1.15357
1.15947
1.16515
1.17062
1.17581
1.18071
1.18527
1.18948
1.19327
1.19665
1.19955
1.20196
1.20384
1.2052
1.20591
1.20606
1.20588
1.20552
1.20485
1.20362
1.20174
1.19934
1.19661
1.19366
1.19069
1.18778
1.18504
1.18251
1.18026
1.17831
1.17669
1.17539
1.17445
1.17382
1.17351
1.17346
1.17356
1.17373
1.17404
1.17453
1.1753
1.17612
1.1771
1.17798
1.17886
1.17922
1.18167
0.990759
1.04441
1.08058
1.10374
1.11589
1.12364
1.13053
1.13747
1.14341
1.14771
1.14992
1.15026
1.14979
1.14939
1.14801
1.14529
1.14196
1.13835
1.13464
1.13052
1.12628
1.12187
1.11768
1.11367
1.1102
1.10718
1.1049
1.1032
1.10227
1.1019
1.10224
1.10318
1.10475
1.10679
1.10899
1.11128
1.11395
1.11738
1.12163
1.12635
1.13134
1.13649
1.14176
1.14715
1.15265
1.15827
1.16398
1.16976
1.17558
1.18142
1.18724
1.19301
1.19871
1.2043
1.20975
1.21503
1.22011
1.22495
1.22953
1.2338
1.23774
1.2413
1.24446
1.24717
1.24942
1.25117
1.25236
1.25294
1.253
1.25282
1.25245
1.25174
1.25046
1.24862
1.24635
1.24377
1.24096
1.2381
1.23529
1.23264
1.23021
1.22806
1.22619
1.22466
1.22345
1.22257
1.22198
1.22172
1.2217
1.22179
1.22196
1.2223
1.2228
1.22355
1.22433
1.22527
1.22608
1.22689
1.22717
1.22952
0.961168
1.01304
1.05605
1.08914
1.11398
1.13248
1.14769
1.16091
1.17251
1.18193
1.18903
1.19357
1.19602
1.19672
1.19684
1.19619
1.19396
1.19057
1.18676
1.18259
1.17812
1.17349
1.16883
1.16428
1.16004
1.15621
1.15298
1.15034
1.14841
1.1471
1.1465
1.1465
1.14723
1.1484
1.14973
1.15122
1.15313
1.15579
1.15924
1.1632
1.16752
1.17208
1.1768
1.18167
1.18666
1.19178
1.197
1.20232
1.20771
1.21314
1.21857
1.22399
1.22935
1.23462
1.23978
1.24479
1.24961
1.25421
1.25856
1.26262
1.26636
1.26974
1.27273
1.2753
1.27741
1.27901
1.28008
1.28052
1.28052
1.28033
1.27995
1.27917
1.27784
1.27599
1.27378
1.27129
1.26861
1.26584
1.26313
1.26055
1.2582
1.25611
1.25432
1.25283
1.25166
1.25081
1.25025
1.25002
1.25002
1.25011
1.25029
1.25065
1.25117
1.25193
1.25268
1.2536
1.25437
1.25513
1.25536
1.25766
0.935085
0.982795
1.02665
1.06462
1.09604
1.12144
1.14291
1.16124
1.17709
1.19041
1.20125
1.20926
1.21481
1.21794
1.2194
1.21972
1.21954
1.21804
1.21508
1.21121
1.20693
1.20255
1.19803
1.19354
1.18916
1.18513
1.18151
1.17848
1.17603
1.17425
1.17312
1.17266
1.17289
1.1736
1.17444
1.17549
1.177
1.17925
1.18223
1.18574
1.18964
1.19384
1.19825
1.20282
1.20753
1.21236
1.2173
1.22234
1.22746
1.23263
1.23782
1.24301
1.24814
1.25321
1.25815
1.26296
1.26759
1.27201
1.27618
1.28008
1.28365
1.28688
1.28971
1.29213
1.29408
1.29554
1.29647
1.2968
1.29673
1.29654
1.29612
1.29525
1.29385
1.29198
1.28981
1.2874
1.28482
1.28218
1.27955
1.27705
1.27475
1.2727
1.27094
1.26948
1.26833
1.26749
1.26696
1.26675
1.26677
1.26686
1.26704
1.26742
1.26796
1.26873
1.26947
1.27038
1.27112
1.27185
1.27203
1.27431
0.911799
0.955425
0.997726
1.03729
1.072
1.10196
1.12722
1.14906
1.16798
1.18436
1.19798
1.20903
1.21727
1.22314
1.22671
1.2287
1.22941
1.2295
1.22862
1.2263
1.22273
1.21886
1.21468
1.21055
1.20642
1.20257
1.19897
1.19588
1.19324
1.19128
1.18989
1.18922
1.18919
1.18964
1.19021
1.19101
1.19232
1.19435
1.19709
1.20031
1.20394
1.20789
1.21209
1.21647
1.22101
1.22566
1.23043
1.23529
1.24023
1.24521
1.25022
1.25522
1.26018
1.26507
1.26985
1.27449
1.27895
1.2832
1.2872
1.29093
1.29433
1.29739
1.30005
1.3023
1.3041
1.30542
1.3062
1.30642
1.30633
1.3061
1.30561
1.30464
1.30315
1.3013
1.29917
1.29683
1.29437
1.29183
1.28933
1.28692
1.2847
1.28271
1.28098
1.27955
1.27842
1.27759
1.27706
1.27687
1.2769
1.27699
1.27717
1.27757
1.27812
1.27889
1.27963
1.28052
1.28125
1.28194
1.2821
1.28437
0.890232
0.929863
0.969917
1.00902
1.04508
1.07721
1.10539
1.12996
1.15143
1.17004
1.186
1.19932
1.2101
1.21837
1.22433
1.22829
1.23075
1.2318
1.23202
1.23164
1.23017
1.22751
1.22394
1.22021
1.21651
1.21298
1.20965
1.20669
1.20414
1.20215
1.20071
1.19992
1.19978
1.20005
1.20046
1.20113
1.20234
1.20425
1.2068
1.2098
1.21319
1.21691
1.22089
1.22509
1.22946
1.23395
1.23856
1.24326
1.24803
1.25284
1.25768
1.26251
1.2673
1.27201
1.27662
1.28108
1.28538
1.28945
1.29328
1.29682
1.30005
1.30293
1.30542
1.3075
1.30914
1.31029
1.31091
1.31104
1.31093
1.31067
1.31009
1.30903
1.30749
1.30563
1.30355
1.3013
1.29895
1.29656
1.2942
1.29192
1.2898
1.28787
1.28619
1.28478
1.28366
1.28284
1.28232
1.28213
1.28215
1.28223
1.28241
1.28281
1.28336
1.28412
1.28486
1.28574
1.28644
1.28711
1.28723
1.2895
0.870094
0.906518
0.944282
0.98223
1.01832
1.05143
1.0811
1.10747
1.13071
1.15119
1.16899
1.18433
1.19717
1.20769
1.21583
1.22194
1.22623
1.22908
1.23059
1.23116
1.23098
1.23013
1.22816
1.22528
1.22214
1.21897
1.21595
1.2132
1.21081
1.20886
1.20741
1.20654
1.20625
1.20634
1.20657
1.2071
1.20819
1.20999
1.21235
1.21514
1.21831
1.22181
1.2256
1.22962
1.23384
1.23821
1.24269
1.24726
1.25189
1.25656
1.26125
1.26592
1.27055
1.27509
1.27954
1.28383
1.28794
1.29183
1.29547
1.29882
1.30186
1.30454
1.30685
1.30875
1.3102
1.31119
1.31163
1.31167
1.31155
1.31125
1.31059
1.30944
1.30786
1.30601
1.304
1.30186
1.29967
1.29744
1.29526
1.29313
1.29114
1.2893
1.28769
1.28632
1.28523
1.28442
1.2839
1.2837
1.28372
1.28379
1.28397
1.28435
1.28489
1.28564
1.28637
1.28722
1.28791
1.28854
1.28864
1.29092
0.84936
0.883375
0.919247
0.955992
0.991697
1.02513
1.05569
1.08324
1.10788
1.12979
1.14918
1.16612
1.18075
1.1931
1.20333
1.21141
1.21764
1.2222
1.22539
1.22737
1.22829
1.22837
1.22789
1.22661
1.2245
1.22182
1.21907
1.21647
1.21422
1.21234
1.21094
1.21003
1.2097
1.20961
1.20975
1.21023
1.21129
1.21303
1.21528
1.2179
1.22089
1.2242
1.22782
1.23169
1.23578
1.24001
1.24439
1.24883
1.25334
1.25787
1.26242
1.26693
1.2714
1.27578
1.28005
1.28415
1.28808
1.29177
1.29523
1.29837
1.30122
1.3037
1.30582
1.30751
1.30879
1.30958
1.30988
1.30985
1.30971
1.30936
1.30861
1.30737
1.30579
1.30399
1.30208
1.30008
1.29805
1.29602
1.29401
1.29205
1.2902
1.28848
1.28696
1.28564
1.28458
1.28378
1.28326
1.28304
1.28304
1.28311
1.28327
1.28363
1.28414
1.28487
1.28557
1.28641
1.28706
1.28766
1.28775
1.29003
0.828702
0.860427
0.89441
0.92973
0.964644
0.997863
1.02876
1.057
1.08263
1.10567
1.12634
1.14466
1.16082
1.17481
1.1868
1.19669
1.20472
1.211
1.21581
1.21926
1.22157
1.22287
1.22322
1.22295
1.2222
1.22072
1.2187
1.21646
1.21436
1.21261
1.21124
1.2104
1.20998
1.20983
1.20983
1.21031
1.21137
1.21302
1.21513
1.21757
1.22038
1.2235
1.22696
1.23066
1.23461
1.23872
1.24297
1.24729
1.25168
1.25607
1.26048
1.26483
1.26915
1.27334
1.27743
1.28134
1.28507
1.28856
1.29181
1.29474
1.29738
1.29963
1.30154
1.30302
1.3041
1.30469
1.30487
1.30481
1.30462
1.30419
1.30331
1.30202
1.30047
1.29879
1.297
1.29518
1.29332
1.29148
1.28965
1.28789
1.28618
1.2846
1.28317
1.28194
1.28091
1.28014
1.2796
1.27937
1.27934
1.2794
1.27954
1.27987
1.28034
1.28103
1.28171
1.28251
1.28314
1.2837
1.28377
1.28606
0.810065
0.839408
0.871298
0.904863
0.938506
0.970975
1.00162
1.03005
1.05619
1.08
1.10161
1.12105
1.13844
1.15383
1.16734
1.17886
1.18856
1.19651
1.20291
1.20789
1.21163
1.21425
1.21592
1.2167
1.2168
1.21632
1.21546
1.21409
1.21245
1.21086
1.20965
1.20884
1.2085
1.20829
1.20839
1.209
1.21017
1.21186
1.21392
1.21632
1.21906
1.22213
1.22551
1.22914
1.23301
1.23703
1.24119
1.24543
1.24971
1.25399
1.25826
1.26247
1.2666
1.27061
1.27449
1.27818
1.28168
1.28494
1.28793
1.29062
1.29299
1.295
1.29665
1.29788
1.29873
1.2991
1.29917
1.29908
1.29883
1.29827
1.29729
1.29598
1.2945
1.29295
1.29133
1.2897
1.28806
1.28643
1.28481
1.28323
1.28171
1.2803
1.279
1.27787
1.27691
1.27618
1.27566
1.27541
1.27536
1.27541
1.27553
1.27582
1.27625
1.27689
1.27753
1.27829
1.27887
1.2794
1.27944
1.28174
0.795383
0.822107
0.85158
0.882999
0.914878
0.94606
0.975879
1.00394
1.03006
1.05419
1.07634
1.09654
1.11487
1.13136
1.14607
1.15906
1.17028
1.17982
1.1878
1.19436
1.19962
1.20371
1.20677
1.20889
1.21021
1.21083
1.21094
1.21064
1.21011
1.2094
1.20861
1.20821
1.20808
1.20814
1.20851
1.20936
1.21072
1.21245
1.21451
1.21692
1.21964
1.22267
1.22598
1.22954
1.23331
1.23724
1.24129
1.24542
1.24957
1.25372
1.25783
1.26187
1.2658
1.2696
1.27325
1.27671
1.27994
1.28294
1.28566
1.28808
1.29016
1.2919
1.29327
1.29426
1.29485
1.29504
1.29501
1.29488
1.29454
1.29384
1.29276
1.2915
1.29015
1.28876
1.28735
1.28593
1.28451
1.2831
1.28169
1.28033
1.27901
1.27778
1.27664
1.27563
1.27477
1.27409
1.2736
1.27334
1.27327
1.27331
1.27342
1.27365
1.27403
1.27462
1.27521
1.27591
1.27645
1.27692
1.27693
1.27924
0.786064
0.810125
0.837026
0.86611
0.895958
0.925534
0.954147
0.981431
1.00714
1.03118
1.05351
1.07416
1.09312
1.11046
1.12619
1.14039
1.15295
1.16397
1.17349
1.18162
1.18844
1.19409
1.19865
1.20225
1.20496
1.20691
1.20821
1.20901
1.20939
1.20947
1.20938
1.20935
1.20945
1.2098
1.21045
1.21145
1.21282
1.21453
1.21659
1.21897
1.22166
1.22462
1.22785
1.2313
1.23495
1.23874
1.24266
1.24663
1.25063
1.2546
1.25853
1.26237
1.26609
1.26966
1.27306
1.27625
1.27923
1.28193
1.28437
1.28649
1.28829
1.28973
1.29082
1.29154
1.29189
1.29194
1.29186
1.29164
1.29115
1.29031
1.28922
1.28806
1.28687
1.28568
1.28448
1.28328
1.28207
1.28088
1.2797
1.27855
1.27744
1.27639
1.27542
1.27454
1.27379
1.27317
1.27271
1.27243
1.27235
1.27238
1.27246
1.27264
1.27296
1.27348
1.27402
1.27466
1.27514
1.27555
1.27552
1.27784
0.780239
0.801983
0.826547
0.853392
0.88126
0.90917
0.936493
0.962824
0.987937
1.01168
1.03399
1.05484
1.07425
1.0922
1.10874
1.1239
1.13762
1.14991
1.16081
1.17035
1.17864
1.18573
1.19171
1.19668
1.20073
1.20395
1.20641
1.20823
1.20957
1.21049
1.21112
1.21164
1.21216
1.21282
1.21368
1.21481
1.21623
1.21797
1.22002
1.22239
1.22502
1.22792
1.23104
1.23438
1.23788
1.24154
1.24528
1.24908
1.25289
1.25668
1.26039
1.26401
1.26748
1.2708
1.27392
1.27684
1.2795
1.28191
1.28402
1.28583
1.2873
1.28844
1.28923
1.28969
1.28982
1.28978
1.28963
1.28927
1.28859
1.28765
1.28664
1.28563
1.28463
1.28363
1.28264
1.28165
1.28066
1.27969
1.27872
1.27779
1.27689
1.27604
1.27524
1.27451
1.27387
1.27332
1.2729
1.27263
1.27253
1.27255
1.2726
1.27274
1.27299
1.27343
1.2739
1.27447
1.27489
1.27523
1.27516
1.27748
0.776209
0.796213
0.818868
0.843772
0.869812
0.896106
0.922093
0.94738
0.971744
0.995018
1.01712
1.038
1.05764
1.07603
1.09317
1.10909
1.12375
1.13711
1.14919
1.16001
1.16963
1.17808
1.18545
1.19176
1.19712
1.20155
1.2052
1.20812
1.21044
1.21222
1.21363
1.21476
1.21579
1.21679
1.21792
1.2192
1.22073
1.2225
1.22456
1.22687
1.22946
1.23225
1.23528
1.23847
1.24184
1.2453
1.24887
1.25247
1.25608
1.25963
1.26313
1.26648
1.26971
1.27273
1.27558
1.27818
1.28055
1.28261
1.28441
1.28587
1.28704
1.28785
1.28836
1.28853
1.28852
1.28841
1.28811
1.28752
1.28668
1.28579
1.28492
1.28407
1.28325
1.28245
1.28166
1.28088
1.28011
1.27935
1.27861
1.2779
1.27722
1.27657
1.27595
1.27537
1.27484
1.27437
1.274
1.27374
1.27363
1.27362
1.27366
1.27376
1.27395
1.2743
1.27471
1.27519
1.27554
1.2758
1.27568
1.27801
0.773199
0.791879
0.813074
0.83645
0.861006
0.885951
0.910737
0.935053
0.958653
0.981412
1.00321
1.024
1.04372
1.06239
1.07997
1.09647
1.11188
1.12614
1.13923
1.15117
1.16195
1.17164
1.18023
1.1878
1.19437
1.20004
1.20483
1.20885
1.21215
1.21488
1.21708
1.2189
1.22046
1.2219
1.22331
1.2248
1.22642
1.22825
1.23028
1.23255
1.23503
1.23774
1.24061
1.24367
1.24684
1.25013
1.25348
1.25686
1.26022
1.26354
1.26676
1.26986
1.27278
1.27554
1.27806
1.28036
1.28238
1.28413
1.28557
1.28671
1.28752
1.28804
1.28824
1.28825
1.28815
1.28787
1.28731
1.28652
1.28571
1.28493
1.2842
1.28352
1.28288
1.28227
1.28167
1.2811
1.28053
1.27999
1.27948
1.27899
1.27853
1.27808
1.27764
1.2772
1.27679
1.27642
1.2761
1.27586
1.27573
1.27571
1.27574
1.27581
1.27594
1.2762
1.27652
1.27692
1.27719
1.27737
1.27721
1.27953
0.769855
0.787637
0.807783
0.830003
0.853383
0.87721
0.901028
0.924504
0.947453
0.969715
0.991211
1.01186
1.03162
1.05046
1.06838
1.08534
1.10135
1.11633
1.13027
1.14313
1.15495
1.16569
1.17541
1.18411
1.19185
1.19864
1.20455
1.20959
1.21391
1.21752
1.22052
1.22301
1.22513
1.22698
1.2287
1.23037
1.23211
1.23394
1.23595
1.23813
1.24051
1.24305
1.24578
1.24864
1.25162
1.25468
1.2578
1.26093
1.26404
1.26708
1.27002
1.27282
1.27546
1.2779
1.28012
1.28209
1.28379
1.28518
1.28629
1.28709
1.28759
1.28778
1.28779
1.28768
1.28738
1.28682
1.28604
1.28525
1.28453
1.28387
1.28329
1.28276
1.28228
1.28183
1.28142
1.28102
1.28066
1.28032
1.28002
1.27975
1.27949
1.27922
1.27893
1.27863
1.27833
1.27804
1.27778
1.27757
1.27744
1.27739
1.27741
1.27745
1.27753
1.2777
1.27793
1.27824
1.27842
1.27853
1.27834
1.28066
0.765722
0.782792
0.802156
0.823515
0.846027
0.869
0.892013
0.914808
0.93719
0.959039
0.980248
1.00077
1.02052
1.0395
1.05766
1.07499
1.09147
1.10705
1.12167
1.13534
1.148
1.15969
1.17036
1.18007
1.18879
1.19659
1.20344
1.20944
1.2146
1.21903
1.22277
1.22593
1.22861
1.23093
1.23298
1.2349
1.23675
1.23865
1.24063
1.24274
1.24499
1.2474
1.24994
1.25261
1.25537
1.2582
1.26107
1.26393
1.26676
1.26951
1.27215
1.27465
1.27697
1.27909
1.28097
1.2826
1.28395
1.285
1.28575
1.28622
1.28638
1.28635
1.28622
1.28586
1.28523
1.28443
1.28364
1.28293
1.2823
1.28176
1.2813
1.28092
1.28059
1.28031
1.28007
1.27986
1.27969
1.27956
1.27948
1.27943
1.27936
1.27926
1.27912
1.27896
1.27878
1.27858
1.27838
1.27821
1.27808
1.27802
1.27801
1.27803
1.27807
1.27817
1.27831
1.27851
1.2786
1.27864
1.27843
1.28073
0.7597
0.776251
0.795001
0.815701
0.837528
0.859848
0.882254
0.904504
0.926434
0.947927
0.968903
0.989287
1.00904
1.02811
1.04647
1.06409
1.08097
1.09702
1.11224
1.12655
1.13996
1.15244
1.16399
1.17459
1.18426
1.19299
1.20082
1.20774
1.21384
1.21913
1.22373
1.22763
1.23096
1.23379
1.23628
1.2385
1.24058
1.24258
1.24461
1.24668
1.24885
1.25112
1.25351
1.25597
1.25852
1.26111
1.26371
1.26629
1.26882
1.27125
1.27357
1.27574
1.27773
1.2795
1.28104
1.2823
1.28329
1.28397
1.28436
1.28448
1.28443
1.28422
1.28374
1.283
1.28216
1.28134
1.2806
1.27995
1.2794
1.27897
1.27864
1.2784
1.27822
1.27809
1.27802
1.278
1.27803
1.27811
1.27826
1.27842
1.27854
1.27859
1.2786
1.27858
1.27853
1.27844
1.27831
1.27818
1.27807
1.278
1.27797
1.27797
1.27798
1.27801
1.27807
1.27814
1.27816
1.27814
1.27786
1.2801
0.753964
0.769894
0.788018
0.808052
0.829188
0.850833
0.872604
0.894292
0.915741
0.936858
0.957552
0.97777
0.997449
1.01656
1.03505
1.0529
1.07008
1.08656
1.10227
1.11718
1.13126
1.14449
1.15685
1.16832
1.17889
1.18856
1.19733
1.20522
1.21223
1.21845
1.22386
1.22856
1.23258
1.23607
1.23905
1.24168
1.24402
1.24621
1.24829
1.25037
1.25246
1.25462
1.25682
1.2591
1.26141
1.26375
1.26606
1.26835
1.27055
1.27266
1.27464
1.27647
1.2781
1.27953
1.28069
1.28158
1.28218
1.28248
1.28254
1.28244
1.28215
1.2815
1.28061
1.27968
1.27881
1.27801
1.2773
1.27671
1.27626
1.27593
1.27573
1.27562
1.27558
1.27558
1.27564
1.2758
1.27607
1.27641
1.27675
1.27706
1.27733
1.27755
1.2777
1.2778
1.27785
1.27785
1.27782
1.27776
1.27768
1.2776
1.27754
1.27751
1.27749
1.27748
1.27747
1.27746
1.2774
1.27728
1.27685
1.279
0.747727
0.76317
0.780747
0.80022
0.820793
0.841878
0.86313
0.884346
0.905404
0.9262
0.946672
0.96674
0.986372
1.0055
1.02411
1.04214
1.05959
1.07641
1.09255
1.10795
1.12262
1.13649
1.14955
1.16176
1.17312
1.18359
1.19318
1.20186
1.20969
1.21663
1.22278
1.22816
1.23283
1.23684
1.24029
1.24329
1.24592
1.24828
1.25047
1.25255
1.25458
1.25661
1.25865
1.26071
1.26277
1.26483
1.26685
1.26881
1.27068
1.27245
1.27408
1.27555
1.27683
1.27788
1.27866
1.27919
1.2794
1.27939
1.27925
1.2788
1.27803
1.27703
1.276
1.27503
1.27413
1.27334
1.27266
1.27214
1.27178
1.27157
1.2715
1.2715
1.27153
1.27164
1.2719
1.27231
1.27279
1.27329
1.27378
1.27423
1.27465
1.27501
1.2753
1.27553
1.27569
1.27579
1.27583
1.27582
1.27579
1.27574
1.27567
1.2756
1.27554
1.27549
1.27541
1.27533
1.27517
1.27496
1.27442
1.2765
0.73658
0.75212
0.769728
0.789092
0.809468
0.830283
0.851256
0.872191
0.893011
0.913606
0.93394
0.953926
0.973543
0.99272
1.01144
1.02966
1.04734
1.06446
1.08095
1.09675
1.11186
1.12622
1.13982
1.15261
1.1646
1.17573
1.18605
1.19549
1.20411
1.21186
1.21881
1.22494
1.23034
1.23499
1.23904
1.2425
1.24554
1.24816
1.25055
1.2527
1.25475
1.25669
1.25861
1.26046
1.2623
1.26407
1.26581
1.26742
1.26896
1.27036
1.27165
1.27273
1.27366
1.2743
1.2747
1.27482
1.27477
1.2745
1.27384
1.27286
1.27177
1.27064
1.26954
1.2685
1.26756
1.26677
1.26613
1.26569
1.26544
1.26536
1.26537
1.26542
1.26556
1.26588
1.26639
1.26699
1.26764
1.26829
1.26894
1.26955
1.27012
1.27063
1.27108
1.27144
1.27173
1.27193
1.27206
1.27211
1.27211
1.27209
1.27204
1.27197
1.27186
1.27176
1.27162
1.27147
1.27122
1.27093
1.2703
1.27231
0.720796
0.736795
0.754804
0.774432
0.79492
0.815747
0.836667
0.857524
0.878254
0.898777
0.919057
0.93903
0.958669
0.977918
0.996758
1.01514
1.03306
1.05046
1.06731
1.08355
1.09916
1.11409
1.12832
1.14181
1.15453
1.16647
1.1776
1.1879
1.19737
1.20598
1.21379
1.22077
1.22697
1.2324
1.23716
1.24127
1.24483
1.2479
1.25061
1.25298
1.25514
1.2571
1.25894
1.26065
1.26228
1.26377
1.26519
1.26646
1.26764
1.26866
1.26956
1.27025
1.27075
1.27095
1.27095
1.2708
1.2703
1.26943
1.26827
1.26702
1.26576
1.26451
1.2633
1.26219
1.26123
1.26044
1.25986
1.2595
1.25938
1.25938
1.25944
1.25958
1.25992
1.26045
1.26116
1.26192
1.26273
1.26354
1.26436
1.26513
1.26587
1.26653
1.26713
1.26763
1.26806
1.26837
1.2686
1.26873
1.26878
1.26877
1.26875
1.26869
1.26857
1.26842
1.26821
1.26799
1.26765
1.26728
1.26654
1.26848
0.709533
0.724826
0.742209
0.761297
0.781335
0.801796
0.822408
0.843029
0.863569
0.883968
0.904163
0.924113
0.943764
0.963086
0.982031
1.00058
1.01869
1.03634
1.05352
1.07018
1.08626
1.10174
1.11656
1.13073
1.14417
1.15689
1.16884
1.18001
1.19037
1.19991
1.20861
1.2165
1.22356
1.22985
1.23536
1.24016
1.24431
1.24788
1.25094
1.25357
1.25585
1.25784
1.2596
1.26117
1.26256
1.26378
1.26485
1.26578
1.26659
1.26726
1.26777
1.26807
1.26815
1.26808
1.26776
1.26699
1.26589
1.26462
1.26324
1.2618
1.26037
1.25898
1.25768
1.25652
1.25555
1.2548
1.25429
1.25405
1.25402
1.25406
1.25419
1.25448
1.25499
1.25572
1.25656
1.25747
1.25842
1.25938
1.26033
1.26125
1.26213
1.26294
1.26366
1.2643
1.26483
1.26526
1.26558
1.26579
1.26589
1.2659
1.26588
1.26583
1.26571
1.26553
1.26526
1.26497
1.26454
1.26411
1.26329
1.26517
0.705331
0.719263
0.735364
0.753286
0.772283
0.791845
0.811686
0.831665
0.851676
0.871658
0.891534
0.911258
0.930765
0.950023
0.968975
0.987602
1.00586
1.02372
1.04117
1.05817
1.07465
1.09059
1.10594
1.12068
1.13476
1.14816
1.16082
1.17274
1.18387
1.1942
1.2037
1.21238
1.22022
1.22724
1.23342
1.23884
1.24351
1.24754
1.25094
1.25384
1.25626
1.25832
1.26001
1.26144
1.26259
1.26353
1.26424
1.26482
1.26524
1.26553
1.26563
1.26558
1.26533
1.26468
1.26365
1.26236
1.2609
1.25935
1.25773
1.25608
1.25448
1.25295
1.25158
1.25039
1.24944
1.24874
1.24833
1.2482
1.24822
1.24831
1.24852
1.24897
1.24967
1.25055
1.25153
1.25257
1.25366
1.25477
1.25586
1.25692
1.25794
1.25888
1.25974
1.2605
1.26116
1.26169
1.26211
1.2624
1.26256
1.2626
1.26259
1.26254
1.26242
1.26222
1.26189
1.26154
1.26103
1.26053
1.25962
1.26144
0.698547
0.712277
0.727994
0.74542
0.763875
0.782894
0.802218
0.82172
0.841315
0.860937
0.880526
0.900025
0.919385
0.938552
0.957491
0.976155
0.994518
1.01254
1.03021
1.04748
1.06431
1.08064
1.09646
1.1117
1.12634
1.14034
1.15366
1.16626
1.17811
1.18918
1.19945
1.20888
1.21747
1.2252
1.23211
1.23819
1.24348
1.24803
1.25187
1.25509
1.25773
1.25987
1.26157
1.26287
1.26382
1.26445
1.26484
1.26505
1.26512
1.26506
1.26484
1.26429
1.26335
1.26205
1.26055
1.25889
1.2571
1.25523
1.25333
1.25145
1.24967
1.24803
1.24659
1.2454
1.24447
1.24384
1.24353
1.24347
1.24353
1.24368
1.24401
1.24461
1.24547
1.24646
1.24757
1.24874
1.24995
1.25118
1.2524
1.25359
1.25473
1.25579
1.25678
1.25765
1.25842
1.25906
1.25957
1.25993
1.26015
1.26022
1.26021
1.26017
1.26006
1.25984
1.25947
1.25905
1.25847
1.2579
1.2569
1.25866
0.700656
0.713157
0.727666
0.743958
0.761364
0.779416
0.797867
0.816585
0.835493
0.854521
0.873613
0.892705
0.911749
0.930686
0.949479
0.968076
0.986448
1.00455
1.02236
1.03983
1.05692
1.07358
1.08977
1.10544
1.12055
1.13505
1.14892
1.1621
1.17457
1.18627
1.19719
1.20728
1.21654
1.22493
1.23247
1.23914
1.24496
1.24997
1.25421
1.25772
1.26057
1.2628
1.26449
1.26568
1.2664
1.26674
1.26681
1.26675
1.26658
1.26615
1.26531
1.26407
1.26255
1.26081
1.25889
1.25682
1.25466
1.25246
1.25029
1.24821
1.24628
1.24455
1.24308
1.24189
1.241
1.24044
1.24022
1.24023
1.24031
1.24052
1.24097
1.24171
1.24269
1.2438
1.24501
1.24628
1.2476
1.24894
1.25027
1.25157
1.25282
1.254
1.25509
1.25607
1.25693
1.25766
1.25826
1.25869
1.25898
1.25908
1.25908
1.25904
1.25893
1.25871
1.25831
1.25783
1.25716
1.25652
1.25544
1.25714
0.702718
0.714832
0.728886
0.744609
0.761403
0.778827
0.796668
0.814801
0.833173
0.851712
0.870378
0.889102
0.907851
0.926554
0.945185
0.963679
0.982016
1.00013
1.01801
1.03557
1.05279
1.0696
1.08598
1.10187
1.11723
1.13201
1.14618
1.1597
1.17254
1.18464
1.19598
1.20652
1.21624
1.22511
1.23312
1.24026
1.24653
1.25193
1.25652
1.2603
1.26335
1.26568
1.26737
1.26844
1.26893
1.269
1.2689
1.26865
1.26809
1.26709
1.26565
1.26391
1.26194
1.25976
1.25743
1.25498
1.25248
1.25001
1.24762
1.24538
1.24336
1.24159
1.24011
1.23894
1.23811
1.23764
1.2375
1.23754
1.23767
1.23795
1.23851
1.23938
1.24043
1.24162
1.24291
1.24427
1.24567
1.24709
1.2485
1.24989
1.25122
1.25248
1.25366
1.25472
1.25567
1.25647
1.25713
1.25763
1.25797
1.2581
1.25811
1.25807
1.25796
1.25774
1.25731
1.25678
1.25605
1.25536
1.2542
1.25585
0.692104
0.705055
0.719827
0.736107
0.753297
0.770985
0.789002
0.807244
0.825676
0.84424
0.862911
0.88163
0.900367
0.919069
0.937709
0.956231
0.974613
0.992798
1.01077
1.02843
1.04578
1.06273
1.07928
1.09535
1.11093
1.12595
1.14041
1.15424
1.16742
1.17988
1.19163
1.20259
1.21276
1.22208
1.23056
1.23813
1.24484
1.25064
1.25558
1.25965
1.26292
1.26537
1.26709
1.26805
1.26835
1.26826
1.26804
1.26755
1.26654
1.26499
1.26308
1.26089
1.25846
1.25585
1.25312
1.25032
1.24754
1.24484
1.24228
1.23994
1.23785
1.23606
1.2346
1.23348
1.23271
1.23233
1.23226
1.23233
1.2325
1.23286
1.23354
1.2345
1.23564
1.23691
1.23828
1.23972
1.2412
1.2427
1.2442
1.24568
1.2471
1.24845
1.24971
1.25086
1.25188
1.25277
1.2535
1.25407
1.25445
1.25463
1.25465
1.25462
1.25451
1.25428
1.25384
1.25327
1.25248
1.25175
1.25052
1.25213
0.674556
0.688225
0.703698
0.720605
0.738334
0.756493
0.774916
0.793515
0.812258
0.831098
0.850008
0.868942
0.887873
0.906752
0.925551
0.944227
0.962751
0.981084
0.999201
1.01705
1.0346
1.05178
1.06858
1.08495
1.10086
1.11626
1.13114
1.14543
1.15911
1.17212
1.18444
1.196
1.20679
1.21674
1.22586
1.23407
1.24139
1.24776
1.25322
1.25773
1.26135
1.26406
1.26591
1.26683
1.26704
1.26689
1.26652
1.26573
1.26429
1.26228
1.2599
1.25724
1.25436
1.25134
1.24823
1.24513
1.24209
1.23919
1.2365
1.23407
1.23194
1.23015
1.22871
1.22764
1.22694
1.22665
1.22663
1.22672
1.22694
1.22739
1.22818
1.22924
1.23047
1.23183
1.23329
1.23482
1.2364
1.238
1.23961
1.24118
1.24271
1.24417
1.24553
1.24678
1.24791
1.24889
1.2497
1.25034
1.25079
1.25102
1.25107
1.25104
1.25094
1.25071
1.25025
1.24965
1.24882
1.24804
1.24675
1.24833
0.658604
0.672183
0.687599
0.704505
0.722281
0.740538
0.759084
0.777828
0.796712
0.8157
0.834754
0.853837
0.872914
0.891944
0.910896
0.929729
0.948413
0.966906
0.985208
1.00334
1.02122
1.03881
1.05608
1.07298
1.08948
1.10554
1.12109
1.13611
1.15054
1.16434
1.17745
1.18984
1.20144
1.21222
1.22212
1.23112
1.23916
1.24624
1.2523
1.25737
1.26141
1.26445
1.26649
1.26743
1.26757
1.26739
1.26688
1.26581
1.26399
1.26153
1.2587
1.25557
1.25227
1.24884
1.24539
1.24198
1.23871
1.23563
1.23283
1.23032
1.22817
1.22637
1.22497
1.22394
1.22331
1.22309
1.22312
1.22323
1.22349
1.22404
1.22494
1.2261
1.22742
1.22887
1.23042
1.23206
1.23374
1.23546
1.23717
1.23886
1.2405
1.24207
1.24354
1.24491
1.24613
1.24721
1.24812
1.24884
1.24935
1.24964
1.24971
1.24969
1.24959
1.24936
1.24889
1.24827
1.24739
1.24657
1.24523
1.24677
0.687191
0.697689
0.710126
0.724275
0.739624
0.755715
0.772366
0.789422
0.806858
0.824574
0.842563
0.860725
0.879059
0.897463
0.915942
0.934396
0.952841
0.971195
0.989443
1.00753
1.02549
1.04322
1.0607
1.07785
1.09466
1.11103
1.12697
1.14237
1.15722
1.17143
1.185
1.19782
1.20988
1.22109
1.23145
1.24086
1.24932
1.25676
1.26319
1.26854
1.27284
1.27603
1.27816
1.27904
1.2791
1.27886
1.27821
1.27684
1.2746
1.27169
1.26836
1.26476
1.26097
1.2571
1.25326
1.24952
1.24598
1.2427
1.23974
1.23714
1.23492
1.23311
1.2317
1.2307
1.23012
1.22994
1.22998
1.23012
1.23044
1.23109
1.23206
1.23326
1.23462
1.23614
1.23774
1.23945
1.24119
1.24297
1.24474
1.2465
1.24819
1.24984
1.25137
1.2528
1.25408
1.25523
1.25618
1.25696
1.25751
1.25784
1.25792
1.2579
1.2578
1.25757
1.25708
1.25643
1.2555
1.25463
1.25323
1.25471
0.720564
0.730201
0.741566
0.754564
0.768717
0.783635
0.799129
0.81508
0.831458
0.8482
0.865282
0.882639
0.900238
0.918013
0.935929
0.953924
0.971963
0.989978
1.00795
1.02579
1.04348
1.06095
1.07818
1.0951
1.11167
1.12783
1.14356
1.15877
1.17346
1.18753
1.20098
1.2137
1.22571
1.23688
1.24724
1.25666
1.26518
1.27267
1.27917
1.28458
1.28894
1.29214
1.29427
1.29504
1.295
1.29469
1.29392
1.2923
1.28969
1.2864
1.28265
1.27863
1.27443
1.2702
1.26603
1.26204
1.25829
1.25488
1.25181
1.24916
1.24691
1.2451
1.24371
1.24275
1.24221
1.24207
1.24212
1.24228
1.24265
1.24335
1.24435
1.24557
1.24695
1.24847
1.25009
1.2518
1.25354
1.25533
1.25711
1.25887
1.26058
1.26223
1.26378
1.26523
1.26653
1.26769
1.26866
1.26945
1.27002
1.27036
1.27045
1.27043
1.27033
1.2701
1.26959
1.26892
1.26796
1.26705
1.2656
1.26702
0.737079
0.747254
0.759067
0.77242
0.786784
0.801826
0.817323
0.833233
0.849481
0.86608
0.882952
0.900107
0.917456
0.935007
0.952664
0.970439
0.988231
1.00605
1.02379
1.04142
1.05882
1.07602
1.09292
1.10954
1.12576
1.14162
1.157
1.17193
1.1863
1.20012
1.2133
1.22584
1.23762
1.24868
1.25889
1.26826
1.27669
1.28418
1.29064
1.29608
1.30041
1.30365
1.3057
1.30643
1.30629
1.30593
1.30507
1.30329
1.30046
1.29691
1.2929
1.28861
1.28417
1.27973
1.27539
1.27127
1.26745
1.26398
1.26091
1.25826
1.25605
1.25428
1.25294
1.25203
1.25156
1.25145
1.25152
1.25171
1.25211
1.25283
1.25385
1.25508
1.25646
1.25797
1.25959
1.26128
1.26302
1.26479
1.26656
1.26831
1.27001
1.27165
1.2732
1.27463
1.27594
1.27709
1.27807
1.27887
1.27945
1.27979
1.27989
1.27986
1.27976
1.27953
1.27903
1.27834
1.27737
1.27644
1.27497
1.27636
0.691928
0.7047
0.719084
0.734858
0.751424
0.768465
0.785764
0.803305
0.821008
0.838904
0.856919
0.875079
0.893296
0.911594
0.929881
0.948181
0.966399
0.984559
1.00256
1.02046
1.03815
1.05564
1.07282
1.08973
1.10625
1.12241
1.1381
1.15335
1.16803
1.18219
1.19569
1.20857
1.22069
1.2321
1.24263
1.25234
1.26108
1.26889
1.27562
1.28132
1.28586
1.28927
1.29142
1.29221
1.29206
1.29168
1.29078
1.28893
1.28599
1.28229
1.27813
1.27369
1.26913
1.26459
1.2602
1.25604
1.25223
1.24878
1.24576
1.24317
1.24103
1.23932
1.23806
1.23721
1.2368
1.23673
1.23682
1.23703
1.23746
1.23823
1.2393
1.24057
1.24199
1.24354
1.24519
1.24692
1.24871
1.25052
1.25233
1.25413
1.25588
1.25756
1.25916
1.26064
1.26199
1.26318
1.26421
1.26503
1.26564
1.26601
1.26612
1.26609
1.26599
1.26577
1.26528
1.2646
1.26363
1.26271
1.26123
1.26265
0.654721
0.667544
0.682154
0.698253
0.71522
0.732699
0.750492
0.768545
0.786798
0.805238
0.823811
0.842503
0.861257
0.880057
0.898845
0.917606
0.936283
0.954864
0.973295
0.99156
1.00962
1.02748
1.04507
1.06236
1.0793
1.09587
1.11199
1.12765
1.14277
1.15734
1.17127
1.18455
1.19709
1.20886
1.21979
1.22984
1.23894
1.24704
1.25408
1.26002
1.26478
1.26834
1.27061
1.27142
1.27131
1.27091
1.26997
1.26804
1.26495
1.26107
1.25672
1.2521
1.24737
1.24268
1.23817
1.23392
1.23003
1.22654
1.22349
1.2209
1.21876
1.21706
1.21581
1.21498
1.21461
1.21456
1.21466
1.21487
1.21534
1.21615
1.21726
1.21857
1.22004
1.22163
1.22333
1.22511
1.22694
1.22881
1.23068
1.23253
1.23434
1.23608
1.23773
1.23927
1.24066
1.2419
1.24296
1.24383
1.24446
1.24486
1.24498
1.24495
1.24486
1.24464
1.24415
1.24346
1.24247
1.24154
1.24006
1.2415
0.653367
0.665272
0.678985
0.694241
0.710446
0.727236
0.744426
0.761948
0.77975
0.797804
0.816062
0.834495
0.853053
0.871705
0.8904
0.90911
0.927783
0.946393
0.96489
0.983249
1.00142
1.01938
1.03707
1.05447
1.07152
1.08819
1.10443
1.12019
1.13543
1.1501
1.16414
1.17753
1.19018
1.20206
1.2131
1.22326
1.23245
1.24066
1.24778
1.2538
1.25863
1.26224
1.26455
1.26537
1.26526
1.26485
1.26389
1.26188
1.25867
1.25464
1.25013
1.24533
1.24044
1.2356
1.23094
1.22657
1.22257
1.21899
1.21587
1.21322
1.21103
1.20931
1.20803
1.20719
1.20681
1.20676
1.20685
1.20707
1.20755
1.20837
1.2095
1.21083
1.21231
1.21392
1.21563
1.21743
1.21927
1.22116
1.22305
1.22492
1.22674
1.2285
1.23017
1.23172
1.23313
1.23439
1.23546
1.23634
1.23699
1.23739
1.23752
1.2375
1.23741
1.23718
1.23669
1.23599
1.23498
1.23403
1.23253
1.23395
)
;

boundaryField
{
    inlet
    {
        type            calculated;
        value           uniform 3.00001;
    }
    outlet
    {
        type            calculated;
        value           nonuniform List<scalar> 
40
(
0.656673
0.840315
0.997896
1.1082
1.18167
1.22952
1.25766
1.27431
1.28437
1.2895
1.29092
1.29003
1.28606
1.28174
1.27924
1.27784
1.27748
1.27801
1.27953
1.28066
1.28073
1.2801
1.279
1.2765
1.27231
1.26848
1.26517
1.26144
1.25866
1.25714
1.25585
1.25213
1.24833
1.24677
1.25471
1.26702
1.27636
1.26265
1.2415
1.23395
)
;
    }
    bottom
    {
        type            symmetryPlane;
    }
    top
    {
        type            symmetryPlane;
    }
    obstacle
    {
        type            calculated;
        value           uniform 0;
    }
    defaultFaces
    {
        type            empty;
    }
}


// ************************************************************************* //
