/*--------------------------------*- C++ -*----------------------------------*\
| =========                 |                                                 |
| \\      /  F ield         | OpenFOAM: The Open Source CFD Toolbox           |
|  \\    /   O peration     | Version:  2412                                  |
|   \\  /    A nd           | Website:  www.openfoam.com                      |
|    \\/     M anipulation  |                                                 |
\*---------------------------------------------------------------------------*/
FoamFile
{
    version     2.0;
    format      ascii;
    arch        "LSB;label=32;scalar=64";
    class       volScalarField;
    location    "19.5";
    object      T;
}
// * * * * * * * * * * * * * * * * * * * * * * * * * * * * * * * * * * * * * //

dimensions      [0 0 0 1 0 0 0];

internalField   nonuniform List<scalar> 
7000
(
1.3191
2.6568
2.71972
2.66985
2.66466
2.64795
2.64454
2.64727
2.64933
2.65152
2.65278
2.65379
2.65493
2.65628
2.65778
2.6594
2.66114
2.66299
2.66496
2.66706
2.66928
2.67163
2.67409
2.67669
2.6794
2.68223
2.68518
2.68824
2.69141
2.69469
2.69804
2.7015
2.70501
2.7086
2.71222
2.71587
2.71951
2.72314
2.7267
2.73019
2.73354
2.73675
2.73973
2.74251
2.74495
2.74711
2.74885
2.75025
2.75122
2.75175
1.31917
2.65701
2.71997
2.66995
2.66478
2.64808
2.64466
2.6474
2.64945
2.65164
2.6529
2.6539
2.65504
2.65638
2.65789
2.65951
2.66124
2.66309
2.66506
2.66715
2.66937
2.67171
2.67418
2.67677
2.67948
2.68231
2.68525
2.68831
2.69147
2.69474
2.69809
2.70154
2.70505
2.70863
2.71224
2.71588
2.71951
2.72313
2.72667
2.73016
2.73349
2.73669
2.73965
2.7424
2.74484
2.74696
2.74871
2.75001
2.75096
2.7513
1.31915
2.65692
2.71987
2.66993
2.66474
2.64802
2.6446
2.64735
2.64936
2.65159
2.6528
2.65384
2.65493
2.65632
2.65777
2.65944
2.66112
2.66301
2.66493
2.66707
2.66923
2.67162
2.67403
2.67666
2.67931
2.68218
2.68507
2.68817
2.69128
2.69458
2.69789
2.70136
2.70483
2.70843
2.71201
2.71567
2.71929
2.72291
2.72647
2.72994
2.73329
2.73646
2.73947
2.74215
2.74462
2.74672
2.74845
2.74981
2.75066
2.75107
1.31912
2.65675
2.71969
2.66992
2.66469
2.64791
2.6445
2.64721
2.64928
2.65143
2.65271
2.65367
2.65484
2.65613
2.65767
2.65923
2.661
2.66279
2.66481
2.66682
2.6691
2.67135
2.67388
2.67637
2.67915
2.68186
2.68489
2.68782
2.69108
2.69419
2.69767
2.70094
2.70458
2.70797
2.71172
2.71517
2.71894
2.72239
2.72605
2.72942
2.73282
2.73601
2.73895
2.7418
2.74407
2.7463
2.74797
2.74923
2.75026
2.75044
1.31909
2.65652
2.71946
2.66995
2.66465
2.64778
2.64439
2.64699
2.64922
2.65119
2.65262
2.65342
2.65473
2.65587
2.65753
2.65895
2.66084
2.66249
2.66461
2.6665
2.66887
2.67101
2.6736
2.67601
2.67882
2.68149
2.68451
2.68744
2.69063
2.69381
2.69714
2.70056
2.70398
2.7076
2.71104
2.7148
2.71818
2.72199
2.72521
2.72893
2.73194
2.73535
2.73817
2.74096
2.74357
2.74538
2.74735
2.74862
2.74929
2.74986
1.31904
2.65623
2.71916
2.66999
2.66459
2.64765
2.6442
2.64699
2.64886
2.65117
2.65223
2.65338
2.65431
2.65581
2.65709
2.65888
2.66036
2.6624
2.66409
2.66639
2.66829
2.67086
2.67298
2.67581
2.67814
2.68123
2.68377
2.68709
2.68984
2.69337
2.69632
2.69999
2.70315
2.70689
2.71024
2.71395
2.71745
2.72101
2.7246
2.72784
2.7314
2.7341
2.73743
2.73978
2.74246
2.74471
2.74605
2.74764
2.74859
2.74856
1.31899
2.65587
2.7188
2.67004
2.66453
2.64745
2.644
2.64673
2.64868
2.65088
2.65203
2.65305
2.6541
2.65545
2.65686
2.65847
2.66013
2.66194
2.66385
2.66587
2.66805
2.67028
2.67273
2.67515
2.67788
2.68048
2.68349
2.68623
2.68951
2.69238
2.69591
2.69888
2.70261
2.70567
2.70952
2.71268
2.71651
2.71975
2.72342
2.7267
2.73002
2.73332
2.73587
2.73889
2.74087
2.74324
2.74513
2.74612
2.74684
2.74758
1.31893
2.65544
2.71836
2.67011
2.66446
2.64721
2.64375
2.64642
2.64844
2.65053
2.65175
2.65266
2.65377
2.65503
2.6565
2.65802
2.65971
2.66145
2.66337
2.66534
2.66749
2.66971
2.67209
2.67456
2.67715
2.67986
2.68264
2.68561
2.68855
2.69177
2.69481
2.69828
2.70136
2.70503
2.70808
2.71189
2.71491
2.71871
2.72174
2.72532
2.72838
2.73152
2.73469
2.73698
2.7397
2.74141
2.74304
2.74484
2.74569
2.74544
1.31886
2.65492
2.71784
2.6702
2.66437
2.64693
2.64343
2.64614
2.64806
2.6502
2.65132
2.65229
2.65331
2.65462
2.65599
2.65755
2.65915
2.66093
2.66276
2.66476
2.66682
2.66905
2.67135
2.6738
2.67633
2.67899
2.68175
2.6846
2.68757
2.69059
2.69377
2.69691
2.7003
2.70347
2.70707
2.71014
2.7139
2.71678
2.72057
2.72326
2.72685
2.72946
2.73244
2.73537
2.73712
2.73983
2.74124
2.74216
2.74289
2.7439
1.31878
2.65431
2.71723
2.6703
2.66426
2.64659
2.64308
2.64567
2.64773
2.64969
2.65094
2.65174
2.65288
2.65401
2.6555
2.6569
2.6586
2.66021
2.66213
2.66398
2.66612
2.6682
2.67056
2.67286
2.67543
2.67795
2.68072
2.68345
2.6864
2.68931
2.69243
2.6955
2.69874
2.70195
2.70523
2.70856
2.71178
2.71522
2.71819
2.72168
2.72424
2.72768
2.72981
2.73281
2.73524
2.73648
2.73871
2.74028
2.74108
2.74056
1.31868
2.65361
2.71652
2.67041
2.66414
2.64622
2.64264
2.64533
2.64715
2.64929
2.6503
2.65128
2.65218
2.65349
2.65474
2.65631
2.65778
2.65955
2.66124
2.66323
2.66514
2.66735
2.66948
2.67189
2.67425
2.67685
2.67942
2.68219
2.68496
2.68788
2.69083
2.69387
2.69697
2.70008
2.70328
2.70642
2.70967
2.71274
2.71598
2.71888
2.722
2.72453
2.72743
2.72939
2.73204
2.73432
2.73504
2.73609
2.73678
2.73817
1.31858
2.6528
2.71572
2.67054
2.66401
2.64576
2.64216
2.64469
2.64672
2.64858
2.64981
2.6505
2.65162
2.65265
2.65411
2.65539
2.65707
2.65854
2.66045
2.66213
2.66425
2.66613
2.66847
2.67055
2.67309
2.67537
2.6781
2.68056
2.68345
2.68607
2.6891
2.69187
2.69499
2.69788
2.70101
2.70401
2.70706
2.71014
2.71298
2.71611
2.7186
2.72166
2.72375
2.72633
2.72788
2.72977
2.73207
2.73325
2.73394
2.73303
1.31846
2.65189
2.7148
2.6707
2.66383
2.64527
2.64158
2.64417
2.646
2.64798
2.64901
2.64983
2.65075
2.6519
2.65316
2.65457
2.65602
2.65764
2.65928
2.66112
2.66296
2.66501
2.66704
2.66929
2.67151
2.67394
2.67633
2.67894
2.68147
2.68424
2.68688
2.68979
2.6925
2.69551
2.69824
2.7013
2.70399
2.70702
2.70962
2.71245
2.71504
2.71734
2.72004
2.72171
2.72413
2.72537
2.72595
2.72684
2.72738
2.72923
1.31833
2.65089
2.71372
2.67109
2.66342
2.64471
2.64093
2.64347
2.64529
2.64717
2.64822
2.64894
2.64988
2.65092
2.6522
2.65348
2.65498
2.65643
2.65814
2.65978
2.6617
2.66352
2.66564
2.66763
2.66994
2.67209
2.67456
2.67686
2.67947
2.68191
2.68461
2.68717
2.68991
2.69257
2.69529
2.69799
2.70065
2.7033
2.70588
2.7083
2.71074
2.71286
2.71476
2.71678
2.71781
2.71996
2.72152
2.72235
2.72269
2.72107
1.31819
2.64982
2.71244
2.6718
2.66272
2.64407
2.64019
2.64263
2.64449
2.64622
2.64732
2.64791
2.64888
2.6498
2.65109
2.65226
2.65374
2.65511
2.65676
2.65834
2.66016
2.66195
2.6639
2.6659
2.66797
2.67018
2.67234
2.67474
2.67695
2.67953
2.68176
2.68447
2.68669
2.68946
2.69168
2.69437
2.6966
2.69907
2.70129
2.70347
2.70553
2.70748
2.70923
2.71056
2.7119
2.71182
2.71221
2.71236
2.71293
2.71466
1.31804
2.6486
2.71109
2.67237
2.66208
2.64337
2.63934
2.64182
2.64345
2.64529
2.64617
2.64688
2.64762
2.64867
2.64971
2.65102
2.65223
2.65375
2.65511
2.65683
2.65834
2.66026
2.6619
2.66399
2.66576
2.66801
2.6699
2.67225
2.67427
2.67665
2.6788
2.68115
2.68343
2.68563
2.68802
2.69001
2.69239
2.69416
2.69628
2.69786
2.69947
2.70076
2.70198
2.70299
2.70353
2.70488
2.7045
2.70448
2.70318
2.70081
1.31787
2.64726
2.70964
2.67293
2.6614
2.64257
2.63837
2.64091
2.64229
2.64423
2.6449
2.6457
2.64625
2.64736
2.64823
2.64958
2.65063
2.65213
2.65337
2.65502
2.65645
2.65822
2.65983
2.66169
2.66347
2.6654
2.66734
2.66929
2.67137
2.67331
2.67548
2.67738
2.67955
2.68143
2.68344
2.68533
2.68703
2.68889
2.69018
2.69177
2.69272
2.69351
2.69381
2.69391
2.69324
2.69142
2.69072
2.68856
2.68791
2.68782
1.31769
2.64581
2.70808
2.6735
2.66066
2.64166
2.63732
2.63969
2.64116
2.64284
2.64366
2.64419
2.64489
2.64572
2.64676
2.64779
2.64902
2.65018
2.6516
2.65289
2.65447
2.65589
2.65761
2.65914
2.66097
2.66259
2.66449
2.6662
2.6681
2.66988
2.67171
2.67354
2.67521
2.67701
2.67845
2.68007
2.68127
2.68243
2.68348
2.68385
2.68465
2.68457
2.6842
2.68322
2.68203
2.68038
2.67609
2.67251
2.66669
2.66068
1.3175
2.64427
2.70644
2.67408
2.65984
2.64064
2.63612
2.63837
2.63983
2.64135
2.64218
2.64259
2.64328
2.64399
2.64498
2.64593
2.64706
2.64817
2.64942
2.65069
2.65204
2.65347
2.65488
2.65645
2.6579
2.65958
2.66104
2.66279
2.66422
2.66599
2.66738
2.66906
2.6704
2.67185
2.6731
2.67413
2.67523
2.67559
2.67622
2.67606
2.6752
2.67444
2.67201
2.6699
2.66524
2.65989
2.65473
2.64497
2.63534
2.62271
1.31729
2.64267
2.70475
2.67465
2.65891
2.63953
2.63473
2.63705
2.63816
2.63983
2.6404
2.64097
2.6414
2.64228
2.64296
2.64407
2.6449
2.64614
2.6471
2.64846
2.64953
2.65097
2.65214
2.65362
2.65487
2.65634
2.65765
2.65905
2.66038
2.66164
2.66295
2.66398
2.6652
2.66591
2.66691
2.66721
2.66787
2.66775
2.66739
2.66653
2.66546
2.66279
2.66058
2.65528
2.65062
2.64064
2.62782
2.6109
2.58204
2.51102
1.31729
2.64178
2.7003
2.67516
2.6575
2.63777
2.63266
2.63476
2.63589
2.63728
2.63799
2.63826
2.63882
2.63933
2.6402
2.64091
2.64193
2.64274
2.64388
2.64477
2.64602
2.64696
2.64828
2.64924
2.65059
2.65154
2.65286
2.65375
2.65498
2.65576
2.65678
2.65738
2.65803
2.65834
2.65855
2.65823
2.65763
2.65673
2.65483
2.65279
2.64867
2.64509
2.63744
2.63137
2.6184
2.60617
2.58344
2.5473
2.48955
2.36399
1.31727
2.6408
2.69558
2.67534
2.65559
2.63539
2.62979
2.63186
2.63274
2.63416
2.63478
2.63508
2.63547
2.636
2.63666
2.63738
2.63814
2.63895
2.63978
2.64067
2.64153
2.64247
2.64333
2.64429
2.6451
2.64604
2.64673
2.64759
2.6481
2.64881
2.64905
2.64955
2.64951
2.64933
2.64885
2.64828
2.64676
2.64548
2.64237
2.63994
2.63485
2.6289
2.62126
2.60783
2.59488
2.56849
2.54176
2.49169
2.41717
2.31792
1.31724
2.64013
2.69311
2.67518
2.65401
2.63311
2.62687
2.62871
2.62948
2.6309
2.63148
2.63172
2.63201
2.63246
2.63301
2.63364
2.63429
2.63499
2.63569
2.63644
2.63717
2.63794
2.63866
2.63939
2.64004
2.64067
2.64118
2.64162
2.64188
2.64204
2.64188
2.64149
2.64095
2.63976
2.63853
2.63619
2.6341
2.63018
2.62706
2.62076
2.61613
2.60611
2.59863
2.58342
2.56673
2.54289
2.50647
2.46397
2.39204
2.31842
1.31712
2.63899
2.6923
2.67399
2.65207
2.6303
2.62361
2.62555
2.62639
2.6279
2.62843
2.62849
2.62859
2.62886
2.62911
2.62956
2.62987
2.63035
2.6307
2.63122
2.63159
2.63212
2.63251
2.63303
2.6334
2.63387
2.63417
2.63458
2.63468
2.63476
2.63465
2.63431
2.63372
2.63243
2.63117
2.62839
2.62605
2.62115
2.61677
2.60951
2.60131
2.59129
2.57731
2.56325
2.5411
2.51823
2.4844
2.44389
2.39088
2.32885
1.31688
2.64015
2.7039
2.67063
2.65207
2.62869
2.62148
2.6242
2.62517
2.62701
2.62749
2.62743
2.6274
2.62743
2.62752
2.62762
2.62768
2.62771
2.6277
2.62765
2.62758
2.6274
2.62724
2.6269
2.62663
2.62615
2.62578
2.62497
2.62449
2.62339
2.62274
2.62127
2.6204
2.61837
2.61707
2.61425
2.61171
2.6079
2.60273
2.59711
2.5881
2.57874
2.56469
2.54874
2.52839
2.50251
2.4734
2.43464
2.39197
2.34475
1.30177
2.58654
2.69846
2.67709
2.65963
2.63611
2.62921
2.63211
2.63317
2.6347
2.63456
2.63413
2.63346
2.63291
2.63233
2.6318
2.63116
2.6306
2.62994
2.6294
2.62872
2.62819
2.62746
2.62697
2.62608
2.62554
2.6243
2.62338
2.62152
2.6202
2.61754
2.61574
2.61221
2.60997
2.60548
2.6027
2.59701
2.59348
2.58638
2.58082
2.57193
2.56256
2.55063
2.53528
2.51798
2.49456
2.46884
2.43585
2.39823
2.35804
1.72053
2.4689
2.72868
2.70684
2.68431
2.674
2.67453
2.67607
2.67747
2.67775
2.67656
2.6751
2.67347
2.67169
2.66972
2.66753
2.66511
2.66251
2.65968
2.65672
2.6535
2.65026
2.64671
2.64325
2.63927
2.63535
2.63092
2.62782
2.62397
2.62141
2.61775
2.61502
2.61076
2.60707
2.60189
2.5968
2.59071
2.58368
2.5768
2.56735
2.55921
2.54684
2.53633
2.52025
2.50549
2.48444
2.46319
2.43562
2.40591
2.37313
1.73243
2.46198
2.72318
2.7021
2.67737
2.66838
2.67227
2.67397
2.67666
2.67748
2.67768
2.67754
2.67728
2.67698
2.6763
2.67569
2.67437
2.6734
2.67137
2.67006
2.66732
2.66561
2.6622
2.6599
2.65599
2.65335
2.64897
2.6448
2.63921
2.63376
2.62721
2.621
2.61485
2.60881
2.60314
2.59607
2.5901
2.5813
2.57382
2.56299
2.55335
2.54024
2.5277
2.51204
2.49572
2.47687
2.45602
2.43312
2.40771
2.38163
1.72918
2.46754
2.72516
2.7024
2.6738
2.66432
2.66915
2.67158
2.67475
2.67587
2.67621
2.67635
2.67652
2.6765
2.6764
2.67615
2.67555
2.67515
2.67424
2.67352
2.67195
2.67087
2.66867
2.6669
2.6641
2.66139
2.65804
2.65434
2.65026
2.64528
2.64062
2.63405
2.62805
2.61901
2.61179
2.60165
2.59372
2.58342
2.57485
2.56362
2.55329
2.54044
2.52742
2.5122
2.4961
2.47781
2.45803
2.43624
2.41273
2.38979
1.73189
2.46083
2.72062
2.69691
2.67073
2.66107
2.66563
2.66787
2.67105
2.6723
2.67271
2.67299
2.67332
2.67362
2.67389
2.67392
2.67384
2.67359
2.67315
2.67246
2.67177
2.67047
2.66949
2.66748
2.66616
2.66346
2.66166
2.65796
2.65557
2.65064
2.64755
2.64129
2.63703
2.62949
2.62338
2.61417
2.60564
2.59427
2.58346
2.57066
2.5581
2.54436
2.53044
2.51514
2.49904
2.48144
2.46326
2.44322
2.42216
2.40146
1.74106
2.44266
2.70908
2.68455
2.66699
2.65762
2.66056
2.66227
2.66536
2.66641
2.66707
2.66716
2.66738
2.6675
2.66763
2.66763
2.66758
2.66741
2.66722
2.66675
2.66641
2.66561
2.66504
2.66377
2.66283
2.66078
2.6594
2.65642
2.65449
2.65046
2.64757
2.64261
2.63852
2.63254
2.62687
2.61956
2.61214
2.60311
2.59343
2.5822
2.57006
2.55612
2.54149
2.52541
2.50909
2.49134
2.47311
2.45382
2.43379
2.41429
1.73601
2.43623
2.70573
2.67701
2.66919
2.65595
2.65606
2.65806
2.66106
2.66217
2.66325
2.66335
2.66362
2.66381
2.66398
2.66405
2.66403
2.66393
2.66378
2.66343
2.66313
2.66246
2.66195
2.66084
2.66005
2.65833
2.65716
2.65465
2.65291
2.6496
2.64689
2.6427
2.6387
2.63357
2.62839
2.62199
2.61535
2.60746
2.59916
2.58955
2.57932
2.56759
2.55505
2.54091
2.52582
2.50936
2.49211
2.47377
2.45466
2.43602
1.35697
2.4673
2.67919
2.6685
2.64649
2.62385
2.6168
2.62084
2.62281
2.62569
2.62711
2.62815
2.62894
2.62995
2.63066
2.63175
2.63241
2.63338
2.63388
2.63471
2.63503
2.63576
2.63588
2.63607
2.63607
2.63596
2.63573
2.63514
2.63456
2.63336
2.63219
2.63029
2.6283
2.62531
2.62208
2.61749
2.61246
2.60608
2.59916
2.5909
2.58221
2.57211
2.56147
2.54962
2.53689
2.52298
2.50816
2.49229
2.4755
2.45903
1.36038
2.47685
2.68631
2.67709
2.65247
2.62349
2.61386
2.61468
2.61667
2.61863
2.61944
2.61954
2.61974
2.61977
2.62003
2.62037
2.62074
2.62106
2.6214
2.62163
2.6219
2.62199
2.62215
2.62207
2.6219
2.6215
2.62111
2.62024
2.61954
2.61806
2.61689
2.61469
2.61276
2.60981
2.60697
2.60344
2.59977
2.59531
2.59036
2.5847
2.57799
2.57042
2.56142
2.55151
2.54066
2.529
2.51663
2.50342
2.48932
2.47552
1.3496
2.41256
2.66934
2.66955
2.65013
2.62373
2.61396
2.61402
2.61472
2.61528
2.61495
2.61408
2.61333
2.6123
2.61163
2.61094
2.61044
2.60979
2.60931
2.60866
2.60819
2.60755
2.60706
2.60639
2.60583
2.60505
2.60434
2.6035
2.60261
2.60153
2.60015
2.5986
2.59658
2.59441
2.59161
2.58864
2.58496
2.58108
2.57643
2.57135
2.5656
2.5595
2.55281
2.54551
2.53744
2.52808
2.51756
2.50647
2.49468
2.48331
1.74171
2.39655
2.67489
2.66126
2.65245
2.63854
2.63338
2.63363
2.63338
2.6331
2.6323
2.63107
2.62967
2.62801
2.6264
2.62482
2.62315
2.62142
2.61958
2.61772
2.61572
2.61375
2.61162
2.60955
2.60728
2.60515
2.60277
2.60067
2.59819
2.59576
2.59321
2.59057
2.58777
2.58472
2.58154
2.57791
2.57416
2.56977
2.56529
2.56
2.55461
2.5483
2.54193
2.53459
2.527
2.51898
2.51085
2.50182
2.49209
2.4825
1.347
2.39551
2.66013
2.66579
2.64946
2.62417
2.61557
2.61422
2.61548
2.61575
2.61547
2.61512
2.61424
2.61331
2.61267
2.61181
2.61109
2.61002
2.60908
2.60774
2.60661
2.60524
2.60408
2.60258
2.6013
2.59944
2.59786
2.59535
2.59334
2.59062
2.58827
2.58519
2.58239
2.57883
2.57561
2.57168
2.56797
2.56357
2.55923
2.55425
2.54909
2.54331
2.53718
2.53054
2.52335
2.51577
2.50763
2.4992
2.49024
2.48162
1.34832
2.4064
2.66731
2.67126
2.65094
2.62221
2.61095
2.61076
2.61173
2.61244
2.61231
2.61161
2.61086
2.60986
2.60927
2.60853
2.60793
2.60704
2.60622
2.60509
2.60395
2.60228
2.6006
2.59844
2.59627
2.59377
2.59124
2.58845
2.58553
2.58243
2.57913
2.57574
2.57217
2.56861
2.56465
2.56074
2.55633
2.55205
2.54718
2.54248
2.53714
2.53202
2.52614
2.52045
2.51398
2.50759
2.5004
2.49312
2.48529
2.47795
1.34774
2.40205
2.66454
2.6693
2.64834
2.61892
2.60691
2.60676
2.60757
2.60848
2.60819
2.60735
2.60653
2.60542
2.6047
2.60395
2.60332
2.60252
2.60176
2.60083
2.59986
2.59871
2.59743
2.59595
2.59423
2.59233
2.59011
2.58774
2.58498
2.58211
2.5788
2.57541
2.57157
2.5677
2.5634
2.55903
2.55418
2.54923
2.54387
2.53835
2.53253
2.52651
2.52026
2.51373
2.50707
2.50007
2.49304
2.48555
2.478
2.47063
1.3449
2.37904
2.64737
2.66152
2.64237
2.61453
2.60272
2.60128
2.60159
2.60182
2.60117
2.60039
2.59905
2.59796
2.59688
2.59601
2.59497
2.59405
2.59289
2.59186
2.59059
2.58947
2.58809
2.58686
2.58534
2.58392
2.58218
2.58047
2.5784
2.5763
2.57384
2.57124
2.56825
2.565
2.56137
2.55746
2.55324
2.54867
2.54383
2.53854
2.53306
2.52711
2.52099
2.51439
2.50767
2.50051
2.49326
2.48575
2.47813
2.47079
1.75133
2.37303
2.64556
2.64165
2.62819
2.61409
2.60921
2.60946
2.60944
2.60932
2.60874
2.60809
2.60686
2.60572
2.60444
2.60333
2.60196
2.60065
2.59907
2.59752
2.59574
2.59397
2.59199
2.59
2.58782
2.58561
2.58322
2.58076
2.57814
2.57541
2.57261
2.56964
2.56658
2.56326
2.55982
2.55603
2.55211
2.54777
2.54323
2.53827
2.53305
2.52745
2.52166
2.51552
2.50921
2.50256
2.49569
2.48852
2.48102
2.47387
1.347
2.38867
2.65252
2.65979
2.63924
2.6089
2.59756
2.5962
2.59783
2.59915
2.59899
2.59848
2.5979
2.59663
2.59595
2.59474
2.594
2.59252
2.59156
2.58984
2.5883
2.58645
2.58463
2.5825
2.58042
2.57819
2.57611
2.57381
2.57166
2.56921
2.56667
2.56378
2.56082
2.55755
2.5542
2.55058
2.54683
2.54285
2.53876
2.53443
2.52991
2.52511
2.52001
2.51457
2.50882
2.50276
2.49643
2.4899
2.48305
2.47649
1.3507
2.41192
2.65476
2.64881
2.62688
2.59631
2.58555
2.58581
2.5876
2.58952
2.58986
2.58963
2.58916
2.58839
2.58788
2.58736
2.5869
2.58628
2.58562
2.58482
2.58393
2.58291
2.58177
2.58045
2.57896
2.57712
2.57503
2.57264
2.57001
2.56712
2.56413
2.56093
2.55761
2.55409
2.55042
2.54656
2.54254
2.53834
2.53396
2.52941
2.52468
2.51978
2.51478
2.50965
2.50431
2.49881
2.49305
2.48709
2.48084
2.47487
1.77124
2.3721
2.63833
2.61744
2.6111
2.5958
2.59307
2.59382
2.59493
2.59621
2.59596
2.59547
2.59512
2.59446
2.59389
2.59331
2.59274
2.59206
2.59134
2.59052
2.58964
2.58864
2.58756
2.58634
2.585
2.58349
2.58183
2.57994
2.57787
2.57546
2.57273
2.5697
2.56637
2.56277
2.5589
2.55479
2.55044
2.54589
2.54112
2.53618
2.531
2.52564
2.51998
2.51416
2.50817
2.50203
2.49583
2.48951
2.48308
2.47695
1.79778
2.35506
2.62633
2.60577
2.60258
2.59265
2.58927
2.58949
2.58974
2.59029
2.59003
2.58942
2.58878
2.58775
2.58673
2.5856
2.58442
2.58309
2.5817
2.58015
2.57858
2.57686
2.57517
2.57339
2.57164
2.5698
2.56798
2.56606
2.56416
2.56219
2.56032
2.55828
2.5563
2.55411
2.55189
2.54939
2.5468
2.54385
2.54053
2.53685
2.53295
2.52877
2.52437
2.51966
2.51472
2.50948
2.50395
2.49812
2.49202
2.48612
1.7626
2.38154
2.64997
2.61919
2.6134
2.59925
2.59608
2.59819
2.59966
2.60049
2.60023
2.59974
2.59869
2.59748
2.59621
2.59489
2.59346
2.59194
2.5903
2.5886
2.58679
2.58495
2.58286
2.58066
2.57822
2.57569
2.57292
2.5701
2.56705
2.56398
2.56069
2.55744
2.55398
2.55048
2.54677
2.54304
2.5391
2.5352
2.5313
2.52738
2.5233
2.51913
2.51476
2.51034
2.50575
2.50108
2.49621
2.49124
2.48601
2.48108
1.28616
2.49444
2.64466
2.64197
2.61671
2.58399
2.57193
2.57237
2.57501
2.5774
2.57865
2.57888
2.57911
2.57908
2.57902
2.57894
2.57878
2.57848
2.57801
2.57736
2.57653
2.57548
2.57433
2.57297
2.5715
2.56981
2.56807
2.56593
2.56369
2.56129
2.55867
2.55589
2.55278
2.54959
2.54609
2.54252
2.53865
2.53474
2.53056
2.52635
2.5219
2.51744
2.51294
2.50821
2.50335
2.49827
2.49309
2.48769
2.48219
2.47692
1.77186
2.36712
2.63939
2.61684
2.61054
2.59512
2.59018
2.59109
2.59151
2.5931
2.59273
2.59216
2.5917
2.59091
2.59017
2.58931
2.58855
2.58757
2.58665
2.5855
2.58439
2.58305
2.58174
2.58018
2.57865
2.57684
2.57504
2.57294
2.57062
2.56801
2.56522
2.56214
2.55906
2.55574
2.55242
2.5488
2.54517
2.54122
2.53725
2.53292
2.5286
2.5239
2.51903
2.51397
2.50881
2.50346
2.49801
2.49239
2.48667
2.48119
1.77326
2.36531
2.6373
2.61492
2.60868
2.59338
2.58842
2.58952
2.59058
2.59167
2.59221
2.59171
2.59128
2.59048
2.58962
2.58869
2.5877
2.58656
2.58532
2.58393
2.58246
2.58087
2.57918
2.57739
2.5755
2.57354
2.57145
2.56934
2.56728
2.56512
2.56295
2.56062
2.55811
2.55541
2.55251
2.54945
2.54623
2.54285
2.5393
2.53559
2.53169
2.52766
2.52342
2.51904
2.51446
2.50975
2.50483
2.4998
2.49454
2.48945
1.28557
2.49083
2.64197
2.6393
2.61356
2.57891
2.56597
2.56547
2.568
2.57006
2.57102
2.57096
2.57082
2.57043
2.57012
2.56966
2.56936
2.56874
2.56829
2.5674
2.56676
2.56559
2.56471
2.56327
2.56216
2.56053
2.55889
2.55712
2.55522
2.5532
2.55108
2.54887
2.54655
2.54413
2.5416
2.53893
2.53612
2.53317
2.53007
2.5268
2.52338
2.51978
2.51604
2.51212
2.50806
2.50382
2.49945
2.4949
2.49023
2.48569
1.7668
2.37276
2.64049
2.60977
2.60335
2.58738
2.58432
2.58649
2.58739
2.58951
2.58927
2.58873
2.58827
2.58743
2.58665
2.58576
2.5849
2.58386
2.5828
2.58158
2.58032
2.57893
2.57748
2.5759
2.57424
2.57247
2.57058
2.56859
2.56646
2.56423
2.56184
2.55923
2.55648
2.55351
2.55042
2.54713
2.54373
2.54012
2.53644
2.53263
2.52874
2.52471
2.52057
2.5163
2.51189
2.50737
2.5027
2.49792
2.49298
2.48826
1.7947
2.35586
2.6239
2.5958
2.59179
2.58008
2.57681
2.578
2.57831
2.57903
2.57885
2.57844
2.57798
2.57724
2.57652
2.57577
2.57496
2.57406
2.57308
2.57199
2.57082
2.56955
2.5682
2.56675
2.56521
2.56357
2.56185
2.56004
2.55813
2.55613
2.55404
2.55199
2.54981
2.54765
2.54534
2.54302
2.54051
2.53792
2.5351
2.53214
2.52894
2.52565
2.52215
2.51856
2.51477
2.51088
2.50679
2.50261
2.49819
2.49402
1.79931
2.35064
2.61888
2.59263
2.58898
2.57773
2.57392
2.57459
2.57477
2.57516
2.57502
2.57461
2.57411
2.57336
2.57258
2.5718
2.57093
2.57001
2.56896
2.56784
2.5666
2.56528
2.56384
2.56231
2.56066
2.55891
2.55703
2.55507
2.55297
2.55077
2.54844
2.54602
2.54346
2.54082
2.53805
2.53519
2.53221
2.5292
2.52609
2.52293
2.51966
2.51632
2.51283
2.50926
2.50554
2.50174
2.49779
2.49374
2.48953
2.48553
1.77984
2.35585
2.61642
2.6029
2.59352
2.57707
2.57204
2.57252
2.57313
2.57375
2.57373
2.57326
2.57273
2.57191
2.5711
2.57032
2.56947
2.56856
2.56754
2.56644
2.56524
2.56397
2.56258
2.56111
2.55952
2.55784
2.55604
2.55414
2.55211
2.54999
2.54772
2.54536
2.54285
2.54024
2.53749
2.53462
2.53162
2.5285
2.52524
2.52188
2.51838
2.51478
2.51105
2.50721
2.50324
2.49917
2.49497
2.49065
2.48621
2.48196
1.34475
2.37976
2.63791
2.63732
2.61513
2.58166
2.56745
2.56507
2.56637
2.56749
2.56744
2.56718
2.56649
2.56549
2.56459
2.5638
2.56297
2.56209
2.56109
2.56003
2.55884
2.55758
2.55619
2.55474
2.55314
2.55146
2.54964
2.54774
2.54569
2.54355
2.54125
2.53887
2.53632
2.53368
2.53088
2.52799
2.52493
2.52177
2.51845
2.51503
2.51143
2.50775
2.50389
2.49995
2.49583
2.49164
2.48728
2.48285
2.47825
2.47386
1.346
2.38735
2.65279
2.65696
2.63091
2.59241
2.57487
2.57251
2.57415
2.57544
2.57589
2.57554
2.57471
2.57371
2.57265
2.57178
2.5709
2.57
2.56896
2.56788
2.56667
2.56542
2.56404
2.56262
2.56107
2.55946
2.55773
2.55593
2.554
2.552
2.54986
2.54766
2.5453
2.54287
2.54029
2.53763
2.53482
2.53192
2.52886
2.52571
2.52239
2.51899
2.51542
2.51175
2.50792
2.50399
2.4999
2.49572
2.49137
2.4872
1.3451
2.37924
2.63628
2.63628
2.61337
2.58004
2.56487
2.56288
2.56423
2.56515
2.56556
2.56513
2.56443
2.5634
2.56246
2.56163
2.56083
2.55996
2.55901
2.55796
2.55686
2.55566
2.5544
2.55303
2.55161
2.55007
2.54847
2.54675
2.54496
2.54305
2.54107
2.53897
2.53679
2.53447
2.53208
2.52955
2.52695
2.5242
2.52137
2.51839
2.51533
2.51212
2.50882
2.50537
2.50184
2.49815
2.49438
2.49044
2.48642
2.4825
1.78111
2.35415
2.61391
2.5996
2.58992
2.57204
2.56696
2.56732
2.56791
2.56895
2.56879
2.56825
2.56776
2.56688
2.56612
2.56531
2.56453
2.5636
2.56267
2.56158
2.56049
2.55925
2.558
2.55658
2.55516
2.55357
2.55197
2.55019
2.54841
2.54644
2.54446
2.5423
2.54011
2.53774
2.53534
2.53276
2.53015
2.52735
2.52451
2.52149
2.51843
2.51517
2.51188
2.50838
2.50485
2.50113
2.49736
2.49339
2.48935
2.48541
1.80138
2.34711
2.61448
2.58727
2.58373
2.57247
2.56897
2.57005
2.57034
2.57078
2.57064
2.57011
2.56957
2.56867
2.56785
2.56696
2.56608
2.56505
2.564
2.56281
2.5616
2.56023
2.55884
2.55729
2.55572
2.55398
2.55221
2.55028
2.5483
2.54616
2.54398
2.54163
2.53923
2.53666
2.53403
2.53124
2.52839
2.52536
2.52228
2.51903
2.51571
2.51222
2.50867
2.50495
2.50116
2.4972
2.49318
2.48899
2.48472
2.48058
1.78832
2.36075
2.6269
2.59528
2.58867
2.57456
2.57207
2.5741
2.57559
2.57651
2.57648
2.57597
2.57543
2.5746
2.57383
2.57301
2.57216
2.57119
2.57017
2.56903
2.56784
2.56653
2.56518
2.56369
2.56216
2.56049
2.55876
2.5569
2.55498
2.55291
2.55078
2.54851
2.54617
2.54369
2.54113
2.53842
2.53564
2.53271
2.52969
2.52653
2.52328
2.51988
2.5164
2.51276
2.50904
2.50517
2.50121
2.4971
2.4929
2.48884
2.17215
2.34499
2.76307
2.86003
2.87024
2.82545
2.82323
2.82245
2.8151
2.81392
2.81681
2.81835
2.81956
2.82037
2.82198
2.82329
2.8252
2.82693
2.82834
2.82921
2.82956
2.82962
2.82817
2.8273
2.82416
2.82182
2.81759
2.81382
2.80877
2.80382
2.79798
2.79213
2.78559
2.77904
2.77218
2.76523
2.75803
2.75025
2.74206
2.73395
2.72572
2.71753
2.70922
2.70097
2.69265
2.68444
2.67622
2.66816
2.66013
2.6523
2.64456
2.63705
2.62968
2.6226
2.61571
2.60915
2.60284
2.59692
2.59132
2.58616
2.58138
2.5771
2.57327
2.56999
2.56722
2.56504
2.56339
2.56234
2.56181
2.56174
2.56185
2.56219
2.56306
2.56445
2.56655
2.56875
2.57102
2.57327
2.57553
2.5777
2.57975
2.58161
2.58328
2.5847
2.58589
2.58681
2.5875
2.58795
2.58818
2.58824
2.58814
2.58793
2.58759
2.58689
2.58614
2.58512
2.58427
2.58316
2.58226
2.57927
2.1803
2.2602
2.45026
2.62847
2.69681
2.73555
2.76399
2.78944
2.80426
2.81709
2.82522
2.83526
2.84101
2.8406
2.83672
2.83116
2.82357
2.81583
2.80639
2.79718
2.78678
2.77685
2.76612
2.75602
2.74498
2.73445
2.72313
2.71245
2.70108
2.69037
2.67907
2.6684
2.65723
2.64669
2.63594
2.62589
2.61555
2.60514
2.59432
2.58388
2.57366
2.56367
2.55378
2.54411
2.53456
2.52526
2.51611
2.50723
2.49851
2.49009
2.48185
2.47394
2.46624
2.45889
2.45179
2.44509
2.43867
2.43269
2.42705
2.42189
2.41712
2.41289
2.40908
2.40588
2.40314
2.40103
2.39943
2.39845
2.39796
2.39796
2.3982
2.39871
2.39978
2.40147
2.40389
2.40652
2.40923
2.41195
2.41464
2.41722
2.41965
2.42184
2.42378
2.42542
2.42676
2.42778
2.4285
2.42891
2.42905
2.42899
2.42883
2.42848
2.42809
2.42725
2.42645
2.4253
2.42441
2.42321
2.42243
2.41953
2.22675
2.21276
2.27128
2.35812
2.41103
2.46027
2.49404
2.52152
2.54288
2.55891
2.57092
2.58006
2.58688
2.58927
2.58851
2.58674
2.5827
2.57807
2.57245
2.56636
2.55956
2.55261
2.5452
2.53788
2.53003
2.52229
2.51404
2.50603
2.49758
2.48947
2.48095
2.47281
2.46427
2.45615
2.44785
2.4402
2.4323
2.42427
2.41569
2.40734
2.39919
2.39122
2.38331
2.37551
2.36779
2.36021
2.35273
2.34541
2.33821
2.33121
2.32435
2.3177
2.31123
2.30502
2.29901
2.29329
2.28783
2.28269
2.27786
2.27341
2.2693
2.26563
2.26235
2.25956
2.2572
2.25537
2.25401
2.2532
2.25285
2.2529
2.25317
2.25365
2.25462
2.25615
2.25838
2.26078
2.26333
2.26582
2.26832
2.27065
2.27288
2.27485
2.27663
2.27807
2.27929
2.28015
2.2808
2.28111
2.28123
2.28114
2.28101
2.28071
2.28036
2.27961
2.27891
2.27789
2.27714
2.27613
2.27564
2.27325
2.25959
2.2202
2.21583
2.24079
2.27144
2.29393
2.30917
2.32096
2.3315
2.34074
2.34839
2.35448
2.35919
2.36278
2.36432
2.36455
2.3645
2.36437
2.36419
2.3639
2.36342
2.36278
2.36206
2.36079
2.35929
2.35752
2.35526
2.35277
2.34984
2.34674
2.34323
2.33958
2.33551
2.33137
2.32705
2.32297
2.31864
2.3139
2.30849
2.30297
2.29743
2.29197
2.28641
2.28086
2.27519
2.26957
2.26387
2.25826
2.25261
2.24708
2.24155
2.23619
2.23086
2.22574
2.22069
2.21591
2.21125
2.2069
2.20272
2.19891
2.19532
2.19215
2.18927
2.18685
2.18477
2.18319
2.18199
2.18133
2.1811
2.18124
2.18154
2.18201
2.18299
2.18443
2.18652
2.18877
2.19124
2.19361
2.19602
2.19822
2.20035
2.20218
2.20386
2.20518
2.20633
2.2071
2.20771
2.20796
2.20808
2.20798
2.20788
2.20763
2.20733
2.20666
2.20608
2.20517
2.20455
2.20368
2.20343
2.20137
2.27499
2.2409
2.21916
2.21165
2.21869
2.22334
2.22539
2.22601
2.22698
2.22884
2.23163
2.23394
2.23597
2.23781
2.24054
2.24284
2.24505
2.24751
2.25017
2.25303
2.25593
2.25872
2.26133
2.26359
2.26552
2.2669
2.26785
2.26834
2.26806
2.26751
2.26641
2.26495
2.26294
2.26067
2.25815
2.25569
2.25291
2.24961
2.24559
2.24124
2.23676
2.23223
2.22759
2.22288
2.21804
2.21316
2.20817
2.20319
2.19815
2.19316
2.18816
2.18325
2.17838
2.17365
2.169
2.16456
2.16023
2.15617
2.15227
2.14869
2.14534
2.14236
2.13966
2.13739
2.13545
2.13398
2.13288
2.13233
2.13219
2.13235
2.13265
2.13317
2.13415
2.13561
2.13754
2.13968
2.14204
2.14438
2.14671
2.14886
2.15089
2.15265
2.15422
2.15549
2.15654
2.15727
2.15779
2.15801
2.15808
2.15798
2.15787
2.15759
2.15728
2.15659
2.15608
2.15517
2.15462
2.1538
2.15366
2.15166
2.29849
2.25464
2.23044
2.21057
2.20077
2.19391
2.18817
2.18209
2.17725
2.17345
2.17172
2.17122
2.17182
2.17219
2.17328
2.17551
2.17808
2.18126
2.18421
2.18783
2.19122
2.19508
2.19842
2.20194
2.2047
2.20741
2.20921
2.21085
2.21156
2.21213
2.21191
2.21126
2.21008
2.20857
2.20684
2.2051
2.20301
2.2004
2.19707
2.19336
2.18944
2.18538
2.18122
2.17696
2.1726
2.16815
2.16362
2.15903
2.1544
2.14976
2.14513
2.14054
2.136
2.13155
2.1272
2.12299
2.11893
2.11507
2.11142
2.10802
2.10487
2.10203
2.09951
2.09735
2.09555
2.09416
2.0932
2.09275
2.0927
2.09286
2.09318
2.09374
2.09475
2.09621
2.09804
2.10009
2.10235
2.10462
2.10688
2.10899
2.11094
2.11265
2.11415
2.11537
2.11635
2.11704
2.11753
2.11773
2.11776
2.11767
2.11755
2.11724
2.11693
2.11622
2.11576
2.11486
2.11437
2.11358
2.11351
2.11157
2.3221
2.2821
2.24842
2.22361
2.20317
2.18821
2.17582
2.16533
2.15583
2.14836
2.14248
2.13898
2.13686
2.13647
2.13653
2.13709
2.13896
2.1418
2.14502
2.14842
2.15207
2.15586
2.15963
2.16335
2.16676
2.1699
2.17249
2.17469
2.17621
2.17735
2.1778
2.17792
2.17732
2.17641
2.17534
2.17418
2.17267
2.17061
2.16788
2.16475
2.16133
2.15771
2.15396
2.15009
2.14613
2.14206
2.1379
2.13367
2.12938
2.12505
2.12072
2.1164
2.11213
2.10792
2.1038
2.09981
2.09596
2.09229
2.08882
2.08558
2.08259
2.0799
2.07751
2.07546
2.07377
2.0725
2.07165
2.0713
2.0713
2.07146
2.07178
2.07241
2.07345
2.07494
2.0767
2.0787
2.08084
2.08305
2.08522
2.08728
2.08916
2.09084
2.09227
2.09346
2.09439
2.09508
2.09553
2.09571
2.09572
2.09563
2.0955
2.09518
2.09485
2.09414
2.09369
2.09281
2.09235
2.0916
2.09158
2.08967
2.33814
2.30417
2.27107
2.24254
2.21839
2.19931
2.18182
2.16687
2.15393
2.1434
2.13454
2.12831
2.12372
2.12139
2.12004
2.12002
2.12015
2.12137
2.12373
2.12684
2.1304
2.13382
2.13749
2.14099
2.14452
2.14765
2.15054
2.15288
2.15481
2.15615
2.15702
2.15731
2.15709
2.15643
2.15567
2.15478
2.15352
2.1517
2.14927
2.14642
2.14326
2.13986
2.13631
2.13261
2.12882
2.12492
2.12095
2.11689
2.11278
2.10862
2.10446
2.1003
2.09619
2.09212
2.08817
2.08431
2.08062
2.07707
2.07375
2.07063
2.06779
2.0652
2.06296
2.06103
2.05948
2.05831
2.05759
2.05733
2.0574
2.05756
2.05791
2.0586
2.05971
2.06121
2.06294
2.06488
2.06693
2.06905
2.07114
2.07314
2.07497
2.07662
2.07802
2.07919
2.0801
2.08078
2.0812
2.08137
2.08135
2.08127
2.08114
2.08079
2.08045
2.07973
2.07928
2.07841
2.07797
2.07724
2.07726
2.07536
2.35201
2.32046
2.28979
2.25991
2.23414
2.21084
2.19196
2.17532
2.1608
2.14779
2.13715
2.12816
2.12178
2.11692
2.11424
2.11242
2.11192
2.11162
2.11225
2.11387
2.11679
2.11978
2.12315
2.12623
2.12949
2.1323
2.13513
2.13732
2.13937
2.14066
2.14173
2.142
2.14194
2.1414
2.14077
2.14001
2.13883
2.13711
2.13479
2.1321
2.12908
2.12583
2.12237
2.11878
2.11507
2.11128
2.1074
2.10346
2.09947
2.09544
2.0914
2.08738
2.08339
2.07948
2.07564
2.07194
2.06837
2.06498
2.06178
2.05882
2.0561
2.05367
2.05155
2.04977
2.04834
2.04731
2.04669
2.04652
2.04661
2.0468
2.04721
2.04797
2.04916
2.05064
2.05233
2.0542
2.05617
2.05819
2.06017
2.06209
2.06385
2.06544
2.06681
2.06795
2.06884
2.0695
2.06991
2.07006
2.07004
2.06996
2.06981
2.06945
2.06911
2.06838
2.06793
2.06708
2.06665
2.06595
2.06601
2.0641
2.36786
2.33873
2.30942
2.28027
2.2532
2.22882
2.2072
2.18834
2.17166
2.15722
2.14475
2.13437
2.12581
2.11929
2.11447
2.11131
2.10924
2.10837
2.10797
2.10813
2.10907
2.1107
2.11336
2.11612
2.11895
2.12151
2.124
2.12607
2.12793
2.12923
2.13022
2.13057
2.1305
2.13009
2.12957
2.12887
2.12777
2.12616
2.12402
2.12155
2.11878
2.11578
2.11256
2.10921
2.1057
2.10212
2.09843
2.09469
2.09089
2.08706
2.0832
2.07936
2.07555
2.0718
2.06813
2.06458
2.06116
2.05791
2.05486
2.05205
2.04947
2.04719
2.0452
2.04355
2.04224
2.04133
2.04084
2.04074
2.04084
2.04106
2.04152
2.04236
2.04357
2.04507
2.04672
2.04853
2.05039
2.05231
2.05418
2.05602
2.0577
2.05926
2.06059
2.06173
2.06261
2.06328
2.06369
2.06386
2.06384
2.06377
2.06363
2.06328
2.06294
2.06223
2.06178
2.06095
2.06053
2.05987
2.05995
2.05804
2.38291
2.35505
2.32665
2.29803
2.27087
2.24571
2.22317
2.2029
2.18507
2.16914
2.15536
2.14327
2.13325
2.12484
2.11842
2.11342
2.10998
2.1075
2.10624
2.10557
2.10566
2.10622
2.1075
2.10953
2.11181
2.11417
2.1164
2.11845
2.12026
2.12173
2.12288
2.12354
2.12383
2.12377
2.12364
2.12328
2.12251
2.1212
2.11941
2.1173
2.11485
2.11216
2.10921
2.10609
2.10278
2.09937
2.09584
2.09226
2.08859
2.08491
2.08119
2.0775
2.07382
2.07021
2.06667
2.06326
2.05997
2.05688
2.05397
2.0513
2.04887
2.04673
2.04489
2.04338
2.04221
2.04143
2.04107
2.04104
2.04114
2.04139
2.0419
2.04282
2.04407
2.04555
2.04715
2.04887
2.05062
2.05241
2.05415
2.05586
2.05745
2.05893
2.06021
2.06133
2.06219
2.06286
2.06328
2.06345
2.06344
2.06338
2.06325
2.06291
2.06258
2.06188
2.06143
2.06062
2.06022
2.05959
2.0597
2.05777
2.40586
2.37787
2.34901
2.31974
2.29157
2.26526
2.24126
2.21966
2.2003
2.18312
2.16783
2.15452
2.14292
2.13319
2.12503
2.11865
2.11364
2.11003
2.10745
2.10591
2.10516
2.10519
2.10566
2.1069
2.10857
2.11089
2.11331
2.11566
2.11766
2.11947
2.12081
2.12185
2.12234
2.12274
2.12284
2.12265
2.1221
2.12098
2.11939
2.11753
2.11532
2.11288
2.11013
2.10722
2.10407
2.10083
2.09743
2.09399
2.09044
2.08691
2.0833
2.07975
2.07619
2.07272
2.06929
2.06603
2.06286
2.05992
2.05712
2.0546
2.05228
2.05029
2.04855
2.04718
2.04611
2.04547
2.04518
2.04521
2.04531
2.04558
2.04616
2.04714
2.0484
2.04986
2.05139
2.05301
2.05464
2.0563
2.05793
2.05953
2.06103
2.06244
2.06368
2.06476
2.06563
2.0663
2.06673
2.06693
2.06694
2.06689
2.06678
2.06646
2.06615
2.06547
2.06504
2.06425
2.06386
2.06325
2.06338
2.06142
2.43175
2.40557
2.37752
2.3485
2.31983
2.2927
2.26744
2.24452
2.22367
2.2051
2.18839
2.17373
2.16075
2.14966
2.1401
2.13237
2.12607
2.12132
2.11767
2.11527
2.11371
2.11311
2.11329
2.11386
2.11498
2.11676
2.11877
2.12112
2.12336
2.12528
2.12694
2.12812
2.12899
2.12957
2.13018
2.13012
2.12975
2.12895
2.12765
2.12611
2.12418
2.12203
2.11951
2.11683
2.11386
2.11079
2.10752
2.10422
2.10078
2.09737
2.09386
2.09045
2.08697
2.08364
2.08032
2.0772
2.07413
2.07132
2.06863
2.06624
2.06403
2.06218
2.06056
2.05934
2.05838
2.05789
2.05766
2.0577
2.05783
2.05816
2.05883
2.05984
2.06111
2.06246
2.06394
2.06542
2.06696
2.06846
2.07
2.07145
2.07289
2.07419
2.07541
2.07643
2.07731
2.07795
2.07843
2.07863
2.0787
2.07866
2.07856
2.07828
2.07799
2.07734
2.07693
2.07616
2.07579
2.07519
2.07535
2.07334
2.45211
2.42953
2.40427
2.37734
2.34991
2.32332
2.298
2.27455
2.25293
2.23335
2.2156
2.19977
2.18564
2.17329
2.16251
2.15348
2.14595
2.13996
2.13522
2.13176
2.12927
2.12781
2.12707
2.12723
2.12769
2.12878
2.13031
2.13214
2.13412
2.13625
2.13783
2.13928
2.14004
2.14088
2.14128
2.1411
2.14061
2.13959
2.13821
2.13653
2.13453
2.13225
2.12969
2.12691
2.1239
2.12077
2.11749
2.11416
2.11076
2.10736
2.10394
2.10058
2.09724
2.09403
2.09088
2.0879
2.08504
2.0824
2.07994
2.07775
2.07579
2.07414
2.07276
2.07174
2.07101
2.07068
2.07059
2.07066
2.07085
2.07128
2.07205
2.0731
2.0743
2.07556
2.07689
2.07822
2.07958
2.08092
2.08227
2.08357
2.08484
2.08601
2.0871
2.08803
2.08884
2.08945
2.0899
2.09012
2.09018
2.09015
2.09006
2.08981
2.08954
2.08893
2.08855
2.08781
2.08746
2.08692
2.08711
2.08508
2.46379
2.4453
2.42391
2.40045
2.37592
2.35148
2.3277
2.3051
2.28391
2.26427
2.24624
2.2298
2.21498
2.20169
2.18995
2.17966
2.17089
2.16352
2.15749
2.15264
2.14887
2.14606
2.1441
2.1429
2.14235
2.14244
2.14271
2.14333
2.14416
2.14486
2.1457
2.14609
2.14634
2.14634
2.14611
2.14553
2.14451
2.14317
2.14156
2.13966
2.1375
2.13508
2.13245
2.12959
2.12658
2.12342
2.12018
2.11686
2.11353
2.11018
2.10688
2.10362
2.10047
2.09739
2.09446
2.09166
2.08906
2.08663
2.08444
2.08247
2.08079
2.07937
2.07827
2.07746
2.07698
2.07681
2.07683
2.07694
2.07721
2.07776
2.07863
2.07965
2.08075
2.08186
2.08301
2.08416
2.08532
2.08646
2.0876
2.08871
2.08978
2.09078
2.09171
2.09252
2.09322
2.09377
2.09417
2.09438
2.09444
2.09441
2.09433
2.09412
2.09387
2.09332
2.09297
2.09229
2.09197
2.09148
2.09173
2.08968
2.46582
2.45017
2.43201
2.41166
2.39019
2.36833
2.3468
2.32586
2.30593
2.28704
2.26944
2.25303
2.23798
2.22415
2.21166
2.20035
2.19041
2.18168
2.1742
2.1678
2.16249
2.15807
2.15456
2.15175
2.14967
2.14813
2.14711
2.14638
2.14607
2.14593
2.146
2.14599
2.14589
2.14557
2.14501
2.14417
2.14302
2.1416
2.13989
2.13795
2.13574
2.13333
2.13069
2.1279
2.12492
2.12186
2.11869
2.11549
2.11225
2.10906
2.10588
2.10281
2.0998
2.09695
2.0942
2.09165
2.08925
2.08709
2.08512
2.08344
2.08199
2.08085
2.07996
2.07941
2.07913
2.07911
2.07918
2.07936
2.07978
2.08044
2.08132
2.08225
2.08321
2.08416
2.08512
2.08608
2.08704
2.08799
2.08894
2.08985
2.09074
2.09157
2.09235
2.09304
2.09365
2.09414
2.09451
2.09473
2.09479
2.09477
2.0947
2.09453
2.09433
2.09384
2.09352
2.09291
2.09263
2.0922
2.09249
2.09043
2.46651
2.4525
2.43619
2.41785
2.39832
2.37831
2.35831
2.33873
2.31975
2.30162
2.28437
2.26818
2.25295
2.23885
2.22574
2.21375
2.20281
2.19304
2.18431
2.17669
2.17004
2.16439
2.15958
2.15558
2.15225
2.14952
2.1474
2.14581
2.14461
2.14372
2.14307
2.1425
2.14193
2.14124
2.14041
2.13936
2.13809
2.13655
2.1348
2.13278
2.13058
2.12816
2.12558
2.12282
2.11997
2.11697
2.11395
2.11085
2.10779
2.10472
2.10175
2.09884
2.09608
2.09341
2.09095
2.08863
2.08654
2.08463
2.08299
2.08156
2.08043
2.07953
2.07894
2.07858
2.07853
2.07857
2.07871
2.07904
2.07957
2.08033
2.08114
2.08195
2.08276
2.08355
2.08433
2.08511
2.08589
2.08666
2.08741
2.08814
2.08885
2.08951
2.09013
2.0907
2.09121
2.09163
2.09196
2.09217
2.09224
2.09222
2.09218
2.09206
2.09189
2.09148
2.0912
2.09066
2.09043
2.09008
2.09043
2.08836
2.46503
2.45244
2.43772
2.42112
2.40337
2.38508
2.36656
2.34823
2.33025
2.31285
2.29609
2.28011
2.26493
2.25061
2.23716
2.2246
2.21295
2.20229
2.19257
2.18383
2.17599
2.16907
2.16288
2.1576
2.15301
2.14924
2.14603
2.14345
2.14128
2.1396
2.13816
2.13701
2.13589
2.13485
2.13367
2.13244
2.13097
2.12938
2.12751
2.12553
2.12328
2.12094
2.11837
2.11575
2.11295
2.11014
2.1072
2.10432
2.10137
2.09855
2.09572
2.09308
2.09048
2.08812
2.08584
2.08384
2.08195
2.08038
2.07896
2.07787
2.07696
2.0764
2.076
2.07595
2.07599
2.07611
2.07639
2.07689
2.07757
2.0783
2.079
2.07968
2.08032
2.08095
2.08156
2.08217
2.08275
2.08334
2.08389
2.08444
2.08495
2.08544
2.0859
2.08634
2.08674
2.08709
2.08737
2.08757
2.08764
2.08764
2.0876
2.08751
2.08738
2.08706
2.08683
2.08637
2.08619
2.08592
2.08633
2.08424
2.45838
2.44746
2.43444
2.41945
2.40316
2.38614
2.36893
2.35167
2.33469
2.31799
2.30183
2.28616
2.27117
2.25678
2.24314
2.23018
2.21802
2.20663
2.19614
2.18643
2.17763
2.16959
2.16247
2.15607
2.15052
2.1456
2.14145
2.13783
2.13485
2.13227
2.13019
2.12835
2.1268
2.12531
2.12392
2.12243
2.12092
2.11921
2.11742
2.1154
2.11329
2.11097
2.10859
2.10603
2.10344
2.10073
2.09804
2.09528
2.0926
2.08992
2.08738
2.0849
2.08261
2.08042
2.07847
2.07666
2.07512
2.07375
2.07269
2.07181
2.07125
2.07086
2.07078
2.07082
2.07094
2.07121
2.07168
2.07234
2.07301
2.07364
2.07422
2.07476
2.07526
2.07572
2.07617
2.0766
2.07701
2.0774
2.07778
2.07812
2.07846
2.07877
2.07909
2.0794
2.07971
2.07997
2.08021
2.08038
2.08047
2.08048
2.08045
2.08039
2.0803
2.08006
2.07988
2.07951
2.07939
2.07918
2.07965
2.07754
2.4584
2.44686
2.43369
2.41896
2.40325
2.38695
2.37029
2.35367
2.33715
2.32095
2.30506
2.28966
2.2747
2.26032
2.24648
2.23329
2.22068
2.20883
2.19767
2.18733
2.17772
2.16895
2.16095
2.15373
2.14722
2.14148
2.13639
2.13202
2.12819
2.12499
2.12228
2.12004
2.1181
2.11643
2.11486
2.11337
2.11182
2.11024
2.10851
2.10668
2.10469
2.10259
2.10035
2.09803
2.09559
2.09314
2.09061
2.08812
2.08561
2.0832
2.08085
2.07864
2.07653
2.07462
2.07286
2.07134
2.06999
2.06893
2.06806
2.06748
2.0671
2.06699
2.06701
2.06713
2.06742
2.06787
2.06851
2.06916
2.06974
2.07027
2.07074
2.07117
2.07154
2.0719
2.07222
2.07253
2.0728
2.07306
2.07329
2.07349
2.07368
2.07389
2.0741
2.07433
2.07455
2.07478
2.07497
2.07514
2.07524
2.07528
2.07527
2.07524
2.07518
2.07503
2.07489
2.07461
2.07454
2.07439
2.07488
2.07277
2.46161
2.44982
2.43631
2.42142
2.4056
2.38939
2.37304
2.35664
2.34037
2.32428
2.30853
2.29311
2.27817
2.26364
2.24968
2.23619
2.22334
2.21104
2.1995
2.18859
2.1785
2.16907
2.16049
2.15261
2.14558
2.13923
2.13372
2.12882
2.1247
2.12108
2.11805
2.11549
2.11328
2.11135
2.10966
2.10807
2.10654
2.10498
2.10337
2.10165
2.09983
2.09788
2.09584
2.09368
2.09148
2.0892
2.08692
2.08462
2.08237
2.08017
2.07808
2.07607
2.07424
2.07254
2.07106
2.06976
2.0687
2.06786
2.06729
2.06693
2.06682
2.06686
2.06699
2.06731
2.0678
2.06844
2.06909
2.06965
2.07017
2.0706
2.07097
2.07127
2.07154
2.07176
2.07196
2.07212
2.07226
2.07235
2.07242
2.07246
2.07251
2.07259
2.0727
2.07283
2.07298
2.07313
2.0733
2.07343
2.07354
2.07359
2.0736
2.07359
2.07356
2.07347
2.07339
2.07321
2.07319
2.0731
2.0736
2.0715
2.46522
2.45448
2.44197
2.42779
2.4125
2.39659
2.38043
2.36421
2.34805
2.33208
2.31634
2.30093
2.28587
2.27126
2.25707
2.24342
2.23024
2.21768
2.20569
2.19442
2.18378
2.17389
2.16468
2.15626
2.14851
2.14157
2.13527
2.12976
2.12481
2.12056
2.11681
2.11362
2.11089
2.1086
2.10656
2.10475
2.10302
2.10138
2.0997
2.09802
2.09623
2.0944
2.09245
2.09048
2.08841
2.08635
2.08425
2.08221
2.08018
2.07825
2.0764
2.0747
2.0731
2.07172
2.07048
2.0695
2.06872
2.06821
2.06789
2.06782
2.06788
2.06806
2.06847
2.06905
2.06974
2.07039
2.071
2.07152
2.07196
2.07231
2.07258
2.07276
2.07291
2.073
2.07306
2.07306
2.07303
2.07295
2.07282
2.07269
2.07258
2.07253
2.07251
2.07253
2.07257
2.07263
2.07273
2.07282
2.07291
2.07297
2.073
2.07301
2.073
2.07297
2.07294
2.07288
2.0729
2.07288
2.07342
2.07137
2.46444
2.4546
2.44294
2.4297
2.41547
2.40058
2.38536
2.36994
2.35449
2.33906
2.32378
2.30867
2.29385
2.27931
2.26515
2.25137
2.23804
2.22516
2.21283
2.20106
2.18991
2.17937
2.16951
2.16029
2.1518
2.14396
2.13686
2.1304
2.1247
2.11957
2.11513
2.11121
2.10787
2.10489
2.10239
2.10014
2.09818
2.09633
2.09462
2.09288
2.09119
2.08941
2.08764
2.08578
2.08393
2.08204
2.08019
2.07835
2.07661
2.07492
2.07337
2.07191
2.07064
2.06951
2.06863
2.06794
2.06751
2.06729
2.0673
2.06741
2.06767
2.06822
2.06895
2.06971
2.07042
2.07109
2.07165
2.07214
2.0725
2.07277
2.07293
2.07302
2.07304
2.07303
2.07298
2.07283
2.07262
2.07234
2.07206
2.0718
2.07158
2.0714
2.07127
2.07118
2.07114
2.07114
2.07116
2.07121
2.07127
2.07133
2.07138
2.07141
2.07144
2.07145
2.07147
2.07149
2.07157
2.07163
2.07226
2.07032
2.46648
2.45638
2.4449
2.43193
2.41799
2.40347
2.3886
2.37355
2.35839
2.34327
2.32817
2.31326
2.29849
2.28403
2.2698
2.25597
2.24245
2.2294
2.21675
2.20468
2.19309
2.18215
2.17176
2.16208
2.153
2.14467
2.13698
2.13009
2.12386
2.1184
2.11352
2.10928
2.10557
2.1024
2.09964
2.09724
2.09512
2.09321
2.09143
2.08973
2.08808
2.08642
2.08479
2.08311
2.08147
2.07981
2.07821
2.07663
2.07515
2.07374
2.07247
2.0713
2.07032
2.06949
2.0689
2.06849
2.06836
2.06838
2.06852
2.06891
2.06951
2.07031
2.07115
2.07193
2.07266
2.0733
2.07384
2.07426
2.07456
2.07472
2.07479
2.07479
2.07476
2.07467
2.07447
2.07415
2.07377
2.07337
2.07298
2.07262
2.07229
2.072
2.07176
2.07158
2.07145
2.07137
2.07135
2.07135
2.07139
2.07142
2.07149
2.07154
2.0716
2.07164
2.07172
2.07179
2.07195
2.07209
2.07279
2.07091
2.47592
2.46602
2.4545
2.44165
2.42778
2.41342
2.39866
2.38378
2.36872
2.35372
2.33868
2.32382
2.30905
2.29455
2.28024
2.26629
2.25261
2.23936
2.2265
2.2142
2.20236
2.19115
2.18044
2.17041
2.16091
2.15212
2.14387
2.13631
2.1293
2.12299
2.11722
2.11221
2.10768
2.10386
2.10041
2.09755
2.09493
2.09275
2.09067
2.08888
2.08709
2.08551
2.08386
2.08237
2.08081
2.07943
2.07799
2.07675
2.07548
2.07444
2.07339
2.0726
2.07184
2.07141
2.07107
2.07107
2.07114
2.07139
2.07197
2.07278
2.07369
2.07462
2.07554
2.0764
2.07717
2.07782
2.07835
2.07871
2.07892
2.07897
2.07896
2.07891
2.07878
2.07851
2.07808
2.07758
2.07703
2.07648
2.07593
2.07542
2.07493
2.07449
2.07411
2.07379
2.07354
2.07335
2.07324
2.07318
2.07316
2.07318
2.07322
2.07326
2.07337
2.07344
2.07358
2.07369
2.07393
2.07413
2.07491
2.07311
2.4721
2.464
2.45391
2.44229
2.42967
2.4165
2.40287
2.389
2.37487
2.36065
2.3463
2.33198
2.31765
2.30345
2.28935
2.27547
2.26178
2.24839
2.23528
2.22254
2.21017
2.19825
2.18679
2.17586
2.16546
2.15567
2.14645
2.13791
2.12997
2.12275
2.11612
2.11018
2.10481
2.10011
2.09591
2.0923
2.08907
2.08634
2.08384
2.08172
2.07972
2.078
2.07633
2.07489
2.07346
2.07226
2.07108
2.07012
2.06918
2.06848
2.06781
2.06741
2.06709
2.06711
2.06722
2.06746
2.06805
2.06884
2.06988
2.07099
2.0721
2.07318
2.07421
2.07516
2.07598
2.07665
2.07714
2.07744
2.07755
2.07754
2.07748
2.07735
2.07703
2.07659
2.07596
2.07532
2.07459
2.07391
2.07317
2.07252
2.07184
2.07127
2.07071
2.07027
2.06986
2.06958
2.06933
2.06922
2.06912
2.06913
2.06914
2.06918
2.06928
2.06938
2.0696
2.06976
2.07011
2.07037
2.07127
2.06956
2.46774
2.45902
2.44905
2.4379
2.42585
2.41325
2.40024
2.38692
2.37336
2.35961
2.34574
2.33176
2.31778
2.30379
2.28989
2.27607
2.26243
2.24896
2.23573
2.22275
2.21013
2.19785
2.18603
2.17463
2.16376
2.15338
2.1436
2.13437
2.1258
2.11783
2.11055
2.10388
2.09791
2.09253
2.0878
2.08362
2.08002
2.07688
2.07422
2.07193
2.06997
2.06825
2.06677
2.06545
2.0643
2.0633
2.06245
2.06172
2.06111
2.06062
2.06027
2.0601
2.06015
2.06026
2.0606
2.06131
2.06229
2.06339
2.06458
2.06581
2.06703
2.06822
2.06931
2.0703
2.07111
2.07175
2.07218
2.07239
2.07242
2.07238
2.07227
2.07203
2.07162
2.07102
2.07033
2.06958
2.0688
2.06801
2.06723
2.06646
2.06574
2.06506
2.06446
2.06392
2.06348
2.06311
2.06284
2.06265
2.06256
2.06254
2.06256
2.0626
2.06271
2.06283
2.0631
2.06329
2.06371
2.06401
2.06495
2.06329
2.47183
2.46247
2.45182
2.44005
2.42757
2.41463
2.40142
2.38796
2.37435
2.36055
2.34669
2.33272
2.31876
2.30478
2.2909
2.27707
2.2634
2.24986
2.23654
2.22344
2.21067
2.19822
2.18618
2.17454
2.1634
2.15274
2.14266
2.13312
2.12423
2.11594
2.10833
2.10134
2.09504
2.08938
2.08445
2.08011
2.07643
2.07324
2.07056
2.06824
2.06634
2.06469
2.06337
2.06221
2.06133
2.06056
2.06003
2.05954
2.05925
2.059
2.05897
2.05902
2.05925
2.05979
2.06061
2.06167
2.06285
2.06411
2.06541
2.06674
2.06803
2.06926
2.07036
2.07133
2.07208
2.07266
2.07298
2.0731
2.07308
2.073
2.07284
2.07249
2.07193
2.07123
2.07045
2.06962
2.06875
2.06787
2.06699
2.06615
2.06533
2.06458
2.06389
2.06329
2.06276
2.06233
2.062
2.06177
2.06164
2.06161
2.06163
2.06167
2.06178
2.06192
2.06223
2.06246
2.06294
2.06328
2.06426
2.06264
2.4805
2.47144
2.46095
2.44916
2.43654
2.42338
2.40989
2.39615
2.38224
2.36819
2.35406
2.33989
2.32571
2.31158
2.29752
2.28357
2.26976
2.25613
2.24269
2.22949
2.21656
2.20396
2.19171
2.17988
2.16847
2.15755
2.14714
2.13728
2.12799
2.11931
2.11127
2.10388
2.09716
2.09114
2.08575
2.08101
2.07687
2.07332
2.07033
2.06782
2.06576
2.0641
2.06278
2.06176
2.06103
2.06054
2.06023
2.06006
2.06
2.06005
2.06022
2.06065
2.06135
2.06234
2.0635
2.06479
2.06618
2.06763
2.06911
2.07057
2.07197
2.07325
2.07437
2.0753
2.07603
2.07652
2.07677
2.07681
2.07676
2.07665
2.07638
2.07594
2.07526
2.07449
2.07361
2.07271
2.07175
2.07081
2.06984
2.06893
2.06803
2.06722
2.06644
2.06578
2.06517
2.0647
2.0643
2.06403
2.06386
2.06382
2.06384
2.06388
2.06399
2.06414
2.06449
2.06475
2.0653
2.06567
2.06669
2.0651
2.47782
2.46983
2.46058
2.44992
2.43833
2.42614
2.41352
2.40056
2.3873
2.37383
2.36017
2.34638
2.33249
2.31858
2.30466
2.2908
2.27701
2.26335
2.24983
2.23651
2.22341
2.21061
2.19811
2.186
2.17428
2.16302
2.15222
2.14196
2.13224
2.12312
2.1146
2.10675
2.09953
2.093
2.08713
2.08196
2.07744
2.07357
2.0703
2.0676
2.0654
2.06369
2.06239
2.06148
2.06092
2.06068
2.06062
2.06066
2.0608
2.06114
2.06175
2.06271
2.06389
2.06524
2.06674
2.06835
2.07003
2.07175
2.07345
2.07507
2.07658
2.07793
2.07908
2.08001
2.08071
2.08115
2.08132
2.08131
2.08124
2.08108
2.08073
2.08016
2.0794
2.07854
2.07759
2.0766
2.07556
2.07453
2.07349
2.07248
2.0715
2.0706
2.06974
2.06899
2.06831
2.06776
2.0673
2.06697
2.06675
2.06669
2.0667
2.06674
2.06684
2.067
2.06738
2.06768
2.0683
2.06872
2.0698
2.06828
2.48011
2.47193
2.46234
2.45171
2.44027
2.42832
2.41595
2.40329
2.39032
2.37715
2.36373
2.3502
2.33649
2.32275
2.30892
2.29514
2.28135
2.26771
2.25413
2.24078
2.22761
2.21477
2.20219
2.19002
2.1782
2.16683
2.15589
2.14547
2.13554
2.1262
2.1174
2.10925
2.10169
2.0948
2.08855
2.08298
2.07807
2.07383
2.07022
2.06724
2.06484
2.063
2.06166
2.06081
2.06043
2.06038
2.06046
2.06066
2.06111
2.06187
2.063
2.06436
2.0659
2.06759
2.06942
2.07133
2.07329
2.07523
2.07711
2.07886
2.08045
2.08184
2.083
2.08391
2.08457
2.08494
2.08505
2.08501
2.08491
2.08469
2.08427
2.08359
2.08277
2.08184
2.08084
2.07978
2.07868
2.07758
2.07648
2.0754
2.07436
2.07338
2.07246
2.07164
2.07091
2.07028
2.06977
2.06939
2.06914
2.06904
2.06905
2.06909
2.06919
2.06936
2.06976
2.07009
2.07077
2.07122
2.07237
2.07089
2.48641
2.47907
2.47017
2.46007
2.44906
2.43755
2.42551
2.41315
2.40042
2.38745
2.37419
2.3608
2.34721
2.33357
2.31981
2.30607
2.29229
2.27861
2.26497
2.25151
2.23817
2.2251
2.21222
2.1997
2.18744
2.17563
2.16416
2.1532
2.14267
2.13272
2.12327
2.11448
2.10626
2.09875
2.09185
2.08572
2.08023
2.07553
2.07145
2.06814
2.06543
2.06342
2.06196
2.06118
2.06088
2.06096
2.06114
2.06153
2.06232
2.06356
2.06511
2.06687
2.06884
2.07095
2.07316
2.07541
2.07767
2.07984
2.0819
2.08379
2.08547
2.08691
2.08809
2.08899
2.08961
2.08992
2.08999
2.08993
2.0898
2.0895
2.08898
2.0882
2.08729
2.08627
2.08517
2.08401
2.08282
2.0816
2.0804
2.0792
2.07806
2.07696
2.07595
2.07501
2.07418
2.07346
2.07287
2.0724
2.0721
2.07194
2.07193
2.07196
2.07205
2.07223
2.07264
2.07301
2.07375
2.07424
2.07546
2.07404
2.47824
2.47141
2.46321
2.45392
2.44379
2.43312
2.42194
2.41038
2.39838
2.38604
2.37335
2.36041
2.34723
2.33388
2.3204
2.30684
2.29321
2.27958
2.26597
2.25244
2.23895
2.22566
2.2125
2.19962
2.18696
2.17466
2.16267
2.15114
2.13999
2.12939
2.11927
2.10979
2.10086
2.09264
2.08505
2.07824
2.07211
2.06681
2.0622
2.05842
2.05533
2.05306
2.05143
2.05063
2.05037
2.05049
2.05079
2.05144
2.05262
2.0543
2.0563
2.05853
2.06095
2.06347
2.06607
2.06866
2.0712
2.0736
2.07585
2.07786
2.07963
2.08112
2.08232
2.08321
2.08382
2.08407
2.08411
2.08404
2.08387
2.08351
2.08288
2.08203
2.08103
2.07993
2.07874
2.0775
2.0762
2.07489
2.07358
2.07229
2.07103
2.06984
2.06871
2.06768
2.06675
2.06594
2.06526
2.06473
2.06435
2.06415
2.0641
2.06413
2.06421
2.06439
2.06482
2.06521
2.06601
2.06654
2.06783
2.06648
2.47436
2.46692
2.45827
2.44853
2.43806
2.42708
2.41569
2.40395
2.39192
2.37961
2.36703
2.35421
2.34119
2.32798
2.31462
2.30116
2.28762
2.27406
2.26047
2.24688
2.23338
2.21998
2.20676
2.19372
2.18093
2.16843
2.15626
2.14446
2.1331
2.12219
2.11182
2.10198
2.09276
2.08417
2.07629
2.0691
2.06268
2.05702
2.05217
2.0481
2.04486
2.0424
2.04077
2.03998
2.03986
2.04001
2.04041
2.04127
2.04268
2.04468
2.04693
2.04947
2.0521
2.05489
2.05764
2.0604
2.06301
2.06551
2.06774
2.06979
2.0715
2.07297
2.07408
2.07494
2.07543
2.07565
2.07562
2.07554
2.07533
2.0749
2.07421
2.0733
2.07227
2.07112
2.0699
2.06861
2.06729
2.06593
2.06458
2.06324
2.06196
2.06071
2.05955
2.05847
2.0575
2.05665
2.05594
2.05536
2.05497
2.05473
2.05469
2.05471
2.05479
2.05497
2.05541
2.05581
2.05662
2.05717
2.05847
2.05714
2.4663
2.45845
2.44933
2.43933
2.42846
2.41727
2.40563
2.39384
2.38165
2.36934
2.35667
2.34391
2.33083
2.31772
2.30434
2.29099
2.27743
2.26396
2.25035
2.2369
2.22342
2.21016
2.19697
2.18409
2.17137
2.15905
2.14698
2.13538
2.12414
2.11345
2.10321
2.0936
2.08452
2.07615
2.06839
2.06141
2.05511
2.04963
2.04488
2.04097
2.03782
2.03554
2.03401
2.03345
2.03349
2.03371
2.03423
2.03528
2.03697
2.03918
2.0417
2.04444
2.04732
2.05025
2.05318
2.05602
2.05872
2.06122
2.06348
2.06546
2.06716
2.06854
2.06961
2.07037
2.07081
2.07094
2.0709
2.07079
2.07054
2.07005
2.06933
2.0684
2.06739
2.06622
2.06503
2.06372
2.06244
2.06108
2.05977
2.05843
2.05718
2.05593
2.05482
2.05373
2.0528
2.05194
2.05126
2.05067
2.05031
2.05006
2.05004
2.05007
2.05016
2.05034
2.05079
2.0512
2.05203
2.05259
2.05388
2.05256
2.48003
2.47252
2.46379
2.45398
2.44334
2.43215
2.42044
2.40841
2.39599
2.38333
2.37035
2.3572
2.34383
2.33036
2.31675
2.3031
2.2894
2.27575
2.26212
2.24861
2.23516
2.22193
2.20883
2.19601
2.18341
2.17117
2.15921
2.14769
2.13653
2.12589
2.11566
2.10605
2.09692
2.0885
2.08063
2.07355
2.06707
2.06146
2.05652
2.05251
2.04921
2.04688
2.04528
2.04481
2.04489
2.04517
2.04579
2.04704
2.04903
2.05153
2.0544
2.05743
2.06062
2.06379
2.06695
2.06992
2.07276
2.0753
2.07761
2.07957
2.08127
2.08259
2.08364
2.08432
2.08472
2.08478
2.08473
2.0846
2.08431
2.08377
2.08302
2.08206
2.08102
2.07983
2.07861
2.07728
2.07597
2.07458
2.07325
2.07188
2.0706
2.06933
2.06818
2.06706
2.0661
2.0652
2.0645
2.06389
2.06349
2.06323
2.0632
2.06323
2.06332
2.06351
2.06397
2.06439
2.06525
2.06584
2.06716
2.06584
2.47574
2.46887
2.4609
2.45171
2.44181
2.43123
2.42032
2.4089
2.39723
2.3851
2.37278
2.36006
2.34721
2.33403
2.3208
2.30731
2.29385
2.28019
2.26665
2.25305
2.23965
2.22623
2.2131
2.20004
2.18734
2.17479
2.16268
2.1508
2.13944
2.12838
2.11792
2.10786
2.09847
2.08956
2.08141
2.07383
2.0671
2.06102
2.05586
2.05142
2.04796
2.0453
2.04367
2.04301
2.04314
2.04344
2.04412
2.04552
2.04776
2.05056
2.05374
2.05714
2.06066
2.06416
2.06759
2.07084
2.07387
2.0766
2.07903
2.08111
2.08286
2.08425
2.08531
2.08602
2.0864
2.08647
2.08641
2.08626
2.08595
2.08538
2.08457
2.08359
2.08249
2.08128
2.07999
2.07864
2.07725
2.07583
2.07442
2.07302
2.07166
2.07034
2.06911
2.06796
2.06692
2.06599
2.06521
2.06457
2.06412
2.06384
2.06377
2.0638
2.06389
2.06407
2.06454
2.06498
2.06587
2.06649
2.06788
2.06662
2.47836
2.47151
2.46356
2.45437
2.44455
2.43405
2.42327
2.41196
2.40046
2.38847
2.37632
2.36374
2.35104
2.33798
2.32487
2.31146
2.29808
2.28448
2.27099
2.25733
2.24385
2.23029
2.217
2.20372
2.19079
2.17794
2.16554
2.1533
2.1416
2.13015
2.11933
2.10885
2.09909
2.08977
2.08127
2.07328
2.06622
2.05976
2.05431
2.04956
2.04589
2.04299
2.04126
2.04049
2.04061
2.04091
2.04161
2.04308
2.04543
2.04843
2.05179
2.05541
2.05911
2.06282
2.06639
2.06979
2.07289
2.07571
2.07817
2.0803
2.08204
2.08345
2.08449
2.08521
2.08554
2.08563
2.08556
2.0854
2.08505
2.08446
2.0836
2.08259
2.08145
2.08021
2.07887
2.07748
2.07604
2.07459
2.07312
2.07167
2.07025
2.06889
2.0676
2.0664
2.0653
2.06434
2.06351
2.06284
2.06234
2.06204
2.06194
2.06197
2.06206
2.06223
2.06268
2.06313
2.06404
2.06466
2.06609
2.06485
2.47327
2.46593
2.45747
2.44788
2.43765
2.42686
2.41574
2.40421
2.39241
2.38025
2.36786
2.35516
2.34229
2.32917
2.31594
2.30253
2.28908
2.27552
2.26198
2.24841
2.23492
2.22147
2.20818
2.19501
2.18209
2.16936
2.15697
2.14486
2.13316
2.12184
2.11102
2.10065
2.09089
2.08167
2.07314
2.06525
2.05815
2.05178
2.04629
2.04161
2.03789
2.03508
2.03332
2.03265
2.03276
2.03309
2.03382
2.03533
2.03774
2.04081
2.04423
2.0479
2.05163
2.05535
2.05891
2.06228
2.06536
2.06813
2.07054
2.07261
2.07431
2.07566
2.07666
2.07733
2.07763
2.07768
2.07761
2.07744
2.07708
2.07647
2.0756
2.07458
2.07344
2.0722
2.07088
2.06949
2.06806
2.0666
2.06514
2.0637
2.06229
2.06093
2.05965
2.05844
2.05736
2.05639
2.05557
2.0549
2.05441
2.0541
2.05402
2.05404
2.05413
2.0543
2.05475
2.05519
2.0561
2.05671
2.05811
2.05686
2.48172
2.47446
2.46606
2.45655
2.44634
2.43559
2.42445
2.41292
2.40109
2.3889
2.37646
2.36373
2.35079
2.33763
2.32433
2.31087
2.29734
2.28373
2.27012
2.2565
2.24295
2.22946
2.21612
2.20291
2.18993
2.17717
2.16473
2.15258
2.14083
2.12946
2.11859
2.10818
2.09835
2.08909
2.0805
2.07256
2.0654
2.05898
2.05343
2.04871
2.04495
2.04211
2.04033
2.03967
2.03978
2.04011
2.04087
2.04243
2.04492
2.04806
2.05159
2.05533
2.05915
2.06293
2.06657
2.06997
2.07309
2.07588
2.07832
2.08038
2.08209
2.08343
2.08443
2.08508
2.08539
2.08542
2.08535
2.08518
2.08481
2.08419
2.08331
2.08228
2.08113
2.07988
2.07855
2.07715
2.07572
2.07425
2.07279
2.07133
2.06992
2.06855
2.06726
2.06605
2.06496
2.06398
2.06316
2.06247
2.06198
2.06167
2.06159
2.06161
2.0617
2.06187
2.06232
2.06277
2.06369
2.06431
2.0657
2.06445
)
;

boundaryField
{
    inlet
    {
        type            fixedValue;
        value           uniform 1;
    }
    outlet
    {
        type            zeroGradient;
    }
    bottom
    {
        type            symmetryPlane;
    }
    top
    {
        type            symmetryPlane;
    }
    obstacle
    {
        type            zeroGradient;
    }
    defaultFaces
    {
        type            empty;
    }
}


// ************************************************************************* //
