/*--------------------------------*- C++ -*----------------------------------*\
| =========                 |                                                 |
| \\      /  F ield         | OpenFOAM: The Open Source CFD Toolbox           |
|  \\    /   O peration     | Version:  2412                                  |
|   \\  /    A nd           | Website:  www.openfoam.com                      |
|    \\/     M anipulation  |                                                 |
\*---------------------------------------------------------------------------*/
FoamFile
{
    version     2.0;
    format      ascii;
    arch        "LSB;label=32;scalar=64";
    class       volScalarField;
    location    "4.5";
    object      p;
}
// * * * * * * * * * * * * * * * * * * * * * * * * * * * * * * * * * * * * * //

dimensions      [1 -1 -2 0 0 0 0];

internalField   nonuniform List<scalar> 
7000
(
1
1
1
1
1
1
1
1
1
1.00002
1.00003
1.00014
1.00017
1.00085
1.00095
1.00498
1.00692
1.03038
1.01855
1.06672
1.14613
1.05872
2.8622
4.70164
10.4544
10.2917
9.92897
9.63004
9.6194
9.67878
9.81528
9.95012
10.0516
10.1372
10.2215
10.3068
10.3913
10.4732
10.5517
10.6269
10.6982
10.7652
10.8273
10.8838
10.9343
10.9782
11.0145
11.0438
11.0651
11.0802
1
1
1
1
1
1
1
1
1
1.00002
1.00003
1.00012
1.00015
1.00073
1.00092
1.00451
1.00673
1.03024
1.01849
1.06652
1.14563
1.05793
2.86079
4.69433
10.4479
10.2851
9.92527
9.6287
9.61929
9.67837
9.81425
9.94879
10.0502
10.1359
10.2202
10.3056
10.3901
10.472
10.5506
10.6258
10.6971
10.7642
10.8263
10.8829
10.9336
10.9776
11.0141
11.0435
11.0648
11.08
1
1
1
1
1
1
1
1
1
1.00001
1.00002
1.00007
1.00007
1.00042
1.00027
0.999691
1.0121
1.03016
1.01927
1.066
1.14441
1.05591
2.85877
4.67902
10.4333
10.2699
9.91657
9.62525
9.61761
9.67607
9.81072
9.9447
10.0459
10.1316
10.216
10.3014
10.3858
10.4675
10.5459
10.6211
10.6923
10.7593
10.8214
10.8779
10.9286
10.9726
11.0092
11.0387
11.0599
11.0751
1
1
1
1
1
1
1
1
1
1
1
1.00001
0.999985
1.00008
0.999816
0.999012
1.01143
1.0275
1.01847
1.06601
1.1426
1.05173
2.85808
4.65737
10.4168
10.2405
9.90071
9.61926
9.6137
9.67145
9.8049
9.93824
10.0392
10.1248
10.2092
10.2944
10.3786
10.4601
10.5384
10.6133
10.6843
10.7511
10.8131
10.8695
10.9202
10.9642
11.0008
11.0303
11.0514
11.0666
1
1
1
1
1
1
1
1
1
0.999994
0.999983
0.999971
0.999845
0.99994
0.999642
0.998879
1.01047
1.02568
1.01642
1.06363
1.13902
1.04249
2.8653
4.62791
10.3809
10.2091
9.88361
9.61099
9.60692
9.66423
9.79656
9.92911
10.0296
10.1151
10.1994
10.2844
10.3683
10.4494
10.5274
10.602
10.6727
10.7393
10.801
10.8573
10.9079
10.9519
10.9886
11.0181
11.0391
11.0544
1
1
1
1
1
1
1
1
1
0.999991
0.999977
0.999959
0.999823
0.999889
0.999598
0.998888
1.00968
1.02415
1.01453
1.06046
1.13406
1.03493
2.85602
4.57676
10.3389
10.1816
9.86626
9.59951
9.59662
9.65364
9.78526
9.91704
10.017
10.1022
10.1862
10.2709
10.3543
10.435
10.5125
10.5867
10.657
10.7232
10.7846
10.8407
10.8911
10.9351
10.9718
11.0014
11.0224
11.0379
1
1
1
1
1
1
1
1
1
0.99999
0.999977
0.999958
0.999829
0.999886
0.999621
0.998954
1.00895
1.02154
1.01329
1.05655
1.12747
1.02413
2.84189
4.50605
10.2837
10.1561
9.8489
9.58447
9.58232
9.63934
9.77073
9.90178
10.0011
10.0858
10.1693
10.2535
10.3364
10.4164
10.4933
10.5669
10.6366
10.7023
10.7633
10.819
10.8693
10.9132
10.9499
10.9796
11.0006
11.0164
1
1
1
1
1
1
1
1
1
0.999992
0.999979
0.999964
0.999846
0.99991
0.999686
0.999138
1.00784
1.02028
1.01023
1.0533
1.12108
1.01686
2.81586
4.42422
10.2024
10.1325
9.8324
9.56632
9.56387
9.62103
9.75261
9.88297
9.98146
10.0655
10.1485
10.2319
10.314
10.3933
10.4693
10.5421
10.6111
10.6761
10.7365
10.7917
10.8416
10.8854
10.9219
10.9518
10.9728
10.9889
1
1
1
1
1
1
1
1
0.999998
0.999997
0.999984
0.999977
0.999899
0.999948
0.999768
0.999305
1.00708
1.01869
1.00818
1.04915
1.11341
1.00841
2.78352
4.32827
10.0899
10.1091
9.81591
9.54568
9.54163
9.59881
9.7304
9.86023
9.95788
10.0412
10.1232
10.2058
10.2868
10.365
10.44
10.5118
10.5798
10.6438
10.7033
10.7579
10.8073
10.8508
10.8872
10.9171
10.9382
10.9546
1
1
1
1
1
1
1
1
0.999999
0.999999
0.999994
0.999991
0.99995
1.00001
0.999867
0.999484
1.00628
1.01695
1.00611
1.04469
1.10499
0.999194
2.74637
4.21199
9.94731
10.0841
9.79771
9.52244
9.5158
9.57277
9.70386
9.83325
9.9301
10.0123
10.0933
10.1746
10.2543
10.3312
10.4048
10.4752
10.5419
10.6047
10.6632
10.7167
10.7653
10.8082
10.8444
10.8742
10.8953
10.912
1
1
1
1
1
1
1
1
1
1
1
1.00001
1
1.00006
0.999965
0.999681
1.00525
1.01342
1.00426
1.04036
1.09614
0.989642
2.70428
4.07321
9.77045
10.0568
9.7783
9.49686
9.48604
9.54236
9.67263
9.80156
9.89748
9.97849
10.0581
10.1378
10.2159
10.291
10.363
10.4317
10.4967
10.5578
10.6148
10.667
10.7145
10.7565
10.7921
10.8217
10.8427
10.8598
1
1
1
1
1
1
1
1
1
1
1.00001
1.00002
1.00002
1.00013
1.00009
0.999896
1.00425
1.01123
1.00181
1.03542
1.08637
0.979637
2.65375
3.92214
9.55487
10.0221
9.75887
9.46875
9.452
9.50747
9.63659
9.76492
9.85973
9.93928
10.0172
10.0951
10.1711
10.2442
10.3139
10.3804
10.4432
10.5021
10.557
10.6073
10.6531
10.6938
10.7284
10.7574
10.7782
10.7956
1
1
1
1
1
1
1
1
1
1
1.00001
1
1.00007
1.0002
1.00019
1.00012
1.00277
1.00705
0.999678
1.03081
1.07647
0.969997
2.59608
3.75524
9.29737
9.97984
9.73666
9.43736
9.41379
9.46821
9.59582
9.72323
9.81655
9.89422
9.97002
10.0456
10.1192
10.1896
10.2566
10.3203
10.3803
10.4364
10.4885
10.5362
10.5795
10.6181
10.6509
10.6788
10.6989
10.7168
1
1
1
1
1
1
1
1
1
1
1.00001
1.00002
1.00002
1.00015
1.00026
1.00068
1.00142
1.00475
0.997008
1.02556
1.06593
0.960486
2.53133
3.57067
8.99687
9.92678
9.70813
9.40117
9.37108
9.42442
9.55042
9.67647
9.76779
9.84303
9.91628
9.98918
10.0597
10.1269
10.1904
10.2505
10.3068
10.3591
10.4074
10.4514
10.491
10.5263
10.5563
10.582
10.6007
10.6187
1
1
1
1
1
1
1
1
1
1
1
1.00002
1.00002
1.00012
1.00021
1.00067
1.00071
1.00262
0.994557
1.0204
1.0554
0.951833
2.45995
3.3683
8.64918
9.86136
9.6703
9.35825
9.32265
9.37521
9.49993
9.62457
9.71341
9.78549
9.85542
9.92494
9.99191
10.0551
10.1144
10.17
10.2215
10.2689
10.3119
10.3505
10.3849
10.4149
10.4403
10.4621
10.4782
10.4961
1
1
1
1
1
1
1
1
1
1
1
1
1
1.00002
1
1.00008
0.999839
1.00114
0.992924
1.01599
1.04563
0.945208
2.38208
3.14809
8.251
9.77356
9.61374
9.30749
9.26764
9.31925
9.4428
9.56659
9.65305
9.72154
9.78741
9.85269
9.91518
9.97354
10.0276
10.0774
10.1229
10.1637
10.1998
10.2309
10.2574
10.2793
10.2968
10.3114
10.3219
10.3382
1
1
1
1
1
1
1
1
1
0.999999
0.999997
0.999996
0.999978
0.999979
0.999978
0.999618
0.999113
0.999924
0.991706
1.0119
1.03624
0.94122
2.29884
2.9158
7.83258
9.64891
9.52252
9.2516
9.20888
9.25858
9.37972
9.50234
9.58622
9.65074
9.71195
9.77225
9.82942
9.88199
9.92955
9.97227
10.0099
10.042
10.0687
10.0893
10.1041
10.1136
10.1174
10.1189
10.1187
10.1301
1
1
1
1
1
1
1
1
1
1
1
1
1
1.00001
0.999991
0.999972
1.00005
1.00116
0.999156
1.00909
0.99659
0.961867
2.22505
2.41774
7.52316
9.51386
9.41192
9.18147
9.14553
9.19403
9.31315
9.43259
9.51301
9.57312
9.62899
9.68341
9.73414
9.77968
9.81947
9.85352
9.88129
9.90228
9.91625
9.92207
9.91978
9.91014
9.89091
9.86736
9.8425
9.83997
1
1
1
1
1
1
1
1
1
1
1
1.00002
1.00002
1.00008
1.00011
1.00045
1.00063
1.00175
1.00033
1.00864
1.00809
0.96119
2.11549
2.24705
6.89558
9.318
9.28318
9.13784
9.09459
9.13724
9.24717
9.36058
9.43567
9.49015
9.53983
9.58745
9.63055
9.66758
9.69784
9.72123
9.73682
9.74363
9.74099
9.72836
9.70049
9.65852
9.60179
9.53192
9.4521
9.40165
1
1
1
1
1
1
1
1
1
1.00001
1.00001
1.00005
1.00005
1.00031
1.00035
1.00177
1.00274
1.01044
1.00722
1.03148
1.06589
1.01632
1.87629
2.06431
6.02467
9.21837
9.27526
9.13892
9.06249
9.09486
9.18467
9.28809
9.35651
9.40448
9.44646
9.4854
9.51926
9.54619
9.56511
9.57579
9.57559
9.5672
9.54373
9.50096
9.43845
9.35183
9.23232
9.07342
8.86725
8.64388
1
1
1
1
1
1
1
1
1
1
1.00001
1.00001
1.00006
1.00007
1.00033
1.00039
1.00192
1.00223
1.01153
1.0159
1.07137
1.05222
1.63325
1.71915
4.82373
8.88455
9.29524
9.16996
9.05478
9.06468
9.11571
9.20307
9.26423
9.30393
9.33536
9.36254
9.3838
9.3967
9.39955
9.39478
9.37781
9.34101
9.28429
9.20372
9.0915
8.93211
8.70181
8.34461
7.73428
6.41488
1
1
1
1
1
1
1
1
1
1
1.00001
1.00001
1.00006
1.00006
1.00032
1.00037
1.0017
1.00156
1.00957
1.01041
1.05823
1.06015
1.46116
1.52373
4.02353
7.7459
9.23924
9.21672
9.09467
9.03134
9.04596
9.09182
9.14734
9.18261
9.20372
9.21801
9.22478
9.22298
9.21287
9.18652
9.13731
9.07033
8.97996
8.85603
8.68483
8.44616
8.10339
7.59723
6.85324
5.64905
1
1
1
1
1
1
1
1
1
1
1.00001
1.00001
1.00004
1.00004
1.00022
1.00023
1.00118
1.00127
1.00653
1.00771
1.03581
1.05029
1.27205
1.27459
3.02436
5.6727
9.06195
9.3844
9.24241
9.02778
8.97874
8.99152
9.02364
9.05169
9.0639
9.06403
9.05966
9.04489
9.01183
8.95896
8.88881
8.79542
8.67134
8.50873
8.29347
8.00794
7.62528
7.11426
6.47065
5.66199
1
1
1
1
1
1
1
1
1
1
1
1.00001
1.00001
1.00003
1.00002
1.00008
0.999946
0.999547
1.00631
1.01624
1.0078
1.04453
1.09869
1.00519
2.55851
3.64319
8.57947
9.39532
9.24871
8.97848
8.85769
8.85646
8.86917
8.89515
8.90455
8.90097
8.88744
8.85613
8.80149
8.73114
8.64299
8.52976
8.38339
8.19812
7.96266
7.66614
7.29831
6.84442
6.32558
5.71869
1
1
1
1
1
1
1
1
1
1
1
1.00001
1.00001
1.00003
1.00003
1.00008
1.00013
0.999163
0.998185
0.998734
0.990385
1.00875
1.02887
0.933201
2.25263
2.67065
7.24638
9.16144
9.09159
8.86708
8.68872
8.66769
8.68213
8.71327
8.72602
8.72128
8.7028
8.66025
8.59176
8.50905
8.40831
8.28236
8.1258
7.93286
7.69772
7.41366
7.08117
6.68832
6.25834
5.77817
1
1
1
1
1
1
1
1
1
1
1
1.00001
1.00001
1.00006
1.00009
1.00034
1.00044
1.00208
1.00324
1.01171
1.01003
1.03899
1.06853
1.00897
1.85368
1.98239
5.66317
8.72263
8.94092
8.79567
8.57932
8.51869
8.527
8.54824
8.55414
8.54688
8.52208
8.46733
8.38955
8.29822
8.18972
8.0577
7.89804
7.70725
7.48206
7.22003
6.92036
6.58401
6.22057
5.81042
1
1
1
1
1
1
1
1
1
1
1
1
1.00001
1.00001
1.00006
1.00006
1.0003
1.0004
1.00148
1.00251
1.00967
1.00183
1.03029
1.06933
0.984132
2.39654
3.22375
7.83877
8.86698
8.7641
8.55438
8.42715
8.40572
8.40996
8.40903
8.39697
8.36139
8.28907
8.20238
8.10456
7.99186
7.85876
7.70106
7.51689
7.30434
7.06293
6.79306
6.49563
6.17753
5.83119
1
1
1
1
1
1
1
1
1
1
1
1
1.00001
1.00001
1.00001
1.00015
1.00032
1.00047
1.0016
1.00188
1.00408
1.00045
1.01041
1.02529
0.988972
2.04535
2.27804
6.03265
8.48559
8.61981
8.50066
8.32124
8.26562
8.26511
8.26142
8.24401
8.20036
8.12246
8.03089
7.92915
7.81381
7.68112
7.5287
7.35377
7.15564
6.93477
6.69142
6.42566
6.14321
5.83587
1
1
1
1
1
1
1
1
1
1
1
1
1
1.00001
1.00001
1.00007
1.00007
1.0003
1.00034
1.0018
1.00254
1.01082
1.0151
1.06533
1.1042
1.50107
1.68554
4.06891
7.64234
8.47635
8.43013
8.29987
8.18846
8.15304
8.13498
8.1005
8.04364
7.96775
7.88008
7.7816
7.6669
7.53373
7.3824
7.2148
7.03024
6.82707
6.60489
6.36682
6.11619
5.84576
1
1
1
1
1
1
1
1
1
1
1
1
1
1.00001
1.00001
1.00005
1.00006
1.00026
1.00029
1.00138
1.0014
1.00731
1.00824
1.03818
1.04718
1.28708
1.22455
3.11899
5.58632
8.01683
8.40086
8.33138
8.18133
8.08575
8.03026
7.97709
7.9108
7.83284
7.74371
7.64352
7.53073
7.40506
7.26365
7.10464
6.92761
6.73847
6.53798
6.32483
6.10066
5.85858
1
1
1
1
1
1
1
1
1
1
1
1
1
1
1.00002
1.00002
1.00009
1.00009
1.00049
1.00058
1.00267
1.00402
1.01577
1.00917
1.03889
1.08187
0.99948
2.31955
2.94847
6.98915
8.27612
8.26977
8.17248
8.00824
7.90636
7.84021
7.77559
7.7013
7.61649
7.52021
7.41202
7.29126
7.15748
7.01164
6.85398
6.6803
6.49232
6.29835
6.10214
5.88556
1
1
1
1
1
1
1
1
1
1
1
1
1
1
1
1.00001
1.00002
1.00004
1.00021
1.00017
1.00151
1.00221
1.00997
1.00789
1.03613
1.07153
1.06874
1.7399
1.99792
4.97875
7.7307
8.16003
8.09413
7.92367
7.77758
7.69717
7.63951
7.57647
7.5008
7.41235
7.31129
7.19809
7.07287
6.93699
6.79055
6.63477
6.47429
6.30254
6.11719
5.92465
1
1
1
1
1
1
1
1
1
1
1
1
1
1
0.999999
0.999999
0.999993
0.999992
0.999968
0.999931
0.999885
0.999536
0.999024
0.999834
0.992274
1.01156
1.03226
0.945467
2.23093
2.49288
6.58049
7.93382
7.94218
7.85838
7.68307
7.5773
7.5173
7.46587
7.40137
7.32318
7.23058
7.12718
7.01355
6.89066
6.75954
6.62411
6.47851
6.32007
6.15698
6.00018
1
1
1
1
1
1
1
1
1
1
1
1
1
1
1
1
1.00001
1.00001
1.00005
1.00005
1.00032
1.0004
1.00207
1.0031
1.01196
1.01944
1.06983
1.06324
1.60799
1.51953
4.15543
7.14744
7.78263
7.75375
7.65863
7.53069
7.44795
7.39165
7.32969
7.2556
7.16925
7.07604
6.97641
6.87242
6.76107
6.636
6.50449
6.36992
6.24222
6.13046
1
1
1
1
1
1
1
1
1
1
1
1
1
1
1
1
1
1.00001
1.00002
1.00002
1.00015
1.00017
1.00091
1.00149
1.00529
1.00727
1.03986
1.03766
1.28028
1.23461
2.85711
4.94337
7.187
7.64813
7.62667
7.54323
7.43982
7.36155
7.29515
7.22597
7.14979
7.06798
6.9794
6.88338
6.78334
6.68024
6.57603
6.48298
6.41045
6.36162
1
1
1
1
1
1
1
1
1
1
1
1
1
1
1
1
1
1.00001
1.00001
1.00005
1.00006
1.00028
1.00034
1.00158
1.00163
1.00927
1.0122
1.05273
1.07249
1.36811
1.4567
3.14236
5.60048
7.21434
7.52782
7.50885
7.43852
7.343
7.26472
7.20111
7.14437
7.07875
7.00667
6.93214
6.85966
6.79545
6.74163
6.72444
6.73117
6.7524
1
1
1
1
1
1
1
1
1
1
1
1
1
1
1
1
1
1
1.00001
1.00001
1.00006
1.00006
1.00032
1.00042
1.00174
1.00288
1.00894
1.0162
1.06564
1.06206
1.50486
1.46209
3.54512
6.03649
7.19527
7.42093
7.40276
7.33912
7.2626
7.2084
7.16673
7.12747
7.08959
7.05871
7.04541
7.0529
7.08059
7.14115
7.23285
7.32133
1
1
1
1
1
1
1
1
1
1
1
1
1
1
1
1
0.999999
0.999999
0.999996
0.999996
0.999975
0.999962
0.999835
0.999887
0.999568
0.998802
1.01033
1.02434
1.02056
1.06832
1.13094
1.07061
2.26115
3.34162
6.20939
7.19667
7.34734
7.33246
7.29217
7.26106
7.2598
7.26903
7.29489
7.34676
7.43491
7.56138
7.69836
7.82644
7.92989
7.98816
1
1
1
1
1
1
1
1
1
1
1
1
1
1
1
1
1
1
1
1
1.00001
1.00003
1.00002
1.00014
1.00013
1.00011
1.00239
1.00588
1.00688
1.0194
1.04889
1.01355
1.72649
1.71969
3.90955
6.40453
7.17373
7.34573
7.39406
7.43912
7.52005
7.63133
7.77223
7.96075
8.17861
8.37089
8.50784
8.5731
8.5658
8.53001
1
1
1
1
1
1
1
1
1
1
1
1
1
1
1
1
1
1
1
1
1.00001
1.00001
1.00004
1.00004
1.00021
1.00023
1.00122
1.00138
1.00665
1.00764
1.03552
1.05117
1.24196
1.25722
2.44941
4.10116
6.43977
7.32253
7.69011
7.92574
8.15332
8.42974
8.73268
8.9772
9.13118
9.17113
9.15246
9.09271
8.96782
8.79063
1
1
1
1
1
1
1
1
1
1
1
1
1
1
1
1
1
1
1
1
1
1.00001
1.00001
1.00004
1.00005
1.00024
1.00024
1.0013
1.00173
1.00728
1.00885
1.03995
1.04571
1.27694
1.31192
2.61666
4.31446
6.92407
8.35333
9.02318
9.4479
9.73223
9.85197
9.83834
9.77924
9.64438
9.43475
9.2271
9.02448
8.82372
1
1
1
1
1
1
1
1
1
1
1
1
1
1
1
1
1
1
1
1
1
1
1.00001
1.00001
1.00005
1.00007
1.00025
1.00042
1.00143
1.00193
1.00842
1.00719
1.05366
1.07583
1.33301
1.406
3.00364
5.42343
9.46213
10.8081
10.8334
10.7286
10.4659
10.1243
9.83863
9.61596
9.40373
9.19837
9.00281
8.81289
1
1
1
1
1
1
1
1
1
1
1
1
1
1
1
1
1
1
1
1
1
1
1
1
1.00001
1.00005
1.00008
1.00006
1.00107
1.00252
1.00487
1.02067
1.01062
1.0544
1.12419
1.03798
2.75589
4.22086
10.228
11.5564
11.3285
10.8183
10.3608
10.011
9.73899
9.50489
9.30492
9.12621
8.9649
8.81306
1
1
1
1
1
1
1
1
1
1
1
1
1
1
1
1
1
1
1
1
1
1
1
1.00001
1.00002
1.00002
1.0001
1.00013
1.00042
1.00177
1.00224
1.01117
1.01656
1.06424
1.08685
1.54338
1.6199
4.98023
9.93084
11.3339
11.0652
10.4915
10.0307
9.74102
9.55154
9.40671
9.27557
9.14015
8.99874
8.85986
1
1
1
1
1
1
1
1
1
1
1
1
1
1
1
1
1
1
1
1
1
1
1
1.00001
1.00002
1.00004
1.00003
1.00027
1.00021
1.00178
1.00149
1.01023
1.01285
1.05656
1.06935
1.46702
1.53722
4.53227
9.2125
11.097
10.7722
10.1395
9.77193
9.60733
9.51434
9.42171
9.31091
9.19526
9.08192
8.96699
1
1
1
1
1
1
1
1
1
1
1
1
1
1
1
1
1
1
1
1
1
1
1
1
1.00002
1.00003
1.00007
1.00016
1.00028
1.00125
1.0017
1.00812
1.01223
1.04861
1.0618
1.38599
1.41815
4.13737
8.4512
10.9961
10.6876
10.0588
9.7407
9.63556
9.56848
9.49062
9.39939
9.3008
9.19929
9.09137
1
1
1
1
1
1
1
1
1
1
1
1
1
1
1
1
1
1
1
1
1
1
1
1
1
1.00001
1.00001
0.999994
0.999969
0.999601
0.998753
0.999058
0.989865
1.0002
1.02551
0.92669
2.48651
3.2154
9.20424
10.8329
10.4257
9.89795
9.66187
9.59758
9.5517
9.48752
9.4096
9.32831
9.24371
9.15352
1
1
1
1
1
1
1
1
1
1
1
1
1
1
1
1
1
1
1
1
1
1
1
1
1.00002
1.00002
1.00012
1.00014
1.00071
1.00082
1.00361
1.0039
1.01368
1.03495
1.06537
1.32237
1.39167
3.75913
7.72516
10.9792
10.6567
9.9675
9.64198
9.55294
9.51825
9.47061
9.40396
9.33054
9.25635
9.17961
1
1
1
1
1
1
1
1
1
1
1
1
1
1
1
1
1
1
1
1
1
1
1
1
1.00001
1.00001
1.00007
1.00007
1.00058
1.00063
1.00403
1.00695
1.02607
1.02547
1.10582
1.21826
1.2105
3.26021
6.40129
11.1686
10.7962
9.98961
9.60865
9.49997
9.47281
9.44259
9.3942
9.33402
9.26949
9.20064
1
1
1
1
1
1
1
1
1
1
1
1
1
1
1
1
1
1
1
1
1
1
1
1
1.00001
1.00001
1.00002
1.00009
1.00036
1.00035
1.00207
1.00278
1.01159
1.02336
1.05356
0.928693
2.13766
2.2347
7.70203
11.0132
10.5476
9.86107
9.54427
9.45113
9.43718
9.42622
9.39741
9.34602
9.28882
9.22848
1
1
1
1
1
1
1
1
1
1
1
1
1
1
1
1
1
1
1
1
1
1
1
1
1
1.00001
1.00002
1.00003
1.00028
1.00034
1.00221
1.0037
1.01804
1.00772
1.05965
1.15437
1.08988
3.07168
5.56187
11.0439
10.7043
9.99551
9.59567
9.46126
9.44147
9.43392
9.414
9.37083
9.31386
9.25352
1
1
1
1
1
1
1
1
1
1
1
1
1
1
1
1
1
1
1
1
1
1
1
1
1
1
1
1
1.00004
1.00007
1.00089
1.00179
1.01071
1.00067
1.04254
1.11814
1.02113
2.92945
4.81942
11.0477
10.6905
10.0751
9.63631
9.47462
9.45198
9.44955
9.43733
9.40438
9.34501
9.28049
1
1
1
1
1
1
1
1
1
1
1
1
1
1
1
1
1
1
1
1
1
1
1
1
1
1
1.00001
1.00001
1.00002
0.999943
0.99994
1.00042
1.00502
0.996241
1.03403
1.09871
0.996531
2.84683
4.49966
10.7964
10.5697
10.1068
9.67578
9.50999
9.48386
9.47933
9.46374
9.4263
9.36763
9.30327
1
1
1
1
1
1
1
1
1
1
1
1
1
1
1
1
1
1
1
1
1
1
1
1
1
0.999993
0.999995
0.999924
0.999916
0.999488
0.999004
0.997288
0.998835
0.989627
1.02375
1.07859
0.977349
2.75626
4.25969
10.5804
10.6147
10.2018
9.74723
9.54355
9.49227
9.48154
9.4595
9.41778
9.36335
9.30005
1
1
1
1
1
1
1
1
1
1
1
1
1
1
1
1
1
1
1
1
1
1
1
1
1
1.00002
1.00003
1.00011
1.00011
1.00054
1.00063
1.00211
1.00884
1.01272
1.05984
1.05344
1.51745
1.61726
4.87037
9.84296
10.7711
10.4125
9.83806
9.55255
9.47781
9.47124
9.45449
9.41754
9.36186
9.29693
1
1
1
1
1
1
1
1
1
1
1
1
1
1
1
1
1
1
1
1
1
1
1
1
1
1
1.00005
1.00014
1.00018
1.00086
1.00096
1.00443
1.00652
1.02191
1.03633
1.10114
1.42731
1.32518
4.63389
9.12074
11.2654
10.797
9.99264
9.58524
9.47277
9.45847
9.43752
9.39771
9.33934
9.27757
1
1
1
1
1
1
1
1
1
1
1
1
1
1
1
1
1
1
1
1
1
1
1
1
1
1
0.999998
1
0.999995
1.00007
1
0.999967
1.007
1.01044
1.04456
1.07373
1.34524
1.49328
4.08933
8.59369
11.5663
11.0536
10.1185
9.64834
9.51298
9.48262
9.45421
9.40777
9.34721
9.28669
1
1
1
1
1
1
1
1
1
1
1
1
1
1
1
1
1
1
1
1
1
1
1
1
1
1
1.00002
1.00004
1.00005
1.00022
1.00058
1.00052
1.00225
0.994787
0.997615
1.01676
0.914481
2.50644
3.05919
9.58912
11.1087
10.5888
9.89742
9.57013
9.47578
9.44506
9.41558
9.37272
9.32049
9.26745
1
1
1
1
1
1
1
1
1
1
1
1
1
1
1
1
1
1
1
1
1
1
1
1
1
1.00001
1.00001
1.00007
1.00007
1.00029
1.0006
1.00112
1.00403
1.00011
1.00649
0.983892
0.877454
2.45014
2.76205
9.3504
10.9625
10.4538
9.80982
9.52383
9.44326
9.41724
9.39585
9.36488
9.32269
9.27563
1
1
1
1
1
1
1
1
1
1
1
1
1
1
1
1
1
1
1
1
1
1
1
1
1
1.00001
1.00001
1.00004
1.00011
1.00025
1.00011
1.00265
1.00643
0.999347
1.00885
1.01054
0.885959
2.46687
2.90945
9.30882
11.0477
10.5101
9.79701
9.4765
9.39077
9.37095
9.35845
9.34199
9.31559
9.27313
2.76991
2.86455
3.92504
3.69219
3.5169
3.42449
3.33126
3.19497
3.06452
2.96413
2.87414
2.77137
2.7149
2.69231
2.68716
2.70119
2.74983
2.83011
2.93758
3.0627
3.19462
3.32505
3.44951
3.56568
3.67406
3.77487
3.86895
3.95637
4.03876
4.11424
4.18188
4.24142
4.29354
4.33858
4.37798
4.4141
4.44239
4.46199
4.47504
4.48252
4.48408
4.48211
4.47535
4.46163
4.4437
4.42276
4.39844
4.37106
4.34072
4.30798
4.27284
4.23584
4.19708
4.15702
4.11568
4.07359
4.03065
3.98737
3.9436
3.89979
3.8558
3.81198
3.76824
3.72487
3.68184
3.63949
3.59778
3.55702
3.51725
3.47876
3.44166
3.40622
3.37259
3.34103
3.31166
3.28471
3.26028
3.23851
3.21963
3.2035
3.19012
3.17937
3.17117
3.16528
3.16128
3.15877
3.15729
3.1558
3.15362
3.15029
3.14549
3.13876
3.12952
3.11734
3.10226
3.08455
3.06489
3.04425
3.02505
3.01301
3.6564
3.70504
3.90715
3.68775
3.52573
3.45851
3.36307
3.19226
3.03663
2.92881
2.85804
2.78115
2.71929
2.69129
2.68399
2.6958
2.74202
2.82098
2.92876
3.0544
3.18629
3.31529
3.43956
3.55598
3.664
3.76435
3.85799
3.94369
4.02852
4.10495
4.17336
4.2332
4.28565
4.33123
4.37082
4.40633
4.43438
4.4546
4.46789
4.47543
4.47716
4.47566
4.46998
4.45705
4.4379
4.41667
4.39294
4.36604
4.3362
4.30374
4.26903
4.23234
4.19395
4.15415
4.11315
4.07125
4.02857
3.98542
3.94188
3.89818
3.85439
3.81071
3.7672
3.72403
3.68134
3.63927
3.59794
3.55756
3.51827
3.48022
3.44363
3.40868
3.37553
3.34443
3.31549
3.28887
3.26468
3.24302
3.22396
3.20743
3.19359
3.18195
3.17268
3.16553
3.16003
3.15576
3.15236
3.14923
3.14548
3.14039
3.13397
3.12569
3.1155
3.10291
3.08809
3.07104
3.05247
3.03279
3.01444
3.00331
4.55732
4.208
4.00369
3.73557
3.54412
3.42244
3.31713
3.1712
3.03018
2.93276
2.86898
2.78705
2.71031
2.67012
2.66177
2.68329
2.73101
2.80506
2.90807
3.03309
3.16777
3.29835
3.42257
3.53939
3.64766
3.74858
3.84285
3.93081
4.01418
4.09087
4.15989
4.22088
4.27438
4.32099
4.36115
4.39592
4.42379
4.44454
4.45825
4.46601
4.46777
4.46665
4.46213
4.45109
4.43106
4.40912
4.3854
4.35901
4.32973
4.29782
4.26361
4.22742
4.18955
4.15024
4.10973
4.06824
4.02599
3.98318
3.93998
3.89659
3.85311
3.80973
3.76659
3.72391
3.68175
3.64027
3.59963
3.55998
3.5215
3.48441
3.44884
3.41497
3.38295
3.35292
3.325
3.29929
3.27585
3.25469
3.23579
3.21905
3.20435
3.19145
3.18023
3.17041
3.16163
3.15361
3.1459
3.13855
3.13105
3.12147
3.11172
3.10047
3.08835
3.07484
3.06
3.04388
3.02705
3.00912
2.99351
2.98398
4.94197
4.45755
4.16082
3.84718
3.60229
3.44467
3.31633
3.16436
3.02505
2.92441
2.84694
2.77407
2.71558
2.68467
2.67734
2.6881
2.72566
2.80027
2.89969
3.01635
3.14459
3.27411
3.39869
3.51656
3.62661
3.72922
3.82498
3.91431
3.99789
4.07496
4.14435
4.20593
4.25969
4.30652
4.34665
4.38091
4.40857
4.42955
4.44367
4.45165
4.45349
4.45263
4.44911
4.44012
4.42158
4.39856
4.37428
4.34825
4.31972
4.28864
4.25521
4.21973
4.18254
4.14391
4.10406
4.06322
4.0216
3.97939
3.93681
3.89403
3.85119
3.80848
3.76625
3.72442
3.68318
3.64272
3.60321
3.56479
3.52766
3.49196
3.45783
3.4254
3.3948
3.36608
3.33932
3.31454
3.29172
3.27078
3.25159
3.23397
3.21772
3.2026
3.18825
3.17448
3.1614
3.14833
3.13504
3.12156
3.10783
3.09356
3.07913
3.06439
3.0493
3.03392
3.01824
3.00232
2.98649
2.97051
2.95694
2.94965
5.14489
4.65692
4.30841
3.98718
3.7171
3.50739
3.34285
3.18957
3.05403
2.95553
2.87877
2.81306
2.76416
2.73604
2.72898
2.73599
2.76309
2.82269
2.90553
3.00187
3.10862
3.23071
3.35834
3.4822
3.59773
3.70406
3.80186
3.89201
3.97542
4.05219
4.1218
4.18399
4.23851
4.28588
4.32632
4.36047
4.38814
4.40933
4.42393
4.43236
4.43443
4.43375
4.43096
4.42373
4.4083
4.38514
4.36036
4.33439
4.30653
4.27636
4.24394
4.20956
4.17345
4.13591
4.09712
4.05732
4.0167
3.97548
3.93384
3.89198
3.85006
3.80855
3.76733
3.72671
3.68689
3.6479
3.61003
3.57338
3.53811
3.50432
3.47215
3.44162
3.4128
3.38568
3.36021
3.33634
3.31391
3.29278
3.27272
3.25349
3.23485
3.21653
3.19829
3.18022
3.16162
3.14227
3.12248
3.10245
3.08241
3.0625
3.04291
3.02372
3.00501
2.98685
2.96926
2.95239
2.93651
2.92186
2.90868
2.9055
5.27721
4.82668
4.45852
4.13091
3.84732
3.61446
3.417
3.25814
3.12784
3.02933
2.95985
2.91523
2.88665
2.87125
2.8715
2.87522
2.88622
2.90986
2.946
2.99884
3.06614
3.15038
3.27577
3.40976
3.53992
3.65883
3.76517
3.85974
3.9447
4.0215
4.09128
4.15403
4.20951
4.25793
4.29928
4.33394
4.36211
4.3839
4.39915
4.40821
4.41095
4.41043
4.40824
4.40253
4.3902
4.36859
4.3441
4.31825
4.2908
4.26152
4.23026
4.19711
4.16223
4.12601
4.08853
4.05002
4.01068
3.97078
3.93044
3.88995
3.84973
3.80976
3.77028
3.73147
3.69356
3.65664
3.62098
3.5866
3.55365
3.52218
3.49225
3.46383
3.43684
3.41117
3.38671
3.36325
3.34057
3.31842
3.29656
3.27471
3.25268
3.23025
3.20765
3.18385
3.15876
3.13319
3.1074
3.08154
3.05589
3.03064
3.0061
2.98238
2.95967
2.93807
2.91769
2.89879
2.88138
2.86661
2.85364
2.85135
5.37368
4.96211
4.60028
4.27449
3.98403
3.73977
3.53934
3.37535
3.25075
3.16462
3.12
3.10083
3.09417
3.09256
3.09025
3.08555
3.07567
3.05475
3.0314
3.03414
3.05198
3.0974
3.17527
3.28944
3.43095
3.57012
3.69699
3.8065
3.89998
3.98084
4.05199
4.11539
4.17171
4.22114
4.26341
4.29908
4.3285
4.35152
4.36814
4.37872
4.38289
4.38256
4.38099
4.37674
4.3674
4.34869
4.32552
4.3001
4.27325
4.24487
4.21482
4.18312
4.14984
4.11512
4.0792
4.04238
4.00481
3.9666
3.92797
3.8896
3.85128
3.81335
3.77601
3.73945
3.70391
3.66945
3.63637
3.60457
3.57417
3.54514
3.51743
3.49095
3.46549
3.44079
3.41663
3.39276
3.36891
3.3448
3.3202
3.29494
3.26887
3.24207
3.21342
3.18341
3.15307
3.12235
3.0915
3.0607
3.03025
3.00031
2.97122
2.94311
2.91631
2.89091
2.86719
2.84537
2.82559
2.80905
2.79483
2.79206
5.43949
5.07276
4.72906
4.4121
4.12707
3.88268
3.68282
3.52692
3.42062
3.36634
3.36215
3.36777
3.3841
3.39356
3.38843
3.37005
3.32603
3.23731
3.14665
3.08799
3.08265
3.09381
3.12952
3.20255
3.30152
3.43219
3.57629
3.70943
3.82419
3.92059
4.00088
4.06908
4.1279
4.17799
4.22115
4.25771
4.28831
4.31278
4.33106
4.34372
4.34994
4.34992
4.34903
4.34609
4.33917
4.32482
4.3036
4.27938
4.25333
4.22587
4.19705
4.16694
4.13548
4.10281
4.06909
4.03449
3.99906
3.96309
3.92727
3.89134
3.85566
3.82042
3.78588
3.75219
3.71956
3.68803
3.65775
3.62869
3.60076
3.57387
3.54787
3.52249
3.49749
3.47263
3.44759
3.42207
3.39582
3.36864
3.34039
3.3111
3.28031
3.2474
3.21345
3.17917
3.14453
3.10973
3.07488
3.04027
3.00598
2.97235
2.93953
2.90781
2.87742
2.84859
2.82157
2.79665
2.77402
2.75499
2.7385
2.73352
5.49621
5.16713
4.85181
4.55016
4.27881
4.04923
3.86151
3.73012
3.66588
3.66727
3.67884
3.70804
3.74657
3.74242
3.72193
3.66878
3.55968
3.41354
3.28538
3.19255
3.14081
3.13712
3.14565
3.1745
3.23695
3.31795
3.429
3.56444
3.69765
3.81893
3.92126
4.00497
4.07292
4.12753
4.17245
4.21018
4.24165
4.26742
4.28778
4.30278
4.31135
4.31397
4.31351
4.31166
4.30698
4.29703
4.27929
4.25732
4.2327
4.20649
4.1791
4.15072
4.12131
4.09095
4.05963
4.02751
3.99464
3.9619
3.92885
3.89588
3.86324
3.83112
3.79975
3.76924
3.73968
3.71114
3.68359
3.65694
3.63105
3.60569
3.5806
3.55546
3.52997
3.50383
3.47677
3.44855
3.41902
3.38812
3.3555
3.32079
3.28446
3.24753
3.21016
3.17241
3.1343
3.09622
3.0581
3.02041
2.98308
2.94659
2.91089
2.87641
2.84323
2.81165
2.78188
2.75423
2.72888
2.70722
2.68824
2.68016
5.54804
5.2584
4.97822
4.70926
4.46621
4.26607
4.11183
4.02948
4.02917
4.04059
4.07256
4.12515
4.12157
4.09991
4.0426
3.92035
3.74855
3.58392
3.44303
3.33356
3.25634
3.21209
3.2009
3.20544
3.22458
3.27046
3.33095
3.41562
3.53056
3.66237
3.78884
3.89929
3.98954
4.06012
4.11439
4.1566
4.18986
4.21681
4.23855
4.25544
4.26722
4.2732
4.27384
4.27315
4.27072
4.26485
4.25254
4.23356
4.21098
4.18653
4.16094
4.13457
4.10748
4.07972
4.05124
4.02198
3.99287
3.96329
3.93366
3.90412
3.87493
3.84624
3.81816
3.79081
3.76417
3.73822
3.71284
3.6878
3.66291
3.63786
3.61236
3.5861
3.55881
3.53022
3.50026
3.46859
3.43494
3.3991
3.36155
3.32295
3.28376
3.24404
3.20368
3.16314
3.12226
3.08161
3.04101
3.00103
2.9615
2.92297
2.88528
2.84892
2.81379
2.7803
2.74848
2.71875
2.69119
2.66698
2.64583
2.63448
5.60781
5.35546
5.1204
4.89506
4.69911
4.54773
4.45493
4.4512
4.46238
4.49211
4.53482
4.52926
4.49905
4.425
4.27885
4.09911
3.91949
3.75772
3.61837
3.50204
3.40805
3.33668
3.28887
3.26123
3.26189
3.26957
3.29331
3.34101
3.40342
3.49241
3.6136
3.73997
3.85695
3.95538
4.03245
4.09012
4.13292
4.16465
4.18868
4.20691
4.2205
4.22934
4.23325
4.23321
4.23232
4.22945
4.22267
4.20879
4.18923
4.16732
4.14408
4.12008
4.09559
4.07064
4.04506
4.01972
3.99392
3.96794
3.94191
3.91602
3.89039
3.86511
3.8402
3.81565
3.79139
3.76723
3.74299
3.71844
3.6933
3.66729
3.64012
3.61161
3.58156
3.54957
3.5154
3.47903
3.44105
3.40182
3.36174
3.32085
3.27907
3.23682
3.19402
3.15122
3.10824
3.06571
3.02339
2.9819
2.94098
2.9012
2.86231
2.82481
2.78851
2.75386
2.72075
2.68967
2.66058
2.63459
2.6115
2.59757
5.69015
5.48637
5.29934
5.13759
5.01664
4.94183
4.93438
4.94291
4.9653
4.97178
4.9575
4.90852
4.8012
4.62366
4.43763
4.25794
4.09172
3.94165
3.80746
3.68782
3.58248
3.49157
3.41672
3.3585
3.32076
3.30327
3.30574
3.31835
3.34798
3.39148
3.45946
3.55941
3.67878
3.79844
3.90443
3.99032
4.0551
4.10146
4.1338
4.15636
4.17246
4.1834
4.19038
4.19296
4.19288
4.19195
4.18906
4.18197
4.16747
4.14888
4.12871
4.10762
4.08615
4.06408
4.04244
4.0204
3.99824
3.97593
3.9536
3.93127
3.90896
3.88664
3.86425
3.84166
3.81871
3.79518
3.77085
3.74545
3.71883
3.69072
3.66084
3.62878
3.59453
3.55819
3.52037
3.4812
3.44104
3.39965
3.35729
3.31404
3.27017
3.22592
3.18135
3.13697
3.09262
3.04894
3.00562
2.96332
2.92166
2.88127
2.84179
2.80374
2.76686
2.73162
2.69784
2.66604
2.63606
2.60924
2.58452
2.56903
5.81625
5.6742
5.56754
5.4915
5.45701
5.45887
5.46718
5.46738
5.45564
5.41405
5.31941
5.15036
4.96746
4.7756
4.59526
4.42933
4.27743
4.13605
4.00354
3.87935
3.76391
3.65854
3.56492
3.48496
3.42002
3.37215
3.34196
3.33493
3.33901
3.3536
3.38363
3.43157
3.50743
3.61524
3.73087
3.84225
3.93768
4.01175
4.06461
4.10024
4.12361
4.13836
4.1481
4.15318
4.15558
4.15552
4.15472
4.15192
4.14527
4.13175
4.11543
4.09787
4.07966
4.06142
4.04296
4.02438
4.00569
3.98687
3.96788
3.94861
3.92899
3.90882
3.88796
3.8662
3.84334
3.81919
3.79356
3.7661
3.73659
3.7047
3.6708
3.63496
3.59778
3.55909
3.51922
3.47781
3.43534
3.39171
3.34739
3.30234
3.25694
3.21134
3.16575
3.12048
3.07552
3.03131
2.98765
2.94507
2.90323
2.86269
2.82308
2.78493
2.74793
2.71258
2.67861
2.64674
2.61644
2.58951
2.5646
2.54785
6.0176
5.95907
5.9562
5.96307
5.98039
5.99527
5.98618
5.95136
5.86741
5.69999
5.5107
5.30867
5.113
4.93014
4.7636
4.60928
4.46489
4.32652
4.19304
4.06477
3.94234
3.82753
3.72142
3.62614
3.54245
3.47248
3.41625
3.37738
3.35299
3.35244
3.35779
3.37321
3.40641
3.46192
3.54972
3.65904
3.77274
3.87581
3.95954
4.02121
4.06302
4.08879
4.10544
4.11434
4.11918
4.12147
4.12183
4.12144
4.1196
4.11459
4.10395
4.09052
4.07609
4.06139
4.04631
4.031
4.01544
3.99954
3.98314
3.96603
3.94799
3.9288
3.90826
3.88604
3.86193
3.83557
3.80692
3.77597
3.74308
3.70836
3.67217
3.63423
3.59485
3.55378
3.51157
3.46801
3.42369
3.37839
3.33269
3.28648
3.24025
3.194
3.14805
3.10251
3.0575
3.01327
2.96975
2.92726
2.88565
2.84525
2.8059
2.76791
2.73112
2.69605
2.66242
2.63092
2.60117
2.57462
2.55034
2.53366
6.3623
6.38476
6.44135
6.50706
6.5041
6.4843
6.42494
6.29332
6.08521
5.86201
5.64618
5.44468
5.26048
5.09172
4.93603
4.78958
4.64691
4.50856
4.37372
4.24268
4.11608
3.99521
3.88116
3.77531
3.67868
3.59212
3.5167
3.45337
3.4039
3.37069
3.35568
3.35748
3.36466
3.38342
3.42233
3.48798
3.58694
3.69578
3.80396
3.89781
3.97045
4.02128
4.05371
4.0734
4.08407
4.08956
4.09288
4.09517
4.09525
4.09455
4.09182
4.08544
4.07494
4.0637
4.05159
4.039
4.02586
4.01198
3.9971
3.98091
3.96306
3.9432
3.92113
3.89669
3.86997
3.84098
3.81002
3.77696
3.74206
3.7051
3.66645
3.62601
3.58432
3.54116
3.49715
3.452
3.4064
3.3601
3.31373
3.26708
3.22066
3.17441
3.12862
3.08331
3.03869
2.99479
2.95176
2.90967
2.86861
2.82866
2.78992
2.75249
2.7165
2.68205
2.64927
2.6186
2.59
2.56464
2.54176
2.52649
6.82585
6.94183
7.00884
7.00103
6.96214
6.86828
6.68416
6.45627
6.2142
5.98523
5.77727
5.58896
5.41734
5.25792
5.1071
4.96184
4.81928
4.68
4.54363
4.41056
4.28127
4.15668
4.03752
3.92479
3.81925
3.72169
3.633
3.55375
3.48555
3.4286
3.38634
3.35811
3.35214
3.35395
3.36308
3.38649
3.43375
3.50956
3.61379
3.72373
3.82702
3.91267
3.97584
4.01799
4.0436
4.05813
4.06609
4.0712
4.07462
4.07712
4.07704
4.07598
4.07281
4.06583
4.05647
4.04583
4.03401
4.02075
4.00576
3.9887
3.96952
3.94804
3.92434
3.89823
3.86983
3.83895
3.80578
3.77028
3.73285
3.69348
3.65264
3.61022
3.56679
3.52214
3.47692
3.43088
3.38467
3.33805
3.29157
3.24506
3.19896
3.15316
3.10793
3.06325
3.01935
2.9762
2.93397
2.8926
2.85234
2.81309
2.77517
2.73849
2.70344
2.67002
2.63856
2.60937
2.58258
2.55934
2.5386
2.52622
7.43326
7.49431
7.47784
7.41341
7.2679
7.04508
6.80283
6.55865
6.32571
6.11302
5.92073
5.7443
5.57979
5.42365
5.27333
5.12714
4.98378
4.84305
4.70552
4.57129
4.44062
4.31385
4.19153
4.07416
3.96249
3.857
3.75856
3.66759
3.58527
3.51237
3.45023
3.39997
3.36423
3.34441
3.34216
3.34472
3.35712
3.38646
3.44476
3.53278
3.64069
3.75068
3.84862
3.92596
3.98101
4.01618
4.03695
4.04898
4.05602
4.06105
4.0646
4.06548
4.06487
4.0627
4.0578
4.0484
4.03676
4.02311
4.00739
3.98927
3.9689
3.94582
3.92019
3.89185
3.86101
3.82766
3.79212
3.75445
3.71502
3.67386
3.63145
3.58773
3.54324
3.49781
3.45206
3.40576
3.35951
3.31314
3.26706
3.22119
3.17587
3.13097
3.08676
3.0431
3.00017
2.95789
2.91654
2.87598
2.83658
2.79819
2.76126
2.72567
2.69192
2.66001
2.63042
2.60343
2.57923
2.55912
2.54127
2.53292
7.98262
7.94024
7.83227
7.61974
7.38249
7.13242
6.88955
6.66093
6.44872
6.25378
6.07356
5.90398
5.74192
5.58549
5.43365
5.28585
5.14151
4.9998
4.8616
4.72667
4.59512
4.46688
4.34237
4.22174
4.10571
3.99455
3.88907
3.78959
3.69708
3.61197
3.53547
3.46809
3.41206
3.36855
3.33911
3.32755
3.32762
3.33292
3.35098
3.39008
3.45887
3.55922
3.66982
3.77787
3.87075
3.94089
3.98857
4.01804
4.03542
4.04486
4.05082
4.05385
4.05349
4.05224
4.04944
4.0436
4.03249
4.01805
4.00097
3.98109
3.95851
3.9332
3.90535
3.87486
3.842
3.80677
3.76952
3.73034
3.68962
3.64742
3.60413
3.5598
3.51482
3.46917
3.42342
3.37743
3.33174
3.28619
3.24121
3.19652
3.15232
3.10851
3.06526
3.02254
2.9805
2.93912
2.89866
2.85908
2.82071
2.78351
2.74791
2.71391
2.682
2.6523
2.62532
2.60144
2.58066
2.5643
2.55087
2.54797
8.40685
8.1858
7.95638
7.70384
7.45409
7.21482
6.9911
6.78383
6.58906
6.40526
6.23018
6.06172
5.89865
5.74054
5.58711
5.43809
5.2931
5.151
5.01261
4.87725
4.74505
4.61575
4.48965
4.36673
4.24757
4.13237
4.02175
3.91609
3.81589
3.72191
3.63454
3.55505
3.48369
3.42296
3.37307
3.33603
3.31637
3.3115
3.31317
3.32315
3.34807
3.39906
3.4818
3.58967
3.70368
3.80832
3.89391
3.956
3.99659
4.02035
4.03297
4.03815
4.03763
4.03604
4.03284
4.02682
4.01604
4.00111
3.98297
3.9616
3.93724
3.91007
3.88042
3.84833
3.81405
3.77766
3.73945
3.69953
3.65819
3.61554
3.57189
3.52746
3.48249
3.43722
3.39224
3.34737
3.3029
3.25857
3.21467
3.17104
3.12784
3.08503
3.04273
3.00097
2.95993
2.91963
2.88031
2.84202
2.80505
2.76949
2.73571
2.7039
2.67451
2.64782
2.62443
2.60421
2.58778
2.57691
2.57062
2.57102
8.53822
8.26757
8.01203
7.76632
7.53578
7.32063
7.11862
6.92539
6.73921
6.55884
6.38381
6.21386
6.04893
5.88913
5.73453
5.58475
5.43937
5.29771
5.1586
5.0228
4.88993
4.75981
4.63241
4.50795
4.38655
4.26851
4.15422
4.04404
3.93843
3.83797
3.74307
3.65459
3.57301
3.49942
3.435
3.38061
3.33846
3.30895
3.29708
3.29732
3.30207
3.31808
3.35321
3.41828
3.51506
3.62572
3.73756
3.83609
3.91273
3.96525
3.99659
4.0125
4.0139
4.01247
4.00859
4.00062
3.98825
3.97239
3.95344
3.93117
3.90576
3.87748
3.84679
3.8138
3.77878
3.74186
3.70326
3.66307
3.6216
3.5788
3.53536
3.49128
3.44747
3.40355
3.35982
3.31614
3.27277
3.22954
3.18665
3.14404
3.10186
3.0601
3.01892
2.97835
2.93857
2.89964
2.8618
2.82517
2.79003
2.75662
2.72527
2.69637
2.67034
2.64773
2.62824
2.61289
2.60308
2.59935
2.59983
2.60221
8.5628
8.29947
8.06536
7.8488
7.64582
7.45203
7.26381
7.07747
6.893
6.71168
6.53454
6.36225
6.1954
6.03414
5.87852
5.72795
5.58193
5.43966
5.30026
5.16407
5.03056
4.89962
4.77135
4.64564
4.52274
4.40269
4.28592
4.1726
4.06323
3.95813
3.85784
3.76272
3.67333
3.59047
3.51502
3.44768
3.38983
3.34273
3.30795
3.28853
3.28441
3.2857
3.29444
3.31734
3.36486
3.44379
3.54689
3.65833
3.76401
3.85222
3.91651
3.95662
3.97617
3.97582
3.9732
3.96684
3.95367
3.93562
3.91481
3.89134
3.8652
3.8365
3.80555
3.7724
3.73731
3.70041
3.66184
3.62167
3.58039
3.53848
3.49624
3.45368
3.41109
3.36841
3.32583
3.2833
3.24099
3.19888
3.15709
3.11564
3.07465
3.03417
2.99432
2.95518
2.91693
2.87968
2.84368
2.80912
2.77635
2.74569
2.71759
2.6925
2.67094
2.65236
2.63876
2.63011
2.62972
2.631
2.63543
2.64672
8.57574
8.34752
8.15146
7.96714
7.78632
7.6048
7.42025
7.23346
7.04637
6.8617
6.68154
6.507
6.33863
6.17637
6.0198
5.86838
5.7214
5.57844
5.43854
5.30109
5.16658
5.03482
4.90574
4.77917
4.65526
4.53395
4.41552
4.30009
4.18805
4.07967
3.97537
3.87553
3.78066
3.69125
3.6079
3.53133
3.46224
3.40168
3.3505
3.31086
3.28288
3.27154
3.27096
3.2743
3.28785
3.31924
3.38133
3.46786
3.57125
3.677
3.77205
3.84627
3.89561
3.92049
3.92096
3.91816
3.91038
3.89367
3.87084
3.8451
3.81755
3.78827
3.75729
3.72447
3.68975
3.65331
3.61514
3.576
3.53618
3.49572
3.45491
3.41382
3.37253
3.33114
3.28976
3.2485
3.20738
3.16657
3.12604
3.08599
3.04638
3.00742
2.96914
2.93172
2.89532
2.86013
2.82644
2.79452
2.76485
2.73779
2.71401
2.6937
2.67657
2.66454
2.65894
2.65939
2.66192
2.6688
2.68341
2.714
8.61195
8.4352
8.27827
8.11777
7.94846
7.76886
7.58124
7.38953
7.19776
7.00926
6.82633
6.64986
6.48014
6.31668
6.15891
6.00619
5.85783
5.71337
5.57234
5.43395
5.29851
5.16586
5.03597
4.90871
4.78402
4.66189
4.54235
4.42558
4.31174
4.20115
4.09409
3.99089
3.89201
3.79775
3.70867
3.62517
3.54791
3.47745
3.41458
3.36034
3.31556
3.28172
3.26269
3.25426
3.25435
3.25939
3.27685
3.31536
3.38711
3.47559
3.5754
3.67217
3.7536
3.81182
3.84407
3.84956
3.84709
3.83917
3.82204
3.79579
3.76636
3.73563
3.70394
3.67108
3.63676
3.6011
3.56469
3.52729
3.48914
3.45033
3.41105
3.37141
3.33157
3.29162
3.25167
3.21184
3.17217
3.13284
3.09383
3.05537
3.01742
2.98023
2.94383
2.90848
2.87433
2.84172
2.81096
2.7825
2.75687
2.73467
2.71597
2.7007
2.69051
2.68833
2.68948
2.69376
2.70416
2.72591
2.75142
2.79996
8.69883
8.58013
8.45004
8.29649
8.12201
7.93424
7.73866
7.54042
7.34431
7.15305
6.96839
6.79079
6.62004
6.45549
6.29638
6.14199
5.99177
5.84534
5.70251
5.56292
5.426
5.29233
5.16162
5.03371
4.90839
4.78567
4.66542
4.54779
4.43281
4.32076
4.2118
4.10625
4.00445
3.90668
3.81345
3.72492
3.64169
3.56397
3.49247
3.42762
3.37046
3.32107
3.28142
3.2515
3.23816
3.22679
3.22765
3.2349
3.25568
3.3003
3.37437
3.46227
3.5555
3.64084
3.70705
3.74799
3.76242
3.76096
3.75466
3.74005
3.71226
3.68133
3.6481
3.61408
3.58009
3.54581
3.51102
3.47541
3.43904
3.40197
3.36441
3.32641
3.28822
3.24985
3.21156
3.17333
3.13538
3.09773
3.06053
3.02389
2.98792
2.95281
2.9187
2.88589
2.85461
2.82532
2.79841
2.77454
2.75447
2.73749
2.72473
2.71713
2.71756
2.71996
2.72682
2.74158
2.76935
2.8069
2.83824
2.89018
8.83418
8.74073
8.62048
8.46461
8.2827
8.08679
7.88569
7.68441
7.48674
7.29486
7.10978
6.93164
6.7599
6.59398
6.43308
6.27657
6.12401
5.9752
5.83009
5.6886
5.5501
5.41533
5.28367
5.15498
5.02899
4.90569
4.78489
4.66664
4.55092
4.43787
4.32762
4.22042
4.11647
4.01602
3.91941
3.82678
3.73869
3.65519
3.57684
3.5037
3.43656
3.37576
3.32231
3.27671
3.23997
3.21571
3.19646
3.18417
3.18619
3.19573
3.21985
3.26977
3.34326
3.42824
3.51279
3.58503
3.63447
3.66122
3.66125
3.65786
3.64747
3.62531
3.5927
3.55783
3.52317
3.48897
3.45488
3.42063
3.38599
3.35086
3.31521
3.27911
3.24276
3.20623
3.16978
3.13341
3.09737
3.06168
3.02655
2.99206
2.95843
2.92583
2.89456
2.86492
2.83736
2.81246
2.7906
2.77324
2.75854
2.74781
2.74523
2.7464
2.7509
2.76169
2.78394
2.81743
2.85545
2.89884
2.93038
2.97623
8.96839
8.88828
8.76842
8.60652
8.42045
8.22218
8.02025
7.81992
7.62367
7.4331
7.24909
7.07114
6.89876
6.73137
6.56859
6.40985
6.25478
6.10336
5.95558
5.8116
5.67147
5.53459
5.40138
5.27152
5.14468
5.02069
4.89935
4.7806
4.66434
4.55064
4.43949
4.3311
4.22557
4.12312
4.02405
3.92835
3.83656
3.74847
3.66469
3.5851
3.51019
3.44004
3.37529
3.31626
3.26407
3.21928
3.18696
3.15916
3.13698
3.12839
3.13131
3.14285
3.17004
3.2251
3.29677
3.37686
3.45118
3.50922
3.54435
3.55605
3.55423
3.54717
3.531
3.50053
3.46753
3.43288
3.39829
3.36436
3.33086
3.29747
3.26379
3.22984
3.19559
3.16122
3.12684
3.09262
3.05873
3.02531
2.99253
2.96059
2.92975
2.90026
2.87256
2.84706
2.82445
2.80533
2.79069
2.77883
2.77155
2.77202
2.7749
2.78267
2.79939
2.83043
2.86806
2.91058
2.9515
2.99131
3.01639
3.05048
9.05802
8.9901
8.8699
8.70782
8.52396
8.331
8.13647
7.94343
7.75318
7.56621
7.3839
7.20667
7.0341
6.86594
6.70168
6.54099
6.38369
6.22974
6.0793
5.93253
5.78975
5.65043
5.51531
5.38384
5.25579
5.13084
5.00875
4.88933
4.77242
4.658
4.54602
4.43652
4.32967
4.22545
4.12432
4.02595
3.93104
3.83909
3.75084
3.66586
3.58477
3.50737
3.43424
3.36549
3.30187
3.24395
3.19245
3.15125
3.11494
3.08496
3.06234
3.06167
3.0658
3.07939
3.10989
3.16983
3.23988
3.31294
3.37629
3.41974
3.44431
3.44394
3.44043
3.43049
3.40926
3.3774
3.34313
3.30906
3.2758
3.24327
3.21113
3.17919
3.14721
3.11521
3.08324
3.05146
3.02005
2.98924
2.95924
2.93037
2.90296
2.87742
2.85437
2.83439
2.81853
2.80694
2.79772
2.79602
2.79767
2.80337
2.81652
2.84314
2.87925
2.92202
2.96634
3.00893
3.04441
3.07353
3.08827
3.10897
9.09983
9.0365
8.92899
8.77957
8.60536
8.42194
8.23523
8.04981
7.86564
7.6841
7.50529
7.33013
7.15909
6.99164
6.82727
6.66569
6.50682
6.3508
6.19788
6.04846
5.90286
5.76127
5.62352
5.49001
5.36039
5.23416
5.11104
4.99071
4.87302
4.75788
4.64513
4.53473
4.42668
4.32093
4.21794
4.11731
4.01973
3.92445
3.83246
3.74286
3.65676
3.57332
3.49363
3.41714
3.34492
3.27685
3.21403
3.15706
3.10893
3.06641
3.02791
2.99962
2.98416
2.9853
2.99192
3.00977
3.04759
3.10849
3.17632
3.24079
3.29173
3.32425
3.33507
3.33352
3.32758
3.31356
3.28577
3.25486
3.22223
3.19
3.15874
3.12834
3.09844
3.06886
3.03952
3.01052
2.98201
2.95429
2.92769
2.9026
2.87964
2.85923
2.84245
2.83013
2.82174
2.8172
2.81818
2.82252
2.83328
2.85552
2.89018
2.93213
2.97809
3.02401
3.06555
3.09951
3.12319
3.13859
3.14336
3.15232
9.12865
9.05659
8.95067
8.81028
8.65152
8.48364
8.31119
8.13532
7.95878
7.78312
7.60941
7.43847
7.27051
7.1051
6.94185
6.78045
6.62092
6.46348
6.30856
6.15674
6.00838
5.86383
5.72324
5.58748
5.45594
5.32823
5.20386
5.08256
4.96394
4.84782
4.73416
4.62281
4.51395
4.40725
4.30288
4.20049
4.10053
4.00251
3.90724
3.81388
3.72354
3.63526
3.5503
3.46788
3.38914
3.31367
3.2425
3.1758
3.11467
3.06137
3.01302
2.9695
2.93408
2.91102
2.90443
2.90694
2.91645
2.93929
2.98557
3.04559
3.10857
3.16398
3.20238
3.22388
3.22592
3.22343
3.21526
3.19742
3.16907
3.13882
3.10848
3.07901
3.05053
3.02309
2.99643
2.97053
2.94546
2.92154
2.89926
2.87909
2.86217
2.84842
2.84095
2.83553
2.83606
2.83932
2.84805
2.86675
2.89988
2.9405
2.98715
3.03579
3.08201
3.12191
3.15257
3.17247
3.18291
3.18538
3.18469
3.18482
9.15436
9.07269
8.96545
8.83523
8.68494
8.5312
8.36711
8.20048
8.03206
7.86323
7.69521
7.52875
7.36433
7.20175
7.04069
6.8808
6.722
6.56447
6.40875
6.25542
6.10509
5.95822
5.81514
5.67625
5.54203
5.41202
5.28578
5.16294
5.0431
4.9261
4.81165
4.6997
4.5899
4.48233
4.37659
4.27285
4.17094
4.07087
3.97283
3.87665
3.78274
3.69077
3.60157
3.51472
3.43105
3.35016
3.27296
3.19937
3.13026
3.06623
3.00907
2.9568
2.90922
2.8691
2.84149
2.82441
2.82488
2.8293
2.84243
2.87127
2.92441
2.98391
3.04011
3.08403
3.11192
3.12393
3.12304
3.11876
3.10812
3.08645
3.06005
3.03217
3.00514
2.97938
2.95518
2.9325
2.91137
2.89218
2.87555
2.86212
2.85332
2.84919
2.84951
2.85222
2.86009
2.87707
2.90838
2.94721
2.99388
3.04448
3.09462
3.14011
3.17698
3.20383
3.21926
3.22447
3.22376
3.22114
3.21482
3.20951
9.17432
9.08154
8.97294
8.84613
8.70871
8.55897
8.40305
8.24483
8.08473
7.92329
7.76164
7.60098
7.44118
7.28219
7.12405
6.96618
6.80851
6.65141
6.49546
6.34133
6.18971
6.04117
5.89601
5.75481
5.61808
5.48569
5.35744
5.23293
5.11184
4.99385
4.8786
4.76591
4.65531
4.54686
4.44006
4.33502
4.23146
4.12961
4.02953
3.93127
3.83485
3.73994
3.64735
3.55716
3.46973
3.38487
3.3032
3.22472
3.14996
3.07934
3.01355
2.95358
2.89904
2.84837
2.80541
2.77263
2.75197
2.74488
2.74687
2.75503
2.77464
2.81492
2.86896
2.92438
2.97178
3.0065
3.02525
3.02914
3.02753
3.0218
3.00895
2.98661
2.96321
2.9399
2.91827
2.89894
2.88231
2.86923
2.86
2.85616
2.85668
2.85932
2.86693
2.88318
2.91095
2.94873
2.99574
3.04831
3.10229
3.15329
3.19663
3.23012
3.25151
3.26332
3.26307
3.26143
3.25714
3.24823
3.23282
3.22594
9.19221
9.09332
8.98444
8.85672
8.73186
8.58494
8.43361
8.27979
8.12489
7.96839
7.81165
7.65527
7.49986
7.34412
7.18929
7.03447
6.87882
6.72295
6.56761
6.41346
6.26119
6.11153
5.96485
5.82167
5.68266
5.54799
5.4177
5.29152
5.16913
5.05015
4.93412
4.82078
4.70954
4.60063
4.4934
4.38773
4.28312
4.17999
4.07778
3.97693
3.87801
3.78125
3.68649
3.59369
3.50341
3.41556
3.3307
3.24877
3.17013
3.09556
3.02484
2.95842
2.89716
2.84002
2.78756
2.74221
2.70605
2.68094
2.66857
2.66943
2.67452
2.68844
2.71786
2.76685
2.81965
2.86843
2.90757
2.93093
2.94374
2.94356
2.9415
2.93553
2.92274
2.90458
2.88731
2.87211
2.86122
2.8562
2.85691
2.85981
2.86719
2.88278
2.90839
2.94542
2.99253
3.04627
3.1033
3.15905
3.20884
3.24946
3.27794
3.29538
3.30063
3.29987
3.29714
3.29063
3.27767
3.26345
3.24535
3.23873
9.20753
9.10546
8.99677
8.87052
8.7536
8.60799
8.46053
8.3095
8.15798
8.00434
7.85035
7.6969
7.54451
7.39079
7.23911
7.08729
6.93338
6.77935
6.62544
6.47212
6.31996
6.16987
6.02236
5.8781
5.73722
5.60058
5.46845
5.34067
5.21693
5.09705
4.98045
4.86646
4.75492
4.64499
4.53642
4.42937
4.32387
4.21947
4.11647
4.01479
3.91457
3.81609
3.71956
3.6251
3.53308
3.44336
3.35654
3.27256
3.19129
3.11253
3.03731
2.96573
2.89886
2.83706
2.77974
2.72674
2.68135
2.64381
2.61643
2.59919
2.59848
2.60117
2.61042
2.63169
2.67421
2.72473
2.77462
2.81602
2.84599
2.863
2.87241
2.87271
2.87157
2.86815
2.861
2.85334
2.85364
2.85596
2.8621
2.87513
2.89824
2.93367
2.98056
3.03524
3.09506
3.15519
3.21134
3.25911
3.2954
3.31977
3.33192
3.33312
3.33193
3.32826
3.32032
3.3065
3.2901
3.2745
3.25588
3.25066
9.20989
9.11335
9.00646
8.88887
8.77547
8.63395
8.48872
8.34019
8.18874
8.03821
7.88169
7.72943
7.57847
7.42548
7.27349
7.12826
6.9743
6.82184
6.66965
6.51768
6.36631
6.21643
6.0687
5.92324
5.7816
5.64343
5.50984
5.3806
5.25564
5.13442
5.01641
4.90138
4.78903
4.67857
4.57003
4.46276
4.35669
4.25168
4.14792
4.04536
3.94428
3.84481
3.74725
3.6517
3.55839
3.46769
3.3789
3.29269
3.20929
3.12867
3.05103
2.97687
2.90622
2.83957
2.77752
2.71923
2.66626
2.61972
2.58107
2.55152
2.53281
2.52862
2.53054
2.53769
2.55506
2.59038
2.63852
2.68854
2.73455
2.76866
2.79402
2.81036
2.82124
2.82887
2.83463
2.84045
2.85226
2.86606
2.88512
2.91521
2.96054
3.01439
3.07551
3.13922
3.20129
3.25621
3.30116
3.33408
3.35357
3.36213
3.36179
3.36004
3.35578
3.3466
3.33256
3.31673
3.29961
3.28405
3.26554
3.26204
9.21027
9.11852
9.0146
8.90918
8.7925
8.65911
8.51783
8.3724
8.22209
8.06778
7.91315
7.75883
7.60758
7.45249
7.30539
7.15679
7.00577
6.85526
6.70473
6.55441
6.40413
6.25467
6.10705
5.96173
5.81898
5.67934
5.54427
5.41351
5.28709
5.16455
5.04576
4.93003
4.8169
4.7059
4.59682
4.48917
4.38285
4.27769
4.1737
4.07078
3.9692
3.86906
3.77075
3.67436
3.58005
3.4881
3.39844
3.31118
3.2264
3.14407
3.06461
2.98793
2.91447
2.84451
2.7783
2.71642
2.65849
2.60589
2.55956
2.52059
2.49026
2.47032
2.46356
2.46498
2.47071
2.48508
2.5151
2.56169
2.61337
2.66215
2.70587
2.73866
2.76692
2.79111
2.81304
2.83679
2.86257
2.89362
2.93487
2.9862
3.04594
3.11069
3.17641
3.23763
3.29122
3.33273
3.36264
3.379
3.38552
3.38512
3.38325
3.37853
3.36913
3.35557
3.34039
3.3245
3.30766
3.29234
3.27406
3.27215
9.19874
9.12159
9.02004
8.91924
8.80504
8.67829
8.54115
8.4007
8.25331
8.09626
7.93958
7.78279
7.62898
7.47527
7.3264
7.17692
7.02796
6.87899
6.72912
6.58121
6.4319
6.28321
6.1358
5.98973
5.84703
5.70715
5.5712
5.43931
5.31161
5.18806
5.06817
4.95172
4.83813
4.72687
4.61764
4.50987
4.40339
4.29788
4.1935
4.09016
3.98829
3.88782
3.78909
3.69227
3.59752
3.50487
3.41462
3.32639
3.24053
3.157
3.07607
2.99773
2.92225
2.84992
2.78093
2.71586
2.65462
2.59776
2.54613
2.50047
2.46187
2.43162
2.41123
2.40423
2.40559
2.41091
2.42414
2.45256
2.49955
2.55338
2.60872
2.66038
2.70803
2.75236
2.79548
2.84075
2.88758
2.94167
3.00291
3.06942
3.13797
3.20466
3.26493
3.31545
3.35534
3.3803
3.39699
3.40276
3.40238
3.40074
3.3967
3.38839
3.37608
3.36219
3.34728
3.33159
3.315
3.29969
3.28167
3.28091
9.20966
9.12913
9.0409
8.93466
8.82149
8.70027
8.56751
8.42399
8.28695
8.12649
7.96706
7.80807
7.65027
7.49657
7.34527
7.19523
7.04638
6.8984
6.74703
6.60376
6.45461
6.30639
6.15958
6.0146
5.87104
5.73055
5.59383
5.46103
5.33229
5.20763
5.08688
4.96945
4.85515
4.74343
4.63383
4.52588
4.41924
4.31369
4.20931
4.10585
4.00374
3.90314
3.80435
3.70714
3.61203
3.51902
3.42812
3.33926
3.25263
3.1683
3.08634
3.00678
2.92975
2.8556
2.78453
2.71688
2.65294
2.59304
2.5378
2.48772
2.44357
2.40643
2.37759
2.35845
2.35453
2.35635
2.36269
2.37776
2.40943
2.4599
2.5207
2.58662
2.65378
2.72055
2.78804
2.85559
2.92798
3.00318
3.08004
3.15473
3.22395
3.28374
3.33219
3.3695
3.39315
3.40821
3.41477
3.41463
3.41355
3.41061
3.40437
3.39381
3.3814
3.36772
3.35314
3.33737
3.32108
3.30542
3.28798
3.28741
9.19807
9.11511
9.03903
8.93752
8.82446
8.70888
8.5812
8.4478
8.30292
8.14708
7.98698
7.82627
7.66584
7.51164
7.35787
7.20642
7.05724
6.90908
6.76083
6.61489
6.46776
6.32083
6.17471
6.02974
5.88693
5.7467
5.60984
5.47657
5.34719
5.22166
5.10001
4.98192
4.867
4.75477
4.64478
4.5366
4.42984
4.32424
4.21993
4.1164
4.01437
3.91374
3.81442
3.71722
3.62203
3.52875
3.4375
3.34838
3.26131
3.17627
3.09331
3.01282
2.93474
2.85944
2.787
2.7178
2.65212
2.59027
2.53257
2.47958
2.4319
2.39028
2.35572
2.32978
2.31493
2.31537
2.31842
2.32726
2.34683
2.38711
2.44694
2.52005
2.60223
2.69057
2.78299
2.87739
2.97257
3.06521
3.1515
3.2274
3.29059
3.33953
3.37642
3.40039
3.41545
3.42325
3.42354
3.42287
3.42085
3.41641
3.40783
3.39727
3.38528
3.37197
3.35748
3.34189
3.32539
3.30968
3.29306
3.29117
9.21333
9.1217
9.05362
8.94906
8.83314
8.71951
8.59419
8.46714
8.31936
8.16566
8.00549
7.84325
7.67716
7.52785
7.37017
7.21673
7.06696
6.91829
6.77071
6.62423
6.47792
6.33189
6.18592
6.04177
5.89876
5.75848
5.62177
5.48815
5.35823
5.2321
5.1098
4.99106
4.87557
4.76292
4.65264
4.54431
4.43747
4.33186
4.22753
4.1241
4.02188
3.92131
3.82184
3.72467
3.6294
3.53596
3.44462
3.35524
3.2679
3.18241
3.09915
3.01796
2.93926
2.86306
2.78968
2.71941
2.65251
2.58928
2.53
2.47512
2.42515
2.38081
2.34254
2.31307
2.2908
2.28594
2.28781
2.29402
2.30884
2.33991
2.39534
2.47004
2.56184
2.66755
2.7819
2.89895
3.01215
3.11547
3.20446
3.27639
3.3316
3.37105
3.39919
3.41638
3.42599
3.42885
3.42851
3.42729
3.4244
3.41847
3.40977
3.39948
3.38778
3.37468
3.36028
3.34472
3.32822
3.31231
3.29648
3.29318
9.20966
9.11657
9.04702
8.94888
8.83222
8.7211
8.59691
8.47422
8.32533
8.17314
8.01321
7.84998
7.68224
7.53345
7.37457
7.22024
7.07019
6.92164
6.77433
6.6279
6.48182
6.33608
6.19038
6.04626
5.90363
5.7623
5.6273
5.49313
5.36293
5.23665
5.11408
4.99504
4.87927
4.76638
4.65591
4.54745
4.4405
4.33482
4.23047
4.12695
4.0247
3.92397
3.82446
3.72703
3.63171
3.53821
3.44679
3.35724
3.26979
3.18406
3.10066
3.01911
2.94023
2.8636
2.78992
2.71915
2.65173
2.5879
2.52797
2.47229
2.42136
2.37581
2.33586
2.30472
2.2791
2.27023
2.27168
2.27699
2.28989
2.31715
2.36975
2.44422
2.54081
2.65644
2.7842
2.91464
3.03768
3.14532
3.2336
3.30149
3.35143
3.38531
3.40999
3.42334
3.43065
3.4315
3.43106
3.42962
3.42633
3.4197
3.4109
3.40065
3.38904
3.376
3.36161
3.34609
3.32961
3.31358
3.2979
3.29407
)
;

boundaryField
{
    inlet
    {
        type            fixedValue;
        value           uniform 1;
    }
    outlet
    {
        type            waveTransmissive;
        gamma           1.4;
        fieldInf        1;
        lInf            3;
        value           nonuniform List<scalar> 
40
(
3.00425
2.99426
2.97421
2.93928
2.89421
2.83969
2.78046
2.72246
2.66997
2.62524
2.58926
2.56144
2.54088
2.52711
2.52023
2.52009
2.52684
2.5418
2.5647
2.59562
2.63965
2.70617
2.79158
2.8814
2.96727
3.04157
3.10025
3.14377
3.17631
3.20135
3.21793
3.23071
3.24255
3.2538
3.26376
3.27238
3.27876
3.28241
3.28442
3.28533
)
;
    }
    bottom
    {
        type            symmetryPlane;
    }
    top
    {
        type            symmetryPlane;
    }
    obstacle
    {
        type            zeroGradient;
    }
    defaultFaces
    {
        type            empty;
    }
}


// ************************************************************************* //
