/*--------------------------------*- C++ -*----------------------------------*\
| =========                 |                                                 |
| \\      /  F ield         | OpenFOAM: The Open Source CFD Toolbox           |
|  \\    /   O peration     | Version:  2412                                  |
|   \\  /    A nd           | Website:  www.openfoam.com                      |
|    \\/     M anipulation  |                                                 |
\*---------------------------------------------------------------------------*/
FoamFile
{
    version     2.0;
    format      ascii;
    arch        "LSB;label=32;scalar=64";
    class       volScalarField;
    location    "12.5";
    object      Ma;
}
// * * * * * * * * * * * * * * * * * * * * * * * * * * * * * * * * * * * * * //

dimensions      [0 0 0 0 0 0 0];

internalField   nonuniform List<scalar> 
7000
(
2.26764
1.01454
0.313746
0.337843
0.400822
0.443009
0.451491
0.446913
0.440254
0.435015
0.431946
0.429524
0.426794
0.42359
0.419994
0.416119
0.411973
0.407528
0.402778
0.397662
0.392217
0.386402
0.380225
0.37365
0.366614
0.359151
0.351223
0.342878
0.33405
0.324721
0.314875
0.304433
0.293428
0.281798
0.269569
0.256725
0.243187
0.229031
0.214217
0.198725
0.182557
0.165679
0.1482
0.130145
0.111453
0.0922576
0.0727207
0.0529366
0.0320982
0.0160137
2.26769
1.01459
0.313518
0.337657
0.400645
0.442835
0.451317
0.446739
0.440084
0.434851
0.431782
0.42936
0.426629
0.423427
0.419839
0.415977
0.411839
0.407393
0.402643
0.397538
0.392116
0.386323
0.380154
0.373578
0.366551
0.359118
0.351238
0.342939
0.334141
0.324822
0.314977
0.304538
0.293549
0.281946
0.26975
0.25694
0.243434
0.22931
0.214527
0.19907
0.182942
0.166114
0.1487
0.130731
0.112158
0.0931435
0.0738981
0.0546814
0.0352628
0.022409
2.26781
1.01478
0.313646
0.337695
0.400677
0.442871
0.45135
0.446779
0.440134
0.43491
0.431851
0.429437
0.426718
0.423526
0.419947
0.416088
0.411958
0.407531
0.402804
0.397716
0.392297
0.38651
0.380362
0.373824
0.366833
0.359418
0.351542
0.343249
0.334475
0.325205
0.315425
0.305057
0.294134
0.282594
0.270463
0.257725
0.244303
0.230276
0.215609
0.200284
0.184311
0.167667
0.150476
0.132788
0.114589
0.0961053
0.0776653
0.0598196
0.0431044
0.0338287
2.26797
1.01506
0.313913
0.337784
0.400771
0.442975
0.451459
0.446896
0.44027
0.435066
0.432021
0.429618
0.426907
0.42373
0.420169
0.416335
0.412228
0.407819
0.40311
0.398045
0.392661
0.386912
0.3808
0.374294
0.367338
0.359971
0.352152
0.343924
0.335215
0.326007
0.316291
0.305994
0.295157
0.283715
0.271695
0.25908
0.245795
0.231926
0.217439
0.202323
0.186593
0.170239
0.153402
0.136158
0.118539
0.100849
0.083542
0.0674047
0.0533424
0.0463843
2.2682
1.01547
0.314253
0.337864
0.400868
0.443101
0.451594
0.44704
0.440434
0.435253
0.432227
0.429843
0.427155
0.424004
0.420469
0.416657
0.412576
0.408199
0.403531
0.398508
0.39316
0.387449
0.381383
0.374939
0.368052
0.360753
0.353
0.344838
0.336211
0.327102
0.3175
0.307325
0.296618
0.285321
0.273462
0.261026
0.247942
0.234297
0.220066
0.205243
0.189854
0.173899
0.157544
0.140892
0.124027
0.107326
0.0913309
0.0769567
0.0651277
0.059659
2.2685
1.016
0.314683
0.337948
0.400981
0.443251
0.451758
0.447218
0.440637
0.43549
0.432491
0.430132
0.427467
0.424343
0.420843
0.41707
0.413033
0.408697
0.40407
0.399094
0.393803
0.388157
0.382159
0.375788
0.36898
0.36177
0.354114
0.346058
0.337549
0.32857
0.319109
0.30909
0.298554
0.287444
0.275789
0.263584
0.250758
0.237407
0.223511
0.209072
0.194126
0.178693
0.162953
0.147042
0.131081
0.115503
0.10091
0.0882043
0.0781896
0.0737444
2.26887
1.01668
0.315204
0.338036
0.401104
0.443428
0.451955
0.447434
0.440886
0.435775
0.43281
0.430481
0.427851
0.424768
0.421312
0.417584
0.413593
0.40931
0.404742
0.39983
0.394607
0.389038
0.383122
0.376843
0.370138
0.363041
0.35551
0.347591
0.339229
0.330407
0.321121
0.311293
0.300973
0.290112
0.278732
0.266831
0.254337
0.241352
0.227871
0.213903
0.199501
0.184692
0.169687
0.154637
0.139698
0.125335
0.11214
0.100969
0.0924271
0.0887182
2.26934
1.01751
0.315816
0.338127
0.401241
0.443628
0.452183
0.447689
0.441183
0.436115
0.433193
0.430904
0.428315
0.425281
0.421878
0.418203
0.414271
0.410053
0.405561
0.40073
0.395587
0.390102
0.384284
0.378126
0.371563
0.36461
0.357217
0.349444
0.34126
0.332652
0.323601
0.314015
0.303953
0.293379
0.282332
0.270803
0.258719
0.246189
0.233215
0.219816
0.206056
0.191976
0.177802
0.163716
0.149885
0.13678
0.124944
0.115137
0.107805
0.104675
2.26989
1.01849
0.31651
0.338223
0.401393
0.443851
0.452446
0.447988
0.441532
0.43652
0.433649
0.431409
0.428869
0.425886
0.422547
0.418944
0.415086
0.410942
0.406532
0.401793
0.396756
0.391382
0.38568
0.379654
0.373241
0.366463
0.359255
0.351667
0.343684
0.335306
0.326534
0.317262
0.30752
0.297288
0.28661
0.275508
0.263907
0.251916
0.239553
0.226842
0.213847
0.200606
0.187369
0.174334
0.161671
0.149825
0.139307
0.130745
0.12443
0.121729
2.27054
1.01964
0.317279
0.338334
0.401558
0.444101
0.452749
0.448337
0.441944
0.436994
0.434183
0.432002
0.429522
0.426603
0.423334
0.41981
0.416042
0.411991
0.407676
0.403043
0.398126
0.392886
0.387329
0.381451
0.375208
0.368624
0.361641
0.354293
0.346546
0.338429
0.329952
0.321021
0.311674
0.301862
0.291644
0.281043
0.269985
0.258602
0.246928
0.234998
0.222883
0.210617
0.198432
0.186538
0.175101
0.16454
0.155262
0.147828
0.142404
0.140118
2.27129
1.02093
0.318135
0.33847
0.401731
0.444381
0.453099
0.448742
0.442424
0.437544
0.434802
0.432693
0.430285
0.427442
0.424253
0.420817
0.417149
0.413207
0.409007
0.404503
0.399715
0.394633
0.389233
0.383543
0.377491
0.371134
0.3644
0.357326
0.349878
0.342058
0.33392
0.325372
0.316459
0.307144
0.297459
0.287454
0.277055
0.266374
0.255464
0.244385
0.23324
0.222049
0.21104
0.200388
0.19023
0.180969
0.172964
0.166622
0.162021
0.160033
2.27211
1.02238
0.319139
0.338587
0.401918
0.444702
0.453505
0.449216
0.442977
0.438184
0.435512
0.433491
0.431162
0.428414
0.425315
0.421979
0.418423
0.414602
0.410543
0.406176
0.401553
0.396631
0.391426
0.385935
0.380121
0.374012
0.36756
0.360798
0.353688
0.346235
0.338485
0.330367
0.321948
0.31318
0.30411
0.294774
0.285124
0.275269
0.265255
0.255134
0.245028
0.235001
0.225254
0.215962
0.207208
0.1993
0.192536
0.187281
0.183493
0.18192
2.27305
1.02404
0.320273
0.338676
0.402125
0.445066
0.453972
0.449757
0.443626
0.438918
0.436343
0.4344
0.432183
0.429524
0.426547
0.423312
0.419883
0.416196
0.412285
0.408095
0.403639
0.398921
0.393915
0.388662
0.383104
0.377279
0.371153
0.364724
0.358014
0.350967
0.343672
0.33606
0.328171
0.320036
0.311624
0.303061
0.294237
0.285303
0.276309
0.267283
0.258368
0.249592
0.241217
0.233384
0.22612
0.219724
0.214375
0.210308
0.207393
0.206123
2.27411
1.02592
0.321529
0.338757
0.402352
0.445481
0.45451
0.450395
0.444383
0.439791
0.43731
0.435476
0.433355
0.430828
0.427963
0.424867
0.421563
0.41802
0.414273
0.410259
0.406009
0.401505
0.396733
0.391741
0.386459
0.380967
0.375176
0.369154
0.362854
0.35629
0.349503
0.342444
0.335194
0.327717
0.320078
0.312325
0.304443
0.296519
0.288661
0.280883
0.273283
0.265945
0.259065
0.25286
0.247292
0.242521
0.238715
0.236018
0.234174
0.233533
2.27528
1.02802
0.322919
0.338826
0.402595
0.445949
0.455128
0.451134
0.445263
0.440803
0.438437
0.436718
0.43472
0.432306
0.429585
0.426622
0.423478
0.420099
0.41652
0.412715
0.408672
0.404416
0.399903
0.395188
0.390231
0.385069
0.379686
0.37407
0.368264
0.362203
0.355994
0.349563
0.342985
0.336286
0.329461
0.322647
0.315774
0.308973
0.302354
0.295948
0.289874
0.284115
0.278957
0.274556
0.270918
0.268184
0.266318
0.265414
0.264941
0.264936
2.27658
1.03033
0.324449
0.338897
0.402881
0.446505
0.455885
0.452034
0.446354
0.442027
0.439798
0.438196
0.436329
0.434046
0.431465
0.428652
0.425669
0.422454
0.419072
0.415461
0.411668
0.407663
0.403445
0.399038
0.394421
0.389635
0.38467
0.379522
0.374227
0.368744
0.363149
0.357413
0.351587
0.345727
0.339807
0.334003
0.328253
0.322694
0.317419
0.312528
0.308144
0.304262
0.301035
0.298781
0.29742
0.297046
0.297648
0.299145
0.30091
0.30242
2.27798
1.03289
0.326213
0.338998
0.403232
0.447215
0.456842
0.453176
0.447678
0.443512
0.441394
0.439934
0.438194
0.43606
0.433624
0.430974
0.428162
0.425143
0.421951
0.418576
0.415009
0.411297
0.407376
0.403319
0.399065
0.394688
0.390169
0.385518
0.380779
0.375907
0.370992
0.366003
0.360994
0.356041
0.351134
0.346408
0.3419
0.337669
0.333925
0.330664
0.328126
0.326347
0.325447
0.325677
0.327204
0.330001
0.334021
0.339222
0.344405
0.34844
2.27953
1.03574
0.328211
0.339133
0.403706
0.448108
0.458015
0.454542
0.44927
0.445251
0.443283
0.441941
0.440367
0.438366
0.436105
0.433611
0.430986
0.428172
0.425193
0.422063
0.418748
0.41533
0.411729
0.408037
0.404178
0.400235
0.396192
0.392072
0.387922
0.383705
0.379514
0.375323
0.371195
0.367211
0.363383
0.359843
0.35667
0.353902
0.351787
0.350403
0.349896
0.350446
0.352208
0.355515
0.360547
0.367385
0.376278
0.387144
0.399082
0.409682
2.2812
1.03884
0.330371
0.339377
0.404257
0.449156
0.459408
0.456164
0.451123
0.447283
0.445433
0.444252
0.442812
0.440998
0.438898
0.436599
0.434164
0.431561
0.428825
0.425947
0.422927
0.419803
0.416556
0.413229
0.409809
0.406312
0.402788
0.399205
0.395682
0.392146
0.388718
0.38539
0.382182
0.379245
0.37655
0.374274
0.372499
0.371353
0.370966
0.371528
0.373283
0.376513
0.381545
0.388531
0.398053
0.410491
0.426308
0.446511
0.470666
0.498335
2.28295
1.04207
0.332646
0.339696
0.404885
0.450429
0.461108
0.458125
0.453364
0.449668
0.447957
0.446893
0.445627
0.44395
0.442047
0.43992
0.437704
0.435315
0.432822
0.430212
0.427491
0.424699
0.421819
0.418883
0.415915
0.412892
0.409912
0.40691
0.404019
0.401204
0.398542
0.396108
0.39387
0.392011
0.390519
0.389587
0.38925
0.389717
0.39114
0.393876
0.398167
0.404383
0.412715
0.424017
0.438733
0.458349
0.484357
0.519914
0.571772
0.664695
2.28504
1.04597
0.335356
0.340127
0.405725
0.45219
0.463495
0.460896
0.456507
0.453008
0.451469
0.450596
0.449562
0.448139
0.446482
0.444652
0.442705
0.440683
0.438517
0.436315
0.433999
0.431677
0.429303
0.426935
0.424582
0.422249
0.420001
0.417831
0.415808
0.413998
0.412398
0.411164
0.410274
0.409886
0.410073
0.410887
0.412483
0.415278
0.419518
0.425258
0.433036
0.443105
0.456505
0.473637
0.496589
0.526815
0.568926
0.630324
0.729491
0.881794
2.28722
1.05006
0.338566
0.341308
0.407548
0.455296
0.467394
0.465214
0.461147
0.457716
0.4562
0.455426
0.454527
0.453288
0.451814
0.450223
0.448518
0.446794
0.444963
0.443129
0.441234
0.439354
0.437487
0.435661
0.433923
0.432256
0.430752
0.429383
0.428258
0.427379
0.426875
0.426754
0.427143
0.42805
0.429701
0.432319
0.436051
0.441041
0.447587
0.45606
0.466832
0.480786
0.498334
0.521347
0.550691
0.590344
0.643398
0.717364
0.828556
0.967342
2.2883
1.05206
0.340259
0.342458
0.40977
0.459184
0.472297
0.470657
0.466935
0.463541
0.462076
0.46142
0.460697
0.45964
0.458364
0.456966
0.455517
0.454023
0.452512
0.450985
0.449475
0.447987
0.44658
0.445238
0.444054
0.442996
0.442162
0.441539
0.441232
0.441254
0.441687
0.442571
0.444139
0.446549
0.449781
0.454111
0.459553
0.466596
0.475227
0.486244
0.499662
0.516657
0.537731
0.564147
0.597961
0.640527
0.696641
0.767325
0.863737
0.967793
2.28913
1.05356
0.343259
0.346439
0.414851
0.465723
0.479424
0.477688
0.473673
0.469936
0.468388
0.467824
0.467249
0.466362
0.465292
0.464118
0.462955
0.461765
0.460612
0.45946
0.458376
0.457332
0.456399
0.455566
0.454917
0.454451
0.454246
0.45432
0.454697
0.455441
0.456757
0.458708
0.461329
0.464765
0.469174
0.474703
0.481644
0.490113
0.500647
0.513277
0.529043
0.547719
0.571136
0.599026
0.633811
0.675981
0.727741
0.790534
0.86842
0.950354
2.28475
1.04541
0.344267
0.356161
0.427404
0.480365
0.494284
0.491713
0.48663
0.482093
0.480184
0.479453
0.478722
0.477689
0.476479
0.475221
0.473999
0.472812
0.471686
0.470628
0.469672
0.468836
0.468152
0.467647
0.467349
0.467315
0.467518
0.46808
0.469088
0.470631
0.47271
0.475411
0.478861
0.483141
0.488487
0.494953
0.502936
0.512408
0.524039
0.537689
0.554307
0.574021
0.597471
0.625751
0.6588
0.698778
0.745017
0.799904
0.863779
0.928661
2.29077
1.03753
0.37046
0.384631
0.450042
0.500075
0.512506
0.509069
0.503307
0.498551
0.496548
0.495631
0.494739
0.493596
0.492325
0.49104
0.489797
0.488596
0.487453
0.486376
0.485405
0.484555
0.483888
0.483377
0.483091
0.483052
0.483453
0.484228
0.485512
0.487249
0.489694
0.492733
0.49673
0.501497
0.507536
0.514595
0.523291
0.53343
0.54555
0.559864
0.576487
0.596325
0.619051
0.646068
0.676945
0.713075
0.754322
0.801268
0.855166
0.908764
1.87766
0.776744
0.281733
0.344021
0.413297
0.438427
0.439421
0.435255
0.431029
0.430333
0.432132
0.434784
0.437665
0.440635
0.443755
0.447019
0.450398
0.453815
0.457269
0.460659
0.464072
0.467388
0.470713
0.473904
0.477223
0.480533
0.483987
0.487457
0.491172
0.495081
0.499425
0.504191
0.509597
0.51577
0.522813
0.531041
0.54038
0.551434
0.563861
0.578625
0.595178
0.614644
0.636556
0.661891
0.690486
0.722947
0.759376
0.799896
0.845042
0.890168
1.86973
0.775178
0.289483
0.356019
0.425009
0.445075
0.441607
0.434538
0.42819
0.425527
0.424927
0.424937
0.425221
0.425841
0.426924
0.428501
0.430593
0.433124
0.436151
0.439511
0.44333
0.447482
0.452099
0.456868
0.462051
0.467365
0.473062
0.47894
0.485219
0.491741
0.498644
0.505956
0.513672
0.522032
0.53094
0.540869
0.551555
0.563706
0.576981
0.592128
0.608897
0.627925
0.649134
0.672975
0.699506
0.729004
0.761501
0.796986
0.835617
0.873707
1.86891
0.77397
0.291548
0.366091
0.441043
0.461852
0.456708
0.447764
0.440149
0.436713
0.435333
0.434365
0.433456
0.432713
0.432305
0.43227
0.432647
0.433422
0.434637
0.436329
0.438643
0.441513
0.444941
0.448931
0.453488
0.458698
0.464412
0.470824
0.477639
0.485224
0.493152
0.501961
0.51113
0.521333
0.531921
0.543621
0.555883
0.56937
0.583746
0.599596
0.616728
0.635616
0.656218
0.678902
0.703615
0.730686
0.759916
0.791459
0.825354
0.858227
1.87021
0.776808
0.29673
0.368236
0.441325
0.462553
0.458256
0.450115
0.442965
0.439972
0.439043
0.438535
0.438029
0.437639
0.437476
0.437587
0.437934
0.43852
0.439453
0.440784
0.442477
0.444595
0.447123
0.450217
0.453813
0.458115
0.462984
0.468673
0.47495
0.482152
0.489951
0.498759
0.508184
0.51863
0.529799
0.542038
0.555147
0.569407
0.58465
0.601105
0.618717
0.637704
0.658016
0.679936
0.703345
0.728495
0.755217
0.783609
0.813755
0.842747
1.87283
0.782705
0.30357
0.361643
0.426132
0.447863
0.446364
0.44028
0.434207
0.431771
0.431368
0.43157
0.431879
0.43236
0.433091
0.434062
0.43525
0.436749
0.438559
0.440618
0.442927
0.445543
0.44847
0.451812
0.455542
0.459809
0.464537
0.469947
0.475895
0.482681
0.490082
0.498453
0.507533
0.517645
0.528579
0.540605
0.553524
0.567599
0.582653
0.598952
0.616325
0.635033
0.654896
0.676098
0.69849
0.722231
0.747159
0.773192
0.800583
0.826771
1.8817
0.789307
0.305891
0.348944
0.408978
0.438698
0.442344
0.437648
0.432143
0.429223
0.42853
0.428756
0.429196
0.429804
0.430609
0.431679
0.433092
0.434843
0.436874
0.439189
0.441809
0.444763
0.448062
0.451756
0.45582
0.460358
0.465314
0.470855
0.476872
0.483608
0.490902
0.499035
0.50785
0.517594
0.52814
0.539709
0.552176
0.565721
0.580244
0.59589
0.612565
0.630404
0.649301
0.669375
0.690508
0.712753
0.735947
0.760092
0.785218
0.809228
2.26959
1.11822
0.416537
0.401686
0.461071
0.510355
0.522201
0.517544
0.510513
0.504139
0.500375
0.4978
0.495377
0.493083
0.490758
0.488553
0.486536
0.48481
0.483355
0.482247
0.481497
0.481187
0.481325
0.481992
0.483195
0.48499
0.487418
0.49053
0.49434
0.498933
0.504288
0.510532
0.517592
0.525659
0.534612
0.544642
0.555657
0.567789
0.580952
0.595259
0.610616
0.627094
0.644601
0.663168
0.682691
0.703198
0.724546
0.746699
0.769696
0.791607
2.27926
1.14077
0.400383
0.378689
0.45135
0.512963
0.53198
0.531381
0.527135
0.52315
0.521631
0.521237
0.521064
0.52086
0.520335
0.519622
0.518857
0.518123
0.517451
0.51686
0.516381
0.516054
0.51593
0.516055
0.516475
0.517283
0.518478
0.520213
0.522444
0.525369
0.528902
0.533264
0.538372
0.544397
0.551304
0.559203
0.568078
0.578018
0.589023
0.601151
0.614356
0.628729
0.644146
0.660665
0.678136
0.696552
0.715789
0.735758
0.756516
0.776298
2.30275
1.18849
0.442113
0.38516
0.447762
0.504503
0.52337
0.52458
0.522759
0.521434
0.52183
0.523052
0.524735
0.526426
0.52778
0.528963
0.530078
0.531225
0.532376
0.533573
0.534781
0.536056
0.53738
0.53882
0.540362
0.542086
0.543991
0.546164
0.548631
0.551471
0.554729
0.558486
0.562794
0.567744
0.573378
0.579806
0.587038
0.595207
0.60427
0.614359
0.625397
0.637465
0.650479
0.664522
0.679505
0.695444
0.712272
0.729832
0.748147
0.765655
1.90175
0.80639
0.309009
0.315487
0.371843
0.412119
0.426073
0.429691
0.432269
0.435624
0.44034
0.445898
0.452098
0.458437
0.464534
0.470537
0.476531
0.482583
0.488636
0.494689
0.500693
0.506664
0.512573
0.518447
0.52426
0.530052
0.535804
0.54157
0.547349
0.553202
0.55915
0.565238
0.571529
0.578085
0.584953
0.592226
0.599939
0.608194
0.617018
0.626498
0.636664
0.647564
0.659248
0.671698
0.684939
0.698915
0.713545
0.728861
0.744913
0.760284
2.31115
1.20495
0.457178
0.387964
0.441405
0.493398
0.510794
0.511084
0.507943
0.505433
0.504108
0.503754
0.504014
0.504204
0.504338
0.504591
0.505173
0.506148
0.507575
0.509432
0.511746
0.514507
0.517734
0.521423
0.525559
0.53014
0.535139
0.540543
0.546318
0.55245
0.558916
0.565741
0.572869
0.580357
0.588148
0.59631
0.604805
0.613706
0.623007
0.632747
0.64296
0.653666
0.664901
0.676671
0.688985
0.701855
0.715266
0.729191
0.74366
0.757458
2.31633
1.21464
0.439867
0.370561
0.439111
0.502022
0.523905
0.525459
0.523215
0.521699
0.52181
0.522823
0.524464
0.525965
0.526992
0.527796
0.528599
0.529483
0.530497
0.531683
0.533091
0.534764
0.536735
0.539052
0.541725
0.544817
0.548312
0.552275
0.556686
0.561597
0.56698
0.572871
0.57924
0.586092
0.593432
0.601232
0.609528
0.618249
0.627455
0.637071
0.647159
0.657645
0.668596
0.679935
0.691726
0.703893
0.716495
0.729404
0.742797
0.755479
2.31896
1.22032
0.444005
0.372705
0.442257
0.506659
0.529438
0.531261
0.529069
0.527668
0.528102
0.529508
0.531693
0.533878
0.535587
0.537084
0.538582
0.540177
0.541891
0.543725
0.545701
0.54783
0.55013
0.552639
0.55536
0.558352
0.561616
0.565208
0.569137
0.573449
0.578158
0.583298
0.58889
0.594944
0.601489
0.608517
0.616044
0.624068
0.632583
0.641587
0.651067
0.661004
0.671393
0.682207
0.693425
0.705028
0.716963
0.729244
0.741849
0.753855
2.32139
1.22696
0.470469
0.389629
0.447968
0.507177
0.530116
0.533551
0.532674
0.532278
0.533122
0.534971
0.537415
0.539661
0.54163
0.543487
0.545384
0.547383
0.549512
0.551772
0.554175
0.556731
0.559448
0.562343
0.565429
0.568719
0.572235
0.57599
0.580007
0.584307
0.588915
0.59385
0.599143
0.60481
0.610861
0.617345
0.624223
0.631565
0.63933
0.647564
0.656241
0.66537
0.674938
0.684942
0.695347
0.706149
0.717284
0.72875
0.740554
0.751798
1.90574
0.814681
0.327425
0.323424
0.375814
0.413464
0.42596
0.428574
0.430455
0.433396
0.437759
0.443287
0.449635
0.456106
0.462512
0.468928
0.475455
0.482104
0.488869
0.495713
0.502617
0.509562
0.51654
0.523541
0.530575
0.537628
0.544718
0.551844
0.559019
0.566254
0.573563
0.580963
0.588463
0.5961
0.603865
0.611817
0.619938
0.628285
0.636857
0.645676
0.654765
0.664123
0.673757
0.683679
0.693889
0.704382
0.715164
0.726179
0.737529
0.748291
2.31612
1.21758
0.471426
0.405583
0.467925
0.529478
0.551897
0.553204
0.549346
0.5458
0.543808
0.542613
0.542206
0.541919
0.541285
0.540562
0.53996
0.539676
0.539699
0.540136
0.540959
0.542224
0.543922
0.54611
0.548754
0.551903
0.555512
0.559616
0.564183
0.569226
0.574718
0.580654
0.587004
0.593755
0.600875
0.608349
0.616174
0.624315
0.632782
0.64154
0.650588
0.659915
0.669506
0.679361
0.689459
0.699808
0.710376
0.721157
0.732181
0.742639
2.29746
1.17648
0.465684
0.425097
0.487574
0.548244
0.568512
0.568673
0.56496
0.561719
0.561011
0.561468
0.562671
0.564066
0.565095
0.56587
0.566605
0.567401
0.568282
0.569238
0.570277
0.571424
0.572723
0.574196
0.575895
0.577848
0.580104
0.582689
0.585625
0.588927
0.59262
0.596711
0.601218
0.606158
0.611538
0.617364
0.62363
0.630328
0.637453
0.644985
0.652917
0.661226
0.669884
0.678884
0.688185
0.697781
0.707631
0.717735
0.728123
0.738015
1.88757
0.805327
0.343275
0.355974
0.406531
0.443013
0.452528
0.451937
0.450584
0.450929
0.453719
0.457798
0.462877
0.468552
0.474302
0.480119
0.48608
0.492209
0.498478
0.504836
0.511261
0.517707
0.524172
0.530621
0.537069
0.543506
0.549944
0.556389
0.562848
0.569342
0.575876
0.582489
0.589185
0.596012
0.602976
0.610114
0.617433
0.624951
0.632679
0.640625
0.648805
0.657218
0.665878
0.674788
0.683935
0.693321
0.70293
0.712746
0.722802
0.732354
1.87275
0.795695
0.341147
0.357296
0.398462
0.426842
0.4349
0.435041
0.434086
0.433527
0.434078
0.43545
0.437744
0.440693
0.443875
0.447295
0.451062
0.455242
0.459864
0.464933
0.470416
0.476285
0.482498
0.489054
0.495928
0.503117
0.510584
0.518287
0.526212
0.534292
0.542556
0.550936
0.559465
0.568104
0.576856
0.585711
0.59466
0.60371
0.612845
0.622085
0.631426
0.640879
0.650428
0.660088
0.669871
0.679764
0.689799
0.699938
0.710264
0.720031
1.88915
0.807277
0.348413
0.3751
0.431626
0.468044
0.475162
0.471273
0.466299
0.463263
0.462427
0.462514
0.463248
0.464384
0.465551
0.466786
0.468203
0.46988
0.471835
0.474114
0.476718
0.479668
0.482961
0.486625
0.490698
0.495213
0.50017
0.505572
0.511392
0.517632
0.524289
0.531362
0.538838
0.546706
0.554928
0.563475
0.572302
0.581381
0.590695
0.600222
0.609917
0.619804
0.629843
0.640025
0.650333
0.660731
0.671235
0.681793
0.692503
0.70259
2.34425
1.13067
0.474755
0.450527
0.515615
0.577755
0.598856
0.598577
0.593526
0.588509
0.585818
0.584307
0.583219
0.582387
0.58141
0.58023
0.579009
0.577826
0.576741
0.575737
0.57486
0.574089
0.573449
0.572978
0.572661
0.572602
0.572762
0.573267
0.574085
0.575284
0.576855
0.578875
0.581325
0.58427
0.587699
0.591651
0.596119
0.601081
0.606558
0.612507
0.618961
0.625855
0.633208
0.640954
0.649075
0.657548
0.666335
0.67541
0.684774
0.693736
1.88968
0.808608
0.349809
0.364823
0.416857
0.457187
0.469637
0.470446
0.46963
0.469346
0.471354
0.474537
0.478466
0.482913
0.487427
0.491902
0.496463
0.501179
0.506048
0.511015
0.516055
0.521138
0.526243
0.531367
0.536503
0.541643
0.546785
0.551936
0.557098
0.562281
0.567486
0.572733
0.578021
0.583382
0.588826
0.594373
0.60006
0.6059
0.6119
0.618093
0.624462
0.631083
0.637904
0.645012
0.65235
0.65995
0.667775
0.675844
0.684149
0.692102
1.88866
0.808229
0.351246
0.366254
0.417514
0.456206
0.466857
0.465857
0.463068
0.460585
0.460225
0.461197
0.462886
0.465144
0.467517
0.469917
0.472499
0.475386
0.478618
0.482168
0.486017
0.490139
0.49453
0.499194
0.504143
0.509362
0.514849
0.520579
0.526551
0.532723
0.5391
0.545648
0.552376
0.559257
0.566292
0.573457
0.580752
0.588155
0.595663
0.603267
0.610961
0.618754
0.626647
0.63464
0.642756
0.650961
0.659308
0.667724
0.676317
0.684433
2.34646
1.13452
0.479019
0.453369
0.519661
0.584103
0.606707
0.606755
0.601826
0.597003
0.594515
0.593364
0.592688
0.592369
0.591997
0.591433
0.590813
0.590253
0.589789
0.589434
0.589199
0.589116
0.589148
0.589341
0.589662
0.590138
0.590801
0.591668
0.592795
0.594199
0.595919
0.597964
0.600332
0.603032
0.606054
0.609411
0.613108
0.617158
0.621557
0.626318
0.631401
0.636826
0.642545
0.648567
0.654869
0.661438
0.668265
0.675324
0.682632
0.689637
1.8881
0.807902
0.355726
0.383106
0.441193
0.481514
0.491705
0.49009
0.487039
0.485469
0.48665
0.489048
0.492113
0.495621
0.499185
0.502802
0.506581
0.510545
0.514658
0.518902
0.523276
0.527787
0.532443
0.537232
0.542119
0.547081
0.552108
0.557197
0.562354
0.567593
0.5729
0.578293
0.583742
0.589265
0.594849
0.600503
0.606244
0.612084
0.618043
0.624128
0.630337
0.636672
0.643128
0.649711
0.656428
0.663283
0.670284
0.677438
0.68477
0.691751
1.87245
0.796977
0.350464
0.379192
0.429305
0.460843
0.468491
0.467962
0.466803
0.466421
0.46724
0.468628
0.470597
0.472864
0.475198
0.477604
0.480233
0.483127
0.486159
0.489332
0.492677
0.496226
0.500054
0.504213
0.508619
0.513249
0.518073
0.523123
0.52843
0.534002
0.539842
0.545911
0.552182
0.558622
0.565214
0.571961
0.578849
0.58589
0.593059
0.600359
0.60778
0.615291
0.622908
0.630595
0.638375
0.64623
0.654185
0.662232
0.670412
0.67816
1.87021
0.795225
0.349118
0.375603
0.423668
0.454836
0.463477
0.464047
0.46368
0.463615
0.464241
0.46532
0.466951
0.468886
0.470937
0.473062
0.475405
0.477906
0.48042
0.482989
0.48566
0.488467
0.491479
0.494803
0.49836
0.50205
0.505867
0.509878
0.514138
0.518732
0.523636
0.528831
0.534268
0.539914
0.545793
0.55192
0.558309
0.564986
0.571904
0.579045
0.586377
0.593844
0.601483
0.609232
0.61714
0.625193
0.633375
0.641721
0.650222
0.658323
1.88657
0.80671
0.355709
0.364365
0.414541
0.453313
0.464819
0.465263
0.464286
0.463722
0.46412
0.465037
0.466701
0.468764
0.470781
0.472857
0.475037
0.477275
0.479582
0.481976
0.484479
0.487139
0.49005
0.493122
0.496312
0.499587
0.503004
0.506616
0.510489
0.514619
0.51899
0.52355
0.528286
0.5332
0.538339
0.543733
0.549423
0.555388
0.561602
0.568028
0.57462
0.581406
0.58836
0.595521
0.602902
0.61048
0.618279
0.626244
0.634384
0.642153
2.31555
1.21144
0.491919
0.43545
0.495971
0.56078
0.587526
0.591296
0.588491
0.585829
0.584569
0.584359
0.585126
0.586309
0.58719
0.587871
0.588483
0.589152
0.5899
0.590704
0.591594
0.592547
0.593617
0.594759
0.596004
0.597316
0.598725
0.600228
0.60185
0.603604
0.605501
0.607547
0.609755
0.612117
0.614657
0.617382
0.620291
0.623415
0.626731
0.630295
0.634077
0.638099
0.642355
0.646835
0.651561
0.656521
0.661724
0.667174
0.672857
0.678361
2.32749
1.23953
0.47409
0.408598
0.484401
0.561223
0.593047
0.597879
0.595219
0.592437
0.591449
0.591867
0.593172
0.595042
0.596654
0.597977
0.599194
0.600526
0.602
0.60362
0.605384
0.607287
0.609341
0.611533
0.613858
0.616302
0.618865
0.621537
0.624344
0.627269
0.630353
0.633563
0.636925
0.640408
0.644018
0.647746
0.651586
0.65555
0.659638
0.663865
0.668231
0.672747
0.677402
0.682208
0.68715
0.692239
0.697476
0.702848
0.708403
0.713692
2.31757
1.21674
0.495109
0.436156
0.497326
0.56336
0.591222
0.595767
0.59379
0.591752
0.591128
0.591624
0.59311
0.595109
0.596753
0.598186
0.599559
0.601073
0.60273
0.604555
0.606514
0.608629
0.610863
0.613245
0.615754
0.618404
0.621227
0.624196
0.627379
0.630716
0.634261
0.63796
0.641832
0.645854
0.650028
0.654335
0.658796
0.66338
0.668137
0.673028
0.678078
0.683279
0.6886
0.694066
0.699645
0.705333
0.711174
0.717085
0.723224
0.729018
1.8891
0.811484
0.36234
0.366859
0.418887
0.460413
0.473182
0.473614
0.472309
0.471568
0.472567
0.474413
0.477147
0.480266
0.483085
0.485705
0.488345
0.491114
0.49403
0.49717
0.500572
0.504124
0.507779
0.511561
0.515506
0.519712
0.524211
0.528991
0.534019
0.539236
0.54464
0.550213
0.555998
0.561994
0.568236
0.574686
0.581344
0.588149
0.59509
0.602123
0.609249
0.616458
0.623779
0.631186
0.638726
0.646346
0.654097
0.661929
0.669889
0.677452
1.87387
0.801988
0.361989
0.383855
0.430541
0.463232
0.471589
0.470802
0.469416
0.468714
0.469223
0.470586
0.47266
0.474929
0.477092
0.479112
0.481133
0.483229
0.485426
0.48773
0.490249
0.492984
0.495781
0.498624
0.501527
0.504551
0.507819
0.51136
0.515133
0.519071
0.523143
0.527366
0.531777
0.536449
0.541381
0.546594
0.552042
0.557676
0.56349
0.569447
0.575583
0.581912
0.588439
0.595188
0.602141
0.609258
0.616561
0.623963
0.631546
0.638742
1.87861
0.806218
0.365498
0.398141
0.453337
0.487454
0.49433
0.491354
0.487597
0.485891
0.486017
0.486989
0.488694
0.49066
0.492504
0.494291
0.496133
0.498083
0.500124
0.502276
0.504598
0.507086
0.509742
0.512477
0.515317
0.51823
0.521302
0.524549
0.528016
0.531682
0.535505
0.539483
0.543568
0.547815
0.552225
0.556834
0.561659
0.566682
0.571889
0.577266
0.582774
0.588444
0.594262
0.600247
0.606438
0.612786
0.61935
0.626054
0.632933
0.639493
1.19333
1.05734
0.503545
0.191528
0.00740027
0.112467
0.165022
0.212964
0.234405
0.238392
0.226235
0.21554
0.205399
0.195918
0.183702
0.168897
0.15112
0.130727
0.108435
0.0848589
0.060615
0.0364565
0.0166067
0.0230137
0.0469377
0.0715463
0.0959392
0.119879
0.143449
0.166538
0.189195
0.211412
0.23316
0.254254
0.274226
0.293377
0.313134
0.33349
0.353307
0.372377
0.390846
0.408778
0.426271
0.443268
0.459805
0.475864
0.491453
0.506502
0.521143
0.535198
0.548827
0.561894
0.574502
0.586539
0.598069
0.609011
0.619397
0.629141
0.638303
0.646756
0.654559
0.661595
0.66791
0.673395
0.678083
0.681907
0.684882
0.687036
0.688338
0.688962
0.689157
0.689059
0.688326
0.686436
0.683495
0.680323
0.677061
0.67379
0.670549
0.667419
0.664527
0.661903
0.659676
0.65782
0.65636
0.655329
0.654643
0.654161
0.653864
0.653882
0.654462
0.655528
0.656703
0.658159
0.659694
0.661522
0.66333
0.665337
0.667091
0.671779
1.12398
1.04146
0.812869
0.555257
0.504768
0.435113
0.383863
0.341738
0.311353
0.291765
0.259198
0.228497
0.209876
0.208869
0.216188
0.227005
0.239815
0.254117
0.269632
0.285896
0.30266
0.319487
0.336146
0.352626
0.36959
0.38681
0.404184
0.421508
0.438813
0.455979
0.473071
0.489934
0.506615
0.522985
0.538717
0.553763
0.568945
0.584794
0.600649
0.615987
0.630865
0.64546
0.65972
0.673702
0.687284
0.700525
0.713383
0.725801
0.737914
0.749521
0.760793
0.771577
0.781955
0.791814
0.801249
0.810155
0.81855
0.826435
0.833774
0.840528
0.84667
0.852272
0.857107
0.861415
0.864928
0.867875
0.869955
0.8715
0.872242
0.872505
0.872288
0.87184
0.870845
0.868917
0.866139
0.863006
0.859864
0.856693
0.853633
0.850663
0.847951
0.845529
0.843451
0.841858
0.840687
0.839959
0.839623
0.839677
0.83979
0.840283
0.841392
0.842896
0.844587
0.84637
0.848285
0.850152
0.852091
0.853791
0.855323
0.858758
1.07583
1.07975
1.01335
0.906529
0.836269
0.786969
0.7512
0.720742
0.695936
0.677893
0.66243
0.647966
0.63784
0.632894
0.631357
0.631568
0.633051
0.635444
0.638757
0.642953
0.647946
0.653656
0.659913
0.666738
0.674243
0.682412
0.691175
0.700413
0.710036
0.719957
0.730219
0.740654
0.751331
0.762066
0.772668
0.782833
0.793264
0.804476
0.816181
0.827589
0.838627
0.849557
0.860254
0.870928
0.88139
0.891692
0.90188
0.911747
0.921567
0.931027
0.940354
0.94937
0.958129
0.966582
0.974705
0.98247
0.98987
0.996828
1.00339
1.00942
1.01502
1.01998
1.02441
1.02822
1.03127
1.03369
1.03544
1.0364
1.03667
1.03629
1.03561
1.03466
1.0331
1.0307
1.02747
1.02388
1.02019
1.01643
1.01277
1.00933
1.00608
1.00319
1.00079
0.998727
0.997097
0.996058
0.995438
0.99504
0.994876
0.995149
0.995793
0.997167
0.998447
1.00019
1.00158
1.00339
1.00475
1.00652
1.00743
1.0109
1.0485
1.08704
1.08828
1.05586
1.01433
0.985645
0.967523
0.954062
0.942157
0.93144
0.922938
0.915382
0.908893
0.903711
0.901054
0.899603
0.898351
0.897
0.895629
0.894435
0.893555
0.893135
0.893129
0.893707
0.894989
0.896875
0.899559
0.902828
0.90676
0.911154
0.916104
0.921414
0.927266
0.933324
0.939445
0.945347
0.95159
0.958538
0.966269
0.974011
0.981745
0.9894
0.997148
1.00491
1.01272
1.02058
1.02839
1.03623
1.044
1.05169
1.05933
1.06681
1.07414
1.08136
1.08829
1.09508
1.10156
1.10777
1.11369
1.11923
1.12445
1.12919
1.13359
1.13739
1.14079
1.14352
1.14569
1.14726
1.14801
1.14833
1.14833
1.14812
1.14731
1.14574
1.14345
1.1408
1.13796
1.13506
1.1322
1.12948
1.12693
1.12465
1.12261
1.12091
1.11945
1.11833
1.11752
1.11676
1.11611
1.11568
1.11554
1.11571
1.11606
1.11652
1.117
1.11749
1.11797
1.11847
1.11843
1.12038
1.02252
1.07041
1.09732
1.1018
1.0935
1.08626
1.08289
1.08178
1.08061
1.07834
1.07507
1.07243
1.07039
1.06746
1.06391
1.06089
1.05791
1.05461
1.05103
1.0472
1.04344
1.0397
1.03647
1.03352
1.03132
1.02959
1.02878
1.02845
1.02896
1.03004
1.03176
1.03404
1.03694
1.04028
1.04379
1.04733
1.05124
1.056
1.06163
1.06763
1.07379
1.08005
1.08648
1.09302
1.0997
1.10647
1.11328
1.12016
1.12701
1.13386
1.14067
1.14731
1.15393
1.16025
1.16651
1.17243
1.17822
1.18365
1.18888
1.19372
1.19824
1.20234
1.20601
1.20924
1.21194
1.21419
1.21584
1.21699
1.21748
1.21764
1.21755
1.2173
1.21663
1.21519
1.21326
1.21103
1.20858
1.2061
1.20367
1.2014
1.19931
1.19754
1.19602
1.19487
1.19401
1.19351
1.19326
1.19316
1.19309
1.19312
1.19336
1.19385
1.19442
1.19505
1.19561
1.19626
1.19666
1.19711
1.19684
1.19847
0.991681
1.04603
1.08282
1.10704
1.11997
1.12821
1.13547
1.14282
1.14916
1.15392
1.15655
1.15723
1.15696
1.15662
1.15516
1.15233
1.14876
1.14499
1.14089
1.13651
1.13175
1.12701
1.12231
1.118
1.11406
1.1108
1.10808
1.10616
1.10488
1.10433
1.10438
1.10514
1.10655
1.10845
1.11055
1.11271
1.11528
1.11862
1.12284
1.12751
1.13245
1.13758
1.14289
1.14832
1.15397
1.15963
1.16555
1.17143
1.1775
1.18355
1.1897
1.19578
1.20186
1.20783
1.2137
1.21941
1.22492
1.23026
1.23528
1.24008
1.24446
1.24856
1.25216
1.25538
1.25808
1.2603
1.26197
1.26302
1.26354
1.26366
1.26356
1.26333
1.26256
1.26118
1.25939
1.2573
1.255
1.25264
1.25031
1.24814
1.24619
1.24452
1.24322
1.24212
1.24155
1.24113
1.24119
1.24145
1.24167
1.24205
1.2426
1.24342
1.24434
1.24531
1.24626
1.24716
1.2479
1.2485
1.24849
1.24989
0.961339
1.01457
1.05843
1.0923
1.11761
1.13667
1.15228
1.1658
1.17772
1.18748
1.1949
1.19974
1.20236
1.20322
1.20338
1.20271
1.20042
1.19686
1.19285
1.18836
1.1836
1.17858
1.17361
1.16869
1.16414
1.15997
1.15638
1.15348
1.15124
1.14972
1.1489
1.1487
1.14921
1.15023
1.15145
1.15278
1.15453
1.15702
1.16038
1.16417
1.16841
1.17283
1.17751
1.18233
1.18727
1.19238
1.19759
1.20292
1.20837
1.21389
1.21948
1.2251
1.23072
1.2363
1.24181
1.2472
1.25246
1.25753
1.26237
1.267
1.27124
1.27524
1.27878
1.28193
1.28464
1.28675
1.28847
1.28948
1.28995
1.29013
1.29005
1.28985
1.28899
1.28762
1.28586
1.28386
1.28158
1.27926
1.27689
1.27468
1.2727
1.27088
1.26959
1.26838
1.26778
1.26732
1.26745
1.26772
1.26808
1.26855
1.26925
1.27018
1.27129
1.27248
1.27372
1.2749
1.27607
1.27697
1.27733
1.27923
0.935091
0.983627
1.02838
1.06725
1.09951
1.12551
1.14731
1.16595
1.18209
1.19573
1.20685
1.21517
1.22091
1.22425
1.22577
1.22611
1.22591
1.22438
1.22128
1.21717
1.21261
1.20795
1.20309
1.19832
1.19357
1.18924
1.18524
1.18191
1.17912
1.17712
1.17569
1.17505
1.17502
1.17559
1.17633
1.17722
1.17859
1.18061
1.1835
1.18682
1.19063
1.1947
1.19904
1.20352
1.20816
1.2129
1.21778
1.22276
1.22787
1.23304
1.23833
1.24359
1.24893
1.25417
1.25939
1.26451
1.26947
1.27434
1.27893
1.28337
1.28747
1.29127
1.29475
1.29773
1.30038
1.30249
1.30408
1.30521
1.30568
1.30588
1.30592
1.30574
1.30495
1.3037
1.30202
1.30017
1.29799
1.29581
1.29354
1.29133
1.28942
1.28752
1.28618
1.28489
1.28416
1.28361
1.2836
1.28381
1.28409
1.28451
1.28509
1.28594
1.28701
1.28817
1.28941
1.2906
1.2918
1.29279
1.29327
1.29529
0.911636
0.955864
0.99892
1.03924
1.07477
1.10536
1.13126
1.1535
1.17278
1.18938
1.20333
1.21456
1.22315
1.22915
1.23299
1.23503
1.23583
1.23589
1.23496
1.23249
1.22876
1.22457
1.22015
1.21567
1.21124
1.20701
1.20308
1.19962
1.19667
1.1944
1.19274
1.19182
1.19156
1.19185
1.19233
1.19303
1.19414
1.19598
1.19853
1.20164
1.20517
1.20904
1.21316
1.21746
1.22194
1.22649
1.23119
1.23593
1.24084
1.24576
1.25077
1.25579
1.26079
1.26578
1.27064
1.27548
1.28011
1.28463
1.28897
1.29302
1.29688
1.30037
1.30356
1.30638
1.30874
1.31074
1.31222
1.31316
1.31365
1.31388
1.31393
1.31374
1.31301
1.31192
1.31033
1.3087
1.30674
1.30475
1.30276
1.30068
1.29894
1.29711
1.29583
1.29452
1.29379
1.29313
1.29307
1.29319
1.29348
1.29381
1.2943
1.29505
1.29601
1.29712
1.29831
1.29952
1.3007
1.3017
1.30221
1.30427
0.889941
0.930123
0.970968
1.01072
1.04758
1.08033
1.10913
1.13416
1.15604
1.17497
1.19127
1.20483
1.21591
1.22441
1.2306
1.23472
1.23729
1.23836
1.23855
1.2381
1.23649
1.23364
1.22983
1.22582
1.22175
1.21784
1.21415
1.21085
1.20798
1.20567
1.20394
1.20283
1.20244
1.20251
1.20283
1.20339
1.20436
1.20606
1.20842
1.2113
1.21458
1.21817
1.22204
1.2261
1.23035
1.23469
1.23917
1.24368
1.24831
1.25295
1.25765
1.26237
1.26703
1.27173
1.27628
1.28079
1.28517
1.28935
1.29341
1.29718
1.30074
1.30402
1.30693
1.30954
1.31174
1.31351
1.31487
1.31569
1.31606
1.31628
1.31634
1.31607
1.31533
1.31426
1.31279
1.31121
1.30946
1.30762
1.30583
1.30393
1.30234
1.30063
1.29944
1.29816
1.29748
1.29676
1.29669
1.29678
1.2971
1.29743
1.29792
1.29862
1.29956
1.30068
1.30189
1.30313
1.30438
1.30541
1.30598
1.30811
0.869364
0.906462
0.944856
0.983621
1.02036
1.05425
1.08444
1.11143
1.135
1.15596
1.17399
1.1897
1.20276
1.21362
1.22193
1.22831
1.23269
1.23569
1.2372
1.23775
1.23751
1.23654
1.23441
1.23141
1.22802
1.22451
1.22113
1.21808
1.21537
1.21313
1.21136
1.21016
1.20959
1.2095
1.20956
1.20988
1.21066
1.21214
1.21429
1.21691
1.21991
1.22322
1.22682
1.23066
1.23469
1.23886
1.24315
1.24748
1.25192
1.25635
1.26084
1.26532
1.26976
1.27421
1.27853
1.28279
1.28691
1.29085
1.29465
1.29818
1.30148
1.30453
1.30722
1.30959
1.3116
1.31318
1.31435
1.31504
1.31531
1.31549
1.31551
1.31518
1.31445
1.31332
1.31196
1.31045
1.30884
1.30716
1.30552
1.3038
1.30232
1.30075
1.29959
1.29839
1.29768
1.29699
1.29686
1.29692
1.29725
1.29759
1.29811
1.29877
1.29972
1.30084
1.30208
1.30335
1.30465
1.30575
1.30637
1.3086
0.848251
0.882938
0.919449
0.956906
0.993346
1.02745
1.05865
1.08676
1.11188
1.13419
1.15394
1.1712
1.18612
1.1988
1.20925
1.21762
1.22404
1.22878
1.23208
1.23413
1.23502
1.23506
1.23449
1.23311
1.23082
1.22801
1.22489
1.22205
1.21945
1.2173
1.21552
1.21431
1.2136
1.21341
1.21329
1.2135
1.21418
1.21553
1.21756
1.21998
1.22277
1.22584
1.22924
1.23286
1.23671
1.24069
1.24483
1.24901
1.25329
1.25755
1.26184
1.26609
1.27027
1.27444
1.27845
1.28238
1.28617
1.28978
1.29325
1.29648
1.29947
1.30223
1.30465
1.30675
1.30852
1.30987
1.31083
1.31134
1.31151
1.31165
1.31158
1.31118
1.3104
1.3093
1.30802
1.30663
1.30516
1.30365
1.30219
1.30066
1.29931
1.29791
1.29683
1.29574
1.29508
1.29446
1.29432
1.29443
1.29476
1.29522
1.29576
1.29649
1.29747
1.2986
1.29986
1.30123
1.30256
1.30376
1.3044
1.30681
0.82752
0.859768
0.894362
0.930348
0.965948
0.999876
1.03139
1.06026
1.0864
1.10995
1.131
1.14974
1.16622
1.18054
1.19285
1.20305
1.21133
1.21788
1.22285
1.22648
1.22887
1.23021
1.23056
1.23025
1.22939
1.22782
1.22561
1.22319
1.22081
1.21874
1.21704
1.21578
1.21505
1.21471
1.21447
1.21449
1.21513
1.21636
1.21815
1.22033
1.22287
1.22569
1.22885
1.23224
1.23589
1.23971
1.24366
1.24771
1.25182
1.25598
1.26015
1.26431
1.26846
1.27251
1.27653
1.28037
1.28412
1.28765
1.29099
1.29411
1.29691
1.29951
1.30169
1.3036
1.30511
1.30621
1.30695
1.30718
1.30722
1.30716
1.30689
1.30621
1.3052
1.30397
1.3026
1.30116
1.29969
1.29819
1.29677
1.29531
1.29401
1.29271
1.2917
1.29068
1.29009
1.28954
1.28943
1.28953
1.28993
1.29041
1.29098
1.29176
1.2927
1.29386
1.29509
1.29652
1.29781
1.29912
1.29978
1.30244
0.809043
0.83884
0.871207
0.905328
0.939554
0.972613
1.00386
1.03283
1.05953
1.08379
1.10587
1.12566
1.14349
1.15918
1.17309
1.1849
1.19495
1.20314
1.20984
1.21498
1.21896
1.22166
1.22342
1.22421
1.2243
1.22373
1.22275
1.22133
1.21938
1.2176
1.21597
1.21488
1.21413
1.21386
1.21362
1.21387
1.21464
1.21596
1.21771
1.21984
1.22229
1.22508
1.22816
1.23152
1.23512
1.23891
1.24284
1.24687
1.25098
1.25509
1.25924
1.26335
1.26739
1.27138
1.27522
1.27898
1.28253
1.28593
1.2891
1.29199
1.29466
1.29696
1.29897
1.30064
1.30187
1.30282
1.30329
1.30341
1.30343
1.3033
1.30289
1.30212
1.30108
1.29993
1.29868
1.29741
1.29609
1.29482
1.29353
1.29229
1.29116
1.29002
1.28915
1.28829
1.28774
1.28732
1.28718
1.28727
1.28758
1.28806
1.28857
1.28922
1.29005
1.29106
1.29216
1.29339
1.29452
1.29557
1.29608
1.29851
0.794977
0.82203
0.851922
0.883757
0.916155
0.947801
0.978156
1.00664
1.03328
1.05778
1.08039
1.1009
1.11964
1.13641
1.15154
1.16475
1.17636
1.18613
1.19446
1.20121
1.20674
1.21095
1.21418
1.21634
1.21772
1.21833
1.21841
1.21799
1.21739
1.21652
1.2155
1.21474
1.21437
1.21424
1.2143
1.21478
1.21576
1.21716
1.21889
1.22097
1.22336
1.22608
1.22909
1.23236
1.23586
1.23954
1.24337
1.2473
1.25132
1.2554
1.25949
1.26357
1.26758
1.27154
1.27535
1.27904
1.28255
1.28581
1.28886
1.29162
1.29403
1.29617
1.29792
1.29926
1.30034
1.30095
1.30117
1.30118
1.30111
1.30086
1.3002
1.2993
1.29824
1.29711
1.29594
1.29478
1.29364
1.29252
1.29142
1.29039
1.28944
1.28854
1.2878
1.28716
1.28664
1.28639
1.28623
1.28628
1.28658
1.28697
1.2874
1.28794
1.28865
1.28953
1.29049
1.29155
1.29251
1.29339
1.29375
1.29608
0.786257
0.810565
0.837823
0.867281
0.89758
0.927597
0.956692
0.984392
1.01054
1.03494
1.05765
1.07858
1.09789
1.11547
1.13152
1.14594
1.15883
1.17005
1.17987
1.1882
1.19529
1.20109
1.20585
1.20954
1.21236
1.21434
1.21568
1.21642
1.21678
1.21673
1.21651
1.2163
1.21621
1.21626
1.21664
1.21741
1.21849
1.21989
1.22161
1.22366
1.22603
1.22869
1.23162
1.23479
1.23817
1.24175
1.2455
1.24937
1.25334
1.25732
1.26131
1.26525
1.2691
1.27288
1.27646
1.27991
1.28312
1.28609
1.28883
1.29121
1.29332
1.29509
1.29646
1.29757
1.29825
1.29857
1.29868
1.29864
1.29838
1.29804
1.2973
1.29642
1.29551
1.2946
1.29371
1.29284
1.29197
1.29114
1.29034
1.2896
1.2889
1.2883
1.28778
1.28734
1.28702
1.28682
1.28673
1.28677
1.28703
1.28732
1.28767
1.28807
1.28866
1.28938
1.29016
1.29101
1.29176
1.29241
1.29259
1.29487
0.780777
0.802698
0.827538
0.854692
0.882967
0.911306
0.939084
0.965856
0.991392
1.01554
1.03821
1.05939
1.07906
1.09729
1.11404
1.12947
1.14338
1.15593
1.16701
1.17682
1.18529
1.1926
1.19873
1.20383
1.20796
1.21124
1.2137
1.21561
1.21688
1.21779
1.21832
1.21875
1.2191
1.21958
1.22023
1.22113
1.22227
1.22372
1.22543
1.22748
1.22976
1.23233
1.23512
1.23816
1.24138
1.24478
1.24832
1.25195
1.25565
1.25939
1.26309
1.26677
1.27031
1.27379
1.27706
1.28021
1.28311
1.28577
1.28818
1.29025
1.29206
1.2935
1.29461
1.29546
1.29589
1.29608
1.29612
1.29604
1.29583
1.29524
1.29454
1.29384
1.29318
1.29255
1.29196
1.2914
1.29089
1.2904
1.28995
1.28953
1.28918
1.28886
1.28861
1.28841
1.28825
1.28815
1.28812
1.28819
1.28835
1.28855
1.28875
1.28905
1.28945
1.28994
1.29051
1.29108
1.29158
1.29199
1.29199
1.29424
0.776861
0.797027
0.81988
0.845027
0.871348
0.897999
0.924367
0.950068
0.974825
0.998484
1.02093
1.04212
1.06204
1.08068
1.09805
1.11419
1.12904
1.14259
1.15483
1.16584
1.17559
1.18422
1.1917
1.19818
1.20365
1.20819
1.2119
1.21487
1.21724
1.21904
1.22041
1.22149
1.22241
1.22328
1.22424
1.2253
1.2266
1.22808
1.22985
1.23185
1.23409
1.23657
1.23926
1.24216
1.24521
1.24842
1.25175
1.25514
1.25861
1.26205
1.26548
1.26884
1.27207
1.27521
1.27815
1.28092
1.28347
1.28576
1.2878
1.28953
1.29098
1.29211
1.29297
1.29351
1.29381
1.29394
1.29401
1.29396
1.29365
1.2932
1.29278
1.29241
1.29212
1.29188
1.29168
1.2915
1.29136
1.29121
1.29109
1.29099
1.29091
1.29085
1.2908
1.29078
1.29075
1.29074
1.29077
1.29083
1.29092
1.29103
1.29113
1.2913
1.29148
1.2918
1.29202
1.29232
1.29244
1.29257
1.2922
1.29431
0.773955
0.792754
0.814108
0.837655
0.862462
0.887658
0.912743
0.937353
0.961283
0.984332
1.00644
1.02749
1.04748
1.06635
1.08416
1.10081
1.11644
1.13083
1.14415
1.15621
1.16723
1.17705
1.18586
1.19357
1.20032
1.20611
1.21104
1.21515
1.21857
1.22136
1.2236
1.22543
1.22696
1.22834
1.22965
1.23099
1.23246
1.23404
1.23586
1.23784
1.24007
1.24247
1.24508
1.24785
1.25077
1.25382
1.25693
1.26013
1.26332
1.26649
1.26962
1.27262
1.27553
1.27827
1.28085
1.28324
1.28539
1.28732
1.28899
1.29039
1.29152
1.2924
1.293
1.29337
1.29361
1.29374
1.29377
1.29354
1.29322
1.29293
1.2927
1.29254
1.29245
1.29236
1.29232
1.29227
1.29224
1.29223
1.29225
1.29228
1.29233
1.29242
1.2925
1.29259
1.29265
1.29271
1.29277
1.29287
1.29295
1.29309
1.29319
1.29338
1.29359
1.29385
1.29405
1.29428
1.29431
1.29429
1.29374
1.29569
0.770743
0.788664
0.808946
0.831333
0.854902
0.87894
0.903005
0.926738
0.949959
0.972473
0.994231
1.0151
1.03509
1.05413
1.07224
1.08937
1.10557
1.12072
1.13484
1.14788
1.15989
1.17082
1.18075
1.18966
1.19759
1.2046
1.21067
1.21592
1.22036
1.22412
1.22722
1.2298
1.23197
1.23386
1.23556
1.2372
1.23882
1.24055
1.24237
1.24437
1.24652
1.24886
1.25134
1.25396
1.25673
1.25955
1.26248
1.26539
1.26834
1.27122
1.27406
1.27678
1.27937
1.28182
1.28406
1.28612
1.28793
1.2895
1.29083
1.29186
1.29265
1.29319
1.2935
1.29363
1.29373
1.29355
1.29321
1.29277
1.29242
1.29208
1.29187
1.29173
1.29164
1.2916
1.29159
1.29161
1.29167
1.29179
1.29195
1.29215
1.29237
1.29261
1.29283
1.29304
1.2932
1.29334
1.29345
1.29356
1.29368
1.29383
1.294
1.29417
1.29436
1.29456
1.29476
1.29493
1.29503
1.29499
1.29462
1.29674
0.766445
0.783665
0.80317
0.824722
0.847443
0.870653
0.89392
0.916948
0.939593
0.961676
0.983131
1.00387
1.02383
1.04301
1.06135
1.07887
1.09553
1.11129
1.12609
1.13995
1.1528
1.1647
1.17559
1.18552
1.19447
1.20249
1.20958
1.21579
1.22118
1.22583
1.22979
1.2331
1.23595
1.23835
1.24051
1.24244
1.24431
1.24614
1.24805
1.25002
1.25213
1.25435
1.25669
1.25917
1.2617
1.26434
1.26697
1.26966
1.27229
1.27488
1.27738
1.27975
1.28201
1.28408
1.28598
1.28765
1.28908
1.29026
1.29118
1.29181
1.29223
1.2924
1.29247
1.2924
1.29207
1.29158
1.29105
1.29062
1.29026
1.29
1.28987
1.28979
1.28981
1.28987
1.28998
1.29012
1.29033
1.29064
1.29103
1.29142
1.29182
1.29221
1.29257
1.29289
1.29315
1.29336
1.29353
1.29368
1.29382
1.29395
1.29408
1.2942
1.29434
1.29449
1.2946
1.29471
1.29475
1.29466
1.29435
1.2966
0.760259
0.776967
0.795863
0.816705
0.838725
0.861263
0.883909
0.906413
0.928574
0.950345
0.971529
0.992197
1.01213
1.03147
1.05
1.06787
1.08489
1.1012
1.11658
1.13114
1.14474
1.15747
1.16924
1.18009
1.19001
1.19899
1.20709
1.21427
1.22063
1.22617
1.23101
1.23514
1.23866
1.24167
1.24429
1.24664
1.24877
1.25081
1.2528
1.25481
1.25688
1.259
1.26124
1.26351
1.26587
1.26825
1.27064
1.27303
1.27535
1.27761
1.27976
1.28179
1.28367
1.28538
1.28688
1.28818
1.28917
1.28998
1.29044
1.29073
1.29073
1.2907
1.29045
1.28995
1.28928
1.28867
1.28811
1.28771
1.2874
1.28725
1.28719
1.28724
1.28736
1.2875
1.28771
1.28804
1.28848
1.289
1.28955
1.2901
1.29066
1.29118
1.29165
1.29208
1.29245
1.29277
1.29302
1.29324
1.29341
1.29356
1.29367
1.29377
1.29385
1.29393
1.29397
1.29399
1.29387
1.29369
1.29334
1.2956
0.754786
0.770798
0.788993
0.809132
0.830413
0.852229
0.874191
0.89609
0.917744
0.939087
0.95999
0.980441
1.00032
1.01966
1.03834
1.0564
1.07377
1.09046
1.10638
1.1215
1.13581
1.14925
1.16186
1.17357
1.18441
1.19435
1.2034
1.21158
1.21888
1.22537
1.23108
1.23606
1.24038
1.24409
1.24732
1.25011
1.25261
1.25487
1.25702
1.25908
1.26113
1.26318
1.26527
1.26737
1.26951
1.27165
1.27377
1.27588
1.2779
1.27984
1.28169
1.28337
1.28494
1.28626
1.28742
1.28827
1.2889
1.28923
1.28935
1.28926
1.28903
1.28855
1.28782
1.28694
1.28612
1.2854
1.28472
1.28427
1.2839
1.28372
1.28365
1.28365
1.28369
1.28383
1.28412
1.28457
1.28509
1.2857
1.2863
1.28697
1.28761
1.28827
1.28885
1.28944
1.28994
1.29043
1.29085
1.29125
1.29159
1.29191
1.29217
1.29238
1.29256
1.29269
1.29276
1.29275
1.29259
1.2924
1.29193
1.2941
0.748545
0.764066
0.781738
0.801302
0.821979
0.843215
0.864618
0.886026
0.907252
0.928261
0.94891
0.969208
0.989017
1.00838
1.02715
1.04543
1.06304
1.0801
1.09644
1.11209
1.12697
1.14108
1.15439
1.16686
1.17849
1.18926
1.19915
1.20818
1.21632
1.22362
1.2301
1.23584
1.24082
1.24516
1.24889
1.25216
1.25498
1.25755
1.25982
1.26198
1.264
1.26599
1.26793
1.26988
1.27179
1.27369
1.27557
1.27733
1.27908
1.28063
1.28218
1.28345
1.28469
1.28556
1.28635
1.28671
1.28695
1.28681
1.28657
1.28613
1.28537
1.2843
1.28322
1.28214
1.28115
1.28027
1.27949
1.2789
1.27849
1.27825
1.27815
1.27807
1.2781
1.27833
1.27874
1.27931
1.27992
1.28065
1.28135
1.28216
1.28289
1.28368
1.28438
1.28508
1.28568
1.28627
1.28676
1.28723
1.28763
1.28799
1.2883
1.28857
1.28881
1.28906
1.28921
1.28933
1.28932
1.28933
1.28903
1.29135
0.736538
0.752277
0.770077
0.789646
0.810205
0.831227
0.852398
0.873546
0.894572
0.915382
0.935934
0.956129
0.975972
0.995354
1.0143
1.03273
1.05065
1.06801
1.08474
1.1008
1.11616
1.1308
1.14466
1.15775
1.17002
1.18148
1.1921
1.20188
1.21082
1.21894
1.22623
1.23276
1.23847
1.24352
1.24786
1.25168
1.25493
1.25785
1.26033
1.26267
1.26472
1.26669
1.26855
1.27033
1.27206
1.27371
1.27532
1.27679
1.27819
1.27943
1.28061
1.2815
1.28238
1.28284
1.28321
1.28318
1.28297
1.28257
1.2819
1.28087
1.27959
1.27827
1.277
1.27582
1.27477
1.27384
1.27313
1.27261
1.27235
1.27227
1.27223
1.27238
1.27256
1.27309
1.27375
1.27451
1.27536
1.27625
1.27718
1.27812
1.27906
1.27995
1.28073
1.28137
1.28196
1.28242
1.28272
1.28296
1.28315
1.2833
1.28341
1.28353
1.28363
1.28376
1.28384
1.2839
1.28393
1.28404
1.28381
1.28638
0.719771
0.736024
0.754262
0.774139
0.794871
0.815941
0.837107
0.858206
0.879177
0.899936
0.920447
0.940656
0.960522
0.980012
0.999078
1.01771
1.03586
1.05352
1.07063
1.08716
1.10304
1.11826
1.13276
1.14655
1.15957
1.17181
1.18325
1.19388
1.20367
1.21268
1.22078
1.22819
1.2347
1.24058
1.2456
1.25013
1.2539
1.2573
1.26013
1.26271
1.26493
1.26697
1.26878
1.27052
1.27206
1.27354
1.27488
1.27606
1.27719
1.27808
1.27894
1.27958
1.27997
1.28027
1.28015
1.27993
1.27943
1.27855
1.27735
1.27601
1.27461
1.27325
1.27195
1.27074
1.26968
1.26879
1.26811
1.26766
1.26747
1.26741
1.26739
1.26751
1.26777
1.26835
1.26902
1.26978
1.27064
1.27158
1.27259
1.27365
1.27473
1.27581
1.27687
1.27787
1.27878
1.27952
1.28007
1.28053
1.28073
1.28055
1.28021
1.2799
1.27953
1.27919
1.27882
1.27847
1.27811
1.27798
1.27747
1.27994
0.709298
0.724642
0.742105
0.76126
0.781387
0.801954
0.82273
0.8435
0.864234
0.884801
0.905204
0.925343
0.945215
0.964745
0.983929
1.00271
1.02109
1.03901
1.05647
1.07342
1.08978
1.10557
1.12069
1.13516
1.14893
1.16193
1.17424
1.18569
1.19642
1.20629
1.21535
1.22362
1.23104
1.23772
1.24357
1.24875
1.25321
1.25711
1.26041
1.26331
1.26575
1.26794
1.2698
1.2715
1.27292
1.27427
1.27532
1.27638
1.27713
1.27789
1.27839
1.2787
1.27885
1.27867
1.27829
1.27757
1.27645
1.27501
1.27341
1.27177
1.27006
1.26841
1.26682
1.26528
1.26398
1.26291
1.2621
1.26163
1.26136
1.26119
1.26116
1.2612
1.26156
1.26209
1.26274
1.26348
1.26427
1.2651
1.26599
1.26699
1.2681
1.2693
1.27054
1.2718
1.27304
1.27426
1.27539
1.27637
1.27708
1.27747
1.27768
1.27769
1.27726
1.27657
1.27572
1.27504
1.27411
1.27363
1.27249
1.27457
0.70586
0.719646
0.735661
0.753494
0.772476
0.79201
0.811924
0.831936
0.852088
0.872165
0.892191
0.912067
0.931744
0.951204
0.97038
0.989234
1.00777
1.02589
1.04364
1.06094
1.0777
1.09397
1.10959
1.12464
1.139
1.15267
1.16563
1.17783
1.18927
1.1999
1.20976
1.21879
1.22701
1.23443
1.24105
1.24689
1.252
1.2564
1.26019
1.26342
1.26614
1.26846
1.27042
1.27204
1.27342
1.27452
1.2754
1.27609
1.27663
1.27698
1.27719
1.27715
1.27693
1.2764
1.27541
1.27403
1.27246
1.27074
1.26893
1.2671
1.26523
1.26343
1.26174
1.26016
1.25879
1.25771
1.25687
1.2563
1.25596
1.2557
1.2556
1.2557
1.25608
1.25666
1.25732
1.25805
1.25883
1.25964
1.26045
1.26125
1.26212
1.2631
1.26425
1.26556
1.26697
1.26843
1.26987
1.27129
1.27259
1.27374
1.27463
1.27517
1.27532
1.2752
1.27488
1.27438
1.27344
1.27273
1.27126
1.27295
0.698415
0.712104
0.727831
0.745206
0.763714
0.782713
0.802155
0.821686
0.841408
0.861107
0.880795
0.900444
0.919903
0.93928
0.958388
0.977272
0.995905
1.01415
1.03213
1.04969
1.0668
1.08348
1.09956
1.11512
1.13006
1.14433
1.15796
1.17084
1.18302
1.1944
1.20504
1.21483
1.22382
1.232
1.2393
1.24583
1.25156
1.25651
1.2608
1.2644
1.26741
1.26992
1.27195
1.27354
1.27481
1.27573
1.27632
1.27675
1.27701
1.27707
1.27701
1.27671
1.27596
1.27478
1.27328
1.27153
1.26963
1.26755
1.26539
1.26324
1.26106
1.25903
1.25721
1.25554
1.25416
1.25312
1.25237
1.25189
1.25162
1.25149
1.25149
1.25173
1.25233
1.25318
1.25408
1.25498
1.25591
1.25684
1.25771
1.25849
1.25916
1.25983
1.26053
1.2614
1.26249
1.26373
1.26517
1.26669
1.2682
1.26964
1.27095
1.27207
1.27292
1.27356
1.27387
1.27383
1.27354
1.27312
1.27236
1.27413
0.701829
0.714026
0.728321
0.744357
0.761646
0.779518
0.797978
0.816566
0.835551
0.854503
0.873652
0.89278
0.911838
0.930948
0.949762
0.968601
0.987114
1.00543
1.02353
1.0412
1.05863
1.07554
1.09203
1.10799
1.12338
1.13816
1.15232
1.16576
1.17855
1.19053
1.20182
1.21225
1.2219
1.23073
1.23869
1.24587
1.25215
1.25765
1.2624
1.26635
1.26968
1.27238
1.27445
1.27606
1.27717
1.27783
1.27816
1.27827
1.27828
1.27814
1.27767
1.27675
1.27541
1.2738
1.27191
1.26981
1.26756
1.26517
1.26277
1.26044
1.25814
1.25608
1.25429
1.2527
1.25146
1.25056
1.24997
1.24962
1.24941
1.24932
1.24934
1.24964
1.25029
1.25113
1.25202
1.25294
1.25387
1.25479
1.25569
1.2565
1.2572
1.25779
1.25846
1.25923
1.26015
1.2613
1.26266
1.26416
1.26573
1.26727
1.26871
1.26998
1.27099
1.27179
1.27227
1.27244
1.27232
1.27196
1.27125
1.27303
0.703797
0.715733
0.729628
0.745167
0.76185
0.779117
0.796929
0.814944
0.833307
0.851768
0.870399
0.889125
0.907813
0.926634
0.945203
0.963939
0.982268
1.00068
1.01868
1.03652
1.054
1.07105
1.08777
1.10385
1.11955
1.13456
1.14905
1.16283
1.176
1.1884
1.20014
1.21104
1.22121
1.23057
1.23905
1.24678
1.25356
1.25958
1.26474
1.26906
1.27268
1.27552
1.27773
1.27928
1.28025
1.28069
1.28075
1.28072
1.28051
1.2799
1.27882
1.2773
1.27548
1.27344
1.27112
1.26869
1.26604
1.26335
1.26066
1.25805
1.25557
1.25334
1.2514
1.2497
1.24837
1.24743
1.24683
1.24648
1.24625
1.2461
1.24609
1.2464
1.24706
1.2478
1.24855
1.24936
1.25023
1.25113
1.25202
1.25285
1.25367
1.25448
1.25538
1.25643
1.25764
1.25909
1.26066
1.26235
1.26408
1.26576
1.26734
1.26875
1.26994
1.2709
1.27146
1.27163
1.2715
1.27116
1.27051
1.27222
0.691534
0.704544
0.719328
0.735634
0.752842
0.77059
0.788601
0.806916
0.825306
0.843933
0.86255
0.88133
0.900006
0.918819
0.937401
0.956145
0.974508
0.993032
1.01104
1.02912
1.04659
1.06394
1.08072
1.09707
1.11301
1.12826
1.1431
1.15718
1.17075
1.18354
1.19571
1.20708
1.21772
1.22759
1.23657
1.24482
1.25209
1.25858
1.26415
1.26889
1.27279
1.27589
1.27821
1.27979
1.28066
1.28088
1.28087
1.28069
1.28014
1.27901
1.27735
1.27533
1.27305
1.27053
1.26776
1.26485
1.26181
1.25876
1.2558
1.25291
1.25022
1.24782
1.24564
1.24382
1.24255
1.24166
1.24115
1.24097
1.24096
1.241
1.24145
1.24203
1.24295
1.24378
1.24458
1.24536
1.24614
1.24694
1.24774
1.24856
1.24944
1.25044
1.25161
1.253
1.25459
1.25636
1.25821
1.26009
1.26189
1.26358
1.26511
1.26643
1.26747
1.26815
1.26834
1.26828
1.26816
1.26793
1.26706
1.26843
0.672436
0.686179
0.701728
0.718747
0.736601
0.754896
0.773404
0.792125
0.810931
0.829874
0.848805
0.867842
0.886745
0.905765
0.92456
0.94345
0.962036
0.980696
0.998917
1.01721
1.03486
1.05257
1.0695
1.08634
1.10249
1.11826
1.13346
1.14807
1.16214
1.17547
1.18824
1.20023
1.2115
1.22202
1.23166
1.24052
1.24847
1.25553
1.26168
1.26693
1.27124
1.2747
1.2772
1.27893
1.27967
1.27984
1.27976
1.27946
1.27857
1.27702
1.27491
1.27249
1.2698
1.26687
1.26375
1.26052
1.25724
1.25397
1.25079
1.24781
1.24499
1.24232
1.24002
1.23831
1.23704
1.23609
1.23563
1.23558
1.236
1.23646
1.23741
1.23861
1.24012
1.24161
1.24307
1.24448
1.24583
1.2471
1.24831
1.24946
1.25061
1.25179
1.25302
1.25431
1.25565
1.25702
1.25839
1.25972
1.26094
1.26195
1.26277
1.26352
1.2641
1.26451
1.26441
1.26436
1.26381
1.26368
1.26272
1.26456
0.65572
0.669269
0.684737
0.701752
0.719671
0.738089
0.756806
0.775713
0.79475
0.813864
0.833005
0.852175
0.871279
0.890419
0.909401
0.928446
0.947194
0.966043
0.984463
1.00301
1.02109
1.03913
1.05671
1.07398
1.0909
1.10721
1.12322
1.13853
1.15338
1.16752
1.1811
1.19386
1.206
1.21722
1.22771
1.23729
1.24594
1.25372
1.26048
1.26629
1.2711
1.27489
1.2777
1.27949
1.28022
1.28036
1.28019
1.27987
1.27871
1.27684
1.27441
1.27163
1.26858
1.26533
1.26193
1.25845
1.25496
1.25151
1.24821
1.24518
1.24239
1.23974
1.2374
1.23568
1.23453
1.23371
1.23331
1.23317
1.23356
1.2342
1.23545
1.23695
1.23878
1.24067
1.24263
1.24462
1.24663
1.2486
1.2505
1.2523
1.25396
1.25545
1.25676
1.2579
1.259
1.25996
1.26058
1.261
1.26128
1.26146
1.26153
1.26153
1.2615
1.26148
1.26128
1.26122
1.26095
1.2611
1.26049
1.26283
0.688027
0.697982
0.70994
0.723718
0.738812
0.754711
0.771257
0.788189
0.805601
0.823192
0.841176
0.859199
0.877518
0.895858
0.914279
0.93284
0.951193
0.969799
0.988019
1.00644
1.02454
1.04253
1.0603
1.07768
1.09481
1.11145
1.12768
1.14341
1.15855
1.17313
1.18707
1.20029
1.21285
1.22452
1.23554
1.2455
1.25477
1.26286
1.27019
1.27627
1.28149
1.28544
1.28848
1.29027
1.29097
1.29107
1.2908
1.29031
1.2888
1.28652
1.28372
1.28057
1.27717
1.27356
1.26987
1.26624
1.2627
1.25928
1.25614
1.2533
1.2507
1.24838
1.24654
1.24511
1.24393
1.24319
1.24292
1.24279
1.24273
1.24286
1.24331
1.24419
1.24536
1.24683
1.2486
1.25062
1.25283
1.25515
1.25749
1.25979
1.26196
1.26392
1.26558
1.26688
1.26786
1.26863
1.26928
1.26952
1.26921
1.26881
1.26833
1.26787
1.26742
1.26702
1.26649
1.26611
1.26556
1.26543
1.26463
1.26694
0.72289
0.73219
0.743278
0.75594
0.769945
0.7846
0.800076
0.81577
0.832169
0.84864
0.865712
0.882826
0.90033
0.918001
0.935755
0.953818
0.971711
0.989904
1.00784
1.02587
1.04364
1.06129
1.07869
1.09574
1.11249
1.12876
1.14465
1.15997
1.17485
1.18908
1.2028
1.21577
1.22818
1.23972
1.25063
1.26057
1.2698
1.27794
1.2853
1.29149
1.29676
1.30093
1.30393
1.30593
1.30661
1.30667
1.30651
1.30579
1.30399
1.30129
1.29808
1.29447
1.29062
1.28666
1.28268
1.27878
1.27512
1.27167
1.26847
1.26569
1.26323
1.26111
1.25946
1.25822
1.25734
1.25686
1.25675
1.2567
1.25667
1.25682
1.25719
1.25778
1.25851
1.2593
1.26019
1.26113
1.26218
1.2633
1.26447
1.26574
1.267
1.26829
1.26952
1.27068
1.27175
1.2727
1.27354
1.27421
1.27471
1.27505
1.27523
1.27526
1.27517
1.27491
1.27451
1.27398
1.2734
1.27285
1.27199
1.27383
0.739188
0.749222
0.76105
0.774204
0.78859
0.803519
0.819086
0.834939
0.851162
0.867657
0.884414
0.90145
0.918636
0.936116
0.953605
0.971405
0.989084
1.00706
1.02476
1.04267
1.06009
1.07757
1.09459
1.1114
1.1278
1.1438
1.15935
1.17443
1.189
1.203
1.21646
1.22928
1.24143
1.25292
1.26362
1.27358
1.28263
1.29085
1.29805
1.30434
1.30947
1.31367
1.31659
1.31846
1.31904
1.31898
1.31862
1.31767
1.31565
1.31263
1.30907
1.3051
1.30091
1.2966
1.29231
1.28814
1.28421
1.28059
1.27729
1.27439
1.2719
1.26978
1.26802
1.26675
1.26581
1.26524
1.26501
1.26487
1.26481
1.26494
1.26544
1.26613
1.26698
1.26791
1.26879
1.26955
1.27016
1.27066
1.2711
1.27149
1.27184
1.27213
1.27241
1.27277
1.27338
1.27412
1.27495
1.27584
1.27676
1.27762
1.27834
1.27895
1.27932
1.27941
1.27922
1.27877
1.27814
1.27731
1.27628
1.2777
0.690612
0.703474
0.717988
0.733961
0.750699
0.768007
0.785501
0.803266
0.821146
0.839171
0.857313
0.875526
0.893788
0.912128
0.93042
0.948829
0.967083
0.985452
1.00354
1.02177
1.03955
1.05749
1.07477
1.0921
1.1088
1.12534
1.14126
1.15688
1.1719
1.18637
1.20041
1.21362
1.22639
1.23832
1.24958
1.26001
1.26957
1.27821
1.28587
1.29245
1.29798
1.30232
1.30549
1.30738
1.30797
1.30788
1.30753
1.3065
1.30426
1.301
1.29716
1.29289
1.28839
1.28373
1.27911
1.27461
1.27039
1.26649
1.26291
1.25982
1.25709
1.25479
1.25294
1.25145
1.25047
1.24989
1.24967
1.24951
1.24971
1.24995
1.25071
1.2516
1.2526
1.25363
1.25461
1.25553
1.25634
1.25694
1.2576
1.25843
1.25935
1.2603
1.26123
1.26224
1.26351
1.26509
1.26678
1.26847
1.27013
1.27172
1.27311
1.27436
1.27533
1.27605
1.27637
1.27646
1.27636
1.27605
1.2754
1.27729
0.651365
0.664101
0.678696
0.694875
0.711942
0.729608
0.747603
0.765888
0.784355
0.802994
0.821717
0.840531
0.859357
0.878242
0.897081
0.915954
0.934706
0.953505
0.972009
0.99067
1.00881
1.02715
1.04491
1.06268
1.07993
1.09697
1.11349
1.12964
1.14528
1.16037
1.17496
1.18886
1.2022
1.2147
1.22649
1.23742
1.24739
1.25643
1.26441
1.27129
1.2771
1.28159
1.28504
1.28695
1.28772
1.28767
1.28722
1.28633
1.28392
1.28046
1.27637
1.27186
1.26708
1.26226
1.25748
1.25286
1.2486
1.24468
1.24106
1.23792
1.23524
1.23283
1.23087
1.22957
1.22869
1.22835
1.22833
1.2287
1.2293
1.23023
1.23164
1.23326
1.23503
1.23687
1.23872
1.24055
1.24231
1.24399
1.24565
1.24733
1.24892
1.2505
1.25215
1.25384
1.25555
1.25726
1.25892
1.26057
1.26213
1.26365
1.26506
1.2664
1.26758
1.26866
1.26947
1.27014
1.2707
1.27123
1.27135
1.27412
0.65095
0.662483
0.675963
0.691036
0.707175
0.72393
0.741127
0.758704
0.77654
0.794643
0.812922
0.831344
0.849869
0.868535
0.88716
0.905969
0.924574
0.943417
0.961813
0.980583
0.99865
1.0171
1.03482
1.05265
1.06987
1.08695
1.10345
1.1196
1.13527
1.15036
1.16503
1.17896
1.19237
1.205
1.21682
1.22791
1.2379
1.24711
1.2551
1.26216
1.26802
1.27265
1.27618
1.27817
1.27899
1.27911
1.27857
1.27768
1.27519
1.27168
1.26751
1.26294
1.25815
1.25328
1.24851
1.24396
1.23965
1.23563
1.23207
1.22897
1.22614
1.22361
1.22173
1.2205
1.21963
1.21928
1.21952
1.21985
1.22085
1.22191
1.22365
1.22558
1.22766
1.22983
1.23203
1.2342
1.23629
1.23826
1.24013
1.242
1.24387
1.24558
1.24715
1.24873
1.25034
1.25202
1.25373
1.25547
1.25718
1.25888
1.26049
1.26211
1.2636
1.26504
1.2663
1.2675
1.26856
1.26967
1.27027
1.27357
)
;

boundaryField
{
    inlet
    {
        type            calculated;
        value           uniform 3.00001;
    }
    outlet
    {
        type            calculated;
        value           nonuniform List<scalar> 
40
(
0.671779
0.858758
1.0109
1.12038
1.19847
1.24989
1.27923
1.29529
1.30427
1.30811
1.3086
1.30681
1.30244
1.29851
1.29608
1.29487
1.29424
1.29431
1.29569
1.29674
1.2966
1.2956
1.2941
1.29135
1.28638
1.27994
1.27457
1.27295
1.27413
1.27303
1.27222
1.26843
1.26456
1.26283
1.26694
1.27383
1.2777
1.27729
1.27412
1.27357
)
;
    }
    bottom
    {
        type            symmetryPlane;
    }
    top
    {
        type            symmetryPlane;
    }
    obstacle
    {
        type            calculated;
        value           uniform 0;
    }
    defaultFaces
    {
        type            empty;
    }
}


// ************************************************************************* //
