/*--------------------------------*- C++ -*----------------------------------*\
| =========                 |                                                 |
| \\      /  F ield         | OpenFOAM: The Open Source CFD Toolbox           |
|  \\    /   O peration     | Version:  2412                                  |
|   \\  /    A nd           | Website:  www.openfoam.com                      |
|    \\/     M anipulation  |                                                 |
\*---------------------------------------------------------------------------*/
FoamFile
{
    version     2.0;
    format      ascii;
    arch        "LSB;label=32;scalar=64";
    class       volScalarField;
    location    "2";
    object      p;
}
// * * * * * * * * * * * * * * * * * * * * * * * * * * * * * * * * * * * * * //

dimensions      [1 -1 -2 0 0 0 0];

internalField   nonuniform List<scalar> 
7000
(
1
1
1
1
1
1
1
1
1
1
1.00001
1.00001
1.00004
1.00004
1.0002
1.00026
1.00123
1.00126
1.00686
1.00766
1.0394
1.05877
1.27382
1.25507
2.96012
4.98164
10.7146
10.5573
10.1594
9.83036
9.80414
9.86279
10.0071
10.1735
10.3062
10.4181
10.5257
10.6352
10.7461
10.8561
10.9618
11.0634
11.1587
11.2455
11.3223
11.3908
11.4452
11.4854
11.5124
11.5304
1
1
1
1
1
1
1
1
1
1
1
1.00001
1.00002
1.00006
1.00007
1.00047
1.00116
1.00133
1.00688
1.00836
1.03826
1.06007
1.2719
1.25305
2.95793
4.97399
10.7126
10.5526
10.154
9.82632
9.80142
9.8604
10.0051
10.1713
10.3038
10.4156
10.5234
10.6331
10.744
10.8542
10.96
11.0618
11.1573
11.2442
11.3211
11.3897
11.4442
11.4846
11.5118
11.5302
1
1
1
1
1
1
1
1
1
1
1.00001
1.00001
1.00004
1.00004
1.00021
1.00026
1.00124
1.00128
1.00688
1.00784
1.0381
1.05871
1.27087
1.24721
2.95701
4.95577
10.7062
10.544
10.1453
9.81873
9.79556
9.8549
10.0001
10.1656
10.2976
10.4093
10.5171
10.6267
10.7375
10.8477
10.9531
11.0549
11.1501
11.2369
11.3136
11.382
11.4366
11.4778
11.5056
11.5249
1
1
1
1
1
1
1
1
1
1
1.00001
1.00001
1.00004
1.00005
1.00022
1.00026
1.00123
1.00128
1.00678
1.00734
1.03782
1.05803
1.26785
1.24173
2.95319
4.93325
10.6967
10.5298
10.131
9.80707
9.78607
9.84589
9.99152
10.1564
10.2876
10.399
10.5067
10.6162
10.7268
10.8368
10.9418
11.0433
11.1383
11.2247
11.3011
11.3693
11.4241
11.4659
11.4944
11.5147
1
1
1
1
1
1
1
1
1
1
1.00001
1.00001
1.00004
1.00005
1.00022
1.00026
1.00121
1.00126
1.00664
1.00756
1.03665
1.05675
1.26372
1.23324
2.94876
4.90344
10.6827
10.5112
10.1132
9.79185
9.77281
9.83306
9.9791
10.143
10.2734
10.3843
10.4918
10.601
10.7113
10.821
10.9253
11.0265
11.1211
11.2072
11.2832
11.3513
11.4063
11.4488
11.4779
11.499
1
1
1
1
1
1
1
1
1
1
1.00001
1.00001
1.00004
1.00005
1.00022
1.00026
1.00119
1.00124
1.00642
1.00715
1.0357
1.05443
1.2588
1.22267
2.94351
4.86449
10.6639
10.4893
10.0934
9.7727
9.75523
9.81602
9.96256
10.1254
10.2546
10.3649
10.472
10.5807
10.6904
10.7997
10.9031
11.0039
11.0979
11.1835
11.2592
11.3272
11.3823
11.4255
11.4551
11.4769
1
1
1
1
1
1
1
1
1
1
1.00001
1.00001
1.00004
1.00005
1.00021
1.00025
1.00115
1.0012
1.00622
1.00728
1.03388
1.05231
1.25184
1.20966
2.93603
4.81565
10.6393
10.4621
10.0693
9.74794
9.73241
9.79413
9.94172
10.1032
10.231
10.3405
10.447
10.5548
10.6637
10.7722
10.8745
10.9746
11.0679
11.153
11.2282
11.296
11.3513
11.395
11.4251
11.4475
1
1
1
1
1
1
1
1
1
1
1.00001
1.00001
1.00004
1.00005
1.00021
1.00025
1.00111
1.00119
1.00596
1.00701
1.03171
1.05055
1.24356
1.19326
2.92713
4.758
10.6087
10.4285
10.0396
9.71786
9.70485
9.76772
9.91663
10.0765
10.2026
10.3108
10.4163
10.523
10.6306
10.7381
10.8389
10.9381
11.0305
11.1148
11.1894
11.2569
11.3122
11.3563
11.3868
11.4097
1
1
1
1
1
1
1
1
1
1
1.00001
1.00001
1.00004
1.00005
1.0002
1.00024
1.00108
1.00114
1.00579
1.00674
1.0303
1.04726
1.23481
1.17367
2.91214
4.68776
10.5654
10.3834
10.0025
9.68301
9.6732
9.73709
9.88724
10.0456
10.1697
10.2763
10.3804
10.4854
10.5913
10.6972
10.7959
10.8937
10.9848
11.068
11.1419
11.209
11.2642
11.3086
11.3392
11.3625
1
1
1
1
1
1
1
1
1
1
1.00001
1.00001
1.00004
1.00005
1.00022
1.00027
1.00114
1.00133
1.00587
1.00693
1.02903
1.04563
1.22184
1.15924
2.88732
4.63871
10.5054
10.32
9.95316
9.64359
9.63753
9.70193
9.85252
10.0094
10.1317
10.2366
10.3389
10.4418
10.5454
10.6491
10.7451
10.8409
10.93
11.0116
11.0844
11.1507
11.2056
11.2501
11.2808
11.3045
1
1
1
1
1
1
1
1
1
1
1
1.00002
1.00002
1.0001
1.00009
1.0005
1.00034
0.99973
1.01184
1.02912
1.01853
1.06718
1.15114
1.05791
2.88124
4.64354
10.4199
10.2429
9.8946
9.60033
9.59836
9.66273
9.81271
9.96778
10.0879
10.1909
10.2913
10.3917
10.4923
10.5927
10.6859
10.779
10.8655
10.9449
11.016
11.081
11.1352
11.1795
11.21
11.2338
1
1
1
1
1
1
1
1
1
1
1.00001
1.00003
1.00003
1.00015
1.00016
1.00083
1.00102
1.00446
1.00652
1.0277
1.01548
1.06215
1.13963
1.04672
2.84634
4.5658
10.3139
10.1511
9.83132
9.55361
9.55426
9.61896
9.76724
9.92024
10.0383
10.139
10.2369
10.3344
10.4315
10.5273
10.6177
10.707
10.7898
10.8662
10.9348
10.998
11.0507
11.0944
11.1244
11.1487
1
1
1
1
1
1
1
1
1
1
1.00001
1.00003
1.00003
1.00014
1.00017
1.00076
1.00093
1.00404
1.0059
1.02346
1.01289
1.05729
1.12678
1.02375
2.81927
4.42788
10.1607
10.0724
9.77504
9.50563
9.50673
9.57081
9.7171
9.86705
9.9823
10.0803
10.1752
10.2694
10.3625
10.4519
10.5399
10.6238
10.7019
10.7743
10.8393
10.8994
10.9499
10.9921
11.0212
11.0453
1
1
1
1
1
1
1
1
1
1
1.00001
1.00002
1.00003
1.00013
1.00014
1.00069
1.00084
1.00346
1.0052
1.02026
1.00973
1.0515
1.11508
1.00997
2.76817
4.27824
9.9568
10.0077
9.72223
9.45314
9.45421
9.51707
9.66132
9.80834
9.92049
10.0152
10.1063
10.1963
10.285
10.3678
10.4505
10.5283
10.6007
10.6676
10.7275
10.7829
10.8294
10.8689
10.896
10.9201
1
1
1
1
1
1
1
1
1
1
1
1.00002
1.00002
1.00011
1.00012
1.00058
1.00071
1.00289
1.00435
1.01761
1.0066
1.04461
1.10181
0.995591
2.70577
4.09208
9.69787
9.94634
9.67284
9.39941
9.39822
9.45916
9.60069
9.74433
9.85293
9.94379
10.0304
10.1149
10.1973
10.2739
10.3495
10.4197
10.4845
10.5439
10.5965
10.6449
10.6851
10.7195
10.7428
10.7657
1
1
1
1
1
1
1
1
1
1
1
1.00002
1.00002
1.00009
1.0001
1.00044
1.00056
1.00214
1.00343
1.0135
1.00314
1.03789
1.08808
0.981447
2.63573
3.86969
9.38385
9.87691
9.62772
9.34514
9.3371
9.39625
9.53423
9.67425
9.77893
9.86549
9.94703
10.0255
10.0996
10.1697
10.2359
10.2967
10.3518
10.4009
10.4429
10.4805
10.5103
10.5358
10.5524
10.5729
1
1
1
1
1
1
1
1
1
1
1
1.00001
1.00001
1.00006
1.00007
1.00032
1.00044
1.0015
1.00256
1.00859
1.0009
1.03094
1.074
0.968168
2.55393
3.62857
9.00731
9.79648
9.57774
9.28696
9.26979
9.32684
9.46076
9.59703
9.69763
9.77946
9.8551
9.92634
9.99208
10.0529
10.1085
10.1579
10.2004
10.2361
10.2632
10.2843
10.2972
10.306
10.3093
10.3228
1
1
1
1
1
1
1
1
1
1
1
1.00001
1.00001
1.00004
1.00005
1.00021
1.00032
1.00095
1.00159
1.00492
0.997363
1.02411
1.06023
0.956691
2.46198
3.36541
8.55984
9.69969
9.51864
9.22379
9.19604
9.25014
9.37877
9.51156
9.60824
9.68491
9.754
9.81773
9.87335
9.92363
9.9664
10.0014
10.028
10.0455
10.0514
10.0479
10.0341
10.0127
9.98776
9.98263
1
1
1
1
1
1
1
1
1
1
1
1.00001
1.00001
1.00003
1.00003
1.00016
1.00024
1.00074
1.00073
1.00236
0.994619
1.01786
1.04729
0.947843
2.36083
3.07967
8.03554
9.58052
9.44196
9.16427
9.11842
9.16697
9.28714
9.41721
9.50999
9.58064
9.64242
9.69761
9.74333
9.78071
9.80872
9.82674
9.83265
9.82673
9.80527
9.76282
9.70353
9.62716
9.5399
9.47694
1
1
1
1
1
1
1
1
1
1
1
1
1
1.00001
1.00001
1.00002
0.999988
1.00001
0.999686
1.0006
0.992747
1.01229
1.03492
0.940777
2.25415
2.77938
7.44595
9.41892
9.33055
9.1028
9.03764
9.07893
9.18734
9.31413
9.40275
9.4665
9.51978
9.56493
9.59866
9.62192
9.6336
9.63127
9.61562
9.57737
9.51183
9.41654
9.28717
9.10838
8.87508
8.61816
1
1
1
1
1
1
1
1
1
1
1
1
1
1.00002
1.00002
1.00008
1.0001
1.00039
1.00061
1.00273
0.99899
1.00128
1.01268
0.96986
2.0834
2.42233
6.6583
9.18669
9.17007
9.00256
8.92861
8.96402
9.06315
9.18482
9.26812
9.32313
9.3651
9.39721
9.41613
9.4211
9.41403
9.38829
9.33268
9.24737
9.12566
8.95039
8.69589
8.29444
7.60795
6.11185
1
1
1
1
1
1
1
1
1
1
1
1
1.00001
1.00001
1.00007
1.00006
1.0004
1.0004
1.0024
1.00264
1.01432
1.0234
1.08035
1.04735
1.81572
1.94339
5.523
8.84597
9.03172
8.90627
8.82353
8.85456
8.94421
9.05468
9.12432
9.16311
9.18762
9.20209
9.20183
9.19153
9.15915
9.09216
8.99428
8.85941
8.67218
8.40719
8.02346
7.44457
6.58371
5.1079
1
1
1
1
1
1
1
1
1
1
1
1
1.00001
1.00001
1.00006
1.00009
1.00034
1.0004
1.00187
1.00174
1.011
1.01336
1.06996
1.0813
1.52532
1.65185
4.30521
8.11492
8.96566
8.89545
8.77928
8.78556
8.83191
8.92013
8.976
9.00173
9.00784
9.00437
8.98926
8.95226
8.88227
8.78483
8.65245
8.47388
8.23436
7.91092
7.47019
6.86468
6.08142
5.00398
1
1
1
1
1
1
1
1
1
1
1
1
1.00001
1.00001
1.00005
1.00005
1.00027
1.00027
1.00159
1.00146
1.00903
1.01112
1.05095
1.0773
1.35569
1.31773
3.54338
6.6382
8.76928
8.91483
8.82594
8.74687
8.7551
8.78814
8.8264
8.83722
8.83342
8.81855
8.78428
8.71965
8.62596
8.50052
8.3372
8.12801
7.86195
7.51962
7.08403
6.53124
5.86684
5.03447
1
1
1
1
1
1
1
1
1
1
1
1
1.00001
1.00003
1.00003
1.00015
1.00016
1.00085
1.00076
1.00503
1.00615
1.02596
1.02317
1.10055
1.16489
1.10826
2.57692
4.17494
8.2915
8.99725
8.91345
8.74965
8.68019
8.67866
8.68327
8.68109
8.6683
8.63565
8.57442
8.49255
8.38454
8.24444
8.06756
7.84758
7.57579
7.23774
6.82665
6.33753
5.78197
5.11112
1
1
1
1
1
1
1
1
1
1
1
1
1
1.00001
1.00001
1.00006
1.00006
1.00029
1.00038
1.00141
1.00221
1.00912
1.00108
1.02547
1.05429
0.967679
2.2445
2.80157
7.13637
8.87647
8.8686
8.75657
8.59124
8.53011
8.51758
8.50576
8.48104
8.43373
8.36505
8.27545
8.15949
8.01221
7.83024
7.60905
7.34334
7.02766
6.66012
6.23393
5.7514
5.19109
1
1
1
1
1
1
1
1
1
1
1
1
1
1.00001
1.00001
1.00004
1.00004
1.00019
1.00021
1.00104
1.00113
1.00564
1.00507
1.03171
1.05028
1.21905
1.2142
2.59715
4.42179
8.32649
8.88286
8.77405
8.54699
8.41081
8.35866
8.33024
8.29508
8.24003
8.16696
8.07119
7.95079
7.80153
7.62079
7.40583
7.15354
6.8615
6.52806
6.15164
5.74205
5.2628
1
1
1
1
1
1
1
1
1
1
1
1
1
1
1.00001
1.00001
1.00005
1.00006
1.00028
1.00037
1.00141
1.00251
1.00856
1.00253
1.02686
1.05803
0.973213
2.24557
2.8232
7.0398
8.6656
8.63277
8.46847
8.25138
8.16165
8.13419
8.10477
8.0521
7.9776
7.88032
7.75948
7.6124
7.43726
7.23233
6.99595
6.72671
6.4242
6.08666
5.72083
5.30077
1
1
1
1
1
1
1
1
1
1
1
1
1
0.999999
0.999999
1
0.999969
0.999926
0.999928
0.999751
0.99935
1.00548
1.0124
1.01131
1.04256
1.0788
1.03957
1.77415
1.90005
4.99009
8.07694
8.40027
8.28964
8.07051
7.96968
7.94195
7.91917
7.87342
7.80192
7.70594
7.58782
7.44553
7.27834
7.08524
6.86531
6.61811
6.3438
6.04052
5.71373
5.34208
1
1
1
1
1
1
1
1
1
1
1
1
1
1
1
1.00001
1.00001
1.00005
1.00007
1.00026
1.00036
1.0015
1.00156
1.00952
1.00792
1.05964
1.06957
1.39301
1.5024
3.49991
6.63877
8.08193
8.14759
8.07056
7.93017
7.85024
7.80202
7.74416
7.66525
7.56429
7.44324
7.30321
7.14304
6.96121
6.75673
6.52908
6.27759
6.0023
5.70698
5.37201
1
1
1
1
1
1
1
1
1
1
1
1
1
1
1
1.00001
1.00001
1.00003
1.00004
1.00015
1.00021
1.00086
1.00107
1.00511
1.00395
1.03326
1.04988
1.20721
1.20795
2.41168
3.90644
7.36764
8.10422
8.06503
7.94656
7.81463
7.72061
7.63922
7.54895
7.44411
7.32335
7.18662
7.03295
6.86064
6.66797
6.45624
6.2263
5.97685
5.70881
5.40785
1
1
1
1
1
1
1
1
1
1
1
1
1
1
1
1
1
0.999996
0.999995
0.999968
0.999961
0.999751
0.99951
0.998387
0.998757
0.990762
1.00554
1.01792
0.929485
2.12935
2.15209
6.03916
7.81045
7.99697
7.91797
7.74767
7.60963
7.51082
7.42008
7.31955
7.20544
7.0755
6.93011
6.76943
6.59323
6.39894
6.18421
5.95184
5.7083
5.43485
1
1
1
1
1
1
1
1
1
1
1
1
1
1
1
1
1
1.00002
1.00002
1.00011
1.00013
1.0006
1.00071
1.00329
1.00465
1.02004
1.01096
1.04396
1.0906
1.01957
2.31824
3.06126
6.88645
7.85482
7.82856
7.72863
7.53776
7.40233
7.30237
7.20693
7.09976
6.97791
6.84138
6.69156
6.5256
6.34459
6.15014
5.93944
5.71177
5.45895
1
1
1
1
1
1
1
1
1
1
1
1
1
1
1
1
1
1.00001
1.00001
1.00003
1.00003
1.00017
1.00019
1.00093
1.00109
1.00503
1.00522
1.02674
1.02989
1.05154
1.73758
1.90904
4.56823
7.21608
7.66141
7.61541
7.48319
7.31163
7.19253
7.09861
7.00113
6.88931
6.76244
6.62084
6.46585
6.29649
6.11422
5.91789
5.70945
5.47625
1
1
1
1
1
1
1
1
1
1
1
1
1
1
1
1
1
1
1.00001
1.00001
1.00005
1.00006
1.00029
1.00031
1.00154
1.00167
1.00864
1.01371
1.0448
1.07478
1.32549
1.36604
3.04879
5.53212
7.16745
7.45199
7.40565
7.28244
7.13673
7.02428
6.92475
6.81863
6.6986
6.56398
6.41695
6.25655
6.08444
5.89904
5.70492
5.48749
1
1
1
1
1
1
1
1
1
1
1
1
1
1
1
1
1
1
1
1.00001
1.00001
1.00006
1.00007
1.00034
1.00037
1.00182
1.00211
1.01033
1.01071
1.06263
1.08399
1.43355
1.55325
3.34881
5.94344
7.07806
7.26584
7.22353
7.11356
6.98382
6.86704
6.75886
6.64386
6.51632
6.37612
6.2244
6.06156
5.88872
5.70552
5.49851
1
1
1
1
1
1
1
1
1
1
1
1
1
1
1
1
1
1
1
1
1.00002
1.00002
1.00008
1.00009
1.00042
1.00051
1.00231
1.00325
1.01288
1.01934
1.0761
1.05788
1.57748
1.65876
3.59219
6.02433
6.98219
7.14048
7.10127
6.99905
6.8686
6.73825
6.61165
6.48281
6.348
6.20262
6.04865
5.88467
5.70927
5.51454
1
1
1
1
1
1
1
1
1
1
1
1
1
1
1
1
1
1
1
1
1
1
1.00004
1.00007
1.00013
1.00029
1.001
1.00131
1.00627
1.00728
1.03037
1.05097
1.20317
1.20868
2.24001
3.55615
6.08973
6.95057
7.05555
7.01097
6.89746
6.7499
6.61415
6.48035
6.34339
6.2017
6.05051
5.88912
5.71951
5.53378
1
1
1
1
1
1
1
1
1
1
1
1
1
1
1
1
1
1
1
1
1
1.00001
1.00001
1.00004
1.00004
1.00015
1.00022
1.00021
1.00189
1.00449
1.004
1.00915
1.04953
1.03591
1.73283
1.87396
3.94885
6.20727
6.87279
6.93954
6.89034
6.77916
6.62866
6.48644
6.34817
6.20631
6.0576
5.9012
5.74003
5.56237
1
1
1
1
1
1
1
1
1
1
1
1
1
1
1
1
1
1
1
1
1
1
1
1.00002
1.00001
1.00007
1.00016
1.0003
1.00137
1.00119
1.00689
1.00708
1.03766
1.04935
1.25968
1.27427
2.43149
4.05239
6.08871
6.73331
6.82198
6.77872
6.6733
6.51527
6.36804
6.22316
6.0769
5.92622
5.76955
5.59709
1
1
1
1
1
1
1
1
1
1
1
1
1
1
1
1
1
1
1
1
1
1
1
1
1.00001
1.00001
1.00007
1.00021
1.00023
1.00124
1.00158
1.00666
1.01085
1.03777
1.03443
1.2752
1.25114
2.49956
3.95977
5.94106
6.60369
6.71369
6.67606
6.57939
6.42033
6.26367
6.11629
5.96833
5.81687
5.6473
1
1
1
1
1
1
1
1
1
1
1
1
1
1
1
1
1
1
1
1
1
1
1
1
1.00001
1.00001
1.00004
1.00004
1.00023
1.00024
1.00129
1.0012
1.0074
1.00963
1.03966
1.05109
1.26788
1.28483
2.4219
3.86109
5.77295
6.47504
6.60035
6.56634
6.47187
6.32197
6.16546
6.01124
5.85748
5.6914
1
1
1
1
1
1
1
1
1
1
1
1
1
1
1
1
1
1
1
1
1
1
1
1
1
1
1
1.00002
1.00002
1.00003
1.00001
0.999919
0.999276
0.999138
0.990306
0.988329
1.06434
1.01067
1.77682
1.81245
3.93284
5.70293
6.35434
6.46992
6.43706
6.34376
6.18664
6.02792
5.87525
5.71449
1
1
1
1
1
1
1
1
1
1
1
1
1
1
1
1
1
1
1
1
1
1
1
1
1
1
1.00001
1.00001
1.00003
1.00004
1.00018
1.00014
0.999975
1.00251
1.00655
1.0024
1.01769
1.03367
0.987517
1.73759
1.77487
3.71862
5.56555
6.21263
6.33489
6.30551
6.22313
6.0622
5.89954
5.7359
1
1
1
1
1
1
1
1
1
1
1
1
1
1
1
1
1
1
1
1
1
1
1
1
1
1
1
1
1.00001
1.00003
1.00003
1.00017
1.0002
1.00088
1.00152
1.00494
1.00645
1.036
1.03544
1.23248
1.21994
2.18516
3.344
5.27533
6.02741
6.19899
6.17859
6.10084
5.95131
5.78043
1
1
1
1
1
1
1
1
1
1
1
1
1
1
1
1
1
1
1
1
1
1
1
1
1
1
1
1
1.00001
1.00001
1.00002
1.00003
1.00012
1.00028
1.00029
1.00172
1.00306
1.00578
1.02219
1.0525
1.00806
1.63062
1.66685
3.23744
5.0735
5.84306
6.03544
6.02117
5.94961
5.79601
1
1
1
1
1
1
1
1
1
1
1
1
1
1
1
1
1
1
1
1
1
1
1
1
1
1
1
1
1
1
1.00001
1.00003
1.00004
1.00003
1.00041
1.00093
1.00121
1.00127
1.01152
1.02715
1.0381
1.06697
1.51182
1.56897
3.00829
4.7556
5.58271
5.82834
5.83804
5.78564
1
1
1
1
1
1
1
1
1
1
1
1
1
1
1
1
1
1
1
1
1
1
1
1
1
1
1
1
1
1
1
1
1.00003
1.00006
1.00009
1.00039
1.00042
1.00207
1.00221
1.01138
1.01522
1.06817
1.07009
1.44774
1.4438
2.72623
4.22547
5.21334
5.58742
5.66614
1
1
1
1
1
1
1
1
1
1
1
1
1
1
1
1
1
1
1
1
1
1
1
1
1
1
1
1
1
1
1
1
1
1.00002
1.00002
1.00008
1.00009
1.00034
1.00012
1.0019
1.00115
0.996752
1.05359
1.13286
1.11057
1.77863
2.00725
3.64981
4.88109
5.37969
1
1
1
1
1
1
1
1
1
1
1
1
1
1
1
1
1
1
1
1
1
1
1
1
1
1
1
1
1
1
1
1
1
1
1.00001
1.00001
1.00003
1.00006
1.00017
1.00014
1.00131
1.00189
1.00056
1.03177
1.07551
1.05101
1.58554
1.78853
3.03234
4.49508
1
1
1
1
1
1
1
1
1
1
1
1
1
1
1
1
1
1
1
1
1
1
1
1
1
1
1
1
1
1
1
1
1
1
1
1.00001
1.00002
1.00007
1.00008
1.00039
1.0004
1.00215
1.00233
1.01073
1.01858
1.06238
1.03806
1.48611
1.55018
2.55804
1
1
1
1
1
1
1
1
1
1
1
1
1
1
1
1
1
1
1
1
1
1
1
1
1
1
1
1
1
1
1
1
1
1
1
1
1.00001
1.00001
1.00007
1.00009
1.00037
1.00049
1.00214
1.00339
1.01185
1.01395
1.05635
1.07302
1.03406
1.69402
1
1
1
1
1
1
1
1
1
1
1
1
1
1
1
1
1
1
1
1
1
1
1
1
1
1
1
1
1
1
1
1
1
1
1
1
1
1
1.00002
1.00002
1.00009
1.00011
1.0004
1.0006
1.00177
0.999844
1.00636
1.01081
0.982085
1.35313
1
1
1
1
1
1
1
1
1
1
1
1
1
1
1
1
1
1
1
1
1
1
1
1
1
1
1
1
1
1
1
1
1
1
1
1
1
1
1
0.999999
1.00001
0.999981
0.999906
1.00107
1.00264
1.00166
1.00582
1.00995
0.999813
1.15842
1
1
1
1
1
1
1
1
1
1
1
1
1
1
1
1
1
1
1
1
1
1
1
1
1
1
1
1
1
1
1
1
1
1
1
1
1
1
1
1.00001
1.00002
1.00008
1.00007
1.00041
1.0005
1.00214
1.00245
1.01101
1.01646
1.01714
1
1
1
1
1
1
1
1
1
1
1
1
1
1
1
1
1
1
1
1
1
1
1
1
1
1
1
1
1
1
1
1
1
1
1
1
1
1
1
1.00001
1.00001
1.00004
1.00004
1.00022
1.00022
1.00118
1.00114
1.00597
1.00925
1.00998
1
1
1
1
1
1
1
1
1
1
1
1
1
1
1
1
1
1
1
1
1
1
1
1
1
1
1
1
1
1
1
1
1
1
1
1
1
1
1
1
1
1.00002
1.00002
1.00011
1.00015
1.00057
1.00076
1.00301
1.0045
1.00438
1
1
1
1
1
1
1
1
1
1
1
1
1
1
1
1
1
1
1
1
1
1
1
1
1
1
1
1
1
1
1
1
1
1
1
1
1
1
1
1
1.00001
1.00001
1.00003
1.00005
1.00017
1.00017
1.00063
1.00102
1.00073
1.00873
1
1
1
1
1
1
1
1
1
1
1
1
1
1
1
1
1
1
1
1
1
1
1
1
1
1
1
1
1
1
1
1
1
1
1
1
1
1
1
1
1
1
1
1.00001
1.00002
0.99999
1.0003
1.00078
1.0007
1.00523
1
1
1
1
1
1
1
1
1
1
1
1
1
1
1
1
1
1
1
1
1
1
1
1
1
1
1
1
1
1
1
1
1
1
1
1
1
1
1
1
1
1
0.999999
1
1
0.999982
1.00023
1.00055
1.00038
1.00399
2.01788
0.994823
0.658283
0.599784
0.624211
0.702294
0.873645
1.05555
1.1409
1.16292
1.16513
1.17002
1.18097
1.20261
1.22534
1.24497
1.26002
1.27025
1.27717
1.28276
1.28733
1.29115
1.29425
1.29626
1.29675
1.29664
1.29618
1.29504
1.29274
1.28975
1.28679
1.28542
1.2859
1.28804
1.29453
1.31134
1.35222
1.44955
1.68182
2.24856
3.52098
4.24869
4.1204
4.31298
4.54121
4.70308
4.78823
4.84232
4.86437
4.8612
4.84548
4.80776
4.75339
4.69575
4.63663
4.57619
4.51423
4.45143
4.38752
4.3229
4.25757
4.19184
4.12563
4.05915
3.99248
3.92593
3.85965
3.79392
3.72895
3.66496
3.60214
3.54055
3.48027
3.42122
3.3635
3.30689
3.25138
3.19681
3.14325
3.09051
3.03888
2.98821
2.93849
2.88941
2.84113
2.79348
2.74667
2.70055
2.65533
2.61082
2.56721
2.52431
2.48232
2.44109
2.40086
2.36157
2.32388
2.28819
2.25812
2.23443
2.67216
1.59155
1.16079
1.01268
0.972006
0.965822
0.968291
0.985276
1.02456
1.09415
1.15705
1.19905
1.21719
1.2251
1.23306
1.24218
1.25291
1.2642
1.27458
1.28325
1.28959
1.29395
1.29638
1.29748
1.29746
1.29729
1.29675
1.29556
1.29327
1.29038
1.28717
1.28487
1.28519
1.28673
1.29156
1.30509
1.33911
1.42272
1.62447
2.11171
3.266
4.54411
4.45456
4.37616
4.42435
4.54517
4.67134
4.75375
4.80031
4.8095
4.80488
4.788
4.74897
4.68634
4.62318
4.56154
4.50053
4.43925
4.37707
4.31393
4.24993
4.18519
4.11981
4.05394
3.98779
3.9216
3.85558
3.79002
3.72522
3.66139
3.59877
3.53733
3.47731
3.41842
3.36106
3.30478
3.24957
3.19527
3.142
3.08961
3.03805
2.98714
2.93711
2.88786
2.83952
2.79194
2.74523
2.69924
2.65409
2.60967
2.5661
2.52328
2.48131
2.44013
2.3999
2.36056
2.32282
2.2865
2.25645
2.23
3.48673
2.4886
1.87423
1.48501
1.23555
1.07607
0.981436
0.982551
0.994169
1.0247
1.08717
1.14173
1.18604
1.21414
1.23104
1.24292
1.25201
1.26093
1.26974
1.27778
1.2842
1.28882
1.29231
1.29442
1.2952
1.29514
1.2948
1.29387
1.29184
1.2888
1.28535
1.28365
1.28402
1.2857
1.29056
1.30329
1.33366
1.40383
1.56284
1.92189
2.72331
4.37664
5.02593
4.97248
4.83636
4.75403
4.71751
4.72035
4.72531
4.72731
4.72627
4.72048
4.70273
4.66249
4.60774
4.55024
4.49057
4.42937
4.36721
4.30435
4.24093
4.17687
4.11228
4.04721
3.98182
3.91614
3.85046
3.78512
3.72064
3.65708
3.59498
3.53409
3.47459
3.41625
3.3589
3.30252
3.24735
3.19303
3.13975
3.08719
3.03558
2.98461
2.93461
2.88531
2.83701
2.78942
2.74279
2.69683
2.65181
2.60746
2.56402
2.52128
2.47946
2.43835
2.39827
2.3589
2.32123
2.28451
2.25369
2.22639
3.94156
3.06116
2.39457
1.91302
1.58459
1.3629
1.22648
1.13358
1.08204
1.07918
1.08472
1.10148
1.13579
1.17338
1.20872
1.23649
1.25477
1.26664
1.27397
1.27982
1.28411
1.28789
1.29109
1.29351
1.29502
1.29504
1.29489
1.29433
1.29304
1.29042
1.28699
1.28605
1.28668
1.28924
1.29655
1.31498
1.3578
1.45208
1.65311
2.06562
2.74604
3.54387
4.30379
4.81212
4.89566
4.86952
4.80584
4.73651
4.69335
4.67358
4.65838
4.6417
4.62353
4.59822
4.56469
4.52085
4.46859
4.41176
4.35195
4.29055
4.22808
4.16475
4.10099
4.03677
3.97227
3.90741
3.84255
3.77787
3.71399
3.65119
3.58953
3.52891
3.46987
3.41169
3.3547
3.29859
3.24365
3.1895
3.13636
3.08388
3.03236
2.98144
2.93148
2.88213
2.8338
2.78613
2.73949
2.69352
2.64857
2.60427
2.56097
2.51832
2.47667
2.43566
2.39576
2.35643
2.3189
2.28175
2.25127
2.22217
4.24358
3.47695
2.83239
2.32488
1.94643
1.66792
1.46507
1.31916
1.21095
1.14411
1.11042
1.11109
1.11658
1.13069
1.15926
1.18713
1.21552
1.24042
1.2587
1.27124
1.27849
1.28321
1.28602
1.28777
1.28871
1.28881
1.28875
1.2885
1.28789
1.28657
1.28574
1.28617
1.28805
1.2936
1.30819
1.3427
1.41993
1.5836
1.91855
2.47868
2.87236
3.17059
3.50624
3.87778
4.29688
4.59437
4.7456
4.76722
4.7539
4.71948
4.66018
4.6172
4.58575
4.54862
4.50889
4.46903
4.42627
4.38035
4.32913
4.27349
4.21361
4.15128
4.08748
4.02319
3.95917
3.89525
3.83178
3.76884
3.70662
3.64501
3.58431
3.5243
3.46544
3.40739
3.35045
3.2943
3.23927
3.18497
3.13173
3.07914
3.02756
2.97659
2.92664
2.87731
2.82903
2.7814
2.73487
2.68899
2.64419
2.60006
2.55695
2.51451
2.47309
2.43228
2.39263
2.35344
2.31611
2.27879
2.24843
2.21839
4.46631
3.80362
3.20965
2.70379
2.29764
1.98017
1.73597
1.55063
1.40938
1.30423
1.222
1.17495
1.14701
1.14612
1.14911
1.15826
1.17738
1.20064
1.22581
1.24922
1.26729
1.2789
1.28539
1.28874
1.28907
1.28893
1.28854
1.2877
1.28713
1.28725
1.28787
1.28984
1.29513
1.30846
1.33953
1.4099
1.55806
1.86317
2.41809
2.80242
2.95907
3.05367
3.17186
3.31997
3.51422
3.78659
4.12413
4.42175
4.61022
4.70687
4.6957
4.66431
4.61316
4.53967
4.48198
4.42501
4.3752
4.33207
4.29073
4.24564
4.19452
4.1375
4.07406
4.00893
3.9439
3.87972
3.81713
3.75555
3.69508
3.63522
3.57612
3.51742
3.45949
3.40204
3.34545
3.28941
3.23434
3.17988
3.12648
3.07369
3.02199
2.9709
2.92094
2.8716
2.82342
2.77586
2.72947
2.68373
2.63909
2.59514
2.55221
2.50999
2.46877
2.42821
2.38876
2.34979
2.31253
2.27538
2.2444
2.21451
4.62842
4.04821
3.50869
3.02416
2.61181
2.27421
2.00163
1.78543
1.61289
1.47616
1.37011
1.28398
1.2216
1.18479
1.16274
1.16184
1.1642
1.17145
1.18657
1.20574
1.22772
1.249
1.26579
1.27646
1.28192
1.28383
1.28374
1.28339
1.28335
1.28379
1.28553
1.29043
1.30299
1.33199
1.39776
1.53549
1.81832
2.37737
2.80035
2.95723
3.0015
3.02109
3.04212
3.06889
3.1277
3.23363
3.38707
3.62572
3.9466
4.27345
4.51168
4.6521
4.64146
4.60777
4.5449
4.44194
4.36251
4.29536
4.24014
4.19561
4.15607
4.1125
4.06202
4.00151
3.93697
3.871
3.80614
3.7431
3.68222
3.62268
3.56434
3.50661
3.44971
3.39316
3.33732
3.28179
3.22704
3.1727
3.1193
3.06644
3.01469
2.96355
2.91364
2.86435
2.81634
2.76894
2.72281
2.67728
2.63295
2.5892
2.54663
2.50463
2.46372
2.4235
2.38425
2.34562
2.30835
2.27182
2.23886
2.21103
4.75404
4.2402
3.74938
3.29366
2.88948
2.54524
2.25656
2.0193
1.82406
1.66501
1.53513
1.42979
1.34371
1.27414
1.22601
1.19604
1.17811
1.17542
1.17711
1.18268
1.19462
1.21226
1.23204
1.25121
1.26593
1.27574
1.28033
1.28252
1.28352
1.28569
1.29055
1.30285
1.32941
1.39255
1.52076
1.79306
2.33446
2.81012
2.98313
3.02702
3.02419
3.01397
2.98903
2.95614
2.95501
2.96815
3.01147
3.10198
3.24239
3.45344
3.75743
4.10564
4.38585
4.57618
4.56386
4.52555
4.45771
4.32897
4.22195
4.14108
4.08652
4.04373
4.01074
3.9699
3.91947
3.8621
3.80121
3.73881
3.67659
3.61495
3.55487
3.49606
3.4387
3.38219
3.32676
3.27185
3.21774
3.16397
3.111
3.05846
3.00692
2.95592
2.90612
2.85692
2.80904
2.76173
2.71581
2.67039
2.6264
2.58273
2.5406
2.49869
2.45823
2.41821
2.37921
2.34083
2.30361
2.26748
2.23394
2.2062
4.85396
4.39492
3.94876
3.52339
3.13427
2.79184
2.49587
2.24507
2.0333
1.8561
1.70735
1.58348
1.47891
1.39423
1.32105
1.26567
1.22518
1.20071
1.18392
1.18222
1.18375
1.18862
1.19915
1.21487
1.23247
1.24948
1.26274
1.27225
1.27883
1.28479
1.29824
1.32358
1.3841
1.50315
1.76179
2.27725
2.81715
3.01731
3.06485
3.06208
3.04939
3.01662
2.96017
2.90611
2.86939
2.84418
2.8439
2.85433
2.88978
2.96723
3.09721
3.29083
3.58723
3.95219
4.2644
4.4958
4.48267
4.44231
4.37033
4.23044
4.10532
4.00911
3.93947
3.89288
3.85592
3.81798
3.77366
3.72164
3.66498
3.60599
3.54664
3.48705
3.42841
3.3708
3.31467
3.25946
3.20542
3.15202
3.09962
3.04772
2.9968
2.94639
2.89707
2.84827
2.80074
2.75361
2.70814
2.6626
2.61927
2.5754
2.53401
2.49187
2.4521
2.41213
2.37347
2.33525
2.29833
2.26235
2.22893
2.20083
4.93504
4.52283
4.11888
3.72349
3.35205
3.01575
2.7179
2.45927
2.236
2.04509
1.88166
1.74258
1.62366
1.52269
1.43684
1.36386
1.30298
1.25751
1.22328
1.20215
1.18823
1.18687
1.18829
1.1928
1.20259
1.21775
1.23523
1.25318
1.26989
1.28759
1.31484
1.37342
1.48843
1.73392
2.22831
2.81514
3.04934
3.10632
3.10555
3.09396
3.06167
3.00318
2.94017
2.88234
2.83185
2.78824
2.75692
2.73402
2.73065
2.73935
2.77047
2.83867
2.96278
3.1458
3.43207
3.80721
4.14321
4.38494
4.38007
4.34831
4.2741
4.1213
3.98684
3.88418
3.80904
3.75472
3.71133
3.67187
3.62991
3.58269
3.53056
3.47533
3.41897
3.36199
3.30528
3.24903
3.19411
3.14013
3.08757
3.03585
2.98537
2.93554
2.88685
2.83864
2.7916
2.74502
2.69974
2.6548
2.61138
2.56814
2.52653
2.48503
2.44511
2.40536
2.36708
2.329
2.29245
2.25651
2.22337
2.19503
5.00798
4.62887
4.25888
3.89268
3.54143
3.21656
2.92195
2.66015
2.42945
2.22854
2.05357
1.90219
1.77078
1.65709
1.55869
1.47331
1.40031
1.33689
1.2859
1.2468
1.21788
1.19963
1.18892
1.18916
1.19133
1.19729
1.20976
1.22883
1.25438
1.28899
1.34566
1.45957
1.68503
2.14039
2.79019
3.06614
3.13899
3.14242
3.13261
3.10618
3.053
2.98817
2.92555
2.86622
2.81144
2.76123
2.71656
2.67847
2.64875
2.62646
2.62108
2.62833
2.65504
2.71561
2.83272
3.00509
3.27417
3.63454
3.9871
4.2557
4.26499
4.23596
4.16025
4.00706
3.86863
3.76377
3.6849
3.62501
3.57627
3.5334
3.49154
3.44649
3.39803
3.34606
3.29255
3.2378
3.18324
3.12895
3.07592
3.02381
2.97318
2.9234
2.87499
2.82727
2.78077
2.73474
2.68995
2.64559
2.6025
2.55977
2.51838
2.47729
2.43758
2.3981
2.36006
2.32218
2.28591
2.25006
2.21725
2.18872
5.07212
4.72451
4.38288
4.04117
3.70862
3.39532
3.1061
2.84449
2.61003
2.40243
2.21906
2.05806
1.91659
1.79256
1.68369
1.58824
1.50449
1.43153
1.36778
1.31196
1.26899
1.23581
1.21235
1.19655
1.19433
1.19632
1.20303
1.21797
1.24966
1.30472
1.41461
1.63628
2.02051
2.71237
3.04547
3.15156
3.16217
3.15624
3.13777
3.09663
3.03106
2.96543
2.90404
2.84706
2.79398
2.74395
2.69665
2.65167
2.61017
2.57233
2.54214
2.51965
2.51223
2.51804
2.54077
2.59351
2.69875
2.85563
3.09728
3.43739
3.7989
4.09987
4.13272
4.10794
4.03707
3.89188
3.75244
3.64716
3.566
3.50095
3.44764
3.4014
3.35807
3.31373
3.26757
3.21884
3.16861
3.11689
3.06513
3.01333
2.96253
2.91239
2.86366
2.8157
2.7692
2.72337
2.67893
2.63501
2.59239
2.55019
2.50925
2.46864
2.42932
2.39021
2.35248
2.31486
2.27891
2.243
2.21066
2.182
5.12033
4.79919
4.48359
4.16427
3.85011
3.54975
3.26854
3.00999
2.77517
2.56395
2.3753
2.20728
2.0583
1.92589
1.80878
1.70457
1.61244
1.53069
1.45821
1.39574
1.33931
1.29141
1.2547
1.22678
1.21181
1.21332
1.22035
1.23734
1.2811
1.36563
1.54969
1.91098
2.5463
2.98085
3.1234
3.16587
3.16262
3.1477
3.11265
3.04828
2.98569
2.92783
2.87447
2.82396
2.7753
2.72734
2.68016
2.63358
2.58836
2.54486
2.50412
2.46752
2.43592
2.41352
2.4031
2.40756
2.42614
2.46927
2.56208
2.70477
2.92255
3.24869
3.61668
3.94701
3.9952
3.97187
3.90858
3.77706
3.63652
3.53035
3.44698
3.37866
3.32222
3.27278
3.22849
3.18501
3.14104
3.09525
3.04819
2.99953
2.95067
2.90139
2.85291
2.80479
2.75805
2.712
2.6675
2.62366
2.58128
2.53943
2.49894
2.45882
2.41998
2.38136
2.34406
2.30679
2.27127
2.23539
2.20374
2.17467
5.16555
4.86409
4.56497
4.26505
3.96892
3.68231
3.4105
3.15726
2.92456
2.71257
2.52112
2.3486
2.19429
2.05549
1.93202
1.82057
1.72167
1.63235
1.55298
1.482
1.41895
1.36336
1.31515
1.27558
1.25242
1.25454
1.26542
1.29253
1.3654
1.50826
1.81234
2.39591
2.89345
3.083
3.13346
3.13123
3.11863
3.08929
3.03376
2.97844
2.92918
2.88333
2.839
2.79457
2.74987
2.7044
2.65875
2.61286
2.5676
2.52282
2.47968
2.43781
2.39879
2.36321
2.33137
2.30853
2.29541
2.29861
2.3128
2.34916
2.42854
2.56165
2.75955
3.06911
3.44193
3.78905
3.85671
3.83518
3.77833
3.65949
3.52085
3.41415
3.32962
3.26036
3.20174
3.14992
3.1047
3.06172
3.01926
2.97568
2.93144
2.88576
2.83982
2.79318
2.74723
2.7014
2.65689
2.6129
2.57044
2.52856
2.48819
2.44828
2.40978
2.37153
2.33468
2.29779
2.26272
2.22708
2.19581
2.16683
5.19575
4.91367
4.63668
4.35377
4.0707
3.79593
3.53426
3.28824
3.05951
2.8491
2.65685
2.48201
2.32425
2.18082
2.05241
1.93521
1.83046
1.73512
1.64943
1.57225
1.50294
1.44076
1.38826
1.3402
1.32158
1.32626
1.34668
1.39831
1.52651
1.78265
2.31057
2.8228
3.05975
3.11697
3.11325
3.09599
3.05569
2.99764
2.94807
2.9047
2.86653
2.8292
2.79135
2.75209
2.71162
2.66979
2.6273
2.58407
2.5409
2.49772
2.45521
2.41314
2.37247
2.33267
2.29531
2.26042
2.22962
2.20572
2.19039
2.19279
2.20403
2.23388
2.30176
2.42385
2.60565
2.89296
3.26162
3.61788
3.71409
3.69557
3.64454
3.53829
3.40717
3.30046
3.21589
3.14639
3.08639
3.03349
2.98694
2.9437
2.90219
2.86039
2.81861
2.77573
2.73272
2.6889
2.64575
2.60241
2.56026
2.51835
2.47794
2.43792
2.39948
2.36129
2.32467
2.28801
2.25326
2.21813
2.18681
2.15811
5.22141
4.95408
4.69394
4.42697
4.16049
3.89888
3.64665
3.40761
3.18315
2.97536
2.78385
2.60811
2.44826
2.30159
2.16908
2.0477
1.93759
1.83776
1.74637
1.66426
1.58961
1.52274
1.46703
1.41975
1.42131
1.43404
1.47702
1.58214
1.81569
2.29128
2.82831
3.08638
3.13883
3.13138
3.10535
3.0486
2.98288
2.92434
2.87488
2.83371
2.7997
2.76527
2.73118
2.6958
2.65943
2.62179
2.58336
2.54402
2.50445
2.46441
2.42453
2.3845
2.34495
2.3055
2.26708
2.22927
2.19354
2.15982
2.12995
2.10594
2.08863
2.09021
2.0986
2.1234
2.17922
2.28932
2.45656
2.71734
3.07743
3.43463
3.56829
3.55195
3.50771
3.41469
3.29654
3.18984
3.10583
3.03585
2.97636
2.92311
2.8753
2.83153
2.79063
2.75022
2.71053
2.67004
2.62991
2.58888
2.54845
2.50751
2.46774
2.42787
2.38955
2.35128
2.31469
2.27811
2.24335
2.20857
2.17724
2.14852
5.25074
4.9921
4.74315
4.49265
4.23965
3.99004
3.74789
3.51665
3.29787
3.0932
2.90342
2.72757
2.56631
2.41759
2.28176
2.15744
2.04307
1.93884
1.84361
1.75651
1.6785
1.60997
1.55142
1.53553
1.5441
1.57969
1.67304
1.89068
2.33552
2.90721
3.17889
3.21913
3.2075
3.17098
3.0954
3.0183
2.9497
2.88921
2.83573
2.78802
2.74456
2.70485
2.67014
2.63481
2.60009
2.56484
2.52941
2.49349
2.45748
2.421
2.38452
2.34757
2.31067
2.27339
2.2364
2.19935
2.16317
2.12758
2.09382
2.06182
2.03324
2.00967
1.99077
1.98995
1.9954
2.0159
2.06281
2.15796
2.30965
2.54432
2.89071
3.24157
3.42015
3.40598
3.36849
3.29328
3.18749
3.08254
2.9986
2.92941
2.87137
2.8181
2.76984
2.72541
2.68481
2.64546
2.60741
2.56904
2.5314
2.49286
2.45491
2.41634
2.37889
2.34115
2.30478
2.26836
2.2336
2.19884
2.16759
2.13856
5.28178
5.0331
4.7924
4.55084
4.31145
4.0735
3.84113
3.61807
3.40437
3.20433
3.01591
2.84119
2.67932
2.52919
2.39107
2.26333
2.14624
2.03832
1.93966
1.84948
1.7702
1.70049
1.66746
1.67377
1.70422
1.79035
1.99466
2.42041
3.03345
3.32553
3.35969
3.34447
3.29523
3.19296
3.09161
3.00941
2.93911
2.876
2.81925
2.76728
2.7171
2.6694
2.62473
2.58288
2.54572
2.50886
2.47343
2.43848
2.4042
2.37004
2.3362
2.30209
2.26804
2.23353
2.19908
2.16426
2.1298
2.09529
2.06166
2.02852
1.99697
1.96676
1.93962
1.91597
1.89703
1.89154
1.89569
1.912
1.94966
2.03109
2.16531
2.37698
2.70081
3.03923
3.26697
3.25693
3.22749
3.17742
3.07758
2.97783
2.89458
2.82782
2.7706
2.71785
2.66976
2.62501
2.58465
2.54598
2.50927
2.47268
2.43695
2.40061
2.36502
2.32888
2.29359
2.25795
2.2237
2.18912
2.15812
2.12872
5.31943
5.07637
4.84436
4.61165
4.37944
4.15261
3.92914
3.71236
3.50521
3.30752
3.12311
2.94864
2.78675
2.63616
2.49616
2.36684
2.2469
2.13661
2.03533
1.94459
1.86551
1.81487
1.81896
1.84476
1.92544
2.11915
2.53053
3.19585
3.51721
3.55077
3.53261
3.46923
3.34001
3.20999
3.10191
3.01312
2.93853
2.87355
2.815
2.76077
2.70574
2.65335
2.60209
2.553
2.507
2.4638
2.4253
2.38794
2.35257
2.3182
2.28491
2.25199
2.21963
2.18715
2.15495
2.12248
2.0903
2.0579
2.02601
1.9941
1.96301
1.93229
1.9028
1.87436
1.84844
1.8248
1.80668
1.79649
1.79949
1.81168
1.84236
1.90925
2.02489
2.21866
2.50915
2.8377
3.10391
3.11261
3.09536
3.05209
2.96435
2.87598
2.7962
2.73011
2.67316
2.62157
2.57419
2.52976
2.48961
2.45149
2.41586
2.38062
2.3466
2.31239
2.27893
2.24491
2.21201
2.17833
2.14806
2.11882
5.36208
5.12507
4.8982
4.67268
4.44889
4.2278
4.0123
3.80331
3.60071
3.40744
3.22394
3.05158
2.89006
2.73896
2.5981
2.467
2.3455
2.2335
2.13139
2.04426
1.9748
1.97715
1.99934
2.0746
2.25878
2.6556
3.3797
3.7414
3.77996
3.75774
3.67952
3.52348
3.37294
3.24489
3.13799
3.04607
2.96498
2.89132
2.8238
2.7605
2.70267
2.64818
2.59248
2.53933
2.48757
2.43806
2.39195
2.34869
2.30999
2.27275
2.23763
2.20365
2.17094
2.1388
2.10748
2.07633
2.04576
2.01519
1.98514
1.95505
1.92557
1.89607
1.86732
1.83882
1.81125
1.7846
1.75976
1.73677
1.71914
1.70553
1.70755
1.71644
1.74055
1.79383
1.89221
2.0695
2.31721
2.64267
2.93027
2.97511
2.96068
2.92516
2.85299
2.7764
2.70136
2.63421
2.57873
2.52905
2.48288
2.43917
2.3993
2.36184
2.32699
2.29299
2.26058
2.22803
2.19681
2.16464
2.13571
2.10759
5.4114
5.17414
4.95131
4.73198
4.51473
4.30102
4.09114
3.88706
3.69064
3.50115
3.32059
3.14977
2.98892
2.83815
2.69674
2.56509
2.44282
2.33071
2.2333
2.15335
2.14535
2.16383
2.23589
2.41793
2.8146
3.58329
3.9944
4.04052
4.01416
3.92008
3.73659
3.56704
3.42269
3.29926
3.19202
3.09533
3.00715
2.9254
2.84923
2.77778
2.71119
2.64803
2.58981
2.53487
2.47926
2.42634
2.37531
2.32656
2.28119
2.23851
2.19997
2.16291
2.12797
2.09424
2.06199
2.0305
2.00014
1.9702
1.94116
1.91234
1.88427
1.85629
1.82902
1.80173
1.77518
1.74876
1.72311
1.69823
1.67456
1.65278
1.63516
1.61977
1.62033
1.62622
1.64417
1.6862
1.76837
1.9279
2.13319
2.45381
2.74497
2.83748
2.82687
2.79646
2.74595
2.67594
2.60635
2.54142
2.48819
2.44012
2.39573
2.35297
2.31369
2.27679
2.24286
2.20978
2.17899
2.14782
2.12007
2.09359
5.46177
5.22251
5.00037
4.78623
4.57583
4.36936
4.16618
3.96748
3.77474
3.58973
3.41242
3.24381
3.08443
2.93427
2.79348
2.66187
2.54054
2.43353
2.34428
2.32431
2.34148
2.41104
2.59369
2.99795
3.79793
4.27167
4.33016
4.29898
4.18893
3.97943
3.78964
3.6284
3.48952
3.36727
3.25695
3.1549
3.05991
2.97058
2.88677
2.80763
2.73341
2.66314
2.59737
2.53479
2.47694
2.42258
2.36818
2.31646
2.26682
2.21931
2.17498
2.13304
2.0948
2.05801
2.02337
1.99
1.95829
1.92752
1.89813
1.86939
1.8418
1.81463
1.7884
1.76237
1.73712
1.7119
1.68739
1.66291
1.63914
1.61593
1.59358
1.57316
1.55523
1.54043
1.53707
1.5406
1.55558
1.58663
1.65736
1.79203
1.96476
2.26779
2.55467
2.69362
2.69224
2.67619
2.64124
2.57404
2.51254
2.45384
2.40124
2.35454
2.3124
2.2708
2.23246
2.19612
2.16332
2.13124
2.10315
2.07708
5.49219
5.26258
5.04501
4.83551
4.63204
4.43241
4.23638
4.04383
3.85633
3.67481
3.50112
3.33501
3.1774
3.02854
2.88881
2.75887
2.64334
2.54529
2.51445
2.53046
2.59798
2.77937
3.18962
4.01588
4.56297
4.64185
4.60651
4.48221
4.24966
4.03752
3.85852
3.70376
3.5671
3.44265
3.32769
3.2197
3.11853
3.02247
2.93201
2.84612
2.76526
2.68856
2.61634
2.54778
2.4836
2.42259
2.36618
2.3132
2.26064
2.2105
2.16245
2.11627
2.07309
2.03202
1.99431
1.95802
1.9239
1.89112
1.86015
1.83027
1.80197
1.77451
1.74836
1.72279
1.69827
1.67403
1.6506
1.62723
1.60453
1.58182
1.5598
1.53808
1.51723
1.49794
1.48013
1.46649
1.45903
1.46157
1.47249
1.49717
1.55422
1.66388
1.81639
2.0824
2.36563
2.54141
2.56936
2.55744
2.52883
2.47476
2.42074
2.36801
2.31772
2.27246
2.2322
2.19239
2.15569
2.11998
2.09011
2.06158
5.51632
5.29461
5.08769
4.88493
4.68618
4.49309
4.30366
4.11753
3.93524
3.75822
3.58746
3.42431
3.26888
3.12189
2.98439
2.8608
2.75522
2.71367
2.72885
2.79588
2.97989
3.40135
4.26379
4.88852
4.98321
4.94212
4.80024
4.54181
4.30808
4.10999
3.93969
3.7878
3.64969
3.52124
3.40078
3.28727
3.17979
3.07773
2.98154
2.88994
2.80348
2.7212
2.64349
2.56955
2.49992
2.43386
2.37206
2.31333
2.25889
2.20764
2.15699
2.10854
2.06212
2.01735
1.97541
1.93541
1.89847
1.86302
1.82973
1.79784
1.76788
1.73911
1.71205
1.68593
1.66122
1.63714
1.61415
1.59148
1.56963
1.54785
1.52673
1.50562
1.48516
1.46487
1.44551
1.42713
1.4101
1.39699
1.3866
1.38838
1.39532
1.41695
1.45742
1.54754
1.6845
1.90367
2.1801
2.38329
2.44513
2.4392
2.41869
2.3827
2.33099
2.28312
2.23804
2.19395
2.15572
2.11743
2.08551
2.05206
5.55226
5.33007
5.12786
4.9331
4.74305
4.55545
4.37053
4.18967
4.01251
3.83982
3.67275
3.51251
3.35963
3.21552
3.0847
2.97215
2.921
2.93536
3.00273
3.18971
3.62859
4.53492
5.24512
5.35283
5.30529
5.14321
4.85768
4.59941
4.38208
4.1949
4.02802
3.87534
3.73369
3.60007
3.47468
3.35514
3.24219
3.13497
3.03342
2.93692
2.8456
2.75847
2.676
2.59733
2.52305
2.45239
2.38595
2.32287
2.26385
2.20765
2.1554
2.10597
2.05729
2.01054
1.96579
1.92255
1.88201
1.84343
1.80754
1.77324
1.7411
1.71039
1.68167
1.65418
1.62843
1.60362
1.58022
1.55744
1.53575
1.51438
1.49385
1.47342
1.45367
1.43398
1.41491
1.39604
1.37801
1.36056
1.34465
1.33135
1.31982
1.32005
1.32487
1.33793
1.37372
1.44262
1.56246
1.73745
1.99948
2.22292
2.31602
2.32638
2.31567
2.28751
2.24301
2.20027
2.16059
2.11943
2.08574
2.05006
5.57581
5.35877
5.16488
4.97899
4.79628
4.61562
4.4371
4.26078
4.08836
3.92002
3.75659
3.59934
3.44997
3.31322
3.19453
3.13485
3.1484
3.21548
3.40454
3.85409
4.78609
5.60356
5.73856
5.68535
5.50701
5.19387
4.91109
4.67355
4.46958
4.28662
4.11914
3.9632
3.81665
3.67823
3.54704
3.42227
3.30453
3.19231
3.08633
2.98539
2.88972
2.79832
2.71163
2.62881
2.55045
2.47576
2.40535
2.3384
2.27546
2.2156
2.15949
2.10589
2.05584
2.00825
1.96153
1.91652
1.87348
1.83194
1.79304
1.75617
1.72167
1.68876
1.65804
1.62871
1.60135
1.57515
1.55063
1.52698
1.5047
1.48301
1.4624
1.44214
1.42274
1.40353
1.38502
1.36665
1.34888
1.33135
1.31449
1.29809
1.28316
1.26947
1.25883
1.25488
1.2575
1.26957
1.2922
1.35156
1.4488
1.58687
1.82321
2.0576
2.1816
2.21755
2.2112
2.19351
2.16396
2.12016
2.08726
2.05168
5.60867
5.39458
5.20612
5.02712
4.852
4.67769
4.50413
4.3317
4.16276
3.99828
3.83878
3.68556
3.54377
3.4194
3.35329
3.36652
3.43473
3.62999
4.09878
5.07977
5.99168
6.14802
6.08933
5.89392
5.5517
5.24259
4.98417
4.7621
4.56297
4.37986
4.20947
4.04879
3.89728
3.75349
3.61723
3.48794
3.36538
3.249
3.13894
3.03398
2.9344
2.83915
2.74871
2.6622
2.58023
2.502
2.42815
2.35783
2.29158
2.22854
2.1692
2.11255
2.05927
2.00816
1.96022
1.9144
1.86964
1.82641
1.78524
1.74565
1.70869
1.67364
1.64086
1.60957
1.58035
1.55244
1.52637
1.50135
1.47792
1.45527
1.43394
1.41319
1.39352
1.37426
1.35589
1.33778
1.32042
1.30323
1.28666
1.27031
1.25451
1.23919
1.2249
1.21148
1.20136
1.19385
1.19573
1.20377
1.22232
1.26429
1.34264
1.45717
1.65812
1.88222
2.04357
2.10367
2.1156
2.10659
2.0825
2.05296
5.60291
5.43859
5.26018
5.08393
4.91079
4.7413
4.57215
4.4049
4.23803
4.0756
3.91943
3.77435
3.64543
3.57505
3.58807
3.65756
3.86069
4.35119
5.38777
6.41843
6.59271
6.52641
6.30909
5.9347
5.59752
5.31549
5.07377
4.85672
4.65777
4.47151
4.29653
4.13079
3.97413
3.82516
3.68442
3.5506
3.4242
3.30405
3.19025
3.08163
2.97849
2.87975
2.78593
2.6961
2.61094
2.5296
2.45275
2.37951
2.31051
2.24471
2.18268
2.1234
2.06743
2.01372
1.96303
1.91423
1.86844
1.82432
1.78166
1.74043
1.70133
1.66401
1.62925
1.59604
1.56497
1.53527
1.50749
1.48086
1.45594
1.43194
1.40943
1.38767
1.36719
1.34732
1.32854
1.31024
1.29284
1.27578
1.25947
1.24335
1.22786
1.21253
1.19774
1.18337
1.16964
1.15696
1.14653
1.13734
1.13838
1.14306
1.15625
1.18538
1.24668
1.35022
1.49982
1.70979
1.90271
1.9944
2.0142
2.03322
5.52578
5.47494
5.35636
5.16562
4.98247
4.8091
4.64104
4.4748
4.31244
4.15299
4.00468
3.87066
3.79851
3.81158
3.88274
4.09498
4.61107
5.71127
6.87391
7.06499
6.99107
6.7507
6.34288
5.97594
5.66882
5.40469
5.1688
4.95195
4.74941
4.55873
4.37863
4.20779
4.04626
3.89296
3.74798
3.61039
3.48038
3.35668
3.23947
3.12752
3.02113
2.91922
2.82233
2.72954
2.64154
2.55746
2.47801
2.40227
2.33086
2.26273
2.19844
2.1369
2.07867
2.02273
1.96973
1.9187
1.87045
1.82403
1.78049
1.73824
1.69784
1.65885
1.62205
1.58705
1.5543
1.52292
1.49351
1.46526
1.43878
1.41328
1.38939
1.36632
1.3447
1.32379
1.30417
1.28516
1.26725
1.24984
1.23334
1.2172
1.20182
1.18663
1.17209
1.15767
1.14382
1.13024
1.11726
1.10524
1.09436
1.08581
1.08306
1.08564
1.09516
1.11827
1.16353
1.25071
1.35663
1.56688
1.72297
1.9072
5.29183
5.42414
5.37799
5.26465
5.06713
4.88234
4.71074
4.54591
4.38544
4.23432
4.09827
4.0202
4.0338
4.1075
4.33106
4.87818
6.05727
7.35545
7.55945
7.47656
7.20967
6.76886
6.37269
6.03982
5.75329
5.49723
5.26214
5.04223
4.83533
4.63945
4.45437
4.27892
4.11315
3.95592
3.80741
3.66647
3.53323
3.40637
3.28608
3.17106
3.06168
2.95686
2.85719
2.76173
2.67121
2.58475
2.50305
2.42516
2.35167
2.28154
2.21529
2.15181
2.09168
2.03381
1.97888
1.92592
1.87569
1.82731
1.7816
1.73773
1.69663
1.65648
1.6184
1.58169
1.54735
1.51445
1.48353
1.45377
1.42581
1.39884
1.37353
1.34909
1.32618
1.30405
1.28333
1.2633
1.24453
1.22637
1.20929
1.19271
1.17703
1.16171
1.14715
1.13279
1.1191
1.10552
1.09256
1.07974
1.06759
1.05606
1.04537
1.03725
1.03123
1.03292
1.0407
1.05531
1.09291
1.1551
1.25767
1.48106
4.54227
5.27127
5.34064
5.29243
5.17489
4.97425
4.78919
4.62123
4.46587
4.32839
4.24325
4.25615
4.33125
4.56361
5.1406
6.38897
7.8296
8.06404
7.97342
7.68739
7.21039
6.78383
6.4257
6.1166
5.84034
5.58626
5.34886
5.12475
4.9131
4.71266
4.52339
4.34408
4.17476
4.01426
3.86269
3.7188
3.58266
3.45292
3.32974
3.21188
3.09974
2.99224
2.89003
2.79218
2.69943
2.61087
2.5272
2.44745
2.37218
2.30031
2.23237
2.16722
2.10543
2.04591
1.98935
1.93473
1.88286
1.83283
1.78543
1.73987
1.69682
1.65573
1.61685
1.57907
1.54329
1.50899
1.47673
1.44563
1.41634
1.38804
1.36143
1.33568
1.31151
1.28812
1.26623
1.24505
1.22523
1.20607
1.18814
1.17076
1.15446
1.1386
1.12367
1.10907
1.09527
1.08167
1.06877
1.056
1.04386
1.03184
1.0205
1.00951
0.999433
0.991168
0.984064
0.985136
0.990092
1.00368
1.03116
1.0971
2.85472
4.77832
5.23879
5.25675
5.20669
5.08497
4.88809
4.70876
4.55682
4.46642
4.47888
4.55562
4.79516
5.4018
6.71992
8.36061
8.60115
8.49986
8.18959
7.67279
7.2129
6.8272
6.49497
6.19764
5.92441
5.66855
5.42734
5.19898
4.9833
4.77915
4.58646
4.40397
4.23168
4.06837
3.91408
3.76749
3.62865
3.49617
3.37027
3.24972
3.13499
3.02503
2.92053
2.82055
2.72583
2.63544
2.55006
2.46867
2.39184
2.31845
2.24902
2.1824
2.11917
2.05822
2.00025
1.94423
1.89098
1.83956
1.79079
1.7438
1.69938
1.65672
1.61652
1.57807
1.54133
1.50578
1.47236
1.44009
1.40965
1.38018
1.35239
1.32547
1.30014
1.27559
1.25257
1.23026
1.20938
1.18915
1.17024
1.1519
1.13475
1.1181
1.10252
1.08735
1.07312
1.05923
1.04614
1.03332
1.02118
1.00923
0.997886
0.986707
0.976145
0.965809
0.956462
0.948006
0.941226
0.940419
0.943348
0.954163
1.70358
3.61266
4.90293
5.16909
5.16658
5.11564
4.99677
4.81456
4.68814
4.69874
4.77556
5.02251
5.65555
7.04337
8.90043
9.1701
9.05929
8.72453
8.16411
7.66856
7.25213
6.89348
6.57335
6.27899
6.00382
5.744
5.49858
5.26638
5.0473
4.84005
4.64448
4.45926
4.28435
4.11847
3.96164
3.81246
3.67099
3.53587
3.40737
3.28429
3.16718
3.055
2.94845
2.84658
2.75014
2.65814
2.57127
2.48844
2.41024
2.3355
2.26477
2.19685
2.13236
2.07016
2.01098
1.95377
1.89935
1.84676
1.79685
1.74871
1.70314
1.65926
1.61787
1.578
1.54062
1.50423
1.46971
1.43644
1.405
1.37453
1.34574
1.31781
1.29149
1.26594
1.24191
1.21859
1.19671
1.17546
1.15556
1.13623
1.11817
1.10061
1.08422
1.0683
1.05341
1.03897
1.02544
1.0123
0.999934
0.987903
0.976529
0.965408
0.954855
0.94452
0.934691
0.925225
0.916272
0.908671
0.901388
0.900395
1.3336
2.25921
4.00304
4.8979
5.08517
5.08228
5.0427
4.94492
4.93951
5.00192
5.24479
5.89934
7.34428
9.49199
9.78557
9.6642
9.30178
8.68976
8.15425
7.70468
7.31778
6.972
6.65451
6.35741
6.07754
5.81298
5.56346
5.32781
5.10572
4.89574
4.69759
4.50992
4.33248
4.16405
4.00465
3.85289
3.70885
3.57121
3.44028
3.31492
3.19569
3.08155
2.97323
2.86974
2.77182
2.67843
2.59026
2.50619
2.4268
2.35088
2.27903
2.21001
2.14445
2.08121
2.02103
1.96281
1.90742
1.85387
1.80302
1.75392
1.70741
1.66256
1.62017
1.57932
1.54071
1.50366
1.46834
1.43419
1.40188
1.37054
1.34091
1.31213
1.28497
1.25857
1.2337
1.2095
1.18674
1.16458
1.1438
1.12355
1.10461
1.08617
1.06895
1.05222
1.0366
1.02148
1.00735
0.993696
0.980913
0.968547
0.956967
0.945684
0.935153
0.924743
0.915124
0.905415
0.896652
0.887649
0.880099
0.873131
1.20811
1.52741
2.4507
4.20917
4.88011
5.03013
5.04657
5.07648
5.17432
5.45776
6.17361
7.71797
10.0791
10.4271
10.3008
9.91959
9.24858
8.66827
8.18385
7.76721
7.39468
7.05164
6.73092
6.42843
6.14321
5.87415
5.62098
5.38224
5.15744
4.94491
4.74437
4.55431
4.37481
4.20428
4.04269
3.88864
3.74232
3.60241
3.46935
3.34198
3.22092
3.10512
2.99532
2.89048
2.79134
2.69681
2.60756
2.52242
2.44198
2.36502
2.29209
2.22203
2.15544
2.0912
2.03005
1.97097
1.91476
1.8604
1.80878
1.7589
1.71163
1.66599
1.62281
1.58113
1.54173
1.50365
1.46777
1.43284
1.39979
1.36772
1.3374
1.30794
1.28011
1.253
1.22742
1.20247
1.17897
1.15604
1.13449
1.11346
1.09374
1.07452
1.05654
1.03905
1.02273
1.0069
0.992133
0.977863
0.964561
0.951701
0.939757
0.928123
0.917422
0.906799
0.897243
0.887382
0.878946
0.869589
0.862598
0.854292
1.09692
1.2488
1.74483
2.72583
4.3511
4.89114
5.0452
5.21829
5.59312
6.42615
8.18905
10.7527
11.1508
11.0022
10.5644
9.82601
9.19919
8.68058
8.23559
7.83604
7.46731
7.12154
6.79586
6.48843
6.19907
5.9267
5.67072
5.42945
5.20222
4.98743
4.78476
4.59264
4.41099
4.2383
4.0746
3.91845
3.7701
3.62826
3.4934
3.36438
3.24184
3.12471
3.01372
2.90779
2.80766
2.71219
2.62205
2.536
2.45468
2.37684
2.30306
2.23214
2.16475
2.09975
2.0379
1.97812
1.92124
1.86624
1.81399
1.76348
1.7156
1.66934
1.62554
1.58318
1.54312
1.50432
1.46768
1.43208
1.39838
1.36572
1.33487
1.30487
1.27649
1.24881
1.22266
1.19714
1.17306
1.14953
1.12738
1.10572
1.08538
1.06552
1.04691
1.02877
1.01181
0.995339
0.979979
0.965094
0.951258
0.937849
0.925463
0.913378
0.902361
0.891412
0.881701
0.871649
0.863252
0.853794
0.847047
0.838604
1.05053
1.1179
1.39877
1.86505
3.14248
4.4936
5.00609
5.4976
6.51295
8.62244
11.6582
12.0728
11.8704
11.3187
10.4728
9.77494
9.21453
8.737
8.30654
7.90699
7.53237
7.17961
6.8477
6.53534
6.24237
5.96696
5.70845
5.46487
5.23558
5.01884
4.81436
4.62055
4.43729
4.26304
4.09782
3.94021
3.79045
3.64729
3.51121
3.38108
3.25755
3.13952
3.02772
2.92104
2.82021
2.72405
2.63324
2.54652
2.46454
2.386
2.31155
2.23994
2.17189
2.10622
2.04374
1.98335
1.92591
1.87039
1.81766
1.76669
1.71837
1.67166
1.62743
1.58463
1.5441
1.50482
1.46765
1.43162
1.39754
1.36437
1.33296
1.30237
1.27346
1.24529
1.21869
1.19271
1.16819
1.14423
1.12165
1.09955
1.07876
1.05842
1.03934
1.0207
1.00326
0.986277
0.970431
0.955033
0.940731
0.926834
0.914021
0.9015
0.890126
0.878818
0.868855
0.858541
0.850043
0.840422
0.833751
0.825241
1.0166
1.07855
1.15254
1.49368
2.05403
3.52706
4.83997
6.1043
8.73635
12.6118
13.0534
12.789
12.1044
11.1415
10.3807
9.77606
9.26033
8.79412
8.36159
7.95644
7.5768
7.22009
6.88546
6.57115
6.27636
5.99914
5.73877
5.49333
5.26234
5.0441
4.83829
4.64325
4.45882
4.28341
4.11706
3.95834
3.80753
3.66338
3.5264
3.39546
3.2712
3.1525
3.04009
2.93283
2.83144
2.73471
2.64332
2.55601
2.47342
2.39426
2.31919
2.24697
2.17834
2.11212
2.04912
1.98824
1.93036
1.8744
1.82127
1.76991
1.72121
1.67412
1.62951
1.58633
1.54546
1.50584
1.46834
1.43192
1.39746
1.36389
1.3321
1.30111
1.27181
1.24324
1.21625
1.18989
1.16502
1.14069
1.11775
1.09529
1.07415
1.05344
1.034
1.01499
0.997174
0.979811
0.963582
0.947808
0.933122
0.91885
0.905666
0.892782
0.881068
0.869428
0.859187
0.848595
0.839911
0.830101
0.823378
0.81469
1.01016
1.04126
1.09079
1.25889
1.57728
2.45033
4.26856
7.42132
13.4736
14.2579
13.9085
13.0281
11.9188
11.0776
10.4138
9.84359
9.32748
8.84769
8.40282
7.98938
7.6042
7.24378
6.90639
6.58975
6.2929
6.01377
5.75169
5.50478
5.27259
5.05339
4.84685
4.65125
4.46636
4.29053
4.12376
3.96461
3.81338
3.66883
3.53149
3.40021
3.27565
3.1567
3.04406
2.93659
2.835
2.73807
2.64648
2.55895
2.47613
2.39673
2.32143
2.24897
2.18011
2.11366
2.05046
1.98939
1.93134
1.87522
1.82195
1.77044
1.7216
1.67436
1.62961
1.58628
1.54524
1.50542
1.46772
1.43107
1.39639
1.36263
1.33068
1.29954
1.27009
1.24134
1.21417
1.18761
1.16254
1.13799
1.11485
1.09217
1.07082
1.0499
1.03024
1.01103
0.992992
0.975423
0.958959
0.942968
0.928038
0.913538
0.900107
0.886989
0.875041
0.863169
0.852726
0.841918
0.833093
0.823092
0.816334
0.807463
1.00729
1.03131
1.06533
1.20577
1.44594
2.3556
4.41546
10.0514
14.8643
14.5274
13.6409
12.6514
11.8543
11.166
10.5289
9.93092
9.37844
8.87871
8.42468
8.00767
7.62114
7.25995
6.92177
6.60425
6.30642
6.02633
5.76328
5.51549
5.28249
5.06258
4.85542
4.65925
4.47382
4.29748
4.13023
3.97062
3.81896
3.67402
3.53633
3.40474
3.27992
3.16072
3.04785
2.94015
2.83834
2.74118
2.64935
2.56157
2.4785
2.39885
2.3233
2.25059
2.1815
2.11484
2.05144
1.99018
1.93197
1.8757
1.82228
1.77065
1.7217
1.67434
1.62948
1.58602
1.54486
1.50493
1.46711
1.43036
1.39556
1.3617
1.32966
1.29844
1.2689
1.24007
1.21281
1.18615
1.16098
1.13632
1.11307
1.09029
1.06883
1.04782
1.02807
1.00876
0.990627
0.972969
0.956405
0.940322
0.925286
0.910687
0.897146
0.883922
0.871862
0.85988
0.849334
0.838414
0.829511
0.8194
0.812614
0.803624
)
;

boundaryField
{
    inlet
    {
        type            fixedValue;
        value           uniform 1;
    }
    outlet
    {
        type            waveTransmissive;
        gamma           1.4;
        fieldInf        1;
        lInf            3;
        value           nonuniform List<scalar> 
40
(
2.22935
2.22489
2.2213
2.21712
2.2134
2.20956
2.2061
2.20127
2.19596
2.19023
2.18398
2.17733
2.17005
2.16228
2.15363
2.1441
2.13423
2.12449
2.11461
2.10329
2.08913
2.07262
2.05747
2.04864
2.04715
2.04915
2.05101
2.02745
1.88664
1.44128
1.08128
0.949117
0.898595
0.872437
0.853913
0.83834
0.825055
0.814569
0.807389
0.803575
)
;
    }
    bottom
    {
        type            symmetryPlane;
    }
    top
    {
        type            symmetryPlane;
    }
    obstacle
    {
        type            zeroGradient;
    }
    defaultFaces
    {
        type            empty;
    }
}


// ************************************************************************* //
