/*--------------------------------*- C++ -*----------------------------------*\
| =========                 |                                                 |
| \\      /  F ield         | OpenFOAM: The Open Source CFD Toolbox           |
|  \\    /   O peration     | Version:  2412                                  |
|   \\  /    A nd           | Website:  www.openfoam.com                      |
|    \\/     M anipulation  |                                                 |
\*---------------------------------------------------------------------------*/
FoamFile
{
    version     2.0;
    format      ascii;
    arch        "LSB;label=32;scalar=64";
    class       volScalarField;
    location    "20.5";
    object      T;
}
// * * * * * * * * * * * * * * * * * * * * * * * * * * * * * * * * * * * * * //

dimensions      [0 0 0 1 0 0 0];

internalField   nonuniform List<scalar> 
7000
(
1.3191
2.65682
2.71974
2.66985
2.66466
2.64797
2.64455
2.64729
2.64934
2.65154
2.65279
2.6538
2.65494
2.65629
2.65779
2.65942
2.66115
2.66301
2.66497
2.66707
2.66929
2.67164
2.6741
2.6767
2.67941
2.68224
2.68519
2.68825
2.69142
2.69469
2.69805
2.70151
2.70502
2.70861
2.71223
2.71588
2.71952
2.72315
2.72671
2.7302
2.73355
2.73676
2.73975
2.74252
2.74497
2.74713
2.74888
2.75028
2.75122
2.75176
1.31917
2.65703
2.71999
2.66995
2.66479
2.64809
2.64468
2.64741
2.64946
2.65166
2.65291
2.65391
2.65505
2.6564
2.6579
2.65952
2.66125
2.6631
2.66507
2.66717
2.66938
2.67173
2.67419
2.67678
2.67948
2.68232
2.68526
2.68832
2.69148
2.69475
2.6981
2.70155
2.70506
2.70864
2.71225
2.71589
2.71952
2.72314
2.72669
2.73017
2.7335
2.7367
2.73967
2.74242
2.74486
2.74698
2.74874
2.75004
2.75097
2.75131
1.31915
2.65694
2.71989
2.66993
2.66475
2.64803
2.64461
2.64737
2.64937
2.6516
2.65281
2.65386
2.65494
2.65634
2.65778
2.65945
2.66113
2.66303
2.66494
2.66708
2.66924
2.67163
2.67404
2.67667
2.67932
2.68219
2.68508
2.68818
2.69128
2.69459
2.6979
2.70137
2.70484
2.70844
2.71202
2.71568
2.7193
2.72292
2.72648
2.72995
2.73331
2.73647
2.73949
2.74216
2.74464
2.74673
2.74848
2.74984
2.75066
2.75108
1.31912
2.65677
2.71971
2.66992
2.6647
2.64793
2.64451
2.64722
2.64929
2.65144
2.65272
2.65368
2.65485
2.65615
2.65768
2.65925
2.66102
2.6628
2.66482
2.66684
2.66911
2.67136
2.67389
2.67638
2.67916
2.68187
2.6849
2.68783
2.69109
2.6942
2.69767
2.70095
2.70459
2.70798
2.71173
2.71518
2.71895
2.7224
2.72606
2.72943
2.73283
2.73602
2.73896
2.74182
2.74409
2.74632
2.74799
2.74926
2.75027
2.75045
1.31909
2.65654
2.71948
2.66995
2.66465
2.64779
2.6444
2.64701
2.64923
2.65121
2.65263
2.65343
2.65474
2.65588
2.65754
2.65897
2.66085
2.6625
2.66462
2.66652
2.66887
2.67103
2.67361
2.67603
2.67883
2.68151
2.68451
2.68745
2.69064
2.69382
2.69715
2.70057
2.70399
2.70761
2.71105
2.71481
2.71819
2.722
2.72523
2.72894
2.73196
2.73536
2.73819
2.74098
2.74359
2.7454
2.74737
2.74864
2.7493
2.74987
1.31905
2.65625
2.71918
2.66999
2.6646
2.64767
2.64421
2.64701
2.64887
2.65119
2.65224
2.65339
2.65432
2.65583
2.6571
2.6589
2.66037
2.66241
2.6641
2.6664
2.6683
2.67087
2.67299
2.67582
2.67815
2.68124
2.68378
2.6871
2.68985
2.69337
2.69633
2.7
2.70317
2.7069
2.71025
2.71396
2.71746
2.72102
2.72461
2.72785
2.73141
2.73411
2.73745
2.7398
2.74248
2.74472
2.74607
2.74767
2.74859
2.74857
1.319
2.65589
2.71882
2.67004
2.66454
2.64747
2.64401
2.64675
2.64869
2.65089
2.65205
2.65306
2.65411
2.65546
2.65688
2.65848
2.66014
2.66195
2.66386
2.66588
2.66806
2.67029
2.67274
2.67516
2.67789
2.68049
2.6835
2.68624
2.68952
2.69239
2.69592
2.69888
2.70262
2.70568
2.70953
2.71269
2.71652
2.71976
2.72343
2.72671
2.73003
2.73333
2.7359
2.7389
2.74089
2.74326
2.74515
2.74614
2.74685
2.74759
1.31894
2.65546
2.71838
2.67011
2.66446
2.64722
2.64376
2.64644
2.64845
2.65055
2.65176
2.65268
2.65378
2.65505
2.6565
2.65804
2.65971
2.66147
2.66337
2.66536
2.6675
2.66973
2.67209
2.67457
2.67715
2.67988
2.68265
2.68563
2.68855
2.69178
2.69482
2.69829
2.70136
2.70503
2.70808
2.71189
2.71493
2.71872
2.72176
2.72533
2.7284
2.73152
2.7347
2.737
2.73972
2.74143
2.74307
2.74486
2.74569
2.74545
1.31886
2.65494
2.71786
2.6702
2.66437
2.64695
2.64345
2.64615
2.64807
2.65022
2.65133
2.65231
2.65332
2.65463
2.656
2.65757
2.65916
2.66094
2.66277
2.66477
2.66683
2.66907
2.67136
2.67381
2.67634
2.679
2.68176
2.68461
2.68759
2.6906
2.69379
2.69692
2.70032
2.70347
2.70709
2.71014
2.71391
2.71679
2.72058
2.72327
2.72687
2.72948
2.73246
2.73538
2.73714
2.73985
2.74126
2.74219
2.7429
2.74391
1.31878
2.65434
2.71725
2.67029
2.66427
2.6466
2.6431
2.64568
2.64775
2.6497
2.65096
2.65175
2.65289
2.65402
2.65551
2.65691
2.65861
2.66022
2.66215
2.66399
2.66614
2.66821
2.67057
2.67287
2.67544
2.67796
2.68073
2.68345
2.68641
2.68932
2.69244
2.69551
2.69875
2.70196
2.70524
2.70857
2.71179
2.71522
2.7182
2.72169
2.72426
2.72769
2.72983
2.73282
2.73525
2.73649
2.73874
2.7403
2.74109
2.74057
1.31869
2.65363
2.71654
2.67041
2.66415
2.64624
2.64265
2.64535
2.64716
2.6493
2.65031
2.65129
2.6522
2.65351
2.65476
2.65633
2.65779
2.65957
2.66125
2.66324
2.66516
2.66736
2.6695
2.6719
2.67426
2.67686
2.67943
2.6822
2.68497
2.68789
2.69084
2.69388
2.69698
2.70009
2.7033
2.70642
2.70968
2.71275
2.71599
2.71889
2.72201
2.72454
2.72746
2.72941
2.73206
2.73434
2.73507
2.73611
2.73679
2.73818
1.31858
2.65283
2.71574
2.67054
2.66401
2.64577
2.64217
2.64471
2.64673
2.64859
2.64982
2.65052
2.65164
2.65266
2.65413
2.6554
2.65708
2.65856
2.66046
2.66214
2.66426
2.66615
2.66848
2.67057
2.6731
2.67538
2.67811
2.68057
2.68346
2.68608
2.68911
2.69188
2.695
2.69789
2.70102
2.70402
2.70707
2.71015
2.71299
2.71612
2.71861
2.72167
2.72376
2.72634
2.7279
2.7298
2.7321
2.73328
2.73395
2.73304
1.31846
2.65191
2.71482
2.6707
2.66384
2.64528
2.64159
2.64419
2.64601
2.648
2.64902
2.64985
2.65076
2.65192
2.65317
2.65459
2.65603
2.65765
2.65929
2.66113
2.66297
2.66502
2.66705
2.6693
2.67151
2.67396
2.67633
2.67895
2.68148
2.68425
2.68689
2.6898
2.69251
2.69552
2.69825
2.70131
2.704
2.70703
2.70964
2.71246
2.71506
2.71735
2.72006
2.72172
2.72415
2.72538
2.72598
2.72687
2.72739
2.72924
1.31833
2.65091
2.71374
2.67108
2.66344
2.64472
2.64094
2.64348
2.6453
2.64719
2.64823
2.64895
2.64989
2.65093
2.65222
2.65349
2.65499
2.65645
2.65815
2.6598
2.66171
2.66353
2.66565
2.66764
2.66995
2.6721
2.67457
2.67687
2.67948
2.68192
2.68462
2.68718
2.68992
2.69258
2.6953
2.698
2.70066
2.7033
2.70589
2.70831
2.71076
2.71287
2.71477
2.7168
2.71784
2.71999
2.72155
2.72237
2.7227
2.72108
1.3182
2.64984
2.71247
2.6718
2.66274
2.64409
2.6402
2.64265
2.6445
2.64624
2.64733
2.64792
2.64889
2.64981
2.65111
2.65228
2.65375
2.65513
2.65678
2.65836
2.66017
2.66196
2.66392
2.66592
2.66799
2.67019
2.67235
2.67475
2.67696
2.67954
2.68177
2.68448
2.6867
2.68947
2.69169
2.69438
2.69661
2.69908
2.70131
2.70348
2.70555
2.7075
2.70924
2.71057
2.71192
2.71183
2.71223
2.71239
2.71295
2.71467
1.31804
2.64862
2.71112
2.67237
2.66209
2.64338
2.63935
2.64184
2.64346
2.64531
2.64618
2.6469
2.64763
2.64869
2.64972
2.65104
2.65224
2.65376
2.65512
2.65685
2.65835
2.66027
2.66191
2.66401
2.66577
2.66802
2.66991
2.67226
2.67428
2.67667
2.67881
2.68116
2.68344
2.68564
2.68803
2.69002
2.6924
2.69416
2.69629
2.69787
2.69948
2.70077
2.702
2.70301
2.70354
2.7049
2.70453
2.7045
2.70319
2.70082
1.31788
2.64728
2.70966
2.67293
2.66141
2.64259
2.63838
2.64092
2.6423
2.64424
2.64491
2.64571
2.64626
2.64738
2.64824
2.64959
2.65064
2.65215
2.65338
2.65504
2.65646
2.65823
2.65984
2.6617
2.66348
2.66541
2.66736
2.6693
2.67139
2.67332
2.67549
2.6774
2.67956
2.68144
2.68346
2.68534
2.68705
2.6889
2.69019
2.69178
2.69273
2.69352
2.69382
2.69392
2.69326
2.69144
2.69075
2.68859
2.68794
2.68783
1.31769
2.64583
2.70811
2.67349
2.66067
2.64167
2.63733
2.63971
2.64117
2.64285
2.64367
2.6442
2.64491
2.64573
2.64677
2.6478
2.64903
2.6502
2.65161
2.65291
2.65449
2.6559
2.65763
2.65915
2.66098
2.6626
2.6645
2.66621
2.66811
2.66989
2.67172
2.67354
2.67522
2.67701
2.67846
2.68008
2.68128
2.68244
2.68349
2.68387
2.68467
2.68458
2.68421
2.68324
2.68204
2.6804
2.67611
2.67254
2.66671
2.66069
1.3175
2.64429
2.70646
2.67407
2.65986
2.64065
2.63613
2.63839
2.63984
2.64136
2.6422
2.6426
2.64329
2.64401
2.645
2.64594
2.64707
2.64818
2.64943
2.65071
2.65206
2.65348
2.6549
2.65646
2.65792
2.65959
2.66105
2.6628
2.66424
2.666
2.6674
2.66907
2.67041
2.67186
2.67312
2.67414
2.67524
2.6756
2.67623
2.67607
2.67521
2.67445
2.67202
2.66991
2.66526
2.65991
2.65475
2.645
2.63537
2.62272
1.3173
2.64269
2.70478
2.67465
2.65892
2.63954
2.63475
2.63706
2.63817
2.63985
2.64042
2.64099
2.64141
2.64229
2.64297
2.64408
2.64492
2.64616
2.64712
2.64847
2.64955
2.65098
2.65216
2.65363
2.65488
2.65635
2.65766
2.65906
2.6604
2.66164
2.66297
2.66399
2.66521
2.66593
2.66692
2.66723
2.66788
2.66776
2.66741
2.66655
2.66547
2.66281
2.66059
2.65529
2.65064
2.64066
2.62783
2.61093
2.58206
2.51102
1.31729
2.64179
2.70035
2.67515
2.65751
2.63778
2.63267
2.63478
2.6359
2.63729
2.638
2.63828
2.63883
2.63935
2.64022
2.64093
2.64194
2.64275
2.6439
2.64479
2.64603
2.64698
2.64829
2.64926
2.6506
2.65155
2.65288
2.65377
2.65499
2.65577
2.65679
2.65739
2.65804
2.65834
2.65855
2.65823
2.65764
2.65674
2.65485
2.6528
2.64869
2.6451
2.63746
2.63138
2.61841
2.60619
2.58345
2.54733
2.48958
2.36402
1.31727
2.64081
2.69563
2.67533
2.65561
2.63541
2.6298
2.63188
2.63275
2.63418
2.6348
2.6351
2.63549
2.63602
2.63667
2.63739
2.63815
2.63897
2.63979
2.64069
2.64155
2.64249
2.64335
2.64431
2.64511
2.64605
2.64675
2.64761
2.64812
2.64883
2.64906
2.64957
2.64953
2.64935
2.64887
2.6483
2.64677
2.6455
2.64238
2.63995
2.63487
2.62892
2.62128
2.60785
2.5949
2.56851
2.54178
2.4917
2.4172
2.31796
1.31725
2.64015
2.69317
2.67517
2.65402
2.63312
2.62689
2.62872
2.62949
2.63092
2.6315
2.63174
2.63203
2.63248
2.63303
2.63366
2.63431
2.63501
2.63571
2.63646
2.63719
2.63796
2.63868
2.63941
2.64006
2.64069
2.6412
2.64164
2.6419
2.64206
2.64189
2.64151
2.64097
2.63978
2.63854
2.6362
2.63411
2.63019
2.62708
2.62078
2.61614
2.60613
2.59865
2.58344
2.56676
2.54291
2.50649
2.464
2.39206
2.31846
1.31712
2.639
2.69235
2.67398
2.65208
2.63032
2.62363
2.62557
2.62641
2.62792
2.62844
2.62851
2.62861
2.62888
2.62913
2.62958
2.62989
2.63037
2.63072
2.63124
2.63161
2.63214
2.63253
2.63305
2.63343
2.63389
2.6342
2.6346
2.63471
2.63478
2.63467
2.63433
2.63374
2.63246
2.63119
2.62841
2.62607
2.62117
2.61679
2.60952
2.60132
2.5913
2.57732
2.56326
2.54111
2.51826
2.48442
2.44394
2.3909
2.32891
1.31688
2.64017
2.70392
2.67063
2.65208
2.6287
2.62149
2.62422
2.62518
2.62703
2.62751
2.62745
2.62741
2.62745
2.62753
2.62764
2.6277
2.62773
2.62771
2.62767
2.62759
2.62742
2.62726
2.62692
2.62665
2.62617
2.6258
2.62499
2.62451
2.62342
2.62277
2.6213
2.62043
2.6184
2.6171
2.61428
2.61175
2.60792
2.60276
2.59713
2.58812
2.57876
2.5647
2.54877
2.52839
2.50254
2.47341
2.43467
2.39199
2.34478
1.30177
2.58657
2.69848
2.67708
2.65964
2.63612
2.62923
2.63213
2.63319
2.63472
2.63458
2.63414
2.63347
2.63293
2.63234
2.63181
2.63118
2.63062
2.62996
2.62941
2.62873
2.62821
2.62748
2.62698
2.6261
2.62556
2.62432
2.6234
2.62154
2.62022
2.61756
2.61576
2.61223
2.60999
2.60551
2.60273
2.59704
2.59351
2.5864
2.58086
2.57195
2.56261
2.55064
2.53532
2.51799
2.49459
2.46886
2.43587
2.39825
2.35807
1.72052
2.46894
2.72871
2.70687
2.68432
2.67402
2.67455
2.67609
2.67749
2.67777
2.67658
2.67512
2.6735
2.67172
2.66975
2.66755
2.66514
2.66253
2.6597
2.65674
2.65352
2.65028
2.64673
2.64327
2.63929
2.63537
2.63094
2.62784
2.62399
2.62143
2.61777
2.61505
2.61078
2.6071
2.60191
2.59684
2.59073
2.58372
2.57681
2.56739
2.55923
2.54688
2.53636
2.52029
2.50552
2.48448
2.46323
2.43565
2.40594
2.37316
1.73241
2.46202
2.7232
2.70213
2.67739
2.6684
2.67229
2.67399
2.67668
2.6775
2.6777
2.67756
2.6773
2.677
2.67632
2.67571
2.67439
2.67343
2.6714
2.67009
2.66735
2.66564
2.66222
2.65993
2.65601
2.65338
2.64899
2.64483
2.63923
2.63379
2.62722
2.62103
2.61486
2.60884
2.60316
2.5961
2.59012
2.58133
2.57384
2.56302
2.55338
2.54027
2.52773
2.51208
2.49576
2.47691
2.45606
2.43316
2.40774
2.38167
1.72917
2.46757
2.72519
2.70243
2.67382
2.66434
2.66917
2.67161
2.67477
2.67589
2.67624
2.67637
2.67654
2.67652
2.67642
2.67617
2.67558
2.67518
2.67426
2.67354
2.67197
2.6709
2.66869
2.66694
2.66412
2.66143
2.65806
2.65438
2.65028
2.64532
2.64065
2.63409
2.62807
2.61904
2.61181
2.60168
2.59373
2.58345
2.57487
2.56365
2.55331
2.54047
2.52744
2.51223
2.49613
2.47785
2.45807
2.43628
2.41277
2.38983
1.73187
2.46086
2.72065
2.69694
2.67075
2.66109
2.66565
2.6679
2.67107
2.67232
2.67273
2.67301
2.67334
2.67365
2.67391
2.67395
2.67386
2.67361
2.67318
2.67248
2.6718
2.67049
2.66952
2.66751
2.66619
2.66349
2.66169
2.65799
2.6556
2.65067
2.64758
2.64132
2.63706
2.62952
2.62341
2.61421
2.60567
2.5943
2.58348
2.57069
2.55812
2.54439
2.53047
2.51517
2.49907
2.48147
2.4633
2.44325
2.4222
2.4015
1.74105
2.4427
2.70911
2.68458
2.66701
2.65764
2.66059
2.66229
2.66538
2.66644
2.6671
2.66718
2.6674
2.66752
2.66766
2.66766
2.6676
2.66743
2.66725
2.66678
2.66643
2.66564
2.66506
2.6638
2.66286
2.66081
2.65943
2.65645
2.65451
2.6505
2.6476
2.64265
2.63855
2.63257
2.6269
2.6196
2.61218
2.60314
2.59347
2.58223
2.57009
2.55615
2.54152
2.52544
2.50912
2.49137
2.47314
2.45384
2.43383
2.41432
1.736
2.43627
2.70576
2.67705
2.66922
2.65597
2.65609
2.65809
2.66109
2.6622
2.66327
2.66337
2.66365
2.66384
2.66401
2.66408
2.66406
2.66396
2.6638
2.66345
2.66316
2.66249
2.66198
2.66087
2.66008
2.65836
2.65718
2.65468
2.65294
2.64963
2.64692
2.64273
2.63873
2.6336
2.62842
2.62202
2.61539
2.60749
2.5992
2.58959
2.57936
2.56763
2.55509
2.54094
2.52586
2.50939
2.49215
2.4738
2.45469
2.43606
1.35697
2.46735
2.67921
2.66851
2.6465
2.62386
2.61682
2.62085
2.62283
2.6257
2.62713
2.62816
2.62896
2.62997
2.63068
2.63177
2.63243
2.6334
2.63391
2.63474
2.63505
2.63579
2.63591
2.63609
2.6361
2.63599
2.63576
2.63518
2.6346
2.63339
2.63223
2.63032
2.62833
2.62535
2.62212
2.61753
2.6125
2.60611
2.5992
2.59094
2.58224
2.57215
2.56151
2.54966
2.53693
2.52302
2.5082
2.49233
2.47554
2.45907
1.36039
2.47691
2.68633
2.6771
2.65248
2.6235
2.61387
2.61469
2.61668
2.61864
2.61945
2.61955
2.61975
2.61978
2.62004
2.62038
2.62075
2.62107
2.62141
2.62164
2.62191
2.622
2.62216
2.62208
2.62191
2.62152
2.62113
2.62026
2.61956
2.61808
2.61692
2.61471
2.61279
2.60984
2.60701
2.60347
2.59981
2.59536
2.5904
2.58475
2.57804
2.57046
2.56146
2.55155
2.54071
2.52904
2.51667
2.50346
2.48936
2.47556
1.3496
2.4126
2.66937
2.66956
2.65014
2.62375
2.61398
2.61403
2.61474
2.61529
2.61496
2.6141
2.61334
2.61231
2.61165
2.61095
2.61045
2.6098
2.60932
2.60868
2.6082
2.60756
2.60707
2.6064
2.60584
2.60506
2.60434
2.60351
2.60262
2.60154
2.60016
2.59861
2.5966
2.59443
2.59162
2.58866
2.58498
2.58111
2.57646
2.57138
2.56564
2.55955
2.55286
2.54556
2.53749
2.52813
2.51761
2.50652
2.49473
2.48336
1.7417
2.39658
2.67494
2.66128
2.65248
2.63857
2.63341
2.63366
2.63341
2.63313
2.63233
2.6311
2.6297
2.62804
2.62642
2.62484
2.62317
2.62145
2.6196
2.61774
2.61574
2.61378
2.61164
2.60957
2.60729
2.60517
2.60278
2.60069
2.59821
2.59578
2.59322
2.59058
2.58778
2.58473
2.58155
2.57792
2.57417
2.56978
2.56531
2.56001
2.55463
2.54832
2.54195
2.53462
2.52703
2.51901
2.51088
2.50186
2.49213
2.48254
1.347
2.39556
2.66016
2.66581
2.64947
2.62419
2.61558
2.61424
2.6155
2.61577
2.61549
2.61514
2.61425
2.61333
2.61269
2.61183
2.61111
2.61005
2.6091
2.60777
2.60663
2.60526
2.6041
2.6026
2.60133
2.59947
2.59788
2.59537
2.59336
2.59064
2.58829
2.58521
2.58241
2.57885
2.57563
2.5717
2.56798
2.56359
2.55925
2.55426
2.54911
2.54333
2.5372
2.53056
2.52337
2.51579
2.50765
2.49924
2.49027
2.48165
1.34833
2.40645
2.66735
2.67127
2.65096
2.62222
2.61096
2.61078
2.61174
2.61245
2.61233
2.61163
2.61087
2.60988
2.60928
2.60854
2.60795
2.60705
2.60624
2.60511
2.60396
2.6023
2.60062
2.59846
2.59629
2.59379
2.59126
2.58847
2.58555
2.58245
2.57915
2.57576
2.57219
2.56863
2.56468
2.56076
2.55635
2.55207
2.5472
2.5425
2.53716
2.53204
2.52616
2.52046
2.514
2.50761
2.50042
2.49314
2.48531
2.47797
1.34775
2.4021
2.66457
2.66931
2.64836
2.61893
2.60693
2.60678
2.60758
2.60849
2.60821
2.60736
2.60654
2.60543
2.60472
2.60397
2.60334
2.60254
2.60178
2.60084
2.59988
2.59872
2.59744
2.59596
2.59425
2.59234
2.59013
2.58776
2.585
2.58213
2.57882
2.57543
2.5716
2.56773
2.56343
2.55905
2.55421
2.54925
2.5439
2.53838
2.53256
2.52654
2.52029
2.51376
2.50709
2.5001
2.49307
2.48558
2.47803
2.47065
1.34491
2.37909
2.64741
2.66154
2.64239
2.61455
2.60274
2.6013
2.6016
2.60184
2.60118
2.60041
2.59907
2.59798
2.5969
2.59603
2.59499
2.59406
2.59291
2.59188
2.59061
2.58949
2.58811
2.58687
2.58535
2.58393
2.58219
2.58048
2.57841
2.57631
2.57385
2.57125
2.56826
2.56502
2.56139
2.55747
2.55326
2.54869
2.54385
2.53857
2.53308
2.52713
2.52101
2.51442
2.50769
2.50053
2.49329
2.48578
2.47815
2.47082
1.75131
2.37307
2.6456
2.64169
2.62823
2.61413
2.60925
2.6095
2.60948
2.60936
2.60878
2.60812
2.6069
2.60576
2.60448
2.60336
2.60199
2.60068
2.5991
2.59756
2.59577
2.594
2.59202
2.59003
2.58785
2.58564
2.58325
2.58079
2.57816
2.57543
2.57263
2.56966
2.5666
2.56328
2.55984
2.55605
2.55213
2.54779
2.54325
2.53829
2.53307
2.52747
2.52168
2.51554
2.50923
2.50258
2.49571
2.48854
2.48104
2.4739
1.34701
2.38872
2.65255
2.6598
2.63926
2.60892
2.59758
2.59622
2.59784
2.59916
2.59901
2.5985
2.59792
2.59665
2.59597
2.59476
2.59402
2.59254
2.59159
2.58986
2.58832
2.58648
2.58466
2.58253
2.58045
2.57822
2.57614
2.57384
2.57169
2.56924
2.5667
2.56381
2.56085
2.55758
2.55423
2.55061
2.54686
2.54288
2.53878
2.53445
2.52994
2.52513
2.52004
2.51459
2.50884
2.50278
2.49646
2.48992
2.48307
2.47652
1.3507
2.41197
2.65479
2.64883
2.62689
2.59633
2.58557
2.58583
2.58762
2.58954
2.58988
2.58964
2.58918
2.5884
2.58789
2.58737
2.58691
2.58629
2.58563
2.58483
2.58395
2.58293
2.58178
2.58046
2.57897
2.57714
2.57505
2.57265
2.57003
2.56714
2.56414
2.56095
2.55763
2.55411
2.55044
2.54658
2.54256
2.53836
2.53398
2.52944
2.5247
2.5198
2.5148
2.50968
2.50433
2.49884
2.49307
2.48712
2.48086
2.4749
1.77122
2.37213
2.63839
2.61748
2.61114
2.59584
2.59311
2.59386
2.59498
2.59626
2.596
2.59551
2.59516
2.5945
2.59393
2.59335
2.59277
2.5921
2.59137
2.59055
2.58967
2.58867
2.58759
2.58636
2.58503
2.58351
2.58185
2.57996
2.57789
2.57548
2.57275
2.56972
2.56638
2.56279
2.55892
2.55482
2.55046
2.54592
2.54114
2.53621
2.53102
2.52566
2.52
2.51418
2.50819
2.50206
2.49585
2.48954
2.48311
2.47698
1.79775
2.3551
2.62638
2.60581
2.60263
2.5927
2.58932
2.58953
2.58978
2.59034
2.59008
2.58946
2.58883
2.5878
2.58677
2.58565
2.58447
2.58313
2.58174
2.5802
2.57862
2.57691
2.57522
2.57344
2.57168
2.56984
2.56802
2.5661
2.56419
2.56223
2.56035
2.55831
2.55633
2.55413
2.55191
2.54941
2.54682
2.54387
2.54055
2.53687
2.53297
2.52879
2.52439
2.51968
2.51474
2.50951
2.50398
2.49815
2.49205
2.48614
1.76258
2.38158
2.65001
2.61922
2.61344
2.59929
2.59612
2.59823
2.59971
2.60054
2.60027
2.59978
2.59873
2.59753
2.59625
2.59493
2.5935
2.59199
2.59035
2.58865
2.58684
2.585
2.58291
2.58071
2.57827
2.57574
2.57297
2.57015
2.56709
2.56403
2.56074
2.55749
2.55403
2.55052
2.54681
2.54308
2.53915
2.53524
2.53134
2.52742
2.52334
2.51916
2.5148
2.51038
2.50578
2.50111
2.49624
2.49127
2.48603
2.48111
1.28617
2.49449
2.64468
2.64199
2.61673
2.58401
2.57195
2.57239
2.57503
2.57742
2.57867
2.5789
2.57913
2.5791
2.57904
2.57896
2.5788
2.5785
2.57803
2.57738
2.57655
2.5755
2.57435
2.573
2.57153
2.56983
2.5681
2.56596
2.56372
2.56132
2.5587
2.55593
2.55282
2.54963
2.54612
2.54255
2.53869
2.53477
2.53059
2.52638
2.52194
2.51748
2.51298
2.50825
2.50339
2.49831
2.49312
2.48773
2.48222
2.47696
1.77184
2.36715
2.63944
2.61688
2.61058
2.59516
2.59022
2.59113
2.59155
2.59314
2.59277
2.5922
2.59174
2.59095
2.59021
2.58935
2.58858
2.58761
2.58668
2.58553
2.58442
2.58308
2.58177
2.58021
2.57868
2.57686
2.57507
2.57297
2.57065
2.56804
2.56525
2.56217
2.55909
2.55577
2.55244
2.54883
2.5452
2.54125
2.53728
2.53295
2.52863
2.52393
2.51907
2.514
2.50884
2.50349
2.49805
2.49243
2.4867
2.48122
1.77324
2.36535
2.63734
2.61496
2.60871
2.59342
2.58846
2.58956
2.59062
2.59171
2.59225
2.59175
2.59132
2.59052
2.58967
2.58873
2.58775
2.5866
2.58536
2.58398
2.5825
2.58091
2.57922
2.57743
2.57554
2.57358
2.57149
2.56938
2.56731
2.56515
2.56298
2.56065
2.55815
2.55544
2.55254
2.54948
2.54626
2.54289
2.53933
2.53562
2.53172
2.52769
2.52345
2.51907
2.51449
2.50978
2.50486
2.49983
2.49457
2.48948
1.28557
2.49088
2.64199
2.63932
2.61358
2.57893
2.56599
2.5655
2.56802
2.57008
2.57104
2.57098
2.57084
2.57045
2.57014
2.56968
2.56938
2.56876
2.56831
2.56742
2.56678
2.56561
2.56473
2.5633
2.56218
2.56055
2.55892
2.55715
2.55524
2.55323
2.5511
2.54889
2.54657
2.54415
2.54162
2.53896
2.53615
2.5332
2.5301
2.52683
2.52341
2.51981
2.51607
2.51214
2.50809
2.50384
2.49948
2.49493
2.49026
2.48572
1.76678
2.3728
2.64054
2.60981
2.60339
2.58742
2.58436
2.58653
2.58743
2.58955
2.58931
2.58877
2.58831
2.58747
2.58669
2.5858
2.58494
2.58389
2.58284
2.58161
2.58036
2.57896
2.57751
2.57594
2.57427
2.57251
2.57061
2.56862
2.56649
2.56426
2.56188
2.55926
2.55651
2.55354
2.55045
2.54716
2.54376
2.54015
2.53647
2.53266
2.52877
2.52474
2.5206
2.51632
2.51192
2.50739
2.50273
2.49795
2.49301
2.48829
1.79467
2.35591
2.62395
2.59585
2.59183
2.58013
2.57686
2.57805
2.57836
2.57908
2.57889
2.57849
2.57803
2.57729
2.57657
2.57582
2.57501
2.57411
2.57312
2.57204
2.57087
2.5696
2.56824
2.56679
2.56525
2.56362
2.5619
2.56008
2.55817
2.55617
2.55408
2.55203
2.54985
2.54769
2.54537
2.54305
2.54054
2.53795
2.53513
2.53217
2.52897
2.52568
2.52218
2.51859
2.5148
2.51091
2.50681
2.50263
2.49822
2.49404
1.79928
2.35067
2.61892
2.59267
2.58903
2.57777
2.57396
2.57464
2.57481
2.57521
2.57507
2.57466
2.57416
2.5734
2.57262
2.57185
2.57098
2.57005
2.56901
2.56789
2.56665
2.56533
2.56389
2.56236
2.5607
2.55896
2.55708
2.55512
2.55301
2.55082
2.54849
2.54607
2.54351
2.54086
2.53809
2.53523
2.53225
2.52924
2.52613
2.52297
2.5197
2.51635
2.51287
2.50929
2.50558
2.50177
2.49783
2.49377
2.48956
2.48556
1.77982
2.3559
2.61648
2.60294
2.59357
2.57712
2.57209
2.57257
2.57317
2.5738
2.57378
2.57331
2.57278
2.57196
2.57115
2.57037
2.56952
2.56861
2.56759
2.5665
2.5653
2.56402
2.56263
2.56116
2.55957
2.55789
2.55609
2.55419
2.55216
2.55003
2.54777
2.54541
2.5429
2.54029
2.53753
2.53467
2.53166
2.52854
2.52529
2.52192
2.51842
2.51482
2.51109
2.50724
2.50328
2.4992
2.495
2.49069
2.48624
2.482
1.34476
2.3798
2.63794
2.63734
2.61515
2.58169
2.56748
2.5651
2.5664
2.56752
2.56747
2.56721
2.56652
2.56552
2.56461
2.56382
2.56299
2.56212
2.56112
2.56005
2.55886
2.55761
2.55622
2.55476
2.55317
2.55149
2.54967
2.54777
2.54572
2.54358
2.54128
2.5389
2.53635
2.53371
2.53091
2.52802
2.52496
2.52181
2.51848
2.51506
2.51147
2.50779
2.50393
2.49999
2.49587
2.49167
2.48731
2.48288
2.47828
2.4739
1.34601
2.38739
2.65283
2.65697
2.63093
2.59242
2.57489
2.57254
2.57418
2.57546
2.57591
2.57556
2.57473
2.57373
2.57267
2.5718
2.57092
2.57002
2.56898
2.5679
2.56669
2.56543
2.56406
2.56264
2.56108
2.55948
2.55774
2.55595
2.55402
2.55202
2.54988
2.54767
2.54532
2.54289
2.54031
2.53765
2.53484
2.53194
2.52888
2.52573
2.52241
2.51901
2.51544
2.51177
2.50794
2.50401
2.49992
2.49574
2.49139
2.48722
1.34511
2.37928
2.6363
2.6363
2.61339
2.58006
2.5649
2.5629
2.56426
2.56518
2.56559
2.56516
2.56445
2.56342
2.56249
2.56166
2.56085
2.55998
2.55903
2.55799
2.55688
2.55568
2.55442
2.55305
2.55163
2.55009
2.54849
2.54677
2.54498
2.54307
2.54109
2.53899
2.5368
2.53449
2.5321
2.52957
2.52696
2.52421
2.52138
2.5184
2.51535
2.51213
2.50884
2.50539
2.50186
2.49816
2.4944
2.49046
2.48644
2.48252
1.78109
2.35418
2.61396
2.59964
2.58996
2.57208
2.56701
2.56737
2.56796
2.569
2.56884
2.5683
2.56781
2.56693
2.56617
2.56536
2.56458
2.56365
2.56272
2.56163
2.56054
2.5593
2.55804
2.55663
2.5552
2.55362
2.55201
2.55024
2.54845
2.54649
2.5445
2.54234
2.54015
2.53778
2.53538
2.5328
2.53018
2.52738
2.52455
2.52152
2.51846
2.5152
2.5119
2.50841
2.50488
2.50115
2.49738
2.49341
2.48937
2.48543
1.80134
2.34715
2.61453
2.58732
2.58378
2.57251
2.56902
2.5701
2.57039
2.57083
2.57068
2.57017
2.56962
2.56872
2.5679
2.56701
2.56613
2.5651
2.56405
2.56286
2.56165
2.56028
2.55889
2.55735
2.55577
2.55404
2.55226
2.55033
2.54835
2.54622
2.54403
2.54168
2.53927
2.5367
2.53408
2.53128
2.52843
2.52541
2.52232
2.51907
2.51575
2.51226
2.50871
2.50498
2.50119
2.49724
2.49321
2.48902
2.48475
2.48061
1.78829
2.36079
2.62695
2.59532
2.58871
2.5746
2.57212
2.57414
2.57564
2.57656
2.57653
2.57602
2.57548
2.57465
2.57387
2.57306
2.5722
2.57124
2.57021
2.56908
2.56789
2.56658
2.56522
2.56374
2.5622
2.56053
2.55881
2.55695
2.55502
2.55296
2.55083
2.54856
2.54622
2.54373
2.54117
2.53847
2.53568
2.53275
2.52973
2.52657
2.52332
2.51992
2.51643
2.5128
2.50907
2.5052
2.50124
2.49713
2.49293
2.48887
2.17219
2.34517
2.76293
2.86025
2.86559
2.82214
2.82017
2.81948
2.81221
2.81107
2.81405
2.81557
2.81687
2.81768
2.8194
2.8207
2.82271
2.82445
2.82596
2.82688
2.82727
2.82736
2.82598
2.82515
2.8221
2.81975
2.81568
2.8119
2.80692
2.802
2.79619
2.79034
2.78386
2.77731
2.7705
2.76354
2.75639
2.74862
2.74047
2.73237
2.72418
2.716
2.70773
2.69948
2.69121
2.683
2.67482
2.66675
2.65877
2.65094
2.64323
2.63572
2.62839
2.6213
2.61445
2.60789
2.60162
2.59569
2.59012
2.58496
2.58021
2.57593
2.57213
2.56886
2.56611
2.56393
2.56231
2.56126
2.56075
2.56066
2.56078
2.56112
2.56199
2.56343
2.5655
2.56773
2.56996
2.57224
2.57446
2.57665
2.57866
2.58055
2.58217
2.58361
2.58476
2.5857
2.58635
2.58681
2.58701
2.58708
2.58698
2.58675
2.58641
2.58569
2.58494
2.58391
2.58306
2.58194
2.58103
2.57801
2.18035
2.2603
2.45037
2.62852
2.69699
2.73461
2.76239
2.7875
2.80203
2.81479
2.82284
2.83287
2.83852
2.83812
2.83424
2.82878
2.82128
2.8137
2.80437
2.79535
2.78506
2.77531
2.76469
2.75476
2.7438
2.73343
2.72218
2.71163
2.70033
2.68973
2.67848
2.66792
2.6568
2.64635
2.63563
2.62566
2.61535
2.605
2.59422
2.58383
2.57364
2.5637
2.55384
2.54421
2.53468
2.52542
2.51629
2.50743
2.49874
2.49034
2.48213
2.47423
2.46655
2.45923
2.45215
2.44546
2.43907
2.43311
2.42749
2.42234
2.4176
2.41338
2.40961
2.40641
2.40372
2.40162
2.40005
2.39909
2.39863
2.39863
2.39889
2.39942
2.40051
2.40223
2.40467
2.40731
2.41004
2.41276
2.41546
2.41804
2.42047
2.42268
2.42462
2.42626
2.4276
2.42863
2.42935
2.42978
2.42993
2.42988
2.42973
2.4294
2.42901
2.42819
2.4274
2.42626
2.42538
2.42419
2.42341
2.42053
2.22678
2.21287
2.27128
2.35831
2.411
2.46048
2.49421
2.52163
2.54289
2.55886
2.57081
2.57994
2.58673
2.58916
2.58842
2.58668
2.5827
2.57813
2.57258
2.56655
2.5598
2.55292
2.54554
2.53828
2.53046
2.52276
2.51452
2.50654
2.49811
2.49002
2.4815
2.47338
2.46484
2.45673
2.44842
2.44078
2.43287
2.42485
2.41626
2.40792
2.39976
2.39179
2.38387
2.37608
2.36835
2.36077
2.35328
2.34597
2.33877
2.33178
2.32491
2.31828
2.31181
2.30561
2.2996
2.2939
2.28844
2.28332
2.2785
2.27406
2.26997
2.26632
2.26306
2.26029
2.25795
2.25615
2.2548
2.25401
2.25369
2.25376
2.25406
2.25455
2.25555
2.25712
2.25937
2.26181
2.26436
2.26688
2.26939
2.27175
2.27399
2.27598
2.27775
2.27922
2.28043
2.28132
2.28197
2.2823
2.28242
2.28235
2.28221
2.28192
2.28157
2.28084
2.28014
2.27912
2.27838
2.27735
2.27686
2.27446
2.25962
2.22028
2.21591
2.2409
2.27151
2.29401
2.30924
2.32105
2.33159
2.34084
2.34849
2.35459
2.35931
2.36291
2.36445
2.36469
2.36464
2.36452
2.36433
2.36405
2.36356
2.36292
2.36219
2.36092
2.3594
2.35762
2.35534
2.35284
2.3499
2.34679
2.34325
2.33959
2.3355
2.33136
2.32702
2.32293
2.31859
2.31384
2.30842
2.30289
2.29734
2.29187
2.2863
2.28075
2.27507
2.26945
2.26375
2.25813
2.25248
2.24695
2.24142
2.23606
2.23073
2.22561
2.22057
2.21579
2.21114
2.20679
2.20262
2.19882
2.19524
2.19208
2.18921
2.1868
2.18473
2.18317
2.18199
2.18134
2.18113
2.18127
2.18159
2.18208
2.18307
2.18455
2.18665
2.18892
2.19139
2.19378
2.1962
2.19842
2.20055
2.20239
2.20407
2.2054
2.20655
2.20734
2.20795
2.20821
2.20833
2.20824
2.20814
2.2079
2.2076
2.20694
2.20637
2.20546
2.20485
2.20398
2.20373
2.20167
2.27504
2.24094
2.21922
2.21172
2.21877
2.22341
2.22547
2.22607
2.22706
2.22892
2.23173
2.23404
2.23608
2.23792
2.24066
2.24295
2.24516
2.24762
2.25029
2.25315
2.25604
2.25883
2.26145
2.2637
2.26563
2.267
2.26795
2.26844
2.26816
2.26761
2.26651
2.26505
2.26304
2.26078
2.25826
2.2558
2.25302
2.24973
2.2457
2.24136
2.23687
2.23236
2.22771
2.22301
2.21817
2.2133
2.20831
2.20334
2.1983
2.19332
2.18832
2.18342
2.17855
2.17384
2.16919
2.16476
2.16044
2.15638
2.1525
2.14893
2.14559
2.14262
2.13994
2.13768
2.13575
2.1343
2.13322
2.13269
2.13256
2.13274
2.13304
2.13358
2.13457
2.13607
2.13801
2.14018
2.14255
2.1449
2.14724
2.1494
2.15144
2.15321
2.15479
2.15606
2.15711
2.15785
2.15838
2.15861
2.15868
2.15859
2.15848
2.15822
2.15791
2.15722
2.15672
2.15582
2.15528
2.15446
2.15432
2.15232
2.29852
2.25469
2.23049
2.21062
2.20083
2.19397
2.18823
2.18214
2.17731
2.17352
2.17179
2.1713
2.1719
2.17227
2.17337
2.1756
2.17817
2.18135
2.1843
2.18792
2.19131
2.19517
2.1985
2.20202
2.20478
2.20749
2.20929
2.21093
2.21164
2.2122
2.21198
2.21132
2.21014
2.20863
2.2069
2.20516
2.20307
2.20045
2.19712
2.19341
2.18949
2.18543
2.18127
2.17701
2.17265
2.1682
2.16367
2.15908
2.15446
2.14982
2.14519
2.1406
2.13606
2.13162
2.12727
2.12307
2.11902
2.11516
2.11151
2.10812
2.10498
2.10216
2.09964
2.09749
2.09571
2.09434
2.0934
2.09296
2.09292
2.09309
2.09341
2.09399
2.09502
2.0965
2.09835
2.10042
2.10268
2.10497
2.10724
2.10935
2.11131
2.11303
2.11453
2.11575
2.11674
2.11744
2.11793
2.11814
2.11817
2.11809
2.11797
2.11767
2.11736
2.11666
2.1162
2.11532
2.11483
2.11404
2.11398
2.11204
2.32214
2.28214
2.24846
2.22366
2.20322
2.18826
2.17587
2.16538
2.15588
2.14841
2.14254
2.13904
2.13693
2.13655
2.1366
2.13717
2.13904
2.14188
2.1451
2.1485
2.15215
2.15594
2.15971
2.16343
2.16684
2.16998
2.17257
2.17476
2.17629
2.17743
2.17787
2.17799
2.17739
2.17648
2.17541
2.17425
2.17274
2.17068
2.16796
2.16482
2.16141
2.15779
2.15404
2.15017
2.14621
2.14214
2.13799
2.13375
2.12947
2.12515
2.12082
2.1165
2.11223
2.10803
2.10392
2.09993
2.09609
2.09242
2.08896
2.08573
2.08275
2.08006
2.07769
2.07564
2.07398
2.07271
2.07188
2.07154
2.07156
2.07172
2.07206
2.07268
2.07375
2.07524
2.07703
2.07903
2.0812
2.08341
2.0856
2.08766
2.08956
2.09123
2.09267
2.09385
2.0948
2.09548
2.09594
2.09613
2.09614
2.09606
2.09593
2.09561
2.09529
2.09458
2.09414
2.09327
2.09282
2.09206
2.09205
2.09014
2.33818
2.30422
2.27111
2.24259
2.21844
2.19936
2.18186
2.16691
2.15397
2.14345
2.13459
2.12836
2.12378
2.12146
2.12011
2.12009
2.12022
2.12144
2.12381
2.12691
2.13047
2.1339
2.13757
2.14107
2.14459
2.14772
2.15062
2.15295
2.15489
2.15622
2.15709
2.15738
2.15716
2.1565
2.15575
2.15485
2.15359
2.15177
2.14934
2.14648
2.14333
2.13993
2.13638
2.13268
2.1289
2.125
2.12103
2.11697
2.11286
2.1087
2.10455
2.10039
2.09628
2.09222
2.08827
2.08442
2.08073
2.0772
2.07388
2.07077
2.06794
2.06536
2.06312
2.0612
2.05967
2.05852
2.0578
2.05756
2.05764
2.05781
2.05816
2.05887
2.06
2.06151
2.06326
2.06521
2.06727
2.0694
2.0715
2.07351
2.07535
2.07699
2.0784
2.07957
2.08049
2.08116
2.08159
2.08177
2.08176
2.08168
2.08154
2.0812
2.08087
2.08015
2.07971
2.07885
2.07842
2.0777
2.07772
2.07582
2.35206
2.32051
2.28984
2.25996
2.23419
2.21089
2.19201
2.17536
2.16084
2.14783
2.1372
2.12821
2.12184
2.11697
2.1143
2.11248
2.11199
2.11169
2.11233
2.11394
2.11687
2.11986
2.12323
2.12631
2.12957
2.13237
2.13521
2.1374
2.13945
2.14074
2.1418
2.14207
2.14201
2.14147
2.14084
2.14008
2.1389
2.13718
2.13486
2.13217
2.12915
2.1259
2.12244
2.11885
2.11514
2.11136
2.10748
2.10354
2.09955
2.09553
2.09149
2.08747
2.08349
2.07957
2.07575
2.07205
2.06848
2.0651
2.06191
2.05895
2.05625
2.05383
2.05172
2.04995
2.04853
2.04751
2.04691
2.04676
2.04685
2.04704
2.04747
2.04824
2.04945
2.05095
2.05265
2.05453
2.05651
2.05854
2.06054
2.06246
2.06423
2.06582
2.06719
2.06834
2.06924
2.0699
2.07031
2.07047
2.07045
2.07038
2.07024
2.06988
2.06954
2.06882
2.06838
2.06754
2.06711
2.06643
2.06648
2.06458
2.36791
2.33878
2.30948
2.28032
2.25326
2.22888
2.20725
2.1884
2.17171
2.15728
2.14481
2.13442
2.12587
2.11935
2.11453
2.11138
2.10931
2.10844
2.10805
2.10821
2.10915
2.11078
2.11344
2.11621
2.11903
2.1216
2.12408
2.12615
2.12801
2.12931
2.1303
2.13065
2.13057
2.13016
2.12964
2.12894
2.12784
2.12622
2.12408
2.12162
2.11884
2.11585
2.11263
2.10927
2.10577
2.10219
2.0985
2.09477
2.09096
2.08714
2.08328
2.07945
2.07564
2.0719
2.06823
2.06468
2.06127
2.05803
2.05498
2.05218
2.04961
2.04734
2.04536
2.04372
2.04243
2.04153
2.04105
2.04097
2.04107
2.04129
2.04177
2.04262
2.04386
2.04536
2.04703
2.04885
2.05072
2.05265
2.05454
2.05637
2.05807
2.05962
2.06096
2.0621
2.06299
2.06367
2.06408
2.06425
2.06424
2.06417
2.06404
2.06369
2.06336
2.06265
2.0622
2.06138
2.06097
2.06032
2.06041
2.05849
2.38294
2.35509
2.3267
2.29808
2.27092
2.24576
2.22323
2.20295
2.18513
2.1692
2.15542
2.14334
2.13331
2.12491
2.11849
2.11349
2.11005
2.10758
2.10632
2.10565
2.10574
2.10631
2.10759
2.10961
2.11189
2.11425
2.11647
2.11853
2.12033
2.1218
2.12294
2.1236
2.12389
2.12384
2.1237
2.12334
2.12257
2.12126
2.11946
2.11735
2.11491
2.11222
2.10927
2.10615
2.10285
2.09944
2.09591
2.09233
2.08867
2.08499
2.08127
2.07758
2.07391
2.0703
2.06677
2.06336
2.06008
2.057
2.05409
2.05144
2.04901
2.04689
2.04505
2.04355
2.0424
2.04163
2.04128
2.04126
2.04137
2.04162
2.04215
2.04308
2.04434
2.04584
2.04745
2.04918
2.05094
2.05274
2.05449
2.05621
2.0578
2.05929
2.06058
2.06169
2.06257
2.06324
2.06366
2.06384
2.06383
2.06377
2.06364
2.06331
2.06298
2.06228
2.06185
2.06104
2.06064
2.06002
2.06014
2.0582
2.4059
2.3779
2.34904
2.31978
2.29161
2.2653
2.24131
2.21971
2.20035
2.18317
2.16788
2.15457
2.14297
2.13324
2.12509
2.11871
2.11371
2.1101
2.10752
2.10598
2.10523
2.10526
2.10573
2.10697
2.10864
2.11096
2.11337
2.11573
2.11772
2.11954
2.12087
2.12192
2.1224
2.1228
2.1229
2.12271
2.12215
2.12103
2.11944
2.11758
2.11537
2.11293
2.11019
2.10728
2.10413
2.10089
2.09749
2.09406
2.09051
2.08698
2.08338
2.07983
2.07627
2.07281
2.06939
2.06614
2.06297
2.06004
2.05724
2.05474
2.05242
2.05044
2.04871
2.04736
2.04629
2.04567
2.04539
2.04542
2.04553
2.04581
2.04641
2.04739
2.04869
2.05013
2.05169
2.0533
2.05496
2.05661
2.05827
2.05986
2.06139
2.06278
2.06405
2.06512
2.066
2.06666
2.06711
2.0673
2.06733
2.06728
2.06716
2.06685
2.06654
2.06586
2.06544
2.06466
2.06427
2.06367
2.06381
2.06184
2.43179
2.40561
2.37756
2.34854
2.31987
2.29274
2.26748
2.24456
2.22372
2.20515
2.18844
2.17378
2.1608
2.14971
2.14015
2.13243
2.12612
2.12138
2.11773
2.11534
2.11377
2.11318
2.11336
2.11393
2.11505
2.11682
2.11883
2.12118
2.12342
2.12534
2.12699
2.12817
2.12904
2.12962
2.13023
2.13016
2.1298
2.12899
2.1277
2.12616
2.12423
2.12207
2.11956
2.11688
2.11391
2.11085
2.10757
2.10428
2.10084
2.09744
2.09394
2.09052
2.08706
2.08373
2.08042
2.0773
2.07424
2.07144
2.06875
2.06638
2.06417
2.06234
2.06072
2.05951
2.05857
2.05809
2.05787
2.05791
2.05804
2.05838
2.05907
2.0601
2.06138
2.06275
2.06423
2.06572
2.06727
2.06878
2.07032
2.07179
2.07323
2.07454
2.07576
2.07679
2.07767
2.07832
2.0788
2.07901
2.07908
2.07904
2.07894
2.07866
2.07837
2.07773
2.07733
2.07656
2.07619
2.0756
2.07577
2.07375
2.45215
2.42958
2.40431
2.37738
2.34995
2.32335
2.29803
2.27459
2.25297
2.23339
2.21564
2.19981
2.18568
2.17334
2.16256
2.15352
2.146
2.14001
2.13528
2.13182
2.12933
2.12787
2.12713
2.12729
2.12775
2.12884
2.13037
2.1322
2.13417
2.13631
2.13788
2.13933
2.14009
2.14093
2.14133
2.14115
2.14066
2.13964
2.13826
2.13659
2.13458
2.13231
2.12974
2.12697
2.12397
2.12084
2.11756
2.11423
2.11083
2.10744
2.10402
2.10066
2.09733
2.09412
2.09098
2.08801
2.08516
2.08252
2.08007
2.07789
2.07594
2.0743
2.07293
2.07192
2.0712
2.07089
2.0708
2.07087
2.07107
2.07151
2.0723
2.07336
2.07457
2.07584
2.07718
2.07852
2.07989
2.08124
2.0826
2.08391
2.08519
2.08637
2.08747
2.08841
2.08922
2.08984
2.0903
2.09052
2.09059
2.09055
2.09047
2.09022
2.08996
2.08936
2.08898
2.08825
2.08791
2.08737
2.08758
2.08554
2.46384
2.44535
2.42396
2.4005
2.37597
2.35152
2.32774
2.30514
2.28395
2.26431
2.24628
2.22985
2.21502
2.20173
2.19
2.1797
2.17094
2.16357
2.15755
2.15269
2.14893
2.14612
2.14417
2.14297
2.14242
2.14251
2.14278
2.1434
2.14423
2.14493
2.14577
2.14616
2.14641
2.14641
2.14618
2.1456
2.14457
2.14323
2.14162
2.13972
2.13757
2.13515
2.13252
2.12966
2.12665
2.1235
2.12026
2.11694
2.11361
2.11027
2.10697
2.10372
2.10056
2.09749
2.09457
2.09178
2.08918
2.08676
2.08457
2.08262
2.08094
2.07953
2.07844
2.07763
2.07717
2.07701
2.07704
2.07715
2.07743
2.078
2.07888
2.07991
2.08101
2.08214
2.0833
2.08446
2.08563
2.08678
2.08793
2.08905
2.09013
2.09114
2.09208
2.0929
2.09361
2.09417
2.09458
2.0948
2.09487
2.09484
2.09476
2.09456
2.09432
2.09378
2.09343
2.09276
2.09245
2.09198
2.09223
2.09018
2.46587
2.45022
2.43207
2.41171
2.39025
2.36839
2.34685
2.32591
2.30598
2.2871
2.26949
2.25309
2.23803
2.22421
2.21171
2.20041
2.19047
2.18174
2.17427
2.16787
2.16256
2.15814
2.15464
2.15183
2.14975
2.14822
2.14719
2.14647
2.14616
2.14602
2.14609
2.14607
2.14597
2.14565
2.14508
2.14425
2.14309
2.14168
2.13997
2.13803
2.13581
2.13341
2.13076
2.12798
2.125
2.12194
2.11877
2.11558
2.11234
2.10915
2.10598
2.10291
2.09991
2.09706
2.09432
2.09177
2.08937
2.08722
2.08526
2.08359
2.08214
2.08101
2.08014
2.07959
2.07932
2.07931
2.07938
2.07957
2.08
2.08067
2.08156
2.0825
2.08347
2.08443
2.08541
2.08637
2.08735
2.08831
2.08926
2.09019
2.09109
2.09194
2.09273
2.09343
2.09405
2.09455
2.09493
2.09515
2.09523
2.09521
2.09515
2.09499
2.09479
2.09432
2.094
2.0934
2.09313
2.09271
2.09302
2.09095
2.46655
2.45255
2.43624
2.41791
2.39837
2.37837
2.35836
2.33879
2.31981
2.30169
2.28443
2.26824
2.25302
2.23892
2.22581
2.21382
2.20288
2.19311
2.18438
2.17677
2.17012
2.16447
2.15966
2.15567
2.15234
2.14961
2.14749
2.1459
2.1447
2.14381
2.14316
2.14259
2.14202
2.14133
2.1405
2.13944
2.13817
2.13663
2.13488
2.13286
2.13066
2.12823
2.12566
2.1229
2.12005
2.11706
2.11403
2.11094
2.10788
2.10481
2.10185
2.09894
2.09618
2.09352
2.09107
2.08875
2.08666
2.08476
2.08312
2.0817
2.08058
2.07968
2.07911
2.07876
2.07871
2.07876
2.0789
2.07924
2.07978
2.08055
2.08137
2.08219
2.08301
2.08381
2.0846
2.08539
2.08618
2.08696
2.08772
2.08847
2.08918
2.08986
2.0905
2.09108
2.0916
2.09203
2.09237
2.09259
2.09268
2.09266
2.09262
2.09251
2.09235
2.09196
2.09168
2.09116
2.09093
2.0906
2.09096
2.08888
2.46505
2.45247
2.43776
2.42116
2.40341
2.38512
2.36661
2.34828
2.3303
2.3129
2.29615
2.28017
2.26499
2.25067
2.23722
2.22466
2.21302
2.20236
2.19265
2.18391
2.17606
2.16914
2.16296
2.15768
2.15309
2.14933
2.14611
2.14354
2.14136
2.13968
2.13824
2.13709
2.13597
2.13493
2.13374
2.13252
2.13104
2.12945
2.12758
2.1256
2.12335
2.12102
2.11845
2.11583
2.11302
2.11022
2.10728
2.1044
2.10145
2.09864
2.09581
2.09318
2.09058
2.08822
2.08595
2.08395
2.08207
2.0805
2.07909
2.07801
2.07711
2.07655
2.07616
2.07612
2.07616
2.07629
2.07658
2.07707
2.07777
2.0785
2.07921
2.07989
2.08055
2.08118
2.08181
2.08242
2.08302
2.08361
2.08418
2.08473
2.08526
2.08576
2.08625
2.08669
2.08711
2.08746
2.08776
2.08796
2.08806
2.08806
2.08803
2.08795
2.08782
2.08752
2.08729
2.08685
2.08667
2.08642
2.08685
2.08474
2.4584
2.44748
2.43447
2.41947
2.40319
2.38617
2.36896
2.35171
2.33473
2.31803
2.30187
2.2862
2.27121
2.25682
2.24319
2.23024
2.21808
2.20669
2.1962
2.18649
2.1777
2.16966
2.16254
2.15614
2.1506
2.14568
2.14153
2.13791
2.13493
2.13235
2.13027
2.12843
2.12688
2.12539
2.124
2.12251
2.121
2.11929
2.1175
2.11547
2.11337
2.11105
2.10867
2.1061
2.10352
2.1008
2.09812
2.09536
2.09269
2.09
2.08748
2.08499
2.08271
2.08052
2.07858
2.07677
2.07525
2.07387
2.07282
2.07194
2.07139
2.07101
2.07094
2.07097
2.0711
2.07138
2.07186
2.07252
2.07319
2.07383
2.07442
2.07496
2.07547
2.07594
2.0764
2.07684
2.07726
2.07766
2.07805
2.07841
2.07875
2.07908
2.07942
2.07974
2.08006
2.08034
2.08059
2.08077
2.08088
2.08089
2.08087
2.08082
2.08073
2.08051
2.08034
2.07997
2.07987
2.07967
2.08014
2.07804
2.45843
2.44688
2.43371
2.41899
2.40327
2.38698
2.37032
2.3537
2.33718
2.32099
2.3051
2.2897
2.27474
2.26037
2.24652
2.23334
2.22073
2.20888
2.19772
2.18739
2.17778
2.16902
2.16101
2.1538
2.14729
2.14156
2.13646
2.1321
2.12827
2.12507
2.12236
2.12012
2.11818
2.11652
2.11493
2.11345
2.11189
2.11031
2.10858
2.10676
2.10476
2.10267
2.10042
2.09811
2.09567
2.09322
2.09069
2.0882
2.0857
2.0833
2.08094
2.07874
2.07663
2.07473
2.07297
2.07145
2.07011
2.06906
2.06819
2.06762
2.06724
2.06714
2.06717
2.06729
2.06759
2.06804
2.06869
2.06933
2.06993
2.07046
2.07094
2.07137
2.07176
2.07212
2.07245
2.07276
2.07305
2.07332
2.07356
2.07377
2.07398
2.0742
2.07442
2.07466
2.0749
2.07514
2.07535
2.07553
2.07565
2.0757
2.07569
2.07566
2.07561
2.07547
2.07535
2.07508
2.07502
2.07488
2.07537
2.07327
2.46164
2.44985
2.43634
2.42145
2.40563
2.38943
2.37307
2.35667
2.3404
2.32431
2.30857
2.29315
2.27821
2.26368
2.24972
2.23623
2.22338
2.21109
2.19955
2.18864
2.17855
2.16913
2.16055
2.15267
2.14565
2.1393
2.13379
2.12889
2.12477
2.12116
2.11812
2.11556
2.11336
2.11143
2.10973
2.10814
2.10661
2.10505
2.10344
2.10172
2.0999
2.09795
2.09591
2.09376
2.09155
2.08928
2.087
2.0847
2.08246
2.08025
2.07817
2.07617
2.07434
2.07265
2.07117
2.06987
2.06882
2.06799
2.06742
2.06706
2.06696
2.067
2.06714
2.06747
2.06796
2.06861
2.06926
2.06983
2.07035
2.07079
2.07117
2.07147
2.07175
2.07197
2.07218
2.07235
2.0725
2.07261
2.07269
2.07274
2.07281
2.0729
2.07303
2.07316
2.07332
2.07349
2.07367
2.07382
2.07394
2.074
2.07403
2.07402
2.07399
2.07392
2.07385
2.07369
2.07367
2.07359
2.07409
2.072
2.46524
2.45451
2.442
2.42781
2.41252
2.39661
2.38046
2.36424
2.34808
2.33211
2.31637
2.30097
2.28591
2.2713
2.2571
2.24345
2.23028
2.21772
2.20574
2.19447
2.18382
2.17394
2.16473
2.15631
2.14857
2.14163
2.13534
2.12983
2.12488
2.12063
2.11688
2.11369
2.11096
2.10867
2.10663
2.10482
2.10309
2.10145
2.09977
2.09808
2.0963
2.09447
2.09252
2.09055
2.08849
2.08643
2.08433
2.08229
2.08026
2.07834
2.07649
2.07479
2.0732
2.07182
2.07059
2.06962
2.06884
2.06833
2.06802
2.06796
2.06802
2.06821
2.06862
2.0692
2.0699
2.07055
2.07117
2.07169
2.07214
2.07248
2.07277
2.07295
2.07311
2.0732
2.07328
2.07328
2.07326
2.07319
2.0731
2.07296
2.07289
2.07283
2.07284
2.07286
2.07291
2.07299
2.0731
2.07322
2.07331
2.07339
2.07343
2.07344
2.07344
2.07342
2.0734
2.07337
2.07339
2.07339
2.07392
2.07188
2.46447
2.45463
2.44296
2.42973
2.4155
2.40061
2.38539
2.36997
2.35452
2.33909
2.32381
2.30871
2.29388
2.27935
2.26519
2.2514
2.23808
2.2252
2.21287
2.2011
2.18995
2.17942
2.16956
2.16035
2.15186
2.14402
2.13692
2.13046
2.12476
2.11964
2.1152
2.11128
2.10794
2.10497
2.10246
2.10021
2.09826
2.0964
2.09469
2.09296
2.09126
2.08949
2.08771
2.08586
2.08401
2.08212
2.08027
2.07844
2.0767
2.07501
2.07346
2.07201
2.07074
2.06962
2.06874
2.06805
2.06763
2.06742
2.06743
2.06754
2.06781
2.06836
2.0691
2.06987
2.07058
2.07125
2.07182
2.07231
2.07268
2.07295
2.07311
2.07321
2.07324
2.07323
2.07319
2.07306
2.07285
2.07259
2.07232
2.07208
2.07186
2.07171
2.07158
2.07152
2.07148
2.0715
2.07154
2.07159
2.07167
2.07175
2.07182
2.07185
2.07189
2.0719
2.07194
2.07197
2.07207
2.07215
2.07278
2.07085
2.4665
2.45641
2.44493
2.43196
2.41802
2.4035
2.38863
2.37358
2.35842
2.34329
2.3282
2.31329
2.29852
2.28407
2.26984
2.25601
2.24249
2.22944
2.21679
2.20473
2.19314
2.1822
2.17181
2.16213
2.15305
2.14472
2.13704
2.13015
2.12393
2.11846
2.11359
2.10935
2.10564
2.10247
2.09971
2.09731
2.09519
2.09328
2.0915
2.0898
2.08815
2.0865
2.08486
2.08319
2.08155
2.07989
2.07829
2.07671
2.07525
2.07383
2.07256
2.07139
2.07042
2.0696
2.06902
2.06861
2.06848
2.0685
2.06865
2.06905
2.06965
2.07046
2.0713
2.07208
2.07282
2.07346
2.07401
2.07443
2.07473
2.07489
2.07497
2.07497
2.07495
2.07487
2.07468
2.07438
2.074
2.07362
2.07324
2.07289
2.07257
2.0723
2.07208
2.07191
2.0718
2.07174
2.07172
2.07174
2.07179
2.07184
2.07193
2.07198
2.07206
2.07211
2.0722
2.07227
2.07245
2.0726
2.07331
2.07144
2.47595
2.46604
2.45453
2.44167
2.42781
2.41345
2.39869
2.38381
2.36875
2.35374
2.33871
2.32385
2.30908
2.29458
2.28028
2.26632
2.25265
2.2394
2.22654
2.21424
2.20241
2.19119
2.18048
2.17045
2.16096
2.15217
2.14393
2.13637
2.12936
2.12305
2.11729
2.11227
2.10775
2.10393
2.10049
2.09762
2.09501
2.09282
2.09074
2.08896
2.08717
2.08559
2.08394
2.08245
2.0809
2.07951
2.07808
2.07684
2.07558
2.07453
2.07349
2.0727
2.07195
2.07152
2.07119
2.07119
2.07126
2.07152
2.0721
2.07291
2.07383
2.07477
2.07569
2.07654
2.07732
2.07798
2.07851
2.07887
2.07909
2.07915
2.07914
2.07909
2.07897
2.07869
2.0783
2.07778
2.07727
2.07671
2.0762
2.07567
2.07522
2.07478
2.07443
2.07411
2.07389
2.07371
2.07362
2.07356
2.07358
2.0736
2.07365
2.07371
2.07384
2.07391
2.07407
2.07419
2.07445
2.07465
2.07544
2.07365
2.47212
2.46403
2.45394
2.44231
2.42969
2.41652
2.4029
2.38903
2.3749
2.36068
2.34633
2.33201
2.31768
2.30349
2.28939
2.27551
2.26182
2.24843
2.23532
2.22258
2.21021
2.1983
2.18684
2.17591
2.16551
2.15573
2.14651
2.13797
2.13004
2.12282
2.11619
2.11025
2.10489
2.10019
2.09599
2.09239
2.08916
2.08642
2.08393
2.08181
2.07981
2.07809
2.07642
2.07498
2.07356
2.07236
2.07118
2.07022
2.06929
2.06858
2.06792
2.06752
2.06721
2.06723
2.06734
2.06758
2.06818
2.06897
2.07002
2.07112
2.07224
2.07332
2.07436
2.0753
2.07613
2.0768
2.0773
2.0776
2.07771
2.0777
2.07765
2.07752
2.07721
2.07678
2.07616
2.07553
2.07481
2.07414
2.07342
2.07277
2.07211
2.07156
2.07101
2.07059
2.0702
2.06994
2.0697
2.06961
2.06953
2.06954
2.06957
2.06962
2.06975
2.06987
2.0701
2.07027
2.07064
2.07091
2.07181
2.07012
2.46778
2.45905
2.44908
2.43793
2.42588
2.41328
2.40027
2.38695
2.3734
2.35964
2.34577
2.3318
2.31782
2.30382
2.28992
2.27611
2.26247
2.249
2.23577
2.2228
2.21018
2.1979
2.18608
2.17469
2.16382
2.15344
2.14367
2.13444
2.12587
2.1179
2.11062
2.10396
2.09799
2.09261
2.08789
2.08371
2.08011
2.07697
2.07432
2.07202
2.07006
2.06835
2.06686
2.06555
2.06441
2.06341
2.06256
2.06183
2.06122
2.06074
2.06039
2.06022
2.06027
2.06039
2.06073
2.06145
2.06242
2.06353
2.06472
2.06596
2.06718
2.06837
2.06946
2.07045
2.07127
2.07191
2.07234
2.07255
2.07259
2.07255
2.07245
2.07221
2.0718
2.07122
2.07053
2.0698
2.06902
2.06825
2.06747
2.06673
2.06601
2.06536
2.06476
2.06426
2.06381
2.06348
2.06321
2.06306
2.06298
2.06298
2.063
2.06305
2.06318
2.06332
2.06361
2.06382
2.06425
2.06455
2.0655
2.06385
2.47187
2.46251
2.45186
2.44008
2.4276
2.41466
2.40145
2.38799
2.37438
2.36059
2.34672
2.33275
2.31879
2.30482
2.29094
2.27711
2.26344
2.2499
2.23658
2.22349
2.21072
2.19827
2.18623
2.17459
2.16346
2.1528
2.14272
2.13318
2.1243
2.11601
2.1084
2.10141
2.09513
2.08946
2.08453
2.0802
2.07652
2.07333
2.07065
2.06834
2.06644
2.06479
2.06347
2.06231
2.06143
2.06067
2.06013
2.05965
2.05936
2.05911
2.05909
2.05914
2.05937
2.05992
2.06075
2.06181
2.06299
2.06426
2.06556
2.06689
2.06818
2.06942
2.07052
2.07148
2.07225
2.07282
2.07315
2.07327
2.07325
2.07318
2.07302
2.07268
2.07213
2.07144
2.07066
2.06984
2.06898
2.06811
2.06725
2.06642
2.06562
2.06488
2.06421
2.06362
2.06311
2.0627
2.06239
2.06218
2.06207
2.06206
2.06208
2.06213
2.06227
2.06242
2.06275
2.06299
2.06349
2.06383
2.06481
2.0632
2.48053
2.47148
2.46098
2.44919
2.43657
2.42341
2.40992
2.39618
2.38227
2.36823
2.35409
2.33993
2.32575
2.31162
2.29755
2.28361
2.26979
2.25617
2.24273
2.22954
2.2166
2.20401
2.19176
2.17993
2.16852
2.15761
2.14719
2.13734
2.12805
2.11938
2.11134
2.10395
2.09724
2.09122
2.08583
2.08109
2.07696
2.07341
2.07042
2.06792
2.06586
2.06419
2.06288
2.06187
2.06113
2.06064
2.06034
2.06017
2.06012
2.06017
2.06034
2.06078
2.06148
2.06248
2.06364
2.06493
2.06633
2.06778
2.06927
2.07073
2.07213
2.0734
2.07453
2.07547
2.0762
2.07669
2.07695
2.07699
2.07694
2.07683
2.07657
2.07614
2.07547
2.0747
2.07384
2.07294
2.072
2.07106
2.07011
2.06921
2.06833
2.06752
2.06677
2.06612
2.06554
2.06507
2.0647
2.06445
2.0643
2.06428
2.0643
2.06435
2.06448
2.06465
2.06502
2.06529
2.06585
2.06622
2.06725
2.06567
2.47785
2.46986
2.46061
2.44995
2.43836
2.42617
2.41354
2.40059
2.38733
2.37386
2.36019
2.34641
2.33252
2.31862
2.30469
2.29084
2.27704
2.26339
2.24986
2.23655
2.22345
2.21065
2.19816
2.18605
2.17433
2.16307
2.15228
2.14202
2.1323
2.12319
2.11467
2.10682
2.09961
2.09308
2.08721
2.08204
2.07753
2.07366
2.07039
2.06769
2.0655
2.06379
2.06249
2.06159
2.06103
2.06079
2.06073
2.06078
2.06091
2.06126
2.06187
2.06284
2.06402
2.06537
2.06687
2.06849
2.07017
2.07189
2.07359
2.07522
2.07673
2.07808
2.07923
2.08017
2.08086
2.08131
2.08148
2.08148
2.08141
2.08125
2.08091
2.08035
2.07959
2.07874
2.0778
2.07682
2.0758
2.07477
2.07374
2.07275
2.07179
2.07089
2.07006
2.06932
2.06866
2.06812
2.06768
2.06738
2.06718
2.06714
2.06716
2.0672
2.06733
2.06751
2.06791
2.06822
2.06885
2.06927
2.07036
2.06884
2.48013
2.47196
2.46237
2.45174
2.4403
2.42835
2.41597
2.40332
2.39034
2.37717
2.36376
2.35023
2.33652
2.32278
2.30895
2.29517
2.28139
2.26774
2.25416
2.24081
2.22765
2.21481
2.20224
2.19006
2.17825
2.16688
2.15594
2.14553
2.1356
2.12626
2.11747
2.10931
2.10176
2.09488
2.08862
2.08307
2.07815
2.07392
2.07031
2.06733
2.06493
2.06309
2.06176
2.06092
2.06053
2.06048
2.06057
2.06077
2.06122
2.06199
2.06312
2.06448
2.06602
2.06772
2.06955
2.07146
2.07342
2.07537
2.07724
2.079
2.08059
2.08198
2.08315
2.08406
2.08472
2.0851
2.08521
2.08517
2.08508
2.08487
2.08444
2.08378
2.08296
2.08204
2.08104
2.07999
2.07891
2.07782
2.07672
2.07566
2.07463
2.07367
2.07277
2.07196
2.07125
2.07065
2.07015
2.0698
2.06956
2.06949
2.06951
2.06956
2.06967
2.06985
2.07028
2.07063
2.07132
2.07178
2.07293
2.07146
2.48644
2.47909
2.47019
2.46009
2.44909
2.43757
2.42554
2.41318
2.40044
2.38747
2.37422
2.36082
2.34724
2.3336
2.31984
2.3061
2.29232
2.27864
2.265
2.25155
2.23821
2.22514
2.21226
2.19974
2.18749
2.17567
2.16421
2.15325
2.14272
2.13278
2.12334
2.11455
2.10633
2.09882
2.09193
2.0858
2.08032
2.07562
2.07155
2.06824
2.06553
2.06353
2.06207
2.06128
2.06099
2.06107
2.06125
2.06165
2.06244
2.06369
2.06523
2.067
2.06897
2.07108
2.07329
2.07555
2.0778
2.07998
2.08204
2.08393
2.08561
2.08705
2.08823
2.08913
2.08976
2.09007
2.09014
2.09009
2.08996
2.08966
2.08915
2.08838
2.08748
2.08646
2.08537
2.08422
2.08304
2.08183
2.08064
2.07946
2.07833
2.07725
2.07625
2.07533
2.07452
2.07381
2.07325
2.0728
2.07252
2.07239
2.07239
2.07243
2.07254
2.07273
2.07317
2.07355
2.07431
2.07481
2.07603
2.07462
2.47827
2.47143
2.46324
2.45395
2.44381
2.43314
2.42197
2.41041
2.3984
2.38607
2.37337
2.36044
2.34725
2.33392
2.32043
2.30687
2.29324
2.27962
2.266
2.25248
2.23899
2.2257
2.21255
2.19967
2.18701
2.17472
2.16273
2.1512
2.14006
2.12947
2.11935
2.10987
2.10094
2.09273
2.08514
2.07834
2.07221
2.06691
2.06231
2.05854
2.05545
2.05318
2.05156
2.05076
2.0505
2.05062
2.05092
2.05157
2.05276
2.05444
2.05644
2.05867
2.06109
2.06361
2.06622
2.0688
2.07134
2.07374
2.07598
2.078
2.07977
2.08126
2.08247
2.08336
2.08396
2.08422
2.08426
2.08419
2.08403
2.08367
2.08305
2.0822
2.0812
2.08011
2.07893
2.07769
2.07641
2.07511
2.07381
2.07253
2.07129
2.07011
2.069
2.06798
2.06707
2.06628
2.06562
2.06512
2.06476
2.06459
2.06456
2.06459
2.06469
2.06488
2.06534
2.06575
2.06657
2.06711
2.06841
2.06708
2.47439
2.46695
2.45829
2.44855
2.43808
2.4271
2.41572
2.40398
2.39195
2.37964
2.36706
2.35425
2.34122
2.32802
2.31465
2.3012
2.28765
2.2741
2.26051
2.24693
2.23343
2.22004
2.20681
2.19378
2.18099
2.16849
2.15633
2.14453
2.13318
2.12227
2.1119
2.10207
2.09286
2.08427
2.07639
2.06921
2.06279
2.05713
2.05229
2.04823
2.04499
2.04254
2.04091
2.04012
2.04
2.04016
2.04056
2.04142
2.04284
2.04483
2.04709
2.04962
2.05227
2.05505
2.0578
2.06056
2.06318
2.06567
2.06791
2.06995
2.07166
2.07313
2.07425
2.0751
2.07561
2.07582
2.07579
2.07571
2.07551
2.07508
2.0744
2.07349
2.07247
2.07132
2.07011
2.06883
2.06751
2.06616
2.06483
2.0635
2.06222
2.06099
2.05985
2.05878
2.05783
2.057
2.05631
2.05576
2.05538
2.05518
2.05515
2.05518
2.05527
2.05546
2.05593
2.05634
2.05718
2.05773
2.05904
2.05772
2.46633
2.45848
2.44936
2.43936
2.42849
2.4173
2.40566
2.39386
2.38168
2.36937
2.35669
2.34394
2.33086
2.31775
2.30437
2.29103
2.27747
2.264
2.25039
2.23694
2.22346
2.2102
2.19702
2.18414
2.17143
2.1591
2.14704
2.13545
2.12421
2.11352
2.10328
2.09368
2.0846
2.07624
2.06849
2.06151
2.05521
2.04974
2.04499
2.04109
2.03794
2.03566
2.03413
2.03358
2.03362
2.03385
2.03436
2.03542
2.03711
2.03932
2.04185
2.04459
2.04747
2.0504
2.05334
2.05617
2.05888
2.06137
2.06364
2.06562
2.06732
2.0687
2.06978
2.07053
2.07098
2.07111
2.07107
2.07096
2.07072
2.07023
2.06952
2.0686
2.06759
2.06643
2.06525
2.06396
2.06267
2.06133
2.06003
2.0587
2.05747
2.05624
2.05513
2.05406
2.05315
2.0523
2.05164
2.05108
2.05073
2.05052
2.05052
2.05055
2.05065
2.05085
2.05132
2.05174
2.05259
2.05316
2.05446
2.05314
2.48006
2.47254
2.46381
2.45401
2.44336
2.43217
2.42046
2.40843
2.39602
2.38335
2.37038
2.35723
2.34386
2.33038
2.31677
2.30313
2.28943
2.27578
2.26214
2.24863
2.2352
2.22196
2.20886
2.19604
2.18344
2.17121
2.15925
2.14774
2.13658
2.12594
2.11572
2.10611
2.09698
2.08857
2.0807
2.07362
2.06714
2.06154
2.05661
2.0526
2.0493
2.04698
2.04538
2.04492
2.045
2.04528
2.0459
2.04715
2.04915
2.05165
2.05452
2.05755
2.06074
2.06391
2.06707
2.07004
2.07288
2.07542
2.07774
2.0797
2.08139
2.08272
2.08377
2.08446
2.08486
2.08493
2.08488
2.08475
2.08446
2.08394
2.08318
2.08224
2.0812
2.08002
2.07881
2.0775
2.07618
2.07482
2.07349
2.07214
2.07087
2.06962
2.06848
2.06738
2.06644
2.06557
2.06488
2.06429
2.06392
2.06369
2.06368
2.06372
2.06382
2.06402
2.06451
2.06495
2.06583
2.06642
2.06775
2.06644
2.47576
2.46889
2.46092
2.45173
2.44183
2.43125
2.42034
2.40892
2.39726
2.38512
2.3728
2.36008
2.34724
2.33406
2.32083
2.30734
2.29388
2.28022
2.26668
2.25308
2.23968
2.22627
2.21314
2.20008
2.18738
2.17483
2.16273
2.15085
2.13949
2.12844
2.11798
2.10792
2.09853
2.08963
2.08148
2.0739
2.06718
2.0611
2.05594
2.05151
2.04806
2.04539
2.04377
2.04312
2.04325
2.04355
2.04423
2.04563
2.04787
2.05068
2.05386
2.05725
2.06077
2.06427
2.0677
2.07095
2.07398
2.07671
2.07914
2.08122
2.08297
2.08436
2.08542
2.08613
2.08651
2.08659
2.08654
2.08639
2.08607
2.08552
2.08471
2.08374
2.08265
2.08144
2.08016
2.07882
2.07744
2.07604
2.07464
2.07325
2.0719
2.07061
2.06939
2.06825
2.06723
2.06633
2.06557
2.06496
2.06453
2.06428
2.06423
2.06427
2.06437
2.06458
2.06507
2.06553
2.06645
2.06708
2.06847
2.06723
2.47839
2.47153
2.46359
2.45439
2.44457
2.43407
2.42329
2.41198
2.40048
2.3885
2.37635
2.36376
2.35107
2.338
2.3249
2.31149
2.29811
2.28451
2.27103
2.25737
2.24389
2.23033
2.21705
2.20376
2.19083
2.17799
2.16559
2.15336
2.14166
2.13021
2.1194
2.10892
2.09917
2.08985
2.08135
2.07337
2.06631
2.05986
2.05442
2.04966
2.046
2.0431
2.04138
2.04061
2.04073
2.04104
2.04174
2.04321
2.04557
2.04857
2.05193
2.05555
2.05925
2.06295
2.06652
2.06991
2.07302
2.07584
2.0783
2.08042
2.08217
2.08358
2.08461
2.08533
2.08568
2.08576
2.08569
2.08554
2.0852
2.08461
2.08375
2.08275
2.08161
2.08038
2.07905
2.07767
2.07624
2.0748
2.07334
2.0719
2.0705
2.06915
2.06788
2.0667
2.06562
2.06467
2.06386
2.06322
2.06274
2.06248
2.0624
2.06244
2.06253
2.06273
2.06322
2.06368
2.06462
2.06525
2.06668
2.06546
2.4733
2.46595
2.45749
2.4479
2.43768
2.42688
2.41576
2.40423
2.39243
2.38027
2.36788
2.35518
2.34231
2.32919
2.31597
2.30256
2.28911
2.27555
2.26202
2.24844
2.23496
2.22151
2.20823
2.19506
2.18214
2.16942
2.15703
2.14492
2.13323
2.12191
2.11109
2.10073
2.09097
2.08176
2.07324
2.06535
2.05826
2.05189
2.0464
2.04173
2.03802
2.03521
2.03346
2.03279
2.03291
2.03324
2.03397
2.03548
2.0379
2.04096
2.0444
2.04805
2.05179
2.0555
2.05908
2.06244
2.06552
2.06829
2.0707
2.07277
2.07447
2.07582
2.07682
2.07749
2.0778
2.07785
2.07778
2.07762
2.07726
2.07665
2.07579
2.07478
2.07364
2.0724
2.07109
2.06971
2.06829
2.06684
2.06539
2.06395
2.06256
2.06121
2.05994
2.05876
2.05769
2.05674
2.05594
2.05529
2.05482
2.05454
2.05447
2.05451
2.0546
2.05479
2.05527
2.05573
2.05666
2.05728
2.05868
2.05744
2.48175
2.47449
2.46608
2.45657
2.44636
2.43561
2.42448
2.41294
2.40111
2.38892
2.37648
2.36375
2.35082
2.33765
2.32435
2.31089
2.29738
2.28376
2.27016
2.25654
2.24299
2.2295
2.21616
2.20296
2.18999
2.17723
2.16478
2.15264
2.1409
2.12953
2.11866
2.10826
2.09844
2.08918
2.08059
2.07266
2.0655
2.05909
2.05354
2.04883
2.04508
2.04225
2.04047
2.03981
2.03993
2.04026
2.04102
2.04258
2.04508
2.04822
2.05175
2.05549
2.05931
2.06309
2.06673
2.07013
2.07325
2.07604
2.07848
2.08054
2.08225
2.08359
2.08459
2.08525
2.08556
2.0856
2.08552
2.08536
2.08499
2.08437
2.0835
2.08247
2.08133
2.08009
2.07877
2.07738
2.07595
2.07449
2.07304
2.07159
2.07019
2.06884
2.06756
2.06637
2.06529
2.06433
2.06353
2.06287
2.0624
2.06212
2.06205
2.06208
2.06217
2.06236
2.06285
2.06332
2.06426
2.06488
2.06628
2.06503
)
;

boundaryField
{
    inlet
    {
        type            fixedValue;
        value           uniform 1;
    }
    outlet
    {
        type            zeroGradient;
    }
    bottom
    {
        type            symmetryPlane;
    }
    top
    {
        type            symmetryPlane;
    }
    obstacle
    {
        type            zeroGradient;
    }
    defaultFaces
    {
        type            empty;
    }
}


// ************************************************************************* //
