/*--------------------------------*- C++ -*----------------------------------*\
| =========                 |                                                 |
| \\      /  F ield         | OpenFOAM: The Open Source CFD Toolbox           |
|  \\    /   O peration     | Version:  2412                                  |
|   \\  /    A nd           | Website:  www.openfoam.com                      |
|    \\/     M anipulation  |                                                 |
\*---------------------------------------------------------------------------*/
FoamFile
{
    version     2.0;
    format      ascii;
    arch        "LSB;label=32;scalar=64";
    class       volScalarField;
    location    "5.5";
    object      T;
}
// * * * * * * * * * * * * * * * * * * * * * * * * * * * * * * * * * * * * * //

dimensions      [0 0 0 1 0 0 0];

internalField   nonuniform List<scalar> 
7000
(
1
1
1
1
1
1
1
1
1
1.00001
1.00001
1.00007
1.00008
1.0004
1.00046
1.00217
1.00281
1.00957
1.02199
1.07656
1.17798
1.54606
2.0422
2.58312
2.72819
2.7066
2.69879
2.69939
2.70385
2.70619
2.70663
2.70752
2.71333
2.72231
2.72899
2.73481
2.73902
2.74645
2.75272
2.7577
2.76244
2.76727
2.77378
2.77728
2.77909
2.78305
2.78573
2.79136
2.7953
2.79403
1
1
1
1
1
1
1
1
1
1.00001
1.00001
1.00007
1.00006
1.00039
1.00045
1.00203
1.00305
1.01019
1.02259
1.07299
1.18121
1.54202
2.04266
2.57879
2.72436
2.70389
2.69837
2.69899
2.70361
2.70541
2.70588
2.70704
2.71337
2.7223
2.72889
2.7347
2.73892
2.74635
2.75261
2.75755
2.76229
2.76712
2.77361
2.77708
2.77891
2.78284
2.7855
2.7911
2.79482
2.79332
1
1
1
1
1
1
1
1
1
1.00001
1.00001
1.00007
1.00008
1.00038
1.00047
1.00216
1.00281
1.00946
1.02177
1.07551
1.17722
1.54075
2.04102
2.58269
2.729
2.70848
2.70018
2.6985
2.70177
2.7037
2.70438
2.70622
2.71337
2.72194
2.72833
2.73419
2.73856
2.7461
2.75238
2.75735
2.76205
2.76686
2.77332
2.77674
2.77854
2.78245
2.78509
2.79068
2.79446
2.79296
1
1
1
1
1
1
1
1
1
1.00001
1.00001
1.00006
1.00009
1.00035
1.00049
1.00194
1.00316
1.01114
1.02042
1.07187
1.18169
1.48809
2.05442
2.58053
2.72779
2.70809
2.70025
2.69717
2.70036
2.70197
2.70315
2.706
2.71362
2.72125
2.72738
2.73335
2.73798
2.7457
2.75195
2.75693
2.76152
2.76632
2.7728
2.77624
2.77799
2.78187
2.78454
2.79019
2.79365
2.79198
1
1
1
1
1
1
1
1
1
1.00001
1.00001
1.00006
1.00006
1.00038
1.00043
1.00187
1.00297
1.00985
1.02164
1.07115
1.1781
1.52893
2.03564
2.57686
2.72905
2.71092
2.70146
2.69613
2.69862
2.70001
2.70173
2.70555
2.71305
2.72005
2.72607
2.73249
2.73735
2.7451
2.75137
2.75626
2.76096
2.76558
2.77187
2.77521
2.77707
2.78082
2.78335
2.78883
2.79276
2.79116
1
1
1
1
1
1
1
1
1
1.00001
1.00001
1.00005
1.00004
1.00034
1.00032
1.00208
1.00246
1.01209
1.01996
1.07029
1.18056
1.49366
2.0384
2.58667
2.73242
2.71437
2.70179
2.69375
2.69545
2.69694
2.70012
2.705
2.71234
2.71904
2.7253
2.73173
2.73687
2.74442
2.75063
2.75517
2.75972
2.76441
2.77058
2.77385
2.77558
2.77956
2.78229
2.78785
2.79094
2.78922
1
1
1
1
1
1
1
1
1
1.00001
1.00001
1.00006
1.00006
1.00036
1.00039
1.00203
1.00296
1.01149
1.01838
1.05202
1.18419
1.48098
2.03309
2.56991
2.73617
2.72006
2.70119
2.6897
2.69078
2.69288
2.69844
2.70462
2.71195
2.71859
2.72481
2.73132
2.73613
2.74378
2.74948
2.75433
2.75833
2.76306
2.76937
2.77249
2.77392
2.77755
2.78008
2.78544
2.78953
2.78788
1
1
1
1
1
1
1
1
1
1.00001
1.00001
1.00006
1.00006
1.00036
1.00039
1.00192
1.00286
1.01129
1.01781
1.07815
1.16108
1.49682
2.01517
2.57026
2.73832
2.72122
2.69566
2.68301
2.68507
2.68932
2.69829
2.70496
2.71212
2.71863
2.72456
2.73104
2.73557
2.74273
2.74833
2.7526
2.75703
2.76114
2.76718
2.77056
2.77233
2.77532
2.77794
2.78381
2.78663
2.78479
1
1
1
1
1
1
1
1
1
1.00001
1.00001
1.00006
1.00006
1.00036
1.00039
1.00168
1.00275
1.01057
1.01887
1.06476
1.1749
1.44744
2.02523
2.56615
2.74192
2.72179
2.69018
2.67775
2.68174
2.6882
2.69899
2.70615
2.71336
2.71914
2.72465
2.73048
2.73485
2.74138
2.74659
2.75067
2.75476
2.75898
2.76477
2.76802
2.76948
2.77308
2.7753
2.78026
2.78449
2.78274
1
1
1
1
1
1
1
1
1
1.00001
1
1.00005
1.00006
1.00035
1.00038
1.00205
1.00248
1.01143
1.01703
1.04559
1.1744
1.44519
2.00557
2.55726
2.74162
2.71823
2.68384
2.67429
2.68098
2.6895
2.70152
2.7085
2.71494
2.71982
2.7246
2.72987
2.73369
2.73992
2.74449
2.74849
2.7519
2.7558
2.76156
2.76439
2.7662
2.76953
2.77199
2.77704
2.77989
2.77806
1
1
1
1
1
1
1
1
1
1.00001
1
1.00004
1.00003
1.00031
1.00027
1.00213
1.00218
1.01143
1.01576
1.06892
1.16151
1.45139
1.97911
2.56238
2.74152
2.71181
2.67885
2.67396
2.68312
2.693
2.7046
2.71091
2.71625
2.72026
2.72416
2.72904
2.73219
2.73824
2.74242
2.74573
2.74957
2.75268
2.75795
2.76094
2.76225
2.7656
2.7677
2.77285
2.77677
2.77498
1
1
1
1
1
1
1
1
1
1.00001
1.00001
1.00005
1.00004
1.00034
1.00034
1.00198
1.00226
1.01123
1.01515
1.06636
1.16356
1.43329
1.97171
2.5502
2.73655
2.70568
2.67882
2.67718
2.68783
2.69693
2.70758
2.71295
2.71697
2.72015
2.72336
2.72784
2.73076
2.73621
2.74065
2.74315
2.74634
2.74958
2.75365
2.75639
2.75753
2.76028
2.76307
2.76709
2.76992
2.76805
1
1
1
1
1
1
1
1
0.999999
1
1
1.00003
1.00005
1.00031
1.00027
1.00188
1.00251
1.01139
1.01497
1.06476
1.16252
1.42249
1.96681
2.52844
2.72861
2.702
2.68358
2.68335
2.69375
2.70156
2.71047
2.71412
2.71707
2.71927
2.72192
2.72562
2.7282
2.73307
2.73725
2.74013
2.74306
2.74663
2.75063
2.7516
2.75219
2.75458
2.75674
2.76167
2.76523
2.76338
1
1
1
1
1
1
1
0.999999
0.999999
0.999997
1
0.999993
1.00006
1.00014
1.00032
1.00178
1.0023
1.01114
1.01613
1.0608
1.16389
1.37809
1.96462
2.49765
2.72202
2.70597
2.69332
2.69113
2.69992
2.70561
2.71211
2.71418
2.7156
2.71634
2.71731
2.71956
2.72124
2.72511
2.72879
2.73203
2.73586
2.73949
2.74582
2.74772
2.74669
2.74723
2.74931
2.75327
2.75541
2.75309
1
1
1
1
1
1
1
0.999998
0.999998
0.999992
0.999991
0.999977
0.999993
0.999961
1.00038
1.00121
1.00314
1.01075
1.0152
1.056
1.16209
1.3652
1.95947
2.47583
2.72193
2.71304
2.7051
2.69849
2.70447
2.7071
2.71068
2.71065
2.70961
2.70897
2.70946
2.71203
2.71441
2.7181
2.72148
2.72427
2.72685
2.73037
2.73474
2.73991
2.74082
2.74001
2.74019
2.74374
2.74747
2.74557
1
1
1
1
1
1
1
0.999998
0.999998
0.999988
0.999987
0.999945
0.999952
0.999766
1.00027
1.00033
1.00418
1.00653
1.01668
1.05488
1.14957
1.3689
1.92567
2.47142
2.73517
2.7294
2.71645
2.70145
2.70375
2.70361
2.70313
2.70191
2.70216
2.70273
2.70404
2.70649
2.70773
2.71085
2.71326
2.71628
2.71909
2.72141
2.72584
2.72741
2.7297
2.7304
2.73023
2.73083
2.73225
2.72952
1
1
1
1
1
1
1
0.999998
0.999998
0.999987
0.999986
0.999927
0.999949
0.999616
1.00042
1.00016
1.00662
1.0053
1.03002
0.990189
1.14604
1.35834
1.93053
2.50709
2.75628
2.74438
2.71862
2.69773
2.69591
2.69375
2.69389
2.69455
2.69619
2.69695
2.69802
2.70058
2.70216
2.7037
2.70555
2.70647
2.70833
2.70974
2.71322
2.71786
2.71764
2.71691
2.71603
2.71659
2.71784
2.71484
1
1
1
1
1
1
1
0.999998
0.999999
0.999989
0.999988
0.99993
0.99996
0.99955
1.00056
0.999895
1.00847
1.00535
1.04721
0.975233
1.11988
1.34818
1.95087
2.54505
2.76598
2.7496
2.71209
2.68719
2.68488
2.68458
2.68723
2.69004
2.69216
2.693
2.69352
2.69491
2.6966
2.69878
2.69962
2.69981
2.6996
2.69898
2.69856
2.69962
2.70326
2.70225
2.69792
2.69487
2.692
2.6856
1
1
1
1
1
1
1
0.999999
0.999999
0.999993
0.999992
0.99995
0.999975
0.999635
1.00059
0.9999
1.0079
1.00283
1.05042
0.911249
1.13872
1.34065
1.96161
2.58621
2.7703
2.74538
2.69834
2.67813
2.67766
2.67918
2.6832
2.68473
2.68593
2.68653
2.68652
2.68682
2.68712
2.6884
2.68958
2.69037
2.69057
2.68976
2.68749
2.68469
2.68036
2.68129
2.6783
2.66911
2.66075
2.64575
1
1
1
1
1
1
1
1
1
1
1
0.999983
1.00002
0.999778
1.0006
1.00005
1.00637
1.00031
1.04676
0.90482
1.12684
1.31776
1.95845
2.62972
2.7672
2.72727
2.68797
2.67202
2.67234
2.67485
2.6788
2.67961
2.68053
2.68078
2.68114
2.681
2.6805
2.67932
2.67899
2.67746
2.67683
2.67571
2.67437
2.67
2.66375
2.65221
2.64574
2.63177
2.60531
2.53621
1
1
1
1
1
1
1
1
1
1
1.00001
1.00001
1.0001
1.0001
1.0007
1.00076
1.00472
0.998374
1.04139
0.902229
1.11511
1.28751
1.93766
2.67515
2.74884
2.70294
2.68807
2.67201
2.66922
2.67089
2.67305
2.67346
2.67394
2.67409
2.67405
2.67386
2.67342
2.67217
2.66957
2.66653
2.66052
2.65688
2.64949
2.64492
2.63387
2.62252
2.59938
2.56895
2.51412
2.39494
1
1
1
1
1
1
1
1
1
1
1
1
1.00004
1.00001
1.00034
1.00032
1.00289
0.996805
1.03585
0.904235
1.10277
1.25323
1.89483
2.67577
2.73353
2.70178
2.68626
2.66955
2.66103
2.66231
2.66184
2.66021
2.65661
2.65459
2.65418
2.65343
2.65338
2.65453
2.65406
2.65227
2.64823
2.63997
2.63045
2.61556
2.60309
2.57729
2.5547
2.5094
2.44343
2.36534
1
1
1
1
1
1
1
0.999999
0.999999
0.999998
0.999997
0.999991
0.999996
0.999983
1.00012
0.999868
1.00146
0.995959
1.03059
0.90696
1.09119
1.22083
1.84766
2.65346
2.71362
2.70564
2.68104
2.66763
2.65381
2.64966
2.64138
2.63299
2.62638
2.62419
2.62394
2.62555
2.62732
2.6302
2.6333
2.63366
2.63198
2.62621
2.61799
2.60076
2.58165
2.5539
2.51378
2.4775
2.39858
2.3612
1
1
1
1
1
1
1
1
1
1
1
0.999997
1.00005
0.999899
0.999992
0.999045
0.999842
0.994235
1.02481
0.910182
1.0775
1.1886
1.79712
2.63923
2.7011
2.69329
2.66644
2.64772
2.6267
2.61573
2.60638
2.59919
2.59524
2.59191
2.59046
2.5903
2.59029
2.59055
2.59092
2.59194
2.59409
2.59481
2.59267
2.58463
2.56711
2.54711
2.50362
2.47312
2.40532
2.36291
1
1
1
1
1
1
1
1
1
1
1
0.999998
0.99998
0.999917
0.999853
0.998958
0.999801
0.992078
1.01871
0.909628
1.06519
1.15277
1.73826
2.60071
2.67913
2.67492
2.64249
2.60794
2.58561
2.57424
2.56902
2.56598
2.56368
2.56209
2.56149
2.56083
2.56003
2.55723
2.55423
2.54887
2.54514
2.54145
2.53893
2.5374
2.53105
2.52277
2.49761
2.46897
2.42599
2.37896
1
1
1
1
1
1
1
1
1
1
1
1.00001
1.00002
1.00005
1.00011
1.0002
1.00024
0.999321
1.00141
0.958594
1.05735
1.03201
1.69064
2.53861
2.5854
2.6042
2.5871
2.56011
2.55695
2.56031
2.56779
2.57367
2.57344
2.57175
2.56644
2.56138
2.55622
2.55194
2.54403
2.53684
2.52533
2.51676
2.50325
2.49527
2.4835
2.47347
2.4603
2.44759
2.42208
2.3896
1
1
1
1
1
1
1
1
1
1
1
1.00002
1.00002
1.00012
1.00013
1.00093
1.00109
1.00679
0.999563
1.04925
0.94232
1.12444
1.39621
2.04042
2.64355
2.75213
2.69444
2.64064
2.60152
2.5916
2.59246
2.59665
2.60025
2.60002
2.59684
2.58837
2.57363
2.56327
2.5508
2.54123
2.52729
2.51555
2.49971
2.48442
2.46728
2.44998
2.43192
2.41132
2.39403
2.37448
1
1
1
1
1
1
1
1
1
1
1
1
1
1.00002
1.00002
1.00018
1.00006
1.00266
0.996477
1.03551
0.905064
1.10607
1.26781
1.8987
2.6681
2.7565
2.71475
2.68849
2.63599
2.6056
2.5972
2.59544
2.59692
2.60041
2.60037
2.59851
2.59184
2.58302
2.56861
2.55547
2.53824
2.52188
2.50482
2.48666
2.46954
2.44834
2.43085
2.40663
2.38623
2.36366
1
1
1
1
1
1
1
1
1
1
1
0.999999
0.99999
0.999981
0.999909
0.99981
0.999113
0.999813
0.993506
1.0243
0.904166
1.08154
1.20261
1.80185
2.65834
2.7236
2.70205
2.66411
2.6201
2.58957
2.57796
2.57239
2.57228
2.57881
2.58579
2.58738
2.58634
2.58215
2.57483
2.56431
2.55392
2.53579
2.51997
2.49673
2.47923
2.45565
2.43686
2.41301
2.3915
2.36877
1
1
1
1
1
1
1
1
1
1
1
1
1
1.00002
1.00001
1
0.9999
0.999624
0.996621
1.00186
0.964705
1.03813
1.05787
1.70909
2.6219
2.62278
2.63097
2.61193
2.57672
2.55906
2.55613
2.55596
2.55744
2.56241
2.57144
2.57791
2.5801
2.57961
2.57721
2.57021
2.5633
2.54905
2.53505
2.51512
2.49533
2.47326
2.45108
2.42969
2.40666
2.38589
1
1
1
1
1
1
1
1
1
1
1
1
1.00002
1.00002
1.00009
1.0001
1.00036
1.00075
1.00193
1.00409
1.01294
1.04398
1.13733
1.49579
2.3985
2.56111
2.60759
2.58799
2.56732
2.5509
2.55105
2.55385
2.56006
2.57
2.5826
2.59117
2.59509
2.59613
2.59608
2.59377
2.58811
2.57706
2.56181
2.54383
2.52219
2.50039
2.47692
2.45394
2.43116
2.40887
1
1
1
1
1
1
1
1
1
1
1
1
1.00001
1.00002
1.00009
1.0001
1.00049
1.00052
1.00293
1.00377
1.01829
1.02607
1.122
1.33163
2.02472
2.42818
2.61407
2.61327
2.60915
2.59345
2.5944
2.59939
2.60976
2.62348
2.63091
2.63391
2.63323
2.62913
2.62145
2.61397
2.60468
2.59402
2.57995
2.56365
2.54481
2.52429
2.50339
2.48163
2.45989
2.43988
1
1
1
1
1
1
1
1
1
1
1
1
1
1.00001
1.00001
1
1.00002
0.999692
1.00034
0.995806
1.02173
0.905848
1.09816
1.18569
1.82401
2.70257
2.73696
2.68197
2.63005
2.59793
2.59869
2.60661
2.62462
2.64058
2.64767
2.64869
2.64692
2.63923
2.62312
2.60818
2.5934
2.58024
2.56764
2.55448
2.53965
2.5228
2.50483
2.48639
2.46736
2.44969
1
1
1
1
1
1
1
1
1
1
1
1
1
1.00002
1.00002
1.00008
1.00015
1.00018
1.00048
0.998773
1.0038
0.972425
1.04648
1.06831
1.71278
2.63195
2.66493
2.65664
2.61808
2.57943
2.57511
2.57923
2.59141
2.60345
2.6139
2.61826
2.61802
2.61546
2.6076
2.59231
2.57567
2.55883
2.54301
2.5281
2.51507
2.50282
2.49024
2.47654
2.46178
2.44786
1
1
1
1
1
1
1
1
1
1
1
1
1
1.00002
1.00002
1.0001
1.00012
1.00043
1.00074
1.00283
1.0052
1.00407
1.04482
0.996869
1.58975
2.45768
2.59784
2.6226
2.60075
2.57431
2.5725
2.57676
2.58599
2.5912
2.59558
2.6029
2.60987
2.6112
2.60974
2.60445
2.59032
2.56896
2.54794
2.52932
2.51377
2.49888
2.48626
2.47425
2.46173
2.44901
1
1
1
1
1
1
1
1
1
1
1
1
1
1.00001
1.00001
1.00008
1.00008
1.00057
1.00054
1.00412
0.997659
1.04014
0.901187
1.123
1.28533
1.97428
2.69484
2.73185
2.6641
2.63406
2.59632
2.5768
2.57121
2.57019
2.57061
2.57571
2.59222
2.61016
2.62087
2.62317
2.62099
2.60845
2.57872
2.54823
2.52354
2.50546
2.48867
2.47698
2.46496
2.45487
1
1
1
1
1
1
1
1
1
1
1
1
1
1.00001
1.00001
1.00007
1.00009
1.00036
1.00062
1.00179
1.00442
1.01286
1.03078
1.11907
1.27537
1.89327
2.30959
2.67923
2.69098
2.67105
2.62772
2.60725
2.59832
2.58963
2.58435
2.58455
2.58891
2.60323
2.61865
2.62554
2.6262
2.62299
2.60892
2.57688
2.54225
2.51578
2.49526
2.4794
2.46847
2.45788
1
1
1
1
1
1
1
1
1
1
1
1
1
1
1.00002
1.00004
1.0001
1.00034
1.00044
1.00194
1.00314
1.01105
1.02267
1.05889
1.20962
1.60402
2.11056
2.57471
2.67883
2.65735
2.65014
2.65131
2.65489
2.65268
2.64303
2.62144
2.60942
2.60915
2.61328
2.61977
2.62142
2.61992
2.61132
2.59076
2.56464
2.53698
2.51286
2.49013
2.4758
2.46369
1
1
1
1
1
1
1
1
1
1
1
1
1.00001
1
1.00004
1.00004
1.00026
1.00024
1.00143
1.00168
1.00682
1.00461
1.03042
0.968989
1.17251
1.43227
1.9689
2.53455
2.73776
2.71393
2.69058
2.66352
2.65987
2.66099
2.66062
2.65477
2.63844
2.61996
2.6059
2.59639
2.58958
2.58605
2.58084
2.57007
2.55626
2.53791
2.52111
2.50319
2.48952
2.47782
1
1
1
1
1
1
1
1
1
1
1
1
1
1
1.00003
1.00003
1.00018
1.00017
1.00116
1.00139
1.00735
1.00095
1.04863
0.907064
1.1374
1.33372
1.97034
2.5885
2.78436
2.74361
2.69716
2.66748
2.66204
2.6544
2.64567
2.62814
2.60568
2.58364
2.56423
2.55128
2.54528
2.54391
2.54464
2.54563
2.54491
2.54245
2.53806
2.53372
2.52793
2.52303
1
1
1
1
1
1
1
1
1
1
1
1
1
1
1.00001
1.00001
1.00007
1.00005
1.00043
1.00013
1.00246
1.00344
1.01537
1.02834
1.08142
1.43856
2.26215
2.50558
2.63378
2.62686
2.61708
2.62038
2.6346
2.64357
2.64305
2.63516
2.61156
2.58369
2.56147
2.54731
2.54023
2.53773
2.53759
2.53908
2.5439
2.55065
2.55643
2.55945
2.56015
2.55979
1
1
1
1
1
1
1
1
1
1
1
1
1
1
1
1
1.00005
1.00003
1.00048
1.00043
1.00391
0.997438
1.03835
0.903686
1.11001
1.25705
1.91327
2.65623
2.71052
2.67033
2.65374
2.62345
2.62346
2.62954
2.63411
2.63248
2.62608
2.61062
2.58884
2.56823
2.55429
2.54653
2.54342
2.54323
2.54475
2.54965
2.55672
2.56208
2.56536
2.56631
1
1
1
1
1
1
1
1
1
1
1
1
1
0.999999
0.999999
0.999997
1
1
1.00015
1.00003
1.00212
0.996321
1.03208
0.907388
1.09403
1.21724
1.84759
2.64276
2.71123
2.7022
2.66907
2.60863
2.57964
2.57565
2.5781
2.58719
2.59312
2.59601
2.59806
2.59773
2.59564
2.59166
2.58827
2.58292
2.57629
2.57079
2.56714
2.56339
2.56055
2.55925
1
1
1
1
1
1
1
1
1
1
1
1
1
1.00001
1.00001
1.00005
1.00005
1.00029
1.00025
1.00153
1.00154
1.00736
1.00484
1.03294
1.10231
1.25362
1.76936
2.28944
2.62528
2.67264
2.66431
2.64337
2.63288
2.62124
2.60734
2.59958
2.5951
2.59272
2.5932
2.59646
2.60375
2.60965
2.61231
2.61247
2.61108
2.60482
2.58957
2.57202
2.55759
2.54298
1
1
1
1
1
1
1
1
1
1
1
1
1
1.00001
1
1.00004
1.00004
1.00024
1.00022
1.00122
1.00147
1.00469
1.0105
1.02764
1.08557
1.19923
1.62777
2.18888
2.568
2.6803
2.68395
2.69373
2.69975
2.69577
2.6786
2.6545
2.62773
2.60603
2.59257
2.58829
2.5882
2.58936
2.59114
2.59118
2.59007
2.58645
2.57791
2.5662
2.55365
2.54157
1
1
1
1
1
1
1
1
1
1
1
1
1
1.00001
1.00001
1.00004
1.00003
1.00023
1.00019
1.00125
1.00124
1.0061
1.00605
1.03357
1.03123
1.18225
1.5313
2.07944
2.58248
2.76281
2.76067
2.74851
2.72553
2.7013
2.67617
2.64251
2.61095
2.57889
2.55646
2.54386
2.5387
2.53794
2.53947
2.54574
2.55842
2.57013
2.57791
2.58017
2.57991
2.57871
1
1
1
1
1
1
1
1
1
1
1
1
1
1
1
1.00002
1.00002
1.0001
1.00015
1.00029
1.00105
1.00108
1.00418
0.990939
1.03706
1.03483
1.63368
2.50515
2.61264
2.6537
2.64828
2.64283
2.64466
2.64924
2.64887
2.64313
2.62918
2.61224
2.59613
2.57965
2.5638
2.55264
2.54852
2.54858
2.55
2.55534
2.56685
2.5772
2.58414
2.58827
1
1
1
1
1
1
1
1
1
1
1
1
1
1
1
1.00002
1.00002
1.00013
1.00014
1.00104
1.00126
1.00746
1.00158
1.04858
0.939169
1.13924
1.38567
2.03805
2.66672
2.80292
2.76202
2.69996
2.6537
2.63562
2.63137
2.6294
2.62494
2.61642
2.60712
2.59857
2.59005
2.5801
2.56975
2.56285
2.56062
2.56133
2.56486
2.57017
2.57454
2.5776
1
1
1
1
1
1
1
1
1
1
1
1
1
1
1
1.00001
1.00001
1.00007
1.00008
1.00057
1.00054
1.00435
0.997593
1.04246
0.899184
1.12402
1.30302
1.98147
2.68692
2.82486
2.78749
2.71911
2.65649
2.61266
2.58767
2.57802
2.57254
2.57121
2.57088
2.57127
2.57343
2.58014
2.59096
2.60002
2.60583
2.6085
2.60921
2.60882
2.60537
2.5941
1
1
1
1
1
1
1
1
1
1
1
1
1
1
1.00001
1.00001
1.00003
1.00001
1.00017
1.00041
1.00082
1.00335
1.00363
1.018
1.02735
1.12756
1.39008
2.17791
2.49781
2.67626
2.69255
2.68235
2.66686
2.66059
2.6511
2.63636
2.62151
2.60856
2.59636
2.58656
2.58136
2.58024
2.58073
2.58357
2.58965
2.59465
2.59754
2.5983
2.59715
2.5916
1
1
1
1
1
1
1
1
1
1
1
1
1
1
1
1
1
1.00002
0.999991
1.00012
0.999951
1.00245
0.996043
1.03666
0.902274
1.10918
1.25948
1.92593
2.69558
2.79288
2.74499
2.68345
2.64179
2.6301
2.62493
2.61881
2.61201
2.60505
2.59953
2.5963
2.59469
2.59359
2.59368
2.59495
2.59688
2.59753
2.59639
2.59351
2.58707
2.5806
1
1
1
1
1
1
1
1
1
1
1
1
1
1
0.999999
0.999998
0.999986
0.999982
0.999839
0.999813
0.999152
1.00039
0.994453
1.031
0.901255
1.09343
1.23648
1.88834
2.73025
2.8026
2.72811
2.66753
2.61235
2.5856
2.57781
2.57527
2.57468
2.576
2.57829
2.58227
2.59075
2.60387
2.61749
2.6268
2.6305
2.63034
2.62621
2.61334
2.59417
2.57784
1
1
1
1
1
1
1
1
1
1
1
1
1
1
1
1
0.999996
0.999992
0.999917
0.999989
0.999147
0.999978
0.993522
1.02669
0.900126
1.08822
1.22015
1.85072
2.7189
2.7792
2.72713
2.6637
2.6149
2.58718
2.57713
2.57404
2.57369
2.57487
2.57803
2.58529
2.59981
2.61719
2.63254
2.64267
2.64681
2.64666
2.64242
2.62517
2.5974
2.5702
1
1
1
1
1
1
1
1
1
1
1
1
1
1
1
1
1.00001
1.00001
0.999993
1.00005
0.999488
0.999576
0.993045
1.01669
0.900893
1.08748
1.16202
1.81003
2.73618
2.74164
2.6815
2.63147
2.58611
2.57304
2.5734
2.57696
2.58372
2.5885
2.59613
2.61046
2.62943
2.6478
2.66115
2.66763
2.66857
2.66525
2.65065
2.61496
2.57894
2.54482
1
1
1
1
1
1
1
1
1
1
1
1
1
1
1.00001
1.00001
1.00004
1.00004
1.0002
1.00019
1.00095
1.00067
1.00441
1.00997
1.02138
1.076
1.21187
1.64102
2.20094
2.68987
2.73526
2.71695
2.6798
2.66469
2.66547
2.66795
2.66167
2.64079
2.61164
2.59494
2.59066
2.59271
2.60139
2.61043
2.61352
2.6126
2.60591
2.58977
2.57137
2.55729
1
1
1
1
1
1
1
1
1
1
1
1
1
1
1.00001
1.00001
1.00004
1.00004
1.00027
1.00023
1.0015
1.00155
1.00732
1.00646
1.03347
0.999079
1.18261
1.52493
2.08483
2.6644
2.81128
2.7862
2.7203
2.67865
2.66565
2.66903
2.6654
2.6479
2.61276
2.58021
2.55753
2.5475
2.54532
2.54652
2.55243
2.56402
2.57465
2.58582
2.5939
2.60264
1
1
1
1
1
1
1
1
1
1
1
1
1
1
1.00001
1.00001
1.00004
1.00004
1.00026
1.00023
1.00144
1.00157
1.00628
1.0012
1.02745
0.981412
1.18671
1.4462
2.07596
2.63681
2.80009
2.77698
2.71678
2.67885
2.66963
2.67086
2.66195
2.63303
2.59596
2.56623
2.54846
2.54204
2.54105
2.54233
2.5468
2.55618
2.56723
2.58311
2.59618
2.61043
1
1
1
1
1
1
1
1
1
1
1
1
1
1
1
1
1.00002
1.00002
1.00007
1.00025
1.00015
1.00154
1.00133
1.00848
0.99148
1.04472
1.03879
1.6683
2.55159
2.65546
2.6541
2.61962
2.58751
2.5842
2.58685
2.5954
2.59974
2.59931
2.60001
2.6075
2.62601
2.64329
2.65239
2.65359
2.64747
2.62577
2.59828
2.57903
2.56889
2.56535
1
1
1
1
1
1
1
1
1
1
1
1
1
1
1
1
1.00002
1.00002
1.00008
1.00014
1.00047
1.00093
1.00147
1.00486
1.01237
1.05711
1.06752
1.65402
2.51364
2.62756
2.63675
2.61728
2.58016
2.56146
2.56126
2.56515
2.5713
2.58223
2.60347
2.62925
2.65121
2.66422
2.6682
2.66596
2.6515
2.61736
2.58348
2.55387
2.53421
2.51851
1
1
1
1
1
1
1
1
1
1
1
1
1
1
1
1
1.00002
1.00003
1.0001
1.00003
1.00054
1.00115
1.00105
1.00869
0.964402
1.06983
1.04699
1.674
2.54822
2.6531
2.64944
2.61387
2.57489
2.55227
2.55163
2.55502
2.56299
2.57679
2.59895
2.62351
2.64317
2.65462
2.65845
2.65744
2.64846
2.62232
2.59084
2.5598
2.53817
2.51749
2.23877
2.63996
2.87818
3.18736
3.14742
3.1408
3.12372
3.12026
3.12044
3.12514
3.12542
3.1233
3.12243
3.12402
3.12406
3.12473
3.12582
3.1273
3.12876
3.12951
3.13016
3.13038
3.13041
3.1298
3.12788
3.12491
3.1204
3.1156
3.10926
3.10337
3.0965
3.0906
3.08343
3.07699
3.06593
3.05399
3.04055
3.02999
3.01469
3.00433
2.9888
2.97734
2.9612
2.94909
2.93341
2.91963
2.90463
2.88973
2.87499
2.86062
2.84553
2.83191
2.81681
2.80319
2.7888
2.77484
2.76144
2.74777
2.73443
2.72175
2.70779
2.69639
2.68196
2.67155
2.65717
2.64714
2.63333
2.62335
2.60987
2.60025
2.587
2.57753
2.56482
2.55516
2.54322
2.53325
2.52203
2.5119
2.50116
2.49101
2.48047
2.47067
2.46017
2.45092
2.44052
2.43172
2.42163
2.4132
2.40339
2.39521
2.38579
2.37788
2.36891
2.36159
2.35305
2.34691
2.33925
2.33503
2.3298
2.32847
2.25028
2.44511
2.61981
2.78052
2.97455
3.10668
3.17276
3.33947
3.55345
3.59341
3.56138
3.53283
3.50859
3.49402
3.47709
3.46293
3.44431
3.42561
3.40374
3.38015
3.35802
3.33648
3.31491
3.2948
3.27287
3.25362
3.23263
3.21347
3.19595
3.17674
3.16001
3.14348
3.12785
3.1125
3.09706
3.08087
3.0659
3.0503
3.03595
3.02116
3.00749
2.99323
2.97876
2.96443
2.94951
2.93498
2.91991
2.90518
2.88927
2.87401
2.85725
2.84149
2.82478
2.80874
2.79262
2.77636
2.75979
2.74321
2.72509
2.70857
2.68943
2.6729
2.65411
2.63684
2.61962
2.60133
2.58562
2.56725
2.5521
2.53467
2.51977
2.50319
2.48893
2.47286
2.45927
2.44381
2.43067
2.41583
2.40306
2.38905
2.37651
2.36348
2.35112
2.33891
2.32672
2.31525
2.30329
2.29259
2.28108
2.2713
2.26043
2.25166
2.24154
2.23398
2.2247
2.21864
2.21065
2.20656
2.20129
2.20012
2.2897
2.34279
2.41868
2.48143
2.52944
2.63457
2.72039
2.81987
2.93637
3.03471
3.14862
3.24905
3.29933
3.35991
3.39873
3.40487
3.40217
3.38891
3.34835
3.27836
3.21581
3.16238
3.11903
3.08089
3.04455
3.0117
2.97913
2.94771
2.91761
2.89041
2.86282
2.83759
2.81435
2.79251
2.771
2.75115
2.7312
2.71266
2.69445
2.67896
2.66378
2.65104
2.63889
2.62887
2.61984
2.61222
2.60519
2.59858
2.59195
2.58546
2.57914
2.57227
2.56688
2.55916
2.55496
2.54659
2.54248
2.534
2.52948
2.52038
2.51494
2.50518
2.49912
2.48885
2.48208
2.47157
2.46417
2.45347
2.44545
2.43485
2.42608
2.41574
2.40635
2.39611
2.38634
2.37612
2.3657
2.35564
2.34451
2.33476
2.3231
2.31332
2.30149
2.29138
2.27957
2.26908
2.2572
2.24673
2.23456
2.22452
2.21206
2.20271
2.19025
2.18158
2.17004
2.16173
2.15259
2.14516
2.13965
2.1347
2.30528
2.29673
2.31869
2.34608
2.3659
2.3962
2.43372
2.47199
2.51485
2.55413
2.59333
2.62617
2.66056
2.68643
2.7061
2.71753
2.71826
2.71601
2.709
2.69762
2.68461
2.67131
2.65737
2.64292
2.62665
2.6121
2.59602
2.58153
2.56679
2.55286
2.53915
2.52642
2.51287
2.50043
2.48859
2.47741
2.46722
2.45722
2.44821
2.43962
2.43178
2.42326
2.41532
2.40694
2.39977
2.39196
2.3854
2.37797
2.37168
2.36432
2.35789
2.35031
2.34364
2.33581
2.32906
2.32128
2.31469
2.30725
2.30092
2.29384
2.28763
2.28078
2.27443
2.26764
2.26107
2.25416
2.24754
2.2406
2.23404
2.22725
2.22079
2.21416
2.20766
2.20129
2.1947
2.18837
2.18181
2.17552
2.16888
2.16261
2.15577
2.14984
2.14243
2.13724
2.1293
2.12469
2.1171
2.11218
2.1058
2.09964
2.09458
2.08702
2.08266
2.07438
2.07016
2.06158
2.05755
2.04928
2.04614
2.03942
2.32456
2.29365
2.28564
2.28269
2.28547
2.29062
2.30224
2.31384
2.33127
2.34344
2.35888
2.36688
2.37759
2.38328
2.39072
2.39305
2.39332
2.39294
2.39201
2.39074
2.38825
2.3855
2.38307
2.38009
2.37772
2.37527
2.37314
2.37126
2.3692
2.36741
2.3653
2.36342
2.36118
2.35881
2.35658
2.35372
2.35141
2.34794
2.34552
2.34206
2.33992
2.33596
2.33261
2.32789
2.32383
2.31883
2.31403
2.30846
2.30299
2.29697
2.29108
2.28467
2.27836
2.27151
2.26482
2.25768
2.2508
2.24364
2.23684
2.2299
2.22329
2.2166
2.21003
2.20348
2.19671
2.19004
2.18286
2.17609
2.16849
2.16206
2.15429
2.14845
2.14091
2.13541
2.12813
2.12276
2.11573
2.11021
2.10368
2.09755
2.09156
2.08472
2.07885
2.07154
2.06548
2.05792
2.05163
2.04393
2.03755
2.02973
2.02347
2.01575
2.00986
2.00256
1.99724
1.99076
1.98626
1.98112
1.97821
1.97535
2.34227
2.31395
2.28803
2.27
2.25839
2.24999
2.24611
2.24514
2.24747
2.2488
2.25228
2.25261
2.25302
2.2531
2.25338
2.25366
2.25368
2.25377
2.25423
2.25522
2.25754
2.25988
2.26279
2.26477
2.26815
2.27054
2.27393
2.27652
2.27964
2.28172
2.28409
2.28539
2.28678
2.2874
2.2874
2.28711
2.28644
2.28477
2.28361
2.28128
2.27968
2.2763
2.27325
2.26856
2.26423
2.2593
2.25428
2.24935
2.2437
2.23872
2.23272
2.22758
2.22146
2.21595
2.20968
2.20391
2.19743
2.19169
2.18504
2.17944
2.17286
2.16736
2.16098
2.15534
2.14911
2.14312
2.13698
2.13076
2.12456
2.11833
2.11181
2.10597
2.09918
2.09407
2.08713
2.08275
2.07574
2.07177
2.06489
2.06089
2.05437
2.04997
2.04396
2.03877
2.0334
2.02701
2.02236
2.01466
2.01051
2.00204
1.9978
1.98919
1.98487
1.97616
1.97191
1.96346
1.95955
1.95202
1.94928
1.94341
2.34047
2.3134
2.29617
2.27287
2.25254
2.23678
2.22495
2.21601
2.20996
2.2051
2.20127
2.19748
2.19365
2.19046
2.18789
2.18662
2.18546
2.18536
2.18566
2.18652
2.1884
2.19258
2.19648
2.20102
2.20534
2.20959
2.21371
2.21772
2.22122
2.22465
2.22696
2.22922
2.23039
2.23135
2.23171
2.23159
2.23094
2.22958
2.22806
2.22607
2.22419
2.2213
2.2178
2.21346
2.20886
2.20397
2.19882
2.19354
2.18791
2.18217
2.17618
2.17009
2.16388
2.15747
2.15107
2.14444
2.13811
2.13156
2.1255
2.11915
2.11331
2.10694
2.10109
2.09489
2.08878
2.08296
2.07651
2.07116
2.06448
2.05955
2.05286
2.04809
2.0417
2.03682
2.03097
2.02574
2.02063
2.01492
2.01056
2.0044
2.00058
1.99408
1.99054
1.98388
1.98041
1.9738
1.97037
1.96381
1.96054
1.95412
1.95098
1.94484
1.94192
1.93609
1.93343
1.92814
1.9259
1.92153
1.92018
1.91726
2.33318
2.30894
2.28936
2.27067
2.25299
2.23409
2.2179
2.20389
2.19295
2.1841
2.17622
2.16939
2.16315
2.15751
2.1532
2.14962
2.14744
2.14599
2.1452
2.14533
2.14596
2.14756
2.15161
2.15576
2.16027
2.16441
2.16863
2.17231
2.17583
2.17872
2.18112
2.18321
2.18458
2.1858
2.18611
2.18587
2.18535
2.18357
2.1821
2.17961
2.17771
2.17446
2.1713
2.16675
2.16268
2.15746
2.1527
2.14714
2.1418
2.13591
2.12993
2.12366
2.11711
2.11052
2.10333
2.0965
2.08886
2.08211
2.07446
2.06793
2.06049
2.05437
2.04717
2.04126
2.03414
2.02834
2.02125
2.01548
2.00845
2.00281
1.99601
1.99063
1.98427
1.97907
1.97328
1.96804
1.9629
1.95745
1.95288
1.94715
1.94307
1.93697
1.93332
1.92687
1.92349
1.91684
1.91356
1.90695
1.90373
1.89729
1.89421
1.88809
1.88514
1.87961
1.87683
1.87214
1.86993
1.86639
1.86532
1.86325
2.33584
2.31029
2.28681
2.26512
2.24509
2.22805
2.21187
2.19818
2.18422
2.17251
2.16229
2.15326
2.14533
2.13801
2.13199
2.12689
2.12289
2.11971
2.11787
2.11639
2.11582
2.11601
2.11675
2.11931
2.12241
2.12566
2.12861
2.13162
2.1338
2.13599
2.13741
2.13855
2.13927
2.13921
2.13887
2.13788
2.13664
2.1341
2.13109
2.12881
2.12556
2.12315
2.11902
2.11584
2.11119
2.1076
2.1027
2.09879
2.09363
2.08934
2.08385
2.07924
2.07352
2.06871
2.06266
2.05772
2.05123
2.04619
2.03933
2.03432
2.02727
2.02223
2.01513
2.00998
2.003
1.99765
1.99094
1.9853
1.97888
1.97296
1.96673
1.96061
1.95447
1.94824
1.94215
1.93584
1.92984
1.92353
1.91772
1.91147
1.90598
1.8998
1.8947
1.88856
1.88382
1.87774
1.87324
1.86733
1.86299
1.85737
1.8532
1.84793
1.84399
1.83933
1.8359
1.83214
1.82966
1.82729
1.82653
1.82528
2.35142
2.32087
2.29247
2.26715
2.24489
2.22414
2.20555
2.18853
2.17422
2.16159
2.14951
2.13927
2.12907
2.12082
2.11272
2.10683
2.10039
2.09655
2.09215
2.08989
2.08767
2.08631
2.08605
2.08521
2.08657
2.08793
2.09019
2.09208
2.0936
2.09515
2.09614
2.09701
2.09703
2.09685
2.09632
2.09518
2.09445
2.09292
2.09155
2.09073
2.08959
2.08866
2.08667
2.08525
2.08229
2.08036
2.07659
2.07409
2.06972
2.06675
2.06187
2.05854
2.05321
2.04952
2.04387
2.03979
2.03388
2.02941
2.0234
2.01845
2.01241
2.00693
2.00091
1.99492
1.98893
1.98249
1.97653
1.96979
1.96376
1.95691
1.95068
1.94388
1.93743
1.93072
1.9241
1.9175
1.91079
1.90436
1.89771
1.89149
1.88509
1.87904
1.87296
1.86706
1.86127
1.8556
1.85007
1.84477
1.83951
1.83475
1.82977
1.82559
1.82114
1.81772
1.81418
1.81181
1.80983
1.80892
1.80921
1.8085
2.37643
2.34562
2.31418
2.28188
2.25387
2.22902
2.20757
2.18813
2.17118
2.15517
2.14148
2.12844
2.11757
2.10685
2.09814
2.08993
2.08311
2.07732
2.07189
2.06797
2.06432
2.06207
2.06011
2.0592
2.05892
2.05948
2.06148
2.06352
2.06556
2.06809
2.06927
2.07134
2.07206
2.07352
2.0743
2.07502
2.07643
2.07654
2.07695
2.07757
2.07784
2.07764
2.07691
2.07596
2.07387
2.07218
2.06911
2.06663
2.06292
2.05977
2.0556
2.05192
2.04738
2.04322
2.0384
2.03385
2.02886
2.02395
2.01877
2.01339
2.00799
2.00213
1.99653
1.9902
1.9844
1.97766
1.97166
1.96465
1.95841
1.95129
1.94478
1.93768
1.9309
1.92394
1.91694
1.91017
1.90301
1.8965
1.88931
1.88306
1.87598
1.86996
1.86317
1.85739
1.85098
1.84554
1.8395
1.83452
1.82896
1.82442
1.81939
1.81545
1.81128
1.80821
1.8054
1.80364
1.8028
1.80297
1.80437
1.80341
2.40771
2.37765
2.34667
2.31597
2.28398
2.25399
2.22625
2.20109
2.17971
2.16087
2.14408
2.12949
2.11611
2.10409
2.09366
2.08377
2.07613
2.06885
2.06319
2.05834
2.05467
2.05168
2.05014
2.0491
2.04905
2.04951
2.05018
2.05234
2.05455
2.05744
2.05922
2.06224
2.06371
2.06631
2.06811
2.06979
2.07212
2.07282
2.07385
2.0747
2.07514
2.07496
2.07429
2.07333
2.07135
2.06941
2.06653
2.0637
2.06019
2.05671
2.05277
2.04873
2.04438
2.03984
2.03524
2.03038
2.02565
2.02045
2.01547
2.00983
2.00457
1.99849
1.99297
1.98647
1.98068
1.97383
1.96782
1.96079
1.95457
1.94748
1.94105
1.934
1.92733
1.92044
1.9135
1.90685
1.89969
1.89331
1.88603
1.87987
1.87275
1.86672
1.85993
1.85387
1.84749
1.84143
1.83556
1.82977
1.82444
1.8192
1.81455
1.81049
1.80685
1.80439
1.8025
1.80223
1.80267
1.80366
1.80643
1.80629
2.42191
2.39602
2.36875
2.34024
2.31246
2.28401
2.25801
2.23242
2.2086
2.18679
2.16666
2.14908
2.13276
2.11869
2.106
2.09472
2.08503
2.07634
2.06903
2.06268
2.05753
2.05338
2.05054
2.04869
2.04795
2.04811
2.04862
2.04998
2.05098
2.05384
2.05618
2.05942
2.06163
2.06451
2.06688
2.06882
2.07136
2.07222
2.07313
2.07389
2.07387
2.07352
2.07245
2.07107
2.06871
2.06621
2.06297
2.05951
2.05573
2.05161
2.04743
2.0427
2.03814
2.03294
2.02827
2.02276
2.018
2.01217
2.00721
2.00105
1.99583
1.98933
1.98382
1.977
1.97122
1.96421
1.95824
1.9512
1.9451
1.93816
1.93192
1.92515
1.91878
1.91225
1.90572
1.89945
1.89272
1.88662
1.87983
1.8738
1.86714
1.86119
1.85484
1.84909
1.84312
1.83763
1.83222
1.827
1.82218
1.8176
1.81379
1.81036
1.80809
1.80638
1.80641
1.80691
1.808
1.8102
1.8141
1.81655
2.42442
2.40295
2.38021
2.35504
2.33003
2.30446
2.28001
2.25633
2.23401
2.21305
2.19341
2.17559
2.15852
2.14366
2.12917
2.11727
2.10543
2.09607
2.08714
2.07989
2.07372
2.0684
2.06446
2.06085
2.05799
2.05605
2.05454
2.05412
2.05434
2.05502
2.05613
2.05862
2.06106
2.06321
2.06587
2.06712
2.0693
2.06946
2.06932
2.06894
2.06788
2.0667
2.06421
2.06167
2.05834
2.05488
2.05095
2.04669
2.04245
2.03762
2.03316
2.02778
2.02311
2.01736
2.01248
2.00639
2.00125
1.9949
1.98954
1.98287
1.97731
1.97025
1.96457
1.95725
1.95154
1.94422
1.93857
1.93154
1.92585
1.91926
1.91343
1.90721
1.90122
1.89527
1.88922
1.88339
1.87737
1.87153
1.86559
1.85975
1.85393
1.84824
1.84262
1.83743
1.83216
1.82773
1.82299
1.81903
1.81528
1.81217
1.8097
1.80799
1.80735
1.80769
1.80861
1.81068
1.81307
1.81863
1.82411
1.82836
2.42744
2.40716
2.38593
2.36268
2.33963
2.31603
2.29309
2.27076
2.24929
2.22913
2.20967
2.19192
2.1748
2.15939
2.14473
2.13162
2.11941
2.10859
2.09853
2.08983
2.08165
2.07471
2.06824
2.06253
2.05827
2.05425
2.05136
2.0493
2.04763
2.04721
2.04738
2.048
2.04873
2.05023
2.0517
2.05254
2.05251
2.05199
2.05073
2.04945
2.04728
2.04535
2.04214
2.03947
2.03585
2.03287
2.02885
2.02535
2.02102
2.01713
2.01252
2.00815
2.0032
1.99822
1.99293
1.98734
1.98189
1.97577
1.97025
1.96366
1.95804
1.95111
1.94541
1.93832
1.93257
1.92555
1.91977
1.91303
1.90724
1.90085
1.89504
1.88894
1.88305
1.8772
1.87127
1.86558
1.85975
1.85402
1.84844
1.84255
1.83728
1.8315
1.82643
1.82137
1.81659
1.81253
1.80821
1.80526
1.80234
1.80063
1.79982
1.8002
1.8011
1.80324
1.80544
1.81049
1.81483
1.82308
1.82951
1.8342
2.43925
2.41886
2.39609
2.37181
2.34796
2.32423
2.30137
2.27948
2.25836
2.23838
2.21904
2.20084
2.18359
2.16717
2.15234
2.13771
2.12533
2.11288
2.10237
2.0923
2.08328
2.07513
2.06752
2.06094
2.05482
2.04933
2.0453
2.04148
2.03851
2.03637
2.03502
2.03425
2.03382
2.03376
2.03357
2.03341
2.03291
2.03215
2.03052
2.02918
2.02732
2.02587
2.02347
2.02158
2.01889
2.01685
2.01383
2.01142
2.00791
2.00499
2.00093
1.99736
1.99273
1.98847
1.98339
1.97842
1.97308
1.96748
1.962
1.95587
1.95027
1.94377
1.93807
1.9314
1.9256
1.91898
1.91306
1.90669
1.90072
1.89461
1.88875
1.88273
1.877
1.87103
1.8653
1.8595
1.85368
1.8481
1.84226
1.83681
1.83122
1.82585
1.82076
1.81588
1.81129
1.80698
1.8034
1.80026
1.79833
1.79711
1.79735
1.79818
1.79954
1.8028
1.80642
1.81379
1.81958
1.82717
1.83318
1.83651
2.44548
2.4378
2.4236
2.39868
2.36922
2.34112
2.31542
2.29123
2.26905
2.24794
2.22818
2.20952
2.19166
2.17517
2.15934
2.14483
2.13139
2.11897
2.10766
2.09699
2.08691
2.07746
2.06858
2.06002
2.05213
2.04519
2.03812
2.03288
2.02864
2.02475
2.02209
2.0199
2.01836
2.01729
2.01609
2.01547
2.01471
2.01404
2.01272
2.01175
2.01042
2.00937
2.00763
2.00615
2.00408
2.00235
1.99983
1.99764
1.99437
1.99136
1.9873
1.98356
1.97893
1.97455
1.9696
1.96473
1.95963
1.95429
1.94907
1.9433
1.93791
1.93188
1.92626
1.92013
1.91425
1.90812
1.90212
1.89607
1.8902
1.88437
1.87873
1.87317
1.86773
1.8623
1.85705
1.85165
1.8465
1.84125
1.83611
1.83114
1.82617
1.82148
1.81709
1.81278
1.8088
1.80554
1.80268
1.80103
1.80019
1.80034
1.80107
1.80295
1.80554
1.81139
1.81643
1.8241
1.82998
1.83625
1.84075
1.84274
2.4506
2.44431
2.43604
2.42304
2.40351
2.37807
2.35072
2.32335
2.29856
2.27532
2.25431
2.23475
2.21605
2.19859
2.1816
2.16553
2.14998
2.13493
2.1207
2.10682
2.09374
2.08155
2.06971
2.05937
2.04975
2.04125
2.03406
2.02776
2.02219
2.01733
2.01354
2.0101
2.00736
2.00531
2.00346
2.00215
2.00099
2.00008
1.99908
1.99832
1.99738
1.99655
1.99522
1.99394
1.99197
1.99013
1.98736
1.98471
1.9811
1.9776
1.97341
1.96936
1.96484
1.96033
1.95549
1.95055
1.94547
1.94014
1.93485
1.92916
1.92369
1.91774
1.91214
1.9061
1.90038
1.89441
1.88857
1.88282
1.87697
1.87148
1.86588
1.86061
1.85536
1.85028
1.84529
1.84045
1.83565
1.83103
1.8266
1.82223
1.8183
1.81452
1.811
1.80776
1.80503
1.80324
1.8019
1.80202
1.8026
1.80396
1.80618
1.81113
1.81623
1.82351
1.82997
1.83623
1.8418
1.8449
1.84841
1.84818
2.46405
2.45867
2.45384
2.44844
2.43743
2.42001
2.39737
2.37201
2.3459
2.31974
2.29433
2.26973
2.2462
2.22367
2.20214
2.18184
2.1623
2.14418
2.12695
2.11112
2.09656
2.08324
2.07141
2.06075
2.05107
2.04249
2.0346
2.02722
2.02088
2.01493
2.00954
2.00438
2.00073
1.99735
1.9945
1.992
1.99039
1.98892
1.98808
1.98721
1.98658
1.98559
1.98418
1.98256
1.98035
1.97798
1.97509
1.97209
1.96854
1.96489
1.96085
1.9567
1.95234
1.94765
1.94282
1.9376
1.93234
1.92682
1.92128
1.91558
1.90981
1.90394
1.8981
1.89203
1.88628
1.88013
1.87445
1.86853
1.86282
1.85737
1.85174
1.84664
1.84138
1.83643
1.83156
1.82682
1.82231
1.8179
1.81395
1.81002
1.8069
1.80361
1.80097
1.79891
1.79754
1.79759
1.79798
1.79905
1.80143
1.8048
1.81051
1.81629
1.82399
1.82969
1.83649
1.84023
1.84415
1.84507
1.84686
1.84585
2.51365
2.50476
2.49193
2.47665
2.45947
2.4401
2.41807
2.39269
2.36527
2.33683
2.30856
2.28139
2.25561
2.23129
2.20873
2.18753
2.16794
2.14971
2.13333
2.11873
2.10561
2.09398
2.08349
2.07346
2.06385
2.054
2.04428
2.03449
2.02533
2.01673
2.00913
2.00221
1.99617
1.99118
1.98772
1.98541
1.98381
1.98261
1.9817
1.98082
1.97968
1.97815
1.97645
1.97461
1.97244
1.97001
1.96716
1.96401
1.96049
1.95666
1.95249
1.94802
1.94333
1.93827
1.93316
1.92764
1.92218
1.91647
1.91082
1.90505
1.89936
1.89356
1.88795
1.88214
1.87667
1.87091
1.86559
1.86003
1.8549
1.84968
1.84468
1.83982
1.83496
1.83032
1.82565
1.82115
1.81673
1.81258
1.80849
1.80512
1.80188
1.799
1.79732
1.79621
1.79636
1.79704
1.79866
1.80106
1.80619
1.81109
1.81856
1.82468
1.83164
1.83638
1.84077
1.84273
1.8442
1.84404
1.84421
1.84286
2.55683
2.54127
2.51036
2.48168
2.45784
2.43644
2.41511
2.39144
2.36603
2.33946
2.31302
2.28726
2.26331
2.24096
2.22066
2.20256
2.18659
2.17259
2.15968
2.14724
2.13465
2.12112
2.10659
2.09145
2.0767
2.0624
2.04904
2.03687
2.02562
2.01559
2.00687
1.99953
1.99365
1.98921
1.98612
1.98366
1.98166
1.98038
1.97952
1.97862
1.97733
1.9759
1.97433
1.97263
1.97055
1.96829
1.96543
1.96241
1.95877
1.95482
1.95048
1.94573
1.94085
1.93557
1.93034
1.92475
1.91932
1.91355
1.90797
1.90202
1.89627
1.8902
1.8844
1.87833
1.87256
1.86663
1.86099
1.85535
1.85001
1.84473
1.83982
1.83498
1.8305
1.82608
1.82213
1.81809
1.8148
1.81146
1.80901
1.80619
1.8041
1.80223
1.8018
1.80171
1.80222
1.80372
1.80737
1.81134
1.81806
1.82419
1.83082
1.83643
1.84088
1.84399
1.84541
1.84589
1.84539
1.84478
1.84384
1.842
2.56556
2.55303
2.51633
2.47419
2.44158
2.4163
2.39662
2.37979
2.3645
2.34841
2.33112
2.31271
2.29507
2.27862
2.26301
2.2471
2.23076
2.21333
2.19461
2.17506
2.15459
2.13452
2.11525
2.09674
2.07955
2.06388
2.04972
2.03788
2.0277
2.01931
2.01236
2.00671
2.00264
2.00017
1.99781
1.99569
1.9936
1.99064
1.98718
1.98362
1.98045
1.97758
1.975
1.97248
1.97027
1.96784
1.96538
1.96256
1.9595
1.95592
1.952
1.94759
1.94296
1.93796
1.93281
1.92743
1.92195
1.91633
1.91061
1.9047
1.89873
1.89255
1.88648
1.8802
1.87418
1.86802
1.86213
1.85637
1.85077
1.84557
1.84043
1.83572
1.83113
1.82691
1.82293
1.81939
1.81626
1.81356
1.81105
1.80947
1.8084
1.80849
1.80894
1.81033
1.81312
1.81785
1.82361
1.83013
1.83679
1.84269
1.84765
1.85131
1.85321
1.85383
1.85342
1.85281
1.85138
1.84913
1.84732
1.84485
2.55775
2.54767
2.51569
2.4727
2.43779
2.41158
2.39279
2.37896
2.36813
2.35988
2.35485
2.35064
2.34216
2.32646
2.30541
2.28124
2.25572
2.22963
2.20409
2.17961
2.15653
2.13525
2.11648
2.09997
2.08582
2.07415
2.06543
2.05843
2.05211
2.04637
2.04077
2.0352
2.02904
2.02211
2.01466
2.00726
2.0005
1.99452
1.98888
1.98367
1.97997
1.97765
1.97606
1.97439
1.97303
1.97114
1.96947
1.96712
1.96482
1.96176
1.95861
1.95488
1.95076
1.94613
1.94093
1.93554
1.92965
1.92389
1.91771
1.91158
1.90514
1.8987
1.89224
1.88566
1.87928
1.87277
1.86656
1.86049
1.85457
1.84924
1.84386
1.83918
1.83464
1.83049
1.82701
1.82376
1.82113
1.819
1.81701
1.81663
1.81662
1.81713
1.81902
1.82287
1.82785
1.83452
1.84068
1.84693
1.85219
1.85616
1.85877
1.86017
1.86011
1.8594
1.85815
1.85675
1.85417
1.85098
1.84872
1.8461
2.5311
2.52104
2.50204
2.47606
2.45104
2.4296
2.41331
2.4023
2.39669
2.39361
2.38914
2.37954
2.36293
2.34008
2.31298
2.28444
2.25527
2.22746
2.20182
2.1794
2.16113
2.14674
2.13629
2.12885
2.12296
2.11672
2.10858
2.09837
2.08762
2.07671
2.06555
2.05406
2.04216
2.03066
2.01989
2.01026
2.00185
1.99511
1.99022
1.98666
1.98379
1.98102
1.97814
1.97492
1.97174
1.96842
1.9658
1.96316
1.96134
1.95928
1.95762
1.95553
1.95353
1.95112
1.9482
1.94476
1.94053
1.9359
1.93047
1.92484
1.91864
1.91211
1.9052
1.89798
1.8909
1.88364
1.87655
1.86965
1.86298
1.85725
1.85129
1.84667
1.84186
1.83805
1.83488
1.83181
1.82949
1.82789
1.82713
1.82675
1.82779
1.83062
1.83581
1.84103
1.84671
1.85263
1.85785
1.8622
1.86517
1.8667
1.86683
1.86613
1.86493
1.86362
1.86116
1.85842
1.85541
1.85187
1.84935
1.84647
2.5265
2.51472
2.50257
2.49029
2.48093
2.47227
2.45996
2.44587
2.43064
2.41579
2.3998
2.38185
2.36068
2.33693
2.31089
2.2851
2.26071
2.24023
2.2235
2.20991
2.19876
2.18823
2.17731
2.16535
2.15209
2.13866
2.12488
2.11082
2.09733
2.08433
2.07266
2.06241
2.0523
2.04252
2.03328
2.02465
2.01662
2.0091
2.00203
1.99533
1.98885
1.9826
1.97679
1.97171
1.96747
1.96398
1.96086
1.95788
1.95534
1.95321
1.95146
1.95005
1.94869
1.94725
1.94529
1.94303
1.93986
1.93677
1.93293
1.92922
1.92484
1.92041
1.91567
1.9105
1.90549
1.89966
1.89464
1.88872
1.88341
1.87771
1.87204
1.86721
1.86234
1.85872
1.85482
1.85231
1.84942
1.84888
1.84741
1.8487
1.85106
1.85415
1.85876
1.86307
1.86774
1.87161
1.87466
1.8766
1.87716
1.87668
1.87516
1.87393
1.87165
1.86927
1.86558
1.8622
1.85875
1.85504
1.85232
1.84911
2.57161
2.54625
2.51738
2.49636
2.48222
2.47253
2.46457
2.4552
2.44102
2.42348
2.40382
2.38182
2.35849
2.33635
2.31689
2.3005
2.28644
2.27312
2.2598
2.24578
2.23057
2.21393
2.19639
2.17858
2.16109
2.14458
2.1295
2.11626
2.10428
2.09265
2.08127
2.07037
2.05995
2.05007
2.04051
2.03121
2.02197
2.01298
2.00503
1.99815
1.99177
1.98598
1.98078
1.97553
1.97018
1.9654
1.96128
1.95713
1.95268
1.94823
1.94415
1.94089
1.93843
1.93636
1.93473
1.93361
1.93266
1.93188
1.93084
1.92949
1.92714
1.92435
1.92129
1.91796
1.91434
1.9105
1.90572
1.90188
1.89641
1.89264
1.88802
1.88411
1.88151
1.87781
1.87669
1.87469
1.87399
1.8744
1.87654
1.88027
1.8842
1.88822
1.8924
1.89552
1.89774
1.89869
1.89818
1.89708
1.89383
1.89152
1.88802
1.88525
1.88098
1.87734
1.87276
1.86906
1.86505
1.86147
1.85857
1.85547
2.58781
2.57069
2.52863
2.4935
2.47069
2.4587
2.45216
2.44726
2.4431
2.43631
2.42074
2.39782
2.37313
2.34919
2.32729
2.30852
2.29363
2.28091
2.26912
2.25673
2.24343
2.22876
2.21303
2.19651
2.17984
2.16283
2.1459
2.12928
2.11282
2.09724
2.0829
2.06989
2.05869
2.04888
2.04022
2.03281
2.027
2.02287
2.01899
2.01374
2.00719
1.9998
1.99167
1.98335
1.97526
1.96698
1.95844
1.95045
1.94396
1.93941
1.93643
1.93426
1.93253
1.93145
1.93128
1.93179
1.93348
1.93485
1.93504
1.93494
1.93469
1.93405
1.93241
1.9289
1.9242
1.91901
1.91313
1.90787
1.90207
1.89743
1.89322
1.88934
1.88674
1.88425
1.88282
1.88318
1.8848
1.88894
1.89329
1.89935
1.90503
1.91071
1.91537
1.91874
1.92074
1.92124
1.9203
1.91849
1.91595
1.91352
1.91035
1.90683
1.90273
1.89856
1.89421
1.88985
1.88582
1.88163
1.87883
1.87521
2.57842
2.57039
2.5419
2.50362
2.47577
2.45975
2.45111
2.4463
2.44301
2.43979
2.43467
2.42218
2.39695
2.36837
2.34102
2.31726
2.29708
2.28055
2.2679
2.25781
2.24936
2.24045
2.23008
2.21682
2.20023
2.18122
2.16064
2.13974
2.11958
2.1008
2.08415
2.06993
2.05837
2.04989
2.0447
2.04188
2.0392
2.03405
2.02625
2.01751
2.0081
1.9976
1.98623
1.97509
1.96513
1.95633
1.94873
1.94282
1.93897
1.9369
1.93633
1.93657
1.93789
1.94097
1.94366
1.94518
1.94588
1.94598
1.94567
1.94454
1.94161
1.93774
1.93319
1.92824
1.92282
1.91697
1.91126
1.90513
1.89943
1.89436
1.89055
1.88741
1.88572
1.88608
1.88732
1.89061
1.8952
1.90099
1.90728
1.9135
1.92001
1.92445
1.92985
1.93179
1.93517
1.93596
1.93629
1.93621
1.93588
1.93514
1.93338
1.93121
1.9281
1.92461
1.92079
1.91648
1.9126
1.90799
1.90517
1.90072
2.56923
2.5452
2.52249
2.50256
2.48744
2.47676
2.46968
2.46498
2.46134
2.45642
2.44548
2.42504
2.39913
2.37175
2.34554
2.32172
2.30126
2.2859
2.27571
2.269
2.26317
2.25499
2.24294
2.22684
2.20736
2.18621
2.16418
2.14257
2.12271
2.10559
2.09267
2.08335
2.07697
2.0724
2.06702
2.05963
2.04992
2.03875
2.02715
2.01439
2.00052
1.98747
1.97632
1.96592
1.95622
1.94948
1.94687
1.9468
1.94761
1.95014
1.954
1.95737
1.95979
1.96098
1.961
1.96044
1.95862
1.95464
1.94954
1.94426
1.93794
1.93181
1.9249
1.91843
1.9122
1.90626
1.90189
1.89798
1.89535
1.89366
1.89136
1.891
1.89171
1.89346
1.89806
1.90312
1.90916
1.9166
1.92214
1.9298
1.93485
1.94031
1.9452
1.94784
1.95006
1.95117
1.95141
1.95131
1.95064
1.94961
1.94717
1.94555
1.9422
1.93954
1.93562
1.9317
1.92821
1.9237
1.92146
1.91687
2.56957
2.54109
2.51834
2.50261
2.49291
2.48734
2.48381
2.48108
2.47627
2.46498
2.44439
2.41999
2.3949
2.37043
2.34856
2.3302
2.31638
2.30678
2.29891
2.29071
2.27989
2.2657
2.24812
2.22805
2.20661
2.18519
2.165
2.14752
2.1334
2.12191
2.11267
2.10424
2.09583
2.08712
2.07671
2.06497
2.05223
2.03815
2.02357
2.00916
1.99502
1.98177
1.97075
1.96228
1.95645
1.954
1.95398
1.95466
1.95643
1.95888
1.96116
1.96252
1.9627
1.96229
1.96076
1.95763
1.95371
1.94868
1.94281
1.93639
1.9295
1.92318
1.91748
1.91284
1.90933
1.90638
1.90403
1.90183
1.90107
1.90145
1.90257
1.905
1.91007
1.91677
1.92429
1.93144
1.94026
1.9475
1.9539
1.95999
1.96241
1.96633
1.96637
1.96616
1.96535
1.96424
1.96256
1.96122
1.95865
1.95647
1.9534
1.95122
1.94785
1.94534
1.94134
1.93854
1.9342
1.9316
1.92856
1.92647
2.5688
2.5507
2.53145
2.51518
2.50277
2.49418
2.48893
2.48513
2.47856
2.46444
2.44393
2.42077
2.39742
2.37486
2.35538
2.33953
2.32766
2.31834
2.3093
2.29896
2.28554
2.26925
2.25022
2.22956
2.2088
2.1888
2.17072
2.15493
2.14177
2.13062
2.1209
2.11158
2.10203
2.09141
2.07872
2.06498
2.05045
2.035
2.01968
2.00479
1.99086
1.97918
1.96984
1.96236
1.95746
1.95491
1.95433
1.95463
1.95556
1.95693
1.95748
1.95733
1.95645
1.95446
1.95115
1.94673
1.94155
1.9364
1.93188
1.92796
1.92461
1.92165
1.91921
1.91731
1.91639
1.91642
1.91735
1.91909
1.92272
1.92624
1.93334
1.93915
1.94673
1.95437
1.96164
1.96897
1.97488
1.97983
1.98318
1.9852
1.98534
1.98452
1.98264
1.97984
1.97623
1.97253
1.96935
1.96585
1.96308
1.95972
1.95717
1.95412
1.95198
1.94957
1.94745
1.94594
1.94361
1.94316
1.94202
1.94269
2.55841
2.53868
2.52386
2.51383
2.50751
2.50379
2.50094
2.49631
2.48628
2.4675
2.44574
2.42272
2.40123
2.3815
2.36524
2.35173
2.34076
2.33067
2.31969
2.30666
2.29063
2.27213
2.25214
2.23135
2.21143
2.19297
2.17706
2.16369
2.1522
2.14219
2.13268
2.12237
2.10982
2.09555
2.0798
2.06331
2.04633
2.02911
2.01236
1.9963
1.98226
1.97137
1.96316
1.95754
1.95518
1.95516
1.95548
1.95614
1.95651
1.95619
1.95452
1.95152
1.94847
1.94453
1.93946
1.93395
1.92893
1.92493
1.92217
1.92062
1.92021
1.92044
1.92165
1.92516
1.92967
1.93503
1.93949
1.94564
1.95085
1.95811
1.96451
1.97199
1.97823
1.98478
1.99007
1.99382
1.99658
1.99781
1.99767
1.99692
1.99582
1.99321
1.99042
1.98742
1.98456
1.9822
1.98025
1.97836
1.97692
1.97536
1.97448
1.97334
1.97275
1.97173
1.97119
1.97
1.96921
1.96757
1.96651
1.9641
2.53253
2.50558
2.49643
2.4978
2.50663
2.51472
2.51613
2.51292
2.4981
2.46735
2.43824
2.41358
2.39408
2.37851
2.36718
2.35957
2.35416
2.34676
2.33509
2.31811
2.29679
2.27288
2.24857
2.22557
2.20542
2.18859
2.17563
2.16616
2.15919
2.15204
2.14249
2.12984
2.11397
2.09598
2.07555
2.05471
2.03395
2.01479
1.99791
1.98392
1.97216
1.96327
1.95844
1.95697
1.95707
1.95736
1.95718
1.95636
1.95458
1.95103
1.9461
1.94079
1.93494
1.92839
1.92146
1.91578
1.91235
1.9108
1.91053
1.91087
1.91252
1.91671
1.92296
1.93093
1.93958
1.94853
1.95651
1.96508
1.97296
1.98142
1.98859
1.99457
2.00019
2.0025
2.00497
2.00535
2.00501
2.00397
2.00269
2.00064
1.99978
1.99872
1.9988
1.99939
2.00072
2.00276
2.0054
2.00794
2.00944
2.00995
2.00987
2.00956
2.00811
2.00633
2.00257
1.99789
1.99342
1.98665
1.98325
1.97552
2.50733
2.48759
2.48612
2.49846
2.52521
2.53968
2.54086
2.52978
2.49256
2.44635
2.41232
2.39184
2.38188
2.37755
2.37558
2.3744
2.37242
2.36692
2.35104
2.32049
2.28772
2.25782
2.23245
2.21172
2.19533
2.18351
2.17652
2.17273
2.16869
2.16131
2.14936
2.13218
2.11098
2.08892
2.06633
2.04535
2.02481
2.00649
1.99031
1.97885
1.97158
1.96739
1.96434
1.96171
1.95961
1.95815
1.95521
1.95085
1.94532
1.938
1.93057
1.92431
1.9186
1.91286
1.90717
1.90371
1.90254
1.90281
1.90376
1.90626
1.91134
1.91798
1.92641
1.93625
1.94692
1.95748
1.96798
1.97829
1.98791
1.99632
2.00364
2.00798
2.01118
2.01224
2.01201
2.01106
2.00949
2.00755
2.00644
2.00607
2.00682
2.00936
2.01299
2.01763
2.02281
2.02817
2.03281
2.03567
2.03653
2.03651
2.03589
2.03409
2.02926
2.02432
2.01576
2.00979
2.0005
1.99499
1.98847
1.98148
2.54402
2.53348
2.52991
2.53011
2.53166
2.53205
2.52914
2.51259
2.47504
2.43995
2.41537
2.4013
2.39428
2.39068
2.38828
2.38594
2.38085
2.36731
2.34
2.30891
2.27877
2.25336
2.23251
2.2163
2.20392
2.19533
2.18879
2.18264
2.1743
2.16187
2.14599
2.12701
2.10661
2.08617
2.06567
2.04797
2.03202
2.01897
2.00679
1.99538
1.98429
1.97587
1.96814
1.96147
1.95379
1.94573
1.93778
1.93092
1.92439
1.91911
1.91441
1.91021
1.90751
1.90657
1.90511
1.90452
1.90476
1.90595
1.90794
1.91046
1.91481
1.92017
1.92697
1.93531
1.94464
1.95547
1.96621
1.97703
1.9873
1.99639
2.00506
2.01117
2.0158
2.01858
2.02024
2.02059
2.02123
2.0214
2.0219
2.02366
2.02597
2.02997
2.03291
2.03663
2.04014
2.04317
2.04506
2.0455
2.0453
2.04456
2.04259
2.03904
2.03387
2.02895
2.02203
2.01696
2.00981
2.00589
2.00075
1.99961
2.61085
2.60741
2.58162
2.53903
2.51207
2.49822
2.49047
2.48489
2.4804
2.47589
2.46655
2.45027
2.43077
2.4109
2.39288
2.37802
2.36267
2.34838
2.33232
2.31606
2.29902
2.28218
2.26449
2.24635
2.22779
2.20947
2.1918
2.17412
2.15791
2.14232
2.12904
2.11702
2.1066
2.09639
2.08559
2.07271
2.05797
2.04118
2.02435
2.00764
1.99047
1.97371
1.95701
1.94275
1.93092
1.9211
1.91406
1.90896
1.90596
1.90601
1.90693
1.90924
1.91237
1.91549
1.91652
1.91679
1.91628
1.91643
1.91586
1.91584
1.91638
1.91785
1.92097
1.92559
1.93254
1.94143
1.95185
1.96434
1.97751
1.99062
2.00278
2.01446
2.02457
2.03347
2.0403
2.04484
2.04835
2.05012
2.05022
2.04994
2.0488
2.04774
2.04572
2.0442
2.04302
2.04256
2.04229
2.04224
2.0423
2.04218
2.04179
2.04128
2.04007
2.03918
2.03715
2.03556
2.03331
2.0304
2.02891
2.0256
2.6233
2.62011
2.58727
2.52578
2.48579
2.46866
2.46722
2.47352
2.48451
2.48827
2.48669
2.47432
2.44125
2.40524
2.37695
2.3568
2.3429
2.33311
2.32649
2.32234
2.31777
2.30808
2.28766
2.26061
2.23151
2.20383
2.17941
2.15775
2.14
2.12537
2.11519
2.1078
2.10242
2.09649
2.08875
2.07705
2.06241
2.0443
2.02452
2.00482
1.98476
1.96674
1.94971
1.9351
1.924
1.91494
1.9097
1.9061
1.90416
1.90438
1.9052
1.90716
1.90949
1.91257
1.91339
1.91361
1.91269
1.91337
1.91376
1.91443
1.91561
1.91746
1.9213
1.92684
1.93453
1.94374
1.95512
1.96716
1.98029
1.99399
2.00765
2.02185
2.03471
2.04523
2.0542
2.06119
2.06494
2.06567
2.06528
2.0638
2.06015
2.05566
2.05087
2.04671
2.04315
2.041
2.04003
2.03982
2.04042
2.04256
2.04605
2.04952
2.05184
2.05285
2.05283
2.05248
2.0516
2.04863
2.04629
2.03927
2.56574
2.56378
2.55339
2.54014
2.53238
2.52068
2.50752
2.49351
2.48198
2.47173
2.45895
2.44397
2.4255
2.40687
2.38837
2.37334
2.35949
2.34722
2.33409
2.31987
2.30345
2.28516
2.26566
2.24577
2.22616
2.20775
2.1903
2.17446
2.15919
2.14426
2.12977
2.11438
2.09931
2.0833
2.0673
2.05112
2.03602
2.02076
2.00734
1.99428
1.98247
1.97266
1.9626
1.95407
1.94469
1.93589
1.92703
1.92008
1.912
1.90644
1.89918
1.89391
1.88974
1.88736
1.88646
1.88693
1.88814
1.8926
1.89909
1.90748
1.91781
1.92868
1.93986
1.95093
1.96208
1.97291
1.98372
1.99419
2.00414
2.01363
2.02192
2.02923
2.0362
2.04194
2.04765
2.05147
2.05461
2.05632
2.05743
2.05795
2.05785
2.05744
2.05683
2.05551
2.05447
2.05405
2.05395
2.05409
2.05472
2.05565
2.05582
2.05568
2.05507
2.05431
2.05245
2.05061
2.0485
2.04479
2.04291
2.0384
2.50923
2.5129
2.53407
2.55728
2.56521
2.56132
2.53725
2.48914
2.45183
2.43048
2.42126
2.41866
2.41805
2.41785
2.41634
2.40805
2.38474
2.35211
2.32146
2.29543
2.27413
2.25698
2.24395
2.23512
2.23019
2.22574
2.21766
2.20491
2.1862
2.16393
2.13971
2.11451
2.09044
2.06822
2.04831
2.03225
2.01943
2.00971
2.0034
1.99732
1.99287
1.98686
1.97974
1.97057
1.95904
1.94572
1.93053
1.91486
1.90005
1.88475
1.87288
1.86336
1.85438
1.85167
1.85181
1.85331
1.85717
1.86589
1.87905
1.8948
1.9127
1.93163
1.95021
1.96785
1.98348
1.99643
2.00673
2.01392
2.01805
2.0203
2.02109
2.02091
2.02045
2.02006
2.02013
2.02089
2.02332
2.02778
2.03347
2.03965
2.04679
2.05324
2.06051
2.06523
2.06781
2.06863
2.06856
2.06783
2.06555
2.0611
2.05584
2.05062
2.04526
2.04052
2.0359
2.03256
2.0303
2.0303
2.03046
2.03347
2.50115
2.5023
2.52092
2.54912
2.56084
2.55876
2.53914
2.49225
2.45205
2.42852
2.41845
2.41625
2.41646
2.4172
2.41632
2.4092
2.38699
2.35203
2.31935
2.29227
2.27098
2.25464
2.24253
2.23431
2.22952
2.22606
2.21969
2.2072
2.18677
2.1615
2.13429
2.10708
2.08218
2.05982
2.03998
2.0236
2.01051
2.00061
1.99459
1.9897
1.98659
1.98222
1.97625
1.96751
1.95593
1.94185
1.92573
1.90909
1.89329
1.87703
1.86441
1.85442
1.84502
1.84228
1.84245
1.84399
1.84806
1.85717
1.87071
1.88742
1.90715
1.92794
1.94873
1.96824
1.98511
1.99895
2.00913
2.0153
2.01839
2.01836
2.01752
2.01539
2.01302
2.01127
2.01066
2.01101
2.01299
2.01797
2.02455
2.03249
2.04145
2.05047
2.05979
2.06597
2.06952
2.07074
2.07072
2.06987
2.06698
2.06098
2.0538
2.04676
2.03993
2.03401
2.02854
2.02481
2.02256
2.02284
2.0235
2.02896
)
;

boundaryField
{
    inlet
    {
        type            fixedValue;
        value           uniform 1;
    }
    outlet
    {
        type            zeroGradient;
    }
    bottom
    {
        type            symmetryPlane;
    }
    top
    {
        type            symmetryPlane;
    }
    obstacle
    {
        type            zeroGradient;
    }
    defaultFaces
    {
        type            empty;
    }
}


// ************************************************************************* //
