/*--------------------------------*- C++ -*----------------------------------*\
| =========                 |                                                 |
| \\      /  F ield         | OpenFOAM: The Open Source CFD Toolbox           |
|  \\    /   O peration     | Version:  2412                                  |
|   \\  /    A nd           | Website:  www.openfoam.com                      |
|    \\/     M anipulation  |                                                 |
\*---------------------------------------------------------------------------*/
FoamFile
{
    version     2.0;
    format      ascii;
    arch        "LSB;label=32;scalar=64";
    class       volScalarField;
    location    "24.5";
    object      Ma;
}
// * * * * * * * * * * * * * * * * * * * * * * * * * * * * * * * * * * * * * //

dimensions      [0 0 0 0 0 0 0];

internalField   nonuniform List<scalar> 
7000
(
2.25599
0.994192
0.300539
0.338438
0.401062
0.442389
0.450596
0.446127
0.439772
0.434862
0.432017
0.429745
0.427145
0.424058
0.420587
0.416811
0.412745
0.408366
0.403656
0.398595
0.393174
0.387376
0.38119
0.374598
0.367585
0.360132
0.352223
0.343837
0.334956
0.325558
0.315625
0.305133
0.294063
0.282394
0.270108
0.257185
0.243611
0.229373
0.214465
0.198883
0.182633
0.165727
0.14819
0.130054
0.111369
0.0921928
0.072591
0.0528471
0.0319231
0.0155244
2.25605
0.994254
0.300337
0.338273
0.400908
0.442241
0.450449
0.445982
0.439634
0.434731
0.43189
0.429621
0.427025
0.423942
0.420475
0.416705
0.412644
0.408272
0.403567
0.398513
0.393099
0.38731
0.381133
0.37455
0.367548
0.360107
0.35221
0.343838
0.334972
0.325591
0.315676
0.305204
0.294157
0.282512
0.270252
0.257358
0.243816
0.229614
0.214746
0.199209
0.18301
0.166165
0.148702
0.13066
0.112103
0.0931175
0.0738193
0.0546559
0.0351574
0.0220573
2.25618
0.994451
0.300469
0.338308
0.400937
0.442274
0.450483
0.446022
0.439691
0.4348
0.431972
0.429708
0.427123
0.424045
0.420593
0.41683
0.412785
0.408422
0.403735
0.398693
0.3933
0.387525
0.381372
0.374809
0.367834
0.360417
0.352554
0.344213
0.335387
0.326044
0.316177
0.305753
0.294763
0.283179
0.270989
0.258172
0.244718
0.230614
0.215858
0.200451
0.184404
0.167741
0.1505
0.132745
0.114565
0.0961169
0.077634
0.0598399
0.043041
0.0335723
2.25635
0.994757
0.30074
0.338386
0.401019
0.442374
0.450586
0.446139
0.439822
0.434958
0.432141
0.429896
0.427318
0.424263
0.420821
0.417085
0.413052
0.408718
0.404047
0.399039
0.393665
0.387931
0.381801
0.375285
0.368342
0.36098
0.353156
0.34488
0.336103
0.326838
0.317034
0.306703
0.295794
0.284321
0.272235
0.259553
0.246233
0.232296
0.217717
0.202523
0.186719
0.170347
0.153462
0.136148
0.118555
0.100896
0.0835507
0.0674576
0.0533029
0.0461805
2.2566
0.995187
0.30109
0.338455
0.401104
0.442495
0.450715
0.44629
0.439984
0.435162
0.432356
0.430143
0.427575
0.424554
0.421126
0.417428
0.413415
0.409123
0.404477
0.399515
0.394175
0.388492
0.382407
0.375949
0.369063
0.361768
0.354016
0.345817
0.337133
0.327959
0.318269
0.308046
0.297279
0.285938
0.274028
0.26151
0.248409
0.234683
0.220379
0.205465
0.190016
0.174038
0.15764
0.140921
0.124073
0.107409
0.091372
0.0770294
0.0651085
0.0594944
2.25693
0.99576
0.301533
0.338526
0.4012
0.44264
0.450884
0.44646
0.440214
0.435397
0.432651
0.430436
0.427925
0.424904
0.42154
0.417848
0.413905
0.409623
0.405055
0.400111
0.394857
0.389202
0.383215
0.376797
0.370021
0.362783
0.355157
0.347037
0.338495
0.329427
0.319899
0.309818
0.299237
0.288081
0.276389
0.264111
0.251269
0.237852
0.22387
0.20936
0.194332
0.178894
0.163088
0.147117
0.131166
0.115612
0.100984
0.0882975
0.0781879
0.0736198
2.25735
0.996486
0.302076
0.338602
0.401307
0.442818
0.451089
0.446692
0.440475
0.435709
0.43299
0.430821
0.428333
0.425363
0.422028
0.418396
0.414485
0.410273
0.405743
0.400882
0.395674
0.390118
0.384187
0.377888
0.371181
0.364085
0.356546
0.348595
0.340164
0.331297
0.321912
0.312068
0.301674
0.290796
0.279346
0.267395
0.254872
0.241845
0.228281
0.214246
0.199772
0.184939
0.169887
0.154751
0.139834
0.125479
0.112235
0.101078
0.0924446
0.0886251
2.25786
0.997378
0.302728
0.338683
0.401427
0.443028
0.451336
0.446973
0.440794
0.436084
0.433405
0.431283
0.428835
0.425918
0.42263
0.419056
0.415203
0.411058
0.406598
0.401813
0.396691
0.391223
0.385398
0.379203
0.372627
0.365653
0.358276
0.350469
0.342238
0.333544
0.324406
0.314772
0.304682
0.294065
0.282986
0.271367
0.25929
0.246692
0.233665
0.220192
0.206375
0.192283
0.178049
0.163896
0.150053
0.136958
0.125074
0.115263
0.107843
0.104623
2.25848
0.998447
0.303498
0.338771
0.401562
0.443274
0.451632
0.447302
0.441184
0.436524
0.433905
0.431829
0.42944
0.426574
0.423353
0.419841
0.416065
0.411992
0.40762
0.402924
0.397905
0.392545
0.386842
0.380779
0.374349
0.367537
0.360334
0.352728
0.344705
0.336259
0.32737
0.318044
0.30825
0.298016
0.287296
0.27615
0.264519
0.252502
0.240041
0.227275
0.214188
0.200956
0.18767
0.174546
0.161896
0.150028
0.139452
0.130889
0.124492
0.121715
2.2592
0.999707
0.304395
0.338868
0.401716
0.443563
0.45198
0.447703
0.441636
0.437056
0.434485
0.432483
0.430144
0.427358
0.424198
0.420776
0.417071
0.413101
0.408817
0.404238
0.399328
0.394106
0.388537
0.382637
0.376371
0.369755
0.362754
0.355382
0.347608
0.339443
0.330862
0.321875
0.312463
0.302636
0.292392
0.281737
0.270696
0.259275
0.247544
0.235512
0.223321
0.211
0.198785
0.186793
0.175337
0.164784
0.155439
0.14799
0.14249
0.140145
2.26004
1.00117
0.305428
0.338977
0.401892
0.443895
0.452392
0.448159
0.442185
0.437663
0.43518
0.433232
0.430983
0.428259
0.425199
0.421851
0.41826
0.414379
0.410224
0.405756
0.400995
0.39591
0.390517
0.384785
0.378729
0.37232
0.365569
0.358453
0.350979
0.343131
0.334911
0.326313
0.317338
0.307992
0.298277
0.288215
0.277816
0.267127
0.256172
0.245038
0.23378
0.222545
0.211438
0.200703
0.190517
0.181222
0.173164
0.166807
0.162134
0.160098
2.261
1.00284
0.306606
0.3391
0.402093
0.444282
0.452867
0.448711
0.442807
0.438391
0.435969
0.434121
0.431937
0.429323
0.426339
0.423114
0.419613
0.415873
0.411828
0.407522
0.402898
0.398002
0.392778
0.38727
0.381422
0.375279
0.368787
0.361988
0.354833
0.347365
0.33954
0.331401
0.322914
0.31412
0.305007
0.295613
0.285956
0.276072
0.266027
0.255858
0.245697
0.235598
0.225771
0.216327
0.207539
0.199607
0.192763
0.187489
0.18363
0.182023
2.26208
1.00474
0.307935
0.339243
0.402322
0.444723
0.453421
0.449337
0.44355
0.439219
0.436901
0.43513
0.433055
0.430529
0.427668
0.424544
0.421184
0.417563
0.413682
0.409519
0.405088
0.400368
0.395372
0.390079
0.384505
0.378625
0.37246
0.365985
0.359224
0.352154
0.344804
0.337153
0.32924
0.321048
0.31263
0.303975
0.295157
0.28618
0.27714
0.268076
0.259096
0.250315
0.24183
0.233864
0.226514
0.220065
0.214645
0.210544
0.207568
0.206265
2.26329
1.00686
0.309419
0.339397
0.402594
0.445219
0.454055
0.450067
0.444399
0.440183
0.437962
0.436298
0.434324
0.431918
0.429172
0.426185
0.422956
0.419495
0.415769
0.411796
0.407551
0.403057
0.398286
0.393266
0.387963
0.382412
0.376578
0.370499
0.364143
0.35755
0.350698
0.343624
0.336322
0.328828
0.321159
0.313352
0.305448
0.297498
0.289564
0.28173
0.274077
0.266729
0.259804
0.253421
0.247779
0.242928
0.239022
0.236288
0.234366
0.233712
2.26462
1.0092
0.311058
0.339557
0.40292
0.445778
0.454784
0.45091
0.445376
0.441292
0.439176
0.437631
0.435769
0.433495
0.430878
0.428039
0.424961
0.421669
0.418124
0.414351
0.410325
0.406066
0.401562
0.396822
0.391846
0.38663
0.381194
0.375519
0.369647
0.363545
0.357279
0.350807
0.344214
0.337461
0.330649
0.323754
0.316884
0.310054
0.303363
0.296884
0.290716
0.284968
0.279764
0.275236
0.271478
0.268667
0.266694
0.265722
0.26519
0.265156
2.26609
1.01177
0.312862
0.339753
0.403284
0.446424
0.455628
0.451881
0.446525
0.442562
0.440582
0.439145
0.437428
0.435276
0.432821
0.430121
0.427229
0.424103
0.420774
0.4172
0.41343
0.409415
0.405215
0.400774
0.396158
0.391311
0.386304
0.381084
0.375723
0.370184
0.364529
0.35875
0.352893
0.346993
0.341074
0.335222
0.329447
0.32388
0.318543
0.313584
0.309074
0.305152
0.301925
0.299521
0.29808
0.297581
0.298078
0.299506
0.301151
0.302676
2.26767
1.01457
0.314823
0.339982
0.403704
0.447177
0.45661
0.453015
0.447861
0.444032
0.442193
0.440876
0.439309
0.437296
0.435009
0.43247
0.429767
0.426833
0.423724
0.420385
0.416873
0.413145
0.40925
0.40516
0.400909
0.396489
0.391921
0.387219
0.382391
0.377478
0.372477
0.367451
0.362402
0.357408
0.352491
0.34773
0.343198
0.338957
0.335149
0.331829
0.329178
0.327313
0.326391
0.326516
0.327916
0.330656
0.334522
0.339627
0.344727
0.348725
2.26935
1.01756
0.316926
0.340247
0.404192
0.448062
0.45776
0.45436
0.449406
0.445755
0.444035
0.442874
0.441437
0.4396
0.43746
0.435121
0.43259
0.429888
0.426988
0.423922
0.420666
0.417263
0.413683
0.409977
0.406114
0.40215
0.39806
0.393901
0.389663
0.385397
0.381121
0.376877
0.372718
0.368677
0.364848
0.361268
0.358063
0.355307
0.353121
0.351686
0.351061
0.351508
0.3532
0.35641
0.361329
0.368069
0.3769
0.387633
0.399369
0.409972
2.27112
1.02071
0.31915
0.340563
0.404772
0.449107
0.459117
0.455937
0.451215
0.447739
0.446151
0.445139
0.443853
0.442188
0.440225
0.438079
0.435757
0.433278
0.43063
0.427828
0.424877
0.421788
0.418578
0.415248
0.411832
0.408321
0.404769
0.401161
0.397569
0.393978
0.390477
0.387063
0.383835
0.380822
0.378121
0.375819
0.373997
0.372844
0.372423
0.372924
0.374588
0.377705
0.382628
0.389495
0.398922
0.411251
0.426947
0.447107
0.470989
0.498597
2.27294
1.02396
0.32143
0.340942
0.405481
0.450368
0.460762
0.457825
0.45339
0.450058
0.448617
0.447722
0.446608
0.445089
0.443325
0.44135
0.439257
0.436992
0.434616
0.432081
0.429453
0.426694
0.423868
0.420945
0.417985
0.414972
0.411962
0.408962
0.406016
0.403165
0.400443
0.39793
0.39565
0.393732
0.392204
0.391243
0.390883
0.391313
0.392698
0.395384
0.39959
0.405686
0.413892
0.425053
0.43962
0.459158
0.485082
0.520595
0.571928
0.664905
2.27502
1.02769
0.323962
0.341215
0.406281
0.451967
0.462915
0.460351
0.456264
0.45316
0.451878
0.451204
0.450305
0.449063
0.447544
0.445883
0.444077
0.442178
0.440149
0.438047
0.43584
0.433595
0.431277
0.428963
0.426618
0.424329
0.422064
0.419923
0.417883
0.416054
0.414436
0.413143
0.412215
0.411773
0.411915
0.412687
0.41425
0.417016
0.421206
0.426897
0.434589
0.444559
0.457831
0.474817
0.497604
0.527611
0.569594
0.631148
0.729825
0.881479
2.27723
1.03166
0.326973
0.342166
0.408011
0.454836
0.466504
0.464319
0.460552
0.457505
0.456266
0.455683
0.454944
0.453879
0.452579
0.451144
0.44962
0.448017
0.446349
0.444622
0.442862
0.441077
0.439304
0.437547
0.435856
0.434236
0.432754
0.431414
0.430306
0.429439
0.428931
0.4288
0.429165
0.430047
0.431684
0.434272
0.437985
0.442903
0.449468
0.457793
0.468592
0.482305
0.499812
0.522623
0.551793
0.591356
0.643913
0.718035
0.82898
0.967136
2.27851
1.03398
0.328846
0.343226
0.410174
0.458582
0.471229
0.469542
0.466102
0.463077
0.461872
0.461407
0.460834
0.459948
0.458837
0.457609
0.456319
0.454982
0.453613
0.452223
0.450838
0.449475
0.448165
0.44693
0.445808
0.444827
0.444035
0.443474
0.443204
0.443293
0.443751
0.444654
0.44624
0.448645
0.451867
0.456155
0.461589
0.468579
0.477195
0.488162
0.501495
0.518493
0.539211
0.565769
0.599043
0.641712
0.69737
0.767753
0.864168
0.967479
2.27967
1.03609
0.332159
0.346924
0.415038
0.464996
0.478239
0.476423
0.472633
0.46926
0.467981
0.467621
0.46721
0.466499
0.465594
0.464596
0.463591
0.462565
0.461553
0.460541
0.459578
0.458659
0.457835
0.457112
0.456547
0.456158
0.456012
0.456126
0.456543
0.457353
0.458726
0.460708
0.463358
0.466847
0.47124
0.476842
0.48368
0.492269
0.502618
0.515405
0.530886
0.549718
0.572838
0.6007
0.635324
0.677095
0.728926
0.790945
0.868868
0.949909
2.27611
1.0297
0.334298
0.356824
0.42746
0.479821
0.493322
0.490523
0.485521
0.481273
0.479615
0.47906
0.478488
0.477619
0.476559
0.475466
0.474403
0.473379
0.472403
0.471492
0.470666
0.469957
0.469378
0.46898
0.468784
0.468823
0.469094
0.469763
0.470842
0.472445
0.47454
0.477328
0.480776
0.485172
0.490482
0.497077
0.504977
0.514557
0.526084
0.539791
0.556356
0.575911
0.599481
0.627364
0.660591
0.700052
0.746334
0.800701
0.864205
0.928783
2.28204
1.02255
0.35875
0.382359
0.448478
0.498371
0.510282
0.50653
0.500787
0.496404
0.494703
0.494014
0.493315
0.492366
0.4913
0.490224
0.489192
0.488195
0.487258
0.486378
0.485601
0.484928
0.484415
0.484032
0.483902
0.484058
0.484604
0.485469
0.48686
0.488707
0.491258
0.494404
0.498488
0.503353
0.509464
0.51659
0.525358
0.535462
0.547709
0.561824
0.578646
0.598174
0.621059
0.647786
0.678646
0.714589
0.75556
0.802432
0.855625
0.909183
1.87634
0.772019
0.273272
0.344118
0.417752
0.441224
0.44113
0.437149
0.433506
0.433411
0.435586
0.438474
0.441475
0.444518
0.447657
0.450905
0.454223
0.457566
0.460904
0.46422
0.467495
0.470674
0.473817
0.476958
0.48015
0.483331
0.486622
0.489943
0.493566
0.497375
0.501678
0.506368
0.511803
0.5179
0.525023
0.533158
0.542609
0.553546
0.566086
0.580725
0.597302
0.61669
0.638459
0.663785
0.692062
0.724535
0.760522
0.800995
0.845802
0.890545
1.8689
0.771409
0.282175
0.355349
0.428333
0.44779
0.443318
0.435957
0.4303
0.428405
0.428317
0.42872
0.429321
0.430225
0.431573
0.433354
0.435612
0.438219
0.441296
0.444721
0.448606
0.452673
0.45715
0.461795
0.466828
0.471982
0.477521
0.483249
0.489342
0.495666
0.502399
0.50947
0.517031
0.525167
0.533965
0.543712
0.554314
0.566335
0.579528
0.594598
0.611246
0.630225
0.651266
0.675023
0.701361
0.730669
0.762981
0.798104
0.836506
0.874181
1.86794
0.770096
0.284308
0.365062
0.443618
0.463692
0.457506
0.44813
0.441124
0.438392
0.437493
0.436895
0.436307
0.435905
0.435818
0.436088
0.436718
0.437722
0.439254
0.441238
0.443726
0.446643
0.450162
0.454164
0.458797
0.46394
0.469668
0.475919
0.482711
0.490081
0.497957
0.506545
0.515634
0.525586
0.536007
0.54745
0.559508
0.57278
0.586948
0.602623
0.61955
0.638282
0.658699
0.681198
0.705733
0.732541
0.761583
0.792784
0.826397
0.858925
1.86943
0.773377
0.290102
0.367277
0.443688
0.464289
0.459067
0.450547
0.443969
0.441605
0.44113
0.440952
0.440735
0.440624
0.440709
0.441015
0.441603
0.442511
0.443699
0.445182
0.446985
0.44922
0.45186
0.455071
0.458757
0.463137
0.468049
0.47377
0.480043
0.48724
0.494984
0.503744
0.51305
0.523421
0.534432
0.546565
0.559475
0.573574
0.588571
0.604826
0.622188
0.640927
0.661012
0.682661
0.705843
0.73069
0.757137
0.785232
0.81502
0.843669
1.87254
0.780059
0.297785
0.361236
0.429066
0.450304
0.448018
0.441952
0.436343
0.434469
0.434506
0.435037
0.435624
0.436338
0.437231
0.438403
0.439863
0.441548
0.443418
0.445525
0.447869
0.450532
0.453491
0.456861
0.460597
0.464875
0.46959
0.475
0.480926
0.487698
0.495077
0.5034
0.512437
0.522482
0.533351
0.545263
0.558087
0.572004
0.586942
0.603043
0.620269
0.638753
0.658397
0.67934
0.70146
0.724934
0.749542
0.775266
0.802281
0.828118
1.88112
0.786639
0.300035
0.349025
0.412197
0.44124
0.44421
0.439523
0.434371
0.432089
0.431844
0.432367
0.433086
0.434006
0.435102
0.436435
0.438031
0.439887
0.442
0.444397
0.447071
0.450078
0.453388
0.457088
0.461125
0.465643
0.470549
0.476049
0.48201
0.488683
0.495929
0.503986
0.512752
0.522409
0.532895
0.544361
0.556737
0.570156
0.58455
0.600041
0.616555
0.634203
0.652902
0.672752
0.693652
0.715636
0.738559
0.762383
0.7872
0.81085
2.26309
1.10602
0.4072
0.399182
0.459365
0.508059
0.51935
0.514458
0.507535
0.501487
0.497971
0.4955
0.493388
0.49137
0.489343
0.487371
0.485647
0.484158
0.48301
0.482163
0.481735
0.481686
0.482141
0.483074
0.484555
0.48662
0.489304
0.492665
0.496705
0.501515
0.507073
0.513487
0.52073
0.528923
0.538018
0.548145
0.559233
0.571401
0.584575
0.598859
0.614149
0.630544
0.647919
0.666328
0.685683
0.705972
0.727097
0.748977
0.771688
0.793296
2.27251
1.1279
0.391676
0.377129
0.449994
0.510709
0.529107
0.528224
0.524002
0.520198
0.518756
0.518381
0.518365
0.518326
0.517911
0.517283
0.516611
0.515982
0.515414
0.514939
0.514573
0.514378
0.514377
0.51465
0.515233
0.516204
0.5176
0.519532
0.521996
0.525148
0.528934
0.533549
0.538907
0.545192
0.552331
0.560462
0.569556
0.57971
0.590908
0.60318
0.616552
0.630974
0.646471
0.662949
0.680377
0.698689
0.71779
0.737586
0.758143
0.777708
2.29743
1.17663
0.434256
0.383995
0.447092
0.503383
0.52186
0.522888
0.521063
0.519878
0.520297
0.521529
0.523323
0.525125
0.526533
0.527733
0.528856
0.530004
0.531153
0.532333
0.53352
0.534764
0.536057
0.53746
0.538974
0.540671
0.542569
0.544741
0.547234
0.550113
0.553446
0.557284
0.561725
0.566799
0.572627
0.579216
0.586688
0.595027
0.604332
0.614578
0.625811
0.638001
0.651176
0.665321
0.680408
0.696408
0.713221
0.730694
0.748916
0.766299
1.90075
0.805032
0.305812
0.316891
0.374007
0.414892
0.429173
0.432999
0.435822
0.439473
0.444405
0.450151
0.456589
0.463084
0.469261
0.475258
0.481224
0.487186
0.493131
0.499016
0.504839
0.510577
0.516251
0.521838
0.527375
0.532837
0.538293
0.543713
0.549191
0.554715
0.560359
0.566167
0.572203
0.578535
0.585213
0.592339
0.599937
0.608128
0.616901
0.626391
0.636553
0.647527
0.659223
0.671746
0.684982
0.698949
0.713582
0.728907
0.744921
0.760236
2.30594
1.19376
0.449599
0.38664
0.440665
0.492236
0.509236
0.509297
0.506151
0.503673
0.502416
0.502231
0.502686
0.503082
0.503406
0.50391
0.504736
0.506012
0.507708
0.509866
0.512439
0.51548
0.518943
0.522869
0.527183
0.531941
0.537026
0.542529
0.548289
0.554425
0.56081
0.567551
0.57453
0.581869
0.589461
0.597444
0.605734
0.614461
0.623566
0.633164
0.643222
0.653824
0.664953
0.676644
0.688903
0.701716
0.715088
0.72893
0.743332
0.757051
2.31118
1.20374
0.4329
0.369733
0.438374
0.500631
0.522084
0.523496
0.521277
0.519806
0.519934
0.521065
0.522795
0.524299
0.525324
0.526172
0.527006
0.527955
0.52903
0.530319
0.531827
0.533642
0.535749
0.538234
0.541082
0.544358
0.548053
0.552207
0.55682
0.561903
0.567459
0.573473
0.579953
0.586872
0.594265
0.602069
0.610339
0.618997
0.628123
0.637623
0.6476
0.657945
0.668781
0.679984
0.691675
0.703729
0.716241
0.729074
0.742355
0.754958
2.3139
1.20956
0.437076
0.371775
0.441501
0.505354
0.527729
0.52941
0.527246
0.525898
0.526371
0.527887
0.530158
0.532351
0.53407
0.535599
0.537126
0.538758
0.54049
0.542352
0.54434
0.546487
0.548808
0.551337
0.554105
0.557138
0.56048
0.564142
0.568177
0.572586
0.577426
0.582682
0.588412
0.594586
0.601255
0.608381
0.616007
0.624089
0.632658
0.641676
0.651154
0.66107
0.671411
0.682166
0.693299
0.70482
0.71666
0.728836
0.741339
0.753229
2.31689
1.21729
0.463446
0.387831
0.447098
0.506225
0.528784
0.532014
0.531136
0.530765
0.531658
0.533586
0.536125
0.538423
0.540449
0.542353
0.544311
0.546352
0.54853
0.550811
0.553242
0.555793
0.558518
0.56139
0.564468
0.567727
0.571229
0.574956
0.578969
0.583254
0.587871
0.592817
0.598137
0.603835
0.609939
0.616457
0.623402
0.630793
0.638622
0.646912
0.655629
0.664804
0.674387
0.684405
0.694792
0.705568
0.716661
0.728069
0.739812
0.750989
1.90563
0.813586
0.324714
0.323678
0.37648
0.414373
0.42726
0.430302
0.432593
0.435933
0.440704
0.446615
0.453341
0.460159
0.466868
0.473529
0.480262
0.487057
0.493921
0.5008
0.507697
0.514576
0.521452
0.528301
0.535145
0.541974
0.548812
0.555659
0.562537
0.569458
0.576439
0.583511
0.590685
0.598003
0.605471
0.613141
0.621008
0.629129
0.637492
0.646141
0.655065
0.664291
0.673804
0.683628
0.693738
0.704144
0.714819
0.725755
0.737001
0.747676
2.31199
1.2086
0.464964
0.403501
0.466205
0.527389
0.549315
0.550242
0.546098
0.542266
0.54006
0.538687
0.538093
0.537697
0.536963
0.536241
0.535676
0.535523
0.535711
0.536399
0.537513
0.539126
0.541207
0.543796
0.546855
0.550412
0.554426
0.558921
0.563842
0.56921
0.574972
0.581132
0.58764
0.594507
0.601691
0.609201
0.617005
0.625108
0.633487
0.642153
0.651089
0.660303
0.669784
0.679531
0.689527
0.699762
0.710224
0.720887
0.731815
0.742178
2.29404
1.16959
0.460067
0.42269
0.485799
0.546194
0.566079
0.566118
0.562397
0.559161
0.558405
0.558808
0.559894
0.561158
0.56203
0.562669
0.563261
0.563919
0.564654
0.565478
0.566399
0.567463
0.568715
0.570199
0.571948
0.574006
0.57639
0.579133
0.582251
0.585766
0.589681
0.594019
0.598783
0.603982
0.609612
0.61567
0.622148
0.629037
0.636324
0.643992
0.652026
0.660404
0.669108
0.67812
0.687437
0.697023
0.706879
0.716965
0.727335
0.737188
1.88783
0.805073
0.340778
0.355365
0.406343
0.443122
0.452857
0.452685
0.45175
0.452602
0.455915
0.460539
0.466079
0.472144
0.478233
0.484354
0.490571
0.496891
0.503267
0.509654
0.516016
0.522342
0.528618
0.534848
0.541024
0.547158
0.553258
0.559349
0.565451
0.571595
0.577806
0.584105
0.590525
0.597086
0.603815
0.610729
0.617852
0.625193
0.632771
0.640588
0.648663
0.656989
0.665581
0.674418
0.683498
0.692812
0.702344
0.712084
0.722071
0.731565
1.87402
0.796328
0.339523
0.356661
0.398325
0.426967
0.434882
0.434835
0.433828
0.433316
0.434048
0.435682
0.438239
0.441447
0.444939
0.448771
0.453027
0.457746
0.462906
0.468488
0.474453
0.480775
0.487412
0.494341
0.501516
0.508913
0.516491
0.52423
0.532094
0.540071
0.548134
0.556294
0.564524
0.572844
0.581232
0.589718
0.598284
0.606962
0.615747
0.624644
0.633651
0.642787
0.652051
0.661458
0.671002
0.680695
0.690532
0.700506
0.710658
0.720269
1.88891
0.806047
0.345021
0.373648
0.430941
0.466894
0.473622
0.469569
0.464487
0.461385
0.460433
0.460404
0.460996
0.461961
0.463
0.464173
0.465606
0.467367
0.469493
0.471995
0.474898
0.478209
0.481959
0.486141
0.490772
0.495838
0.501347
0.507269
0.513606
0.520322
0.527418
0.534848
0.542611
0.550663
0.558995
0.567563
0.576364
0.585356
0.59453
0.603877
0.613391
0.623048
0.632847
0.642764
0.652803
0.662942
0.673189
0.68352
0.694004
0.703898
2.34072
1.12428
0.469029
0.447566
0.513132
0.574872
0.595489
0.594879
0.589581
0.584278
0.581267
0.579358
0.577793
0.576422
0.574869
0.573135
0.571363
0.56965
0.568041
0.566563
0.56524
0.564108
0.563195
0.562546
0.562191
0.562181
0.562532
0.563305
0.564491
0.56613
0.568251
0.570862
0.573987
0.577607
0.58175
0.586384
0.591527
0.597142
0.603239
0.60977
0.616736
0.624092
0.631821
0.639915
0.648328
0.657047
0.666031
0.675268
0.684765
0.693823
1.88937
0.807238
0.346158
0.363472
0.415822
0.456082
0.468553
0.469558
0.469009
0.468987
0.471275
0.474792
0.478999
0.483734
0.488557
0.493369
0.498209
0.503137
0.508112
0.513123
0.518113
0.52309
0.528014
0.532913
0.537755
0.542578
0.547357
0.552135
0.556913
0.56172
0.566564
0.571479
0.576464
0.581572
0.586799
0.592201
0.597765
0.603547
0.609528
0.615763
0.622225
0.628962
0.635948
0.643193
0.650686
0.658438
0.666429
0.674658
0.683141
0.691246
1.8891
0.807385
0.34747
0.364539
0.416095
0.454586
0.465035
0.463971
0.461096
0.458536
0.45807
0.458911
0.460497
0.462704
0.465124
0.467713
0.470582
0.47381
0.477403
0.481346
0.485612
0.490183
0.495039
0.500161
0.505527
0.511112
0.516896
0.522856
0.528972
0.535243
0.541646
0.54818
0.554831
0.561592
0.568457
0.575422
0.582489
0.589658
0.596935
0.604319
0.61182
0.619433
0.627172
0.635032
0.643028
0.651152
0.659417
0.667808
0.676374
0.684508
2.34274
1.12797
0.472712
0.449631
0.516386
0.580624
0.603072
0.603174
0.598094
0.593025
0.590243
0.588688
0.587561
0.58671
0.585707
0.584542
0.583317
0.582193
0.581156
0.580298
0.57956
0.579049
0.578705
0.578645
0.578803
0.579285
0.580049
0.581137
0.582565
0.584339
0.58647
0.588954
0.591794
0.594987
0.598533
0.602429
0.606671
0.611249
0.616156
0.621382
0.626914
0.632744
0.638855
0.64524
0.65188
0.658771
0.665892
0.673235
0.680805
0.688046
1.88982
0.80878
0.353429
0.381412
0.439686
0.479634
0.489591
0.48791
0.484865
0.48348
0.484906
0.487581
0.49093
0.494764
0.498664
0.502614
0.506676
0.510904
0.515267
0.519749
0.524311
0.528944
0.533626
0.538357
0.543127
0.547931
0.552771
0.557649
0.562573
0.567547
0.57258
0.577687
0.582867
0.588143
0.593514
0.599001
0.6046
0.610331
0.61619
0.622192
0.628342
0.634647
0.641112
0.647737
0.654526
0.66148
0.668599
0.675872
0.683327
0.690425
1.87526
0.799751
0.351156
0.378102
0.427535
0.459446
0.467094
0.465964
0.464283
0.463569
0.464096
0.465295
0.467195
0.46948
0.471831
0.474313
0.47702
0.480004
0.483271
0.486821
0.490642
0.494728
0.499071
0.503663
0.508493
0.513551
0.518823
0.524297
0.529961
0.5358
0.541803
0.547952
0.554254
0.560686
0.567255
0.573941
0.580756
0.587682
0.594731
0.601886
0.609157
0.616527
0.624008
0.631587
0.639277
0.647061
0.654955
0.662943
0.671075
0.678775
1.87423
0.799385
0.35168
0.37535
0.422433
0.4541
0.462314
0.461852
0.460735
0.460115
0.460385
0.46121
0.462693
0.464529
0.466377
0.468279
0.470335
0.472591
0.475064
0.477754
0.480671
0.483818
0.487205
0.490833
0.494709
0.498831
0.503203
0.507821
0.512688
0.517796
0.523148
0.528734
0.534553
0.540593
0.54685
0.55331
0.55997
0.566812
0.573839
0.581035
0.588399
0.59592
0.603597
0.611414
0.619365
0.627441
0.635648
0.643978
0.652464
0.660521
1.88906
0.809114
0.354855
0.362659
0.413295
0.452093
0.463035
0.462621
0.460833
0.459586
0.459622
0.460433
0.461973
0.463875
0.465703
0.46751
0.469428
0.47152
0.473805
0.476279
0.478946
0.481804
0.48486
0.488116
0.491576
0.495241
0.499117
0.503203
0.507505
0.51202
0.516754
0.521705
0.526876
0.532263
0.537868
0.543687
0.549719
0.555961
0.56241
0.56906
0.575906
0.58294
0.590156
0.59755
0.605122
0.612864
0.620767
0.62882
0.637044
0.644867
2.31232
1.20465
0.485415
0.431473
0.49257
0.556799
0.582787
0.58628
0.583615
0.580883
0.579595
0.579281
0.57977
0.5806
0.581138
0.581429
0.581662
0.581944
0.582321
0.582789
0.583355
0.584018
0.584795
0.585691
0.586721
0.587889
0.589213
0.590694
0.59235
0.59418
0.596204
0.598419
0.600844
0.603476
0.60633
0.609405
0.612713
0.616251
0.620031
0.624045
0.628307
0.632805
0.63755
0.642531
0.647757
0.653211
0.658895
0.664788
0.670919
0.676813
2.32253
1.22875
0.466096
0.405365
0.481439
0.557498
0.588663
0.593341
0.590708
0.587845
0.586857
0.587311
0.588601
0.590416
0.592098
0.593495
0.594826
0.596239
0.597792
0.599472
0.601275
0.603187
0.605215
0.607355
0.609617
0.611994
0.614498
0.61712
0.619872
0.622747
0.625757
0.628896
0.632175
0.635589
0.639149
0.64285
0.646704
0.650705
0.654864
0.659177
0.663653
0.668287
0.673091
0.678058
0.683196
0.688496
0.693963
0.699584
0.705382
0.710921
2.31272
1.20617
0.486663
0.432536
0.49435
0.559806
0.586867
0.591017
0.588965
0.586853
0.586283
0.58694
0.588449
0.590438
0.592237
0.593831
0.595404
0.597087
0.598916
0.600891
0.603
0.605244
0.607622
0.610139
0.612795
0.615597
0.618539
0.62163
0.624864
0.628248
0.631776
0.635457
0.639283
0.643262
0.647386
0.651665
0.65609
0.660669
0.665394
0.670273
0.675297
0.680475
0.685796
0.691271
0.696887
0.702654
0.708558
0.714609
0.720817
0.726755
1.88895
0.80918
0.35606
0.364304
0.416385
0.457004
0.469103
0.46912
0.467534
0.46652
0.467164
0.468791
0.471273
0.474229
0.477163
0.480129
0.483237
0.486566
0.490109
0.49387
0.497824
0.501979
0.506314
0.51084
0.515539
0.520421
0.525465
0.530682
0.536053
0.541587
0.547266
0.553099
0.559068
0.565185
0.571428
0.577811
0.584313
0.590949
0.597697
0.604573
0.611556
0.618661
0.625867
0.633189
0.640605
0.648134
0.655754
0.663489
0.671351
0.678838
1.87422
0.800022
0.355295
0.380473
0.428585
0.460131
0.467651
0.466484
0.464743
0.463861
0.464078
0.46493
0.466472
0.468353
0.470185
0.472036
0.474001
0.476139
0.478451
0.480945
0.48361
0.48646
0.489487
0.492707
0.49611
0.499711
0.5035
0.50749
0.511671
0.516054
0.520628
0.525405
0.530371
0.535538
0.540892
0.546443
0.552176
0.558101
0.564203
0.57049
0.576946
0.58358
0.590376
0.597339
0.604455
0.611729
0.619146
0.626712
0.634438
0.6418
1.87704
0.803104
0.359367
0.39514
0.451553
0.484555
0.490477
0.486945
0.482761
0.480814
0.480803
0.481599
0.48301
0.484675
0.486273
0.487895
0.489639
0.491551
0.493626
0.495864
0.498256
0.50081
0.503522
0.506401
0.509444
0.512658
0.51604
0.519598
0.523325
0.527232
0.531311
0.535571
0.540005
0.544621
0.549412
0.554384
0.559531
0.564858
0.570358
0.576036
0.581884
0.587907
0.594095
0.600453
0.606971
0.613652
0.620485
0.627472
0.634617
0.641428
1.19154
1.04884
0.497539
0.19055
0.0108353
0.108728
0.160239
0.208583
0.230177
0.234538
0.222842
0.211376
0.201053
0.191518
0.179482
0.165028
0.147696
0.127763
0.105941
0.082798
0.0589756
0.0352624
0.0158711
0.0232573
0.0469791
0.071279
0.0954203
0.119125
0.142442
0.165344
0.187843
0.209917
0.231551
0.252691
0.272699
0.2918
0.311337
0.331709
0.35167
0.370835
0.389345
0.407339
0.424855
0.441905
0.458475
0.474568
0.490171
0.505288
0.519905
0.534023
0.547625
0.56071
0.573254
0.585252
0.596675
0.607512
0.617728
0.627308
0.636211
0.644419
0.651888
0.658596
0.664501
0.669585
0.673811
0.677174
0.679656
0.681279
0.682052
0.682225
0.682048
0.681488
0.680154
0.677649
0.67427
0.670662
0.666984
0.663265
0.659577
0.655998
0.652631
0.649547
0.646816
0.644472
0.642546
0.641038
0.63995
0.639254
0.638927
0.638902
0.639061
0.639399
0.640035
0.641126
0.642511
0.644026
0.645573
0.647243
0.648883
0.653658
1.12191
1.03599
0.806123
0.549206
0.50222
0.431253
0.38134
0.340596
0.310319
0.291761
0.260402
0.230132
0.210559
0.208813
0.21595
0.226502
0.238961
0.252875
0.268004
0.283859
0.300236
0.316706
0.333029
0.349201
0.365932
0.382914
0.400075
0.417173
0.434268
0.451197
0.468048
0.484675
0.50117
0.517402
0.533058
0.547972
0.562969
0.578687
0.594549
0.609771
0.624488
0.638857
0.652935
0.666708
0.680161
0.693275
0.706042
0.718452
0.730497
0.742164
0.753444
0.76432
0.77478
0.784803
0.794371
0.803461
0.812048
0.820108
0.82761
0.834527
0.840827
0.846479
0.851453
0.855721
0.859258
0.862048
0.864082
0.865361
0.865918
0.865929
0.865633
0.864967
0.863615
0.86123
0.858012
0.854536
0.850984
0.847417
0.843899
0.840506
0.837325
0.834425
0.83187
0.829692
0.827916
0.826543
0.82557
0.82497
0.82474
0.824767
0.824943
0.825277
0.825843
0.826809
0.828017
0.829357
0.830676
0.83209
0.833281
0.837081
1.07463
1.07547
1.00805
0.899616
0.831156
0.780876
0.744957
0.714864
0.690047
0.671955
0.65685
0.642514
0.632515
0.627382
0.625862
0.626117
0.62762
0.630025
0.633406
0.637671
0.642785
0.648555
0.654916
0.661747
0.669302
0.67746
0.686228
0.695381
0.704952
0.714754
0.724866
0.735113
0.745603
0.756148
0.766533
0.776475
0.786549
0.797329
0.808695
0.819788
0.830596
0.841212
0.851729
0.862123
0.872399
0.882506
0.892448
0.902181
0.911715
0.921007
0.930064
0.938842
0.947347
0.955529
0.963393
0.970886
0.978008
0.984705
0.990973
0.996757
1.00205
1.0068
1.01099
1.01458
1.01755
1.01988
1.02156
1.02257
1.02292
1.0228
1.02245
1.02176
1.02044
1.01824
1.01528
1.01203
1.00868
1.00534
1.00206
0.998918
0.995986
0.993335
0.991005
0.989039
0.987445
0.986233
0.985388
0.984894
0.984736
0.984793
0.984956
0.985258
0.985757
0.986602
0.987638
0.988804
0.989911
0.991082
0.991862
0.994925
1.04736
1.08418
1.08314
1.04974
1.00811
0.979401
0.961046
0.947272
0.935011
0.923897
0.915005
0.907271
0.900312
0.895138
0.892546
0.891258
0.890246
0.889208
0.888221
0.887431
0.886979
0.886926
0.88729
0.888219
0.889746
0.891911
0.894757
0.898182
0.902175
0.906637
0.911592
0.916944
0.922745
0.928843
0.934988
0.940971
0.94718
0.954105
0.961814
0.969681
0.977472
0.985187
0.992932
1.00069
1.00849
1.01626
1.02401
1.03169
1.0393
1.04679
1.05417
1.06137
1.06842
1.07524
1.08185
1.08817
1.09423
1.09995
1.10533
1.11031
1.1149
1.11901
1.12267
1.12579
1.12839
1.1304
1.13185
1.13267
1.13287
1.13268
1.1323
1.1316
1.1303
1.12825
1.12556
1.12256
1.1194
1.11624
1.11315
1.11023
1.10752
1.10509
1.10295
1.10118
1.09973
1.09866
1.09792
1.09753
1.09742
1.0975
1.09764
1.09791
1.09837
1.09913
1.10002
1.10106
1.102
1.10299
1.10348
1.1061
1.02103
1.0689
1.09376
1.09719
1.08811
1.08047
1.0767
1.07512
1.07346
1.07072
1.06703
1.06406
1.06187
1.05894
1.05543
1.05259
1.04986
1.04691
1.0437
1.04034
1.03698
1.0338
1.03092
1.02849
1.02658
1.02533
1.02474
1.02482
1.02559
1.02692
1.02886
1.03133
1.03439
1.03785
1.04147
1.04508
1.04901
1.05368
1.0592
1.0651
1.07111
1.07717
1.08332
1.08955
1.09589
1.10229
1.10876
1.11523
1.12172
1.12816
1.13455
1.14085
1.14704
1.15308
1.15896
1.16462
1.17006
1.17521
1.18009
1.18461
1.18878
1.19253
1.19587
1.19872
1.20109
1.20291
1.20422
1.20486
1.20497
1.20476
1.20437
1.20365
1.20234
1.20038
1.19792
1.19513
1.19214
1.18913
1.18619
1.18341
1.18086
1.17859
1.17661
1.17497
1.17365
1.17267
1.17202
1.17169
1.17162
1.1717
1.17184
1.17212
1.17258
1.17332
1.17412
1.17507
1.17592
1.17679
1.17714
1.17958
0.990672
1.04429
1.08045
1.10359
1.11573
1.12349
1.13039
1.13734
1.14326
1.14755
1.14974
1.15005
1.14956
1.14915
1.14776
1.14503
1.14169
1.13808
1.13437
1.13025
1.126
1.12159
1.11741
1.11341
1.10994
1.10692
1.10465
1.10295
1.10203
1.10166
1.10201
1.10295
1.10453
1.10656
1.10877
1.11106
1.11374
1.11716
1.12141
1.12613
1.13112
1.13626
1.14153
1.14691
1.15241
1.15802
1.16372
1.16949
1.1753
1.18112
1.18693
1.19269
1.19837
1.20394
1.20937
1.21463
1.21969
1.22451
1.22906
1.23329
1.2372
1.24072
1.24384
1.24651
1.24872
1.25041
1.25155
1.25206
1.25209
1.25189
1.25149
1.25073
1.24939
1.24748
1.24515
1.24251
1.23967
1.23677
1.23393
1.23126
1.2288
1.22663
1.22475
1.2232
1.22197
1.22107
1.22047
1.22018
1.22014
1.22022
1.22037
1.22068
1.22116
1.22188
1.22263
1.22355
1.22433
1.22513
1.22539
1.22774
0.961086
1.01294
1.05594
1.08901
1.11384
1.13235
1.14756
1.16078
1.17239
1.18179
1.18888
1.19341
1.19584
1.19652
1.19663
1.19596
1.19372
1.19033
1.18651
1.18235
1.17788
1.17325
1.16859
1.16405
1.15981
1.15599
1.15275
1.15013
1.1482
1.1469
1.1463
1.1463
1.14703
1.1482
1.14953
1.15103
1.15294
1.1556
1.15904
1.163
1.16731
1.17187
1.17659
1.18145
1.18643
1.19154
1.19675
1.20207
1.20744
1.21286
1.21828
1.22368
1.22902
1.23428
1.23941
1.2444
1.24919
1.25377
1.25809
1.26212
1.26583
1.26918
1.27213
1.27466
1.27672
1.27828
1.27929
1.27968
1.27964
1.27944
1.27902
1.2782
1.27681
1.2749
1.27264
1.2701
1.26737
1.26458
1.26183
1.25923
1.25685
1.25475
1.25294
1.25145
1.25027
1.24939
1.24882
1.24857
1.24856
1.24863
1.24879
1.24913
1.24963
1.25036
1.25109
1.25198
1.25272
1.25347
1.25368
1.25597
0.935006
0.982705
1.02655
1.06451
1.09593
1.12132
1.1428
1.16113
1.17698
1.19029
1.20112
1.20912
1.21464
1.21776
1.21921
1.21952
1.21934
1.21783
1.21486
1.21098
1.20671
1.20233
1.19781
1.19333
1.18895
1.18493
1.18131
1.17828
1.17583
1.17406
1.17293
1.17248
1.17271
1.17343
1.17426
1.17531
1.17682
1.17907
1.18206
1.18556
1.18946
1.19365
1.19805
1.20262
1.20732
1.21214
1.21707
1.2221
1.22721
1.23237
1.23755
1.24272
1.24783
1.25288
1.25781
1.2626
1.2672
1.2716
1.27574
1.27961
1.28315
1.28635
1.28914
1.29151
1.29342
1.29484
1.29571
1.29599
1.29591
1.29569
1.29523
1.29431
1.29284
1.29094
1.28872
1.28627
1.28365
1.28097
1.27832
1.2758
1.27348
1.27142
1.26964
1.26817
1.26701
1.26616
1.26561
1.26539
1.26539
1.26546
1.26563
1.26599
1.26651
1.26725
1.26797
1.26885
1.26957
1.27027
1.27044
1.27271
0.911723
0.955342
0.997633
1.03719
1.07189
1.10185
1.12711
1.14895
1.16787
1.18425
1.19787
1.2089
1.21713
1.22298
1.22654
1.22852
1.22922
1.22931
1.22842
1.22609
1.22252
1.21865
1.21447
1.21034
1.20621
1.20237
1.19877
1.19569
1.19305
1.1911
1.18971
1.18904
1.18902
1.18947
1.19004
1.19084
1.19215
1.19419
1.19692
1.20014
1.20377
1.20771
1.2119
1.21628
1.2208
1.22545
1.23021
1.23506
1.23998
1.24496
1.24995
1.25494
1.25989
1.26475
1.26951
1.27413
1.27857
1.28279
1.28677
1.29047
1.29384
1.29686
1.2995
1.3017
1.30346
1.30473
1.30545
1.30564
1.30554
1.30529
1.30475
1.30373
1.30218
1.30029
1.29812
1.29574
1.29323
1.29067
1.28813
1.2857
1.28346
1.28145
1.27971
1.27827
1.27712
1.27629
1.27575
1.27554
1.27554
1.27562
1.27579
1.27617
1.27669
1.27744
1.27816
1.27902
1.27972
1.28039
1.28052
1.28279
0.89016
0.929784
0.969831
1.00892
1.04498
1.0771
1.10528
1.12985
1.15132
1.16993
1.18589
1.1992
1.20997
1.21823
1.22417
1.22812
1.23057
1.23161
1.23183
1.23144
1.22996
1.22729
1.22373
1.22
1.2163
1.21277
1.20945
1.2065
1.20395
1.20197
1.20053
1.19975
1.19961
1.19988
1.20029
1.20096
1.20217
1.20409
1.20663
1.20963
1.21302
1.21673
1.22071
1.2249
1.22926
1.23375
1.23835
1.24304
1.2478
1.2526
1.25742
1.26224
1.26701
1.2717
1.27629
1.28074
1.28501
1.28906
1.29286
1.29637
1.29957
1.30242
1.30488
1.30692
1.30851
1.30962
1.31019
1.31028
1.31016
1.30987
1.30926
1.30814
1.30655
1.30465
1.30253
1.30024
1.29785
1.29543
1.29304
1.29074
1.28859
1.28664
1.28495
1.28353
1.2824
1.28156
1.28103
1.28082
1.28082
1.2809
1.28107
1.28144
1.28196
1.2827
1.28342
1.28426
1.28494
1.28558
1.28569
1.28795
0.87003
0.906447
0.944205
0.982147
1.01823
1.05134
1.08101
1.10737
1.13061
1.15108
1.16888
1.18422
1.19705
1.20756
1.21568
1.22178
1.22606
1.2289
1.2304
1.23097
1.23078
1.22993
1.22795
1.22507
1.22194
1.21876
1.21576
1.21301
1.21062
1.20868
1.20723
1.20637
1.20608
1.20617
1.2064
1.20694
1.20804
1.20984
1.2122
1.21498
1.21815
1.22164
1.22543
1.22944
1.23366
1.23801
1.24249
1.24704
1.25167
1.25632
1.261
1.26565
1.27027
1.2748
1.27922
1.28349
1.28758
1.29145
1.29506
1.29838
1.30139
1.30405
1.30632
1.30817
1.30959
1.31053
1.31093
1.31094
1.31081
1.31048
1.30978
1.30857
1.30694
1.30506
1.303
1.30083
1.2986
1.29635
1.29413
1.29198
1.28996
1.28811
1.28647
1.28509
1.28398
1.28316
1.28262
1.2824
1.2824
1.28247
1.28263
1.28299
1.2835
1.28423
1.28493
1.28576
1.28641
1.28701
1.2871
1.28937
0.849301
0.883312
0.919178
0.955919
0.991618
1.02505
1.0556
1.08315
1.10779
1.1297
1.14908
1.16602
1.18064
1.19298
1.2032
1.21126
1.21748
1.22203
1.22521
1.22719
1.2281
1.22817
1.2277
1.22641
1.2243
1.22162
1.21888
1.21628
1.21404
1.21216
1.21077
1.20987
1.20953
1.20945
1.20959
1.21007
1.21114
1.21288
1.21513
1.21774
1.22073
1.22403
1.22765
1.23151
1.2356
1.23982
1.24419
1.24862
1.25312
1.25764
1.26217
1.26667
1.27112
1.27548
1.27974
1.28382
1.28773
1.29139
1.29482
1.29794
1.30076
1.30321
1.30529
1.30695
1.30819
1.30893
1.3092
1.30915
1.30899
1.30861
1.3078
1.30651
1.30489
1.30306
1.30111
1.29908
1.29702
1.29495
1.29291
1.29092
1.28904
1.2873
1.28575
1.28442
1.28334
1.28253
1.28198
1.28175
1.28173
1.28179
1.28194
1.28228
1.28276
1.28346
1.28414
1.28494
1.28557
1.28614
1.2862
1.28849
0.828647
0.860368
0.894347
0.929663
0.964573
0.997787
1.02868
1.05692
1.08254
1.10558
1.12624
1.14456
1.16071
1.17469
1.18668
1.19656
1.20458
1.21085
1.21565
1.21908
1.22139
1.22268
1.22303
1.22276
1.22201
1.22052
1.21851
1.21627
1.21418
1.21243
1.21107
1.21023
1.20982
1.20967
1.20967
1.21016
1.21122
1.21288
1.21498
1.21742
1.22022
1.22335
1.2268
1.2305
1.23444
1.23853
1.24278
1.24708
1.25146
1.25584
1.26024
1.26458
1.26888
1.27305
1.27712
1.28101
1.28472
1.28818
1.29141
1.29431
1.29692
1.29915
1.30102
1.30247
1.30351
1.30405
1.30421
1.30414
1.30393
1.30345
1.30253
1.30119
1.2996
1.29788
1.29606
1.2942
1.29232
1.29044
1.28858
1.28678
1.28505
1.28344
1.28198
1.28073
1.27968
1.27889
1.27834
1.27808
1.27803
1.27808
1.27821
1.27851
1.27896
1.27963
1.28027
1.28105
1.28164
1.28218
1.28222
1.28452
0.810014
0.839354
0.871241
0.904802
0.938441
0.970906
1.00155
1.02998
1.05611
1.07992
1.10152
1.12096
1.13835
1.15373
1.16723
1.17874
1.18842
1.19636
1.20276
1.20772
1.21146
1.21408
1.21574
1.21651
1.21661
1.21613
1.21527
1.21391
1.21227
1.21068
1.20948
1.20867
1.20834
1.20812
1.20822
1.20884
1.21001
1.2117
1.21376
1.21616
1.2189
1.22197
1.22534
1.22897
1.23282
1.23684
1.24099
1.24522
1.24949
1.25376
1.25801
1.2622
1.26632
1.27031
1.27417
1.27784
1.28132
1.28455
1.28753
1.29019
1.29253
1.29451
1.29612
1.29733
1.29813
1.29847
1.29851
1.29841
1.29814
1.29754
1.29651
1.29515
1.29364
1.29205
1.2904
1.28874
1.28706
1.2854
1.28374
1.28213
1.28058
1.27913
1.2778
1.27664
1.27567
1.27491
1.27437
1.27409
1.27402
1.27406
1.27417
1.27443
1.27483
1.27545
1.27606
1.27678
1.27734
1.27782
1.27784
1.28014
0.795333
0.822054
0.851524
0.882941
0.914816
0.945996
0.97581
1.00387
1.02999
1.05411
1.07625
1.09646
1.11478
1.13126
1.14596
1.15895
1.17015
1.17969
1.18766
1.1942
1.19945
1.20354
1.20659
1.20871
1.21002
1.21064
1.21075
1.21044
1.20992
1.20921
1.20842
1.20803
1.2079
1.20796
1.20833
1.20919
1.21056
1.21228
1.21435
1.21675
1.21947
1.2225
1.22581
1.22936
1.23312
1.23705
1.24108
1.2452
1.24934
1.25348
1.25757
1.2616
1.26551
1.2693
1.27292
1.27636
1.27958
1.28255
1.28525
1.28764
1.2897
1.29141
1.29275
1.2937
1.29425
1.29442
1.29438
1.29423
1.29386
1.2931
1.29198
1.29068
1.2893
1.28788
1.28644
1.28498
1.28353
1.28208
1.28064
1.27924
1.27789
1.27662
1.27544
1.2744
1.27351
1.2728
1.27229
1.27199
1.27191
1.27194
1.27202
1.27223
1.27258
1.27314
1.2737
1.27437
1.27487
1.27531
1.27529
1.2776
0.786014
0.810072
0.83697
0.866052
0.895895
0.925469
0.954078
0.981359
1.00706
1.03111
1.05343
1.07407
1.09303
1.11037
1.12609
1.14027
1.15283
1.16384
1.17334
1.18147
1.18828
1.19392
1.19847
1.20206
1.20476
1.20672
1.20801
1.20881
1.20918
1.20927
1.20918
1.20915
1.20926
1.20961
1.21027
1.21127
1.21264
1.21435
1.21641
1.21879
1.22148
1.22444
1.22766
1.23111
1.23475
1.23854
1.24244
1.2464
1.25039
1.25435
1.25827
1.26209
1.2658
1.26934
1.27273
1.2759
1.27885
1.28154
1.28395
1.28604
1.28782
1.28923
1.2903
1.29098
1.29129
1.29132
1.29124
1.291
1.29046
1.28958
1.28845
1.28726
1.28604
1.28481
1.28358
1.28234
1.28111
1.27988
1.27866
1.27747
1.27632
1.27523
1.27422
1.27331
1.27252
1.27187
1.27138
1.27107
1.27096
1.27098
1.27104
1.27119
1.27148
1.27197
1.27247
1.27308
1.27353
1.2739
1.27385
1.27616
0.78019
0.801931
0.826493
0.853335
0.881199
0.909105
0.936425
0.962752
0.987862
1.0116
1.03391
1.05476
1.07416
1.0921
1.10864
1.12379
1.1375
1.14978
1.16067
1.1702
1.17848
1.18556
1.19153
1.19649
1.20054
1.20375
1.2062
1.20803
1.20936
1.21028
1.21091
1.21143
1.21196
1.21262
1.21349
1.21462
1.21604
1.21779
1.21984
1.2222
1.22483
1.22773
1.23085
1.23418
1.23768
1.24133
1.24506
1.24885
1.25265
1.25643
1.26013
1.26373
1.26719
1.27049
1.27359
1.27648
1.27913
1.28151
1.2836
1.28538
1.28683
1.28795
1.28871
1.28913
1.28924
1.28919
1.28902
1.28862
1.28791
1.28693
1.2859
1.28486
1.28382
1.28279
1.28176
1.28074
1.27972
1.2787
1.2777
1.27673
1.27579
1.27489
1.27405
1.27328
1.2726
1.27202
1.27156
1.27125
1.27112
1.27112
1.27116
1.27127
1.27149
1.27189
1.27233
1.27286
1.27324
1.27354
1.27345
1.27577
0.77616
0.796161
0.818814
0.843717
0.869754
0.896045
0.922028
0.947312
0.971671
0.994943
1.01704
1.03792
1.05755
1.07593
1.09307
1.10898
1.12363
1.13698
1.14906
1.15987
1.16948
1.17791
1.18528
1.19158
1.19693
1.20136
1.20499
1.20791
1.21023
1.21201
1.21342
1.21455
1.21558
1.21659
1.21772
1.21901
1.22054
1.22231
1.22437
1.22668
1.22927
1.23206
1.23508
1.23827
1.24163
1.24509
1.24865
1.25224
1.25584
1.25938
1.26286
1.2662
1.26941
1.27242
1.27525
1.27783
1.28017
1.28222
1.284
1.28543
1.28657
1.28736
1.28785
1.28799
1.28796
1.28783
1.28751
1.28689
1.28602
1.2851
1.2842
1.28332
1.28247
1.28164
1.28081
1.28
1.27919
1.2784
1.27761
1.27686
1.27613
1.27544
1.27477
1.27415
1.27358
1.27308
1.27266
1.27237
1.27221
1.27218
1.27221
1.27228
1.27244
1.27274
1.27311
1.27356
1.27387
1.27409
1.27395
1.27627
0.773147
0.791828
0.81302
0.836396
0.860948
0.885891
0.910674
0.934988
0.958584
0.98134
1.00313
1.02392
1.04364
1.0623
1.07988
1.09637
1.11177
1.12602
1.1391
1.15103
1.1618
1.17148
1.18006
1.18763
1.19419
1.19985
1.20463
1.20864
1.21194
1.21467
1.21686
1.21869
1.22024
1.22169
1.2231
1.2246
1.22622
1.22806
1.23008
1.23236
1.23483
1.23754
1.24041
1.24346
1.24663
1.24992
1.25325
1.25663
1.25997
1.26329
1.26648
1.26958
1.27248
1.27522
1.27772
1.28001
1.282
1.28374
1.28515
1.28628
1.28706
1.28756
1.28773
1.28772
1.2876
1.2873
1.28671
1.2859
1.28506
1.28426
1.2835
1.2828
1.28212
1.28148
1.28085
1.28024
1.27964
1.27906
1.2785
1.27797
1.27746
1.27696
1.27647
1.27599
1.27554
1.27512
1.27476
1.27448
1.2743
1.27425
1.27426
1.27431
1.2744
1.27462
1.2749
1.27526
1.27549
1.27563
1.27546
1.27777
0.7698
0.787581
0.807727
0.829945
0.853324
0.877148
0.900965
0.924437
0.947384
0.969641
0.991136
1.01177
1.03154
1.05037
1.06829
1.08523
1.10125
1.11621
1.13015
1.143
1.15481
1.16554
1.17525
1.18394
1.19167
1.19844
1.20435
1.20939
1.2137
1.2173
1.2203
1.22279
1.22491
1.22676
1.22849
1.23016
1.2319
1.23374
1.23575
1.23792
1.2403
1.24285
1.24557
1.24842
1.2514
1.25445
1.25757
1.26068
1.26379
1.26681
1.26974
1.27253
1.27516
1.27757
1.27978
1.28172
1.28341
1.28478
1.28587
1.28664
1.28713
1.2873
1.28729
1.28716
1.28684
1.28624
1.28544
1.28464
1.2839
1.28322
1.2826
1.28204
1.28153
1.28106
1.28061
1.28018
1.27978
1.2794
1.27906
1.27874
1.27843
1.27811
1.27777
1.27743
1.27708
1.27675
1.27644
1.27618
1.276
1.27591
1.2759
1.27592
1.27598
1.2761
1.27629
1.27655
1.27669
1.27677
1.27656
1.27887
0.765667
0.782735
0.802099
0.823455
0.845967
0.868937
0.891949
0.91474
0.93712
0.958966
0.980171
1.00068
1.02044
1.03941
1.05756
1.07489
1.09136
1.10694
1.12155
1.13521
1.14786
1.15954
1.1702
1.17991
1.18861
1.1964
1.20324
1.20924
1.21439
1.21882
1.22255
1.22571
1.22839
1.2307
1.23276
1.23468
1.23654
1.23844
1.24042
1.24253
1.24478
1.24719
1.24973
1.25239
1.25515
1.25797
1.26083
1.26369
1.2665
1.26924
1.27186
1.27435
1.27665
1.27876
1.28063
1.28224
1.28356
1.2846
1.28533
1.28577
1.28592
1.28588
1.28573
1.28534
1.28468
1.28387
1.28306
1.28233
1.28168
1.28112
1.28063
1.28022
1.27987
1.27956
1.27928
1.27904
1.27883
1.27866
1.27854
1.27843
1.27831
1.27816
1.27798
1.27777
1.27754
1.27728
1.27704
1.27682
1.27664
1.27653
1.27649
1.27649
1.27651
1.27656
1.27665
1.27679
1.27685
1.27686
1.27663
1.27892
0.759645
0.776194
0.794945
0.815642
0.837469
0.859786
0.88219
0.904437
0.926364
0.947855
0.968827
0.989207
1.00896
1.02802
1.04638
1.064
1.08086
1.09691
1.11212
1.12642
1.13983
1.1523
1.16384
1.17443
1.18409
1.19281
1.20063
1.20754
1.21363
1.21892
1.22351
1.22741
1.23074
1.23357
1.23605
1.23828
1.24036
1.24237
1.24439
1.24646
1.24864
1.25091
1.25329
1.25575
1.2583
1.26087
1.26347
1.26604
1.26856
1.27098
1.27329
1.27543
1.27741
1.27917
1.28069
1.28193
1.2829
1.28356
1.28394
1.28404
1.28398
1.28375
1.28324
1.28248
1.28162
1.28079
1.28003
1.27937
1.2788
1.27834
1.27799
1.27772
1.27752
1.27736
1.27724
1.2772
1.2772
1.27723
1.27732
1.27743
1.27749
1.2775
1.27747
1.27741
1.2773
1.27714
1.27696
1.27679
1.27663
1.27651
1.27643
1.27639
1.27638
1.27639
1.2764
1.27641
1.27639
1.27634
1.27602
1.27824
0.753909
0.769837
0.787961
0.807993
0.829129
0.850771
0.87254
0.894226
0.915673
0.936786
0.957478
0.977692
0.997367
1.01647
1.03496
1.05281
1.06998
1.08645
1.10215
1.11706
1.13113
1.14435
1.1567
1.16816
1.17872
1.18839
1.19714
1.20503
1.21203
1.21823
1.22364
1.22834
1.23236
1.23584
1.23882
1.24145
1.2438
1.24598
1.24807
1.25015
1.25224
1.25439
1.2566
1.25887
1.26118
1.2635
1.26582
1.26809
1.27028
1.27238
1.27435
1.27616
1.27778
1.27919
1.28033
1.28121
1.28179
1.28207
1.28211
1.28201
1.28169
1.28103
1.28011
1.27918
1.27828
1.27747
1.27675
1.27614
1.27566
1.27532
1.27509
1.27496
1.27489
1.27488
1.27491
1.27501
1.27523
1.27554
1.27583
1.27609
1.27631
1.27647
1.27658
1.27663
1.27661
1.27657
1.27649
1.27638
1.27623
1.2761
1.276
1.27592
1.27587
1.27582
1.27577
1.27572
1.2756
1.27544
1.27498
1.2771
0.747672
0.763114
0.78069
0.800162
0.820733
0.841817
0.863066
0.88428
0.905335
0.926129
0.946598
0.966664
0.986291
1.00542
1.02402
1.04205
1.05949
1.0763
1.09244
1.10784
1.1225
1.13635
1.14941
1.16161
1.17296
1.18342
1.193
1.20168
1.20949
1.21643
1.22257
1.22794
1.2326
1.23661
1.24006
1.24306
1.24569
1.24805
1.25024
1.25232
1.25435
1.25638
1.25841
1.26047
1.26253
1.26458
1.26659
1.26855
1.27041
1.27217
1.27378
1.27524
1.2765
1.27754
1.2783
1.27881
1.27901
1.279
1.27883
1.27836
1.27757
1.27656
1.27552
1.27453
1.27362
1.27281
1.27212
1.27158
1.2712
1.27097
1.27087
1.27085
1.27087
1.27095
1.27117
1.27153
1.27197
1.27243
1.27287
1.27328
1.27364
1.27395
1.27419
1.27437
1.27447
1.27451
1.27449
1.27444
1.27436
1.27425
1.27411
1.274
1.27389
1.2738
1.27369
1.27356
1.27335
1.27311
1.27253
1.27457
0.736529
0.752068
0.769674
0.789038
0.809411
0.830225
0.851195
0.872129
0.892945
0.913539
0.933868
0.953853
0.973465
0.992639
1.01136
1.02957
1.04725
1.06436
1.08085
1.09664
1.11174
1.12609
1.13969
1.15247
1.16445
1.17557
1.18587
1.19531
1.20392
1.21166
1.21861
1.22473
1.23012
1.23476
1.23881
1.24227
1.2453
1.24793
1.25032
1.25247
1.25452
1.25645
1.25837
1.26022
1.26206
1.26382
1.26554
1.26715
1.26868
1.27007
1.27134
1.27242
1.27332
1.27395
1.27434
1.27444
1.27439
1.2741
1.27342
1.27242
1.27132
1.27018
1.26906
1.26801
1.26706
1.26625
1.2656
1.26514
1.26486
1.26477
1.26477
1.2648
1.26492
1.2652
1.26566
1.26623
1.26684
1.26745
1.26805
1.26861
1.26913
1.26959
1.26998
1.27028
1.27051
1.27065
1.27071
1.27071
1.27067
1.27061
1.27049
1.27035
1.27019
1.27005
1.26987
1.26968
1.26938
1.26906
1.26838
1.27035
0.720749
0.736748
0.754755
0.774382
0.794868
0.815693
0.836611
0.857466
0.878193
0.898713
0.918991
0.938961
0.958596
0.977842
0.996679
1.01506
1.03297
1.05036
1.06721
1.08344
1.09905
1.11397
1.12819
1.14167
1.15439
1.16631
1.17744
1.18772
1.19718
1.20579
1.21359
1.22056
1.22675
1.23218
1.23694
1.24103
1.2446
1.24766
1.25037
1.25274
1.2549
1.25685
1.2587
1.2604
1.26202
1.26351
1.26492
1.26618
1.26735
1.26836
1.26925
1.26992
1.27041
1.2706
1.2706
1.27043
1.2699
1.26902
1.26785
1.26659
1.26531
1.26405
1.26284
1.26172
1.26073
1.25993
1.25933
1.25896
1.25882
1.25881
1.25885
1.25898
1.25928
1.25979
1.26044
1.26118
1.26193
1.26272
1.26347
1.26421
1.26488
1.2655
1.26603
1.26649
1.26683
1.2671
1.26725
1.26732
1.26731
1.26727
1.2672
1.26707
1.26687
1.26667
1.26641
1.26615
1.26576
1.26536
1.26458
1.26649
0.709491
0.724781
0.742163
0.76125
0.781286
0.801745
0.822356
0.842974
0.863512
0.883908
0.904101
0.924047
0.943696
0.963014
0.981956
1.0005
1.01861
1.03625
1.05343
1.07008
1.08615
1.10162
1.11644
1.1306
1.14403
1.15675
1.16868
1.17985
1.19019
1.19972
1.20841
1.21629
1.22335
1.22962
1.23513
1.23993
1.24407
1.24764
1.25069
1.25332
1.2556
1.25759
1.25935
1.26091
1.26229
1.26351
1.26457
1.26549
1.26629
1.26695
1.26745
1.26774
1.2678
1.26773
1.26739
1.26661
1.26549
1.26421
1.26281
1.26137
1.25993
1.25853
1.25722
1.25605
1.25507
1.2543
1.25378
1.25352
1.25347
1.25351
1.25362
1.25387
1.25436
1.25505
1.25586
1.25673
1.25764
1.25855
1.25946
1.26033
1.26116
1.26191
1.26258
1.26315
1.26362
1.26398
1.26423
1.26436
1.2644
1.26437
1.26432
1.26421
1.264
1.26375
1.26342
1.26309
1.26262
1.26215
1.26129
1.26315
0.70529
0.71922
0.73532
0.753241
0.772236
0.791796
0.811635
0.831612
0.851621
0.8716
0.891473
0.911195
0.9307
0.949954
0.968903
0.987525
1.00578
1.02364
1.04108
1.05807
1.07455
1.09048
1.10583
1.12056
1.13463
1.14801
1.16067
1.17258
1.18369
1.19402
1.20351
1.21218
1.22001
1.22702
1.23319
1.23861
1.24327
1.24729
1.25069
1.25358
1.256
1.25805
1.25975
1.26117
1.26231
1.26324
1.26395
1.26452
1.26494
1.26522
1.2653
1.26525
1.26498
1.26432
1.26328
1.26197
1.26051
1.25894
1.25731
1.25566
1.25404
1.25251
1.25112
1.24993
1.24896
1.24825
1.24782
1.24768
1.2477
1.24777
1.24796
1.24837
1.24904
1.24989
1.25084
1.25185
1.2529
1.25395
1.255
1.25602
1.25698
1.25786
1.25867
1.25936
1.25995
1.26042
1.26076
1.26098
1.26105
1.26104
1.261
1.26091
1.26071
1.26043
1.26003
1.25962
1.25906
1.25853
1.25758
1.25938
0.698505
0.712235
0.727951
0.745376
0.76383
0.782846
0.802169
0.821668
0.841261
0.86088
0.880468
0.899963
0.91932
0.938484
0.95742
0.97608
0.99444
1.01246
1.03012
1.04738
1.06421
1.08054
1.09635
1.11158
1.12621
1.1402
1.15351
1.1661
1.17795
1.18901
1.19926
1.20868
1.21726
1.22498
1.23188
1.23795
1.24324
1.24777
1.25161
1.25482
1.25746
1.2596
1.26129
1.26259
1.26353
1.26415
1.26454
1.26474
1.2648
1.26474
1.26451
1.26395
1.26299
1.26169
1.26018
1.2585
1.2567
1.25482
1.25291
1.25103
1.24924
1.2476
1.24615
1.24495
1.24401
1.24336
1.24303
1.24296
1.24302
1.24315
1.24346
1.24403
1.24485
1.24582
1.24689
1.24802
1.2492
1.25038
1.25155
1.25269
1.25378
1.25479
1.25571
1.25652
1.25722
1.25779
1.25822
1.25851
1.25864
1.25865
1.25861
1.25853
1.25834
1.25804
1.25758
1.25711
1.25646
1.25586
1.25483
1.25657
0.700613
0.713113
0.727621
0.743912
0.761316
0.779367
0.797816
0.816531
0.835438
0.854463
0.873553
0.892642
0.911683
0.930618
0.949407
0.968001
0.986369
1.00446
1.02227
1.03973
1.05682
1.07348
1.08966
1.10532
1.12042
1.13492
1.14878
1.16195
1.1744
1.18609
1.197
1.20708
1.21633
1.22471
1.23224
1.2389
1.24471
1.24971
1.25394
1.25745
1.26029
1.26252
1.26421
1.26539
1.26611
1.26643
1.2665
1.26644
1.26626
1.26582
1.26498
1.26372
1.2622
1.26045
1.25851
1.25644
1.25427
1.25207
1.24989
1.2478
1.24586
1.24413
1.24265
1.24145
1.24055
1.23998
1.23974
1.23974
1.23982
1.24001
1.24043
1.24114
1.24209
1.24317
1.24434
1.24558
1.24686
1.24816
1.24944
1.25069
1.25189
1.253
1.25403
1.25495
1.25575
1.25641
1.25692
1.25728
1.25747
1.2575
1.25747
1.25739
1.2572
1.2569
1.2564
1.25586
1.25514
1.25446
1.25334
1.25502
0.702672
0.714785
0.728839
0.744561
0.761352
0.778775
0.796614
0.814746
0.833115
0.851652
0.870316
0.889037
0.907782
0.926483
0.945111
0.963601
0.981934
1.00004
1.01791
1.03547
1.05269
1.0695
1.08587
1.10175
1.1171
1.13187
1.14604
1.15955
1.17238
1.18447
1.1958
1.20633
1.21604
1.2249
1.2329
1.24002
1.24628
1.25168
1.25625
1.26003
1.26307
1.2654
1.26708
1.26814
1.26862
1.26869
1.26859
1.26833
1.26777
1.26676
1.2653
1.26356
1.26158
1.2594
1.25705
1.2546
1.2521
1.24962
1.24723
1.24499
1.24296
1.24118
1.23969
1.23852
1.23768
1.23718
1.23703
1.23707
1.23718
1.23744
1.23798
1.23882
1.23985
1.241
1.24226
1.24358
1.24494
1.24632
1.24769
1.24902
1.2503
1.25151
1.25262
1.25362
1.25449
1.25523
1.25581
1.25623
1.25646
1.25652
1.25649
1.25641
1.25624
1.25592
1.25539
1.2548
1.25401
1.25328
1.25208
1.2537
0.692061
0.705011
0.719782
0.73606
0.753249
0.770935
0.788951
0.80719
0.825621
0.844183
0.862851
0.881567
0.900302
0.919
0.937638
0.956156
0.974535
0.992716
1.01068
1.02834
1.04568
1.06263
1.07917
1.09523
1.11081
1.12582
1.14028
1.15409
1.16726
1.17972
1.19146
1.2024
1.21257
1.22187
1.23034
1.2379
1.2446
1.25039
1.25532
1.25938
1.26264
1.26508
1.2668
1.26775
1.26804
1.26794
1.26772
1.26722
1.26621
1.26465
1.26273
1.26053
1.2581
1.25549
1.25275
1.24995
1.24716
1.24445
1.2419
1.23955
1.23746
1.23566
1.23419
1.23306
1.23229
1.23189
1.2318
1.23186
1.23202
1.23237
1.23301
1.23395
1.23506
1.2363
1.23763
1.23904
1.24048
1.24194
1.24339
1.24482
1.24618
1.24748
1.24867
1.24976
1.25072
1.25153
1.25218
1.25266
1.25295
1.25305
1.25302
1.25294
1.25278
1.25246
1.25191
1.25128
1.25043
1.24965
1.24838
1.24996
0.67452
0.688188
0.70366
0.720565
0.738293
0.75645
0.774872
0.793468
0.812209
0.831047
0.849955
0.868887
0.887815
0.906691
0.925488
0.94416
0.962682
0.98101
0.999124
1.01697
1.03451
1.05169
1.06848
1.08484
1.10075
1.11615
1.13102
1.14529
1.15896
1.17196
1.18427
1.19582
1.2066
1.21654
1.22565
1.23384
1.24115
1.24751
1.25296
1.25746
1.26107
1.26376
1.26561
1.26652
1.26671
1.26656
1.26619
1.26539
1.26395
1.26193
1.25954
1.25688
1.254
1.25097
1.24786
1.24475
1.24171
1.23881
1.23611
1.23368
1.23155
1.22975
1.22831
1.22723
1.22652
1.22621
1.22618
1.22626
1.22646
1.2269
1.22766
1.2287
1.22989
1.23123
1.23264
1.23415
1.23568
1.23725
1.2388
1.24033
1.2418
1.2432
1.2445
1.24569
1.24674
1.24765
1.24838
1.24894
1.24928
1.24942
1.2494
1.24933
1.24918
1.24887
1.2483
1.24763
1.24673
1.2459
1.24457
1.2461
0.658574
0.672152
0.687566
0.70447
0.722245
0.7405
0.759045
0.777786
0.796669
0.815654
0.834707
0.853787
0.872862
0.891889
0.910839
0.929668
0.94835
0.966839
0.985137
1.00326
1.02114
1.03873
1.05599
1.07289
1.08938
1.10542
1.12097
1.13598
1.1504
1.16419
1.17729
1.18966
1.20125
1.21202
1.22191
1.23089
1.23892
1.24598
1.25203
1.25708
1.26111
1.26414
1.26616
1.2671
1.26723
1.26704
1.26654
1.26546
1.26363
1.26116
1.25833
1.2552
1.25189
1.24846
1.24501
1.2416
1.23833
1.23525
1.23244
1.22993
1.22778
1.22598
1.22456
1.22353
1.22288
1.22264
1.22267
1.22277
1.22302
1.22355
1.22442
1.22555
1.22684
1.22826
1.22978
1.23138
1.23302
1.23469
1.23636
1.238
1.23958
1.24109
1.2425
1.2438
1.24495
1.24595
1.24678
1.24741
1.24783
1.248
1.248
1.24795
1.2478
1.24749
1.24691
1.24621
1.24526
1.24438
1.243
1.24449
0.68715
0.697646
0.710082
0.72423
0.739578
0.755667
0.772316
0.78937
0.806804
0.824518
0.842505
0.860665
0.878996
0.897397
0.915873
0.934325
0.952767
0.971117
0.98936
1.00745
1.0254
1.04312
1.0606
1.07774
1.09454
1.11091
1.12684
1.14222
1.15707
1.17127
1.18482
1.19763
1.20968
1.22088
1.23122
1.24062
1.24907
1.25649
1.26291
1.26824
1.27253
1.27571
1.27782
1.27869
1.27874
1.2785
1.27785
1.27648
1.27423
1.27131
1.26798
1.26437
1.26058
1.25672
1.25287
1.24914
1.2456
1.24232
1.23936
1.23676
1.23454
1.23272
1.23131
1.2303
1.2297
1.22951
1.22954
1.22967
1.22998
1.23059
1.23155
1.23272
1.23406
1.23554
1.23712
1.23877
1.24048
1.24221
1.24394
1.24564
1.24729
1.24887
1.25034
1.2517
1.25292
1.25397
1.25485
1.25553
1.25599
1.25619
1.25621
1.25616
1.256
1.25569
1.25509
1.25436
1.25335
1.25243
1.25098
1.25241
0.720507
0.730144
0.741508
0.754505
0.768657
0.783574
0.799065
0.815014
0.831389
0.84813
0.86521
0.882565
0.90016
0.917934
0.935846
0.953838
0.971873
0.989885
1.00785
1.02568
1.04337
1.06084
1.07806
1.09497
1.11154
1.1277
1.14342
1.15862
1.1733
1.18736
1.20079
1.21351
1.2255
1.23667
1.24701
1.25642
1.26492
1.2724
1.27888
1.28428
1.28862
1.29182
1.29392
1.29469
1.29464
1.29433
1.29355
1.29192
1.28931
1.28601
1.28226
1.27824
1.27404
1.26982
1.26565
1.26167
1.25792
1.25451
1.25144
1.24879
1.24654
1.24473
1.24333
1.24236
1.24181
1.24166
1.2417
1.24185
1.2422
1.24287
1.24385
1.24505
1.2464
1.24789
1.24948
1.25115
1.25286
1.2546
1.25633
1.25804
1.2597
1.26129
1.26278
1.26415
1.26538
1.26646
1.26735
1.26805
1.26853
1.26874
1.26876
1.2687
1.26855
1.26823
1.26762
1.26686
1.26583
1.26486
1.26335
1.26473
0.737019
0.747193
0.759005
0.772357
0.786719
0.80176
0.817255
0.833163
0.849409
0.866006
0.882876
0.900028
0.917375
0.934923
0.952577
0.970348
0.988137
1.00596
1.02369
1.04131
1.05871
1.07591
1.0928
1.10941
1.12563
1.14148
1.15686
1.17178
1.18614
1.19996
1.21312
1.22565
1.23742
1.24847
1.25866
1.26802
1.27643
1.28391
1.29035
1.29578
1.30009
1.30331
1.30535
1.30608
1.30593
1.30556
1.3047
1.30291
1.30006
1.29652
1.29251
1.28822
1.28378
1.27935
1.27501
1.2709
1.26708
1.26361
1.26054
1.2579
1.25569
1.25391
1.25257
1.25164
1.25116
1.25104
1.2511
1.25128
1.25166
1.25236
1.25336
1.25456
1.25591
1.2574
1.25898
1.26063
1.26234
1.26406
1.26578
1.26749
1.26914
1.27072
1.2722
1.27357
1.27481
1.27589
1.27678
1.27749
1.27797
1.2782
1.27821
1.27815
1.278
1.27769
1.27707
1.27631
1.27525
1.27427
1.27274
1.27409
0.691881
0.704653
0.719036
0.73481
0.751374
0.768413
0.785712
0.80325
0.820952
0.838846
0.85686
0.875017
0.893232
0.911528
0.929812
0.94811
0.966325
0.984482
1.00248
1.02038
1.03806
1.05555
1.07272
1.08963
1.10614
1.12229
1.13797
1.15321
1.16789
1.18204
1.19553
1.2084
1.22051
1.2319
1.24242
1.25212
1.26083
1.26863
1.27534
1.28103
1.28555
1.28895
1.29107
1.29185
1.2917
1.29131
1.29041
1.28855
1.28559
1.28189
1.27774
1.2733
1.26874
1.2642
1.25982
1.25567
1.25185
1.24841
1.24539
1.2428
1.24066
1.23895
1.23767
1.23681
1.23639
1.23631
1.23639
1.23658
1.237
1.23774
1.23879
1.24003
1.24143
1.24295
1.24457
1.24626
1.248
1.24977
1.25154
1.25329
1.25499
1.25661
1.25815
1.25956
1.26084
1.26196
1.2629
1.26363
1.26415
1.26439
1.26442
1.26436
1.26422
1.26391
1.26331
1.26254
1.26149
1.26052
1.25899
1.26037
0.654691
0.667512
0.682121
0.698219
0.715185
0.732662
0.750453
0.768505
0.786756
0.805194
0.823766
0.842456
0.861208
0.880006
0.898791
0.91755
0.936224
0.954802
0.973229
0.991491
1.00955
1.0274
1.04498
1.06227
1.07921
1.09577
1.11188
1.12753
1.14265
1.1572
1.17112
1.18439
1.19691
1.20868
1.21959
1.22963
1.23871
1.2468
1.25382
1.25974
1.26448
1.26802
1.27027
1.27108
1.27096
1.27056
1.26961
1.26766
1.26456
1.26068
1.25634
1.25171
1.24699
1.24231
1.2378
1.23356
1.22967
1.22618
1.22313
1.22054
1.21839
1.21669
1.21543
1.21459
1.2142
1.21414
1.21423
1.21443
1.21488
1.21566
1.21675
1.21804
1.21947
1.22104
1.2227
1.22445
1.22624
1.22807
1.22989
1.23169
1.23345
1.23513
1.23671
1.23818
1.23951
1.24067
1.24164
1.24241
1.24295
1.24322
1.24327
1.24321
1.24307
1.24276
1.24215
1.24137
1.2403
1.23933
1.23779
1.2392
0.653336
0.665239
0.67895
0.694205
0.710409
0.727197
0.744384
0.761905
0.779705
0.797757
0.816013
0.834444
0.852999
0.87165
0.890342
0.90905
0.927719
0.946327
0.96482
0.983176
1.00134
1.0193
1.03699
1.05438
1.07143
1.08809
1.10432
1.12007
1.1353
1.14996
1.164
1.17737
1.19001
1.20188
1.2129
1.22304
1.23222
1.24041
1.24752
1.25352
1.25834
1.26193
1.26421
1.26503
1.26491
1.2645
1.26353
1.2615
1.25828
1.25426
1.24974
1.24496
1.24007
1.23523
1.23058
1.22622
1.22222
1.21865
1.21552
1.21287
1.21068
1.20895
1.20767
1.20682
1.20642
1.20636
1.20644
1.20665
1.2071
1.20791
1.20901
1.21031
1.21176
1.21334
1.21502
1.21678
1.21859
1.22043
1.22227
1.22409
1.22586
1.22756
1.22916
1.23065
1.23199
1.23316
1.23415
1.23493
1.23548
1.23576
1.23581
1.23575
1.23561
1.2353
1.23468
1.23389
1.2328
1.2318
1.23025
1.23164
)
;

boundaryField
{
    inlet
    {
        type            calculated;
        value           uniform 3.00001;
    }
    outlet
    {
        type            calculated;
        value           nonuniform List<scalar> 
40
(
0.653658
0.837081
0.994925
1.1061
1.17958
1.22774
1.25597
1.27271
1.28279
1.28795
1.28937
1.28849
1.28452
1.28014
1.2776
1.27616
1.27577
1.27627
1.27777
1.27887
1.27892
1.27824
1.2771
1.27457
1.27035
1.26649
1.26315
1.25938
1.25657
1.25502
1.2537
1.24996
1.2461
1.24449
1.25241
1.26473
1.27409
1.26037
1.2392
1.23164
)
;
    }
    bottom
    {
        type            symmetryPlane;
    }
    top
    {
        type            symmetryPlane;
    }
    obstacle
    {
        type            calculated;
        value           uniform 0;
    }
    defaultFaces
    {
        type            empty;
    }
}


// ************************************************************************* //
