/*--------------------------------*- C++ -*----------------------------------*\
| =========                 |                                                 |
| \\      /  F ield         | OpenFOAM: The Open Source CFD Toolbox           |
|  \\    /   O peration     | Version:  2412                                  |
|   \\  /    A nd           | Website:  www.openfoam.com                      |
|    \\/     M anipulation  |                                                 |
\*---------------------------------------------------------------------------*/
FoamFile
{
    version     2.0;
    format      ascii;
    arch        "LSB;label=32;scalar=64";
    class       volScalarField;
    location    "24.5";
    object      T;
}
// * * * * * * * * * * * * * * * * * * * * * * * * * * * * * * * * * * * * * //

dimensions      [0 0 0 1 0 0 0];

internalField   nonuniform List<scalar> 
7000
(
1.31911
2.65686
2.71979
2.66983
2.66466
2.64798
2.64457
2.64731
2.64936
2.65156
2.65281
2.65382
2.65495
2.65631
2.6578
2.65943
2.66116
2.66302
2.66499
2.66709
2.6693
2.67166
2.67412
2.67672
2.67942
2.68226
2.6852
2.68827
2.69143
2.69471
2.69807
2.70152
2.70504
2.70863
2.71224
2.7159
2.71953
2.72317
2.72672
2.73022
2.73357
2.73678
2.73976
2.74253
2.74498
2.74714
2.74889
2.75029
2.75123
2.75177
1.31918
2.65708
2.72004
2.66993
2.66479
2.64811
2.64469
2.64743
2.64948
2.65167
2.65293
2.65393
2.65507
2.65641
2.65791
2.65954
2.66127
2.66312
2.66509
2.66718
2.6694
2.67174
2.6742
2.6768
2.6795
2.68233
2.68527
2.68834
2.69149
2.69477
2.69812
2.70157
2.70508
2.70866
2.71226
2.71591
2.71954
2.72316
2.7267
2.73018
2.73352
2.73672
2.73969
2.74243
2.74488
2.74699
2.74875
2.75004
2.75098
2.75133
1.31915
2.65699
2.71993
2.66991
2.66475
2.64805
2.64463
2.64739
2.64939
2.65162
2.65283
2.65387
2.65496
2.65635
2.6578
2.65947
2.66115
2.66304
2.66496
2.6671
2.66926
2.67165
2.67405
2.67669
2.67934
2.68221
2.68509
2.68819
2.6913
2.69461
2.69791
2.70139
2.70486
2.70846
2.71204
2.7157
2.71932
2.72294
2.7265
2.72996
2.73333
2.73649
2.7395
2.74218
2.74466
2.74675
2.74849
2.74984
2.75067
2.75109
1.31913
2.65682
2.71975
2.66991
2.6647
2.64795
2.64453
2.64724
2.64931
2.65146
2.65274
2.6537
2.65486
2.65616
2.6577
2.65926
2.66103
2.66282
2.66483
2.66685
2.66912
2.67138
2.67391
2.67639
2.67918
2.68189
2.68492
2.68784
2.69111
2.69422
2.69769
2.70096
2.7046
2.70799
2.71174
2.71519
2.71896
2.72241
2.72608
2.72945
2.73285
2.73604
2.73898
2.74183
2.74411
2.74633
2.748
2.74926
2.75028
2.75046
1.31909
2.65659
2.71952
2.66993
2.66466
2.64781
2.64442
2.64703
2.64925
2.65123
2.65265
2.65345
2.65475
2.6559
2.65756
2.65898
2.66087
2.66252
2.66464
2.66654
2.66889
2.67105
2.67363
2.67604
2.67885
2.68152
2.68453
2.68747
2.69065
2.69384
2.69716
2.70059
2.704
2.70762
2.71107
2.71483
2.71821
2.72202
2.72524
2.72896
2.73197
2.73538
2.7382
2.74099
2.74361
2.74541
2.74739
2.74865
2.74931
2.74988
1.31905
2.6563
2.71923
2.66997
2.6646
2.64768
2.64423
2.64703
2.64889
2.6512
2.65226
2.65341
2.65434
2.65585
2.65711
2.65891
2.66039
2.66243
2.66411
2.66642
2.66832
2.67089
2.67301
2.67584
2.67817
2.68126
2.6838
2.68712
2.68987
2.69339
2.69635
2.70002
2.70318
2.70692
2.71026
2.71398
2.71748
2.72104
2.72463
2.72787
2.73143
2.73413
2.73746
2.73981
2.74249
2.74474
2.74609
2.74767
2.7486
2.74858
1.319
2.65594
2.71887
2.67003
2.66454
2.64748
2.64403
2.64676
2.64871
2.65091
2.65206
2.65308
2.65413
2.65547
2.6569
2.6585
2.66016
2.66196
2.66388
2.6659
2.66808
2.6703
2.67276
2.67518
2.67791
2.6805
2.68351
2.68625
2.68954
2.6924
2.69593
2.6989
2.70263
2.7057
2.70954
2.71271
2.71654
2.71978
2.72345
2.72673
2.73005
2.73334
2.73592
2.73892
2.7409
2.74327
2.74517
2.74615
2.74686
2.7476
1.31894
2.65551
2.71843
2.6701
2.66446
2.64724
2.64378
2.64645
2.64847
2.65056
2.65177
2.6527
2.6538
2.65507
2.65652
2.65805
2.65973
2.66148
2.66339
2.66538
2.66751
2.66975
2.67211
2.67459
2.67716
2.6799
2.68266
2.68565
2.68856
2.69181
2.69483
2.69831
2.70137
2.70505
2.7081
2.71191
2.71495
2.71874
2.72178
2.72535
2.72842
2.73154
2.73471
2.73702
2.73973
2.74144
2.74309
2.74487
2.7457
2.74546
1.31887
2.65499
2.71791
2.67018
2.66438
2.64697
2.64346
2.64617
2.64809
2.65023
2.65135
2.65233
2.65334
2.65465
2.65601
2.65759
2.65918
2.66096
2.66278
2.66479
2.66685
2.66908
2.67138
2.67383
2.67636
2.67902
2.68178
2.68463
2.6876
2.69062
2.69381
2.69693
2.70034
2.70348
2.70711
2.71016
2.71393
2.71681
2.7206
2.72329
2.72688
2.7295
2.73247
2.7354
2.73716
2.73986
2.74127
2.74219
2.74291
2.74392
1.31879
2.65438
2.7173
2.67028
2.66427
2.64662
2.64311
2.6457
2.64776
2.64972
2.65098
2.65177
2.65291
2.65404
2.65553
2.65693
2.65863
2.66024
2.66217
2.66401
2.66615
2.66822
2.67059
2.67288
2.67546
2.67797
2.68075
2.68347
2.68643
2.68934
2.69246
2.69553
2.69876
2.70198
2.70526
2.70859
2.7118
2.71524
2.71821
2.72171
2.72427
2.72771
2.72984
2.73283
2.73527
2.73651
2.73876
2.74031
2.7411
2.74058
1.31869
2.65368
2.71659
2.6704
2.66415
2.64625
2.64267
2.64537
2.64718
2.64932
2.65034
2.65131
2.65222
2.65352
2.65478
2.65634
2.65781
2.65958
2.66127
2.66326
2.66517
2.66737
2.66951
2.67192
2.67428
2.67687
2.67944
2.68221
2.68498
2.68791
2.69085
2.69389
2.69699
2.70011
2.70331
2.70644
2.7097
2.71277
2.71601
2.7189
2.72203
2.72456
2.72747
2.72943
2.73208
2.73435
2.73508
2.73612
2.7368
2.73819
1.31859
2.65287
2.71579
2.67053
2.66401
2.64579
2.64219
2.64473
2.64675
2.64861
2.64984
2.65053
2.65165
2.65268
2.65415
2.65542
2.6571
2.65858
2.66047
2.66216
2.66428
2.66616
2.6685
2.67059
2.67312
2.6754
2.67812
2.68059
2.68347
2.6861
2.68913
2.6919
2.69501
2.69791
2.70104
2.70404
2.70708
2.71016
2.713
2.71614
2.71863
2.72168
2.72378
2.72635
2.72792
2.72982
2.73212
2.73329
2.73396
2.73305
1.31846
2.65196
2.71487
2.67069
2.66384
2.6453
2.64161
2.64421
2.64603
2.64801
2.64904
2.64987
2.65078
2.65194
2.65318
2.6546
2.65604
2.65767
2.65931
2.66115
2.66299
2.66504
2.66707
2.66932
2.67153
2.67398
2.67635
2.67897
2.68149
2.68427
2.68691
2.68982
2.69253
2.69554
2.69827
2.70133
2.70402
2.70705
2.70966
2.71248
2.71507
2.71737
2.72008
2.72174
2.72417
2.72539
2.72599
2.72688
2.7274
2.72925
1.31833
2.65096
2.7138
2.67105
2.66346
2.64474
2.64096
2.6435
2.64532
2.64721
2.64825
2.64897
2.64991
2.65095
2.65223
2.65351
2.65501
2.65647
2.65817
2.65981
2.66173
2.66355
2.66567
2.66766
2.66997
2.67212
2.67459
2.67689
2.6795
2.68193
2.68464
2.6872
2.68994
2.6926
2.69532
2.69802
2.70068
2.70332
2.70591
2.70832
2.71077
2.71288
2.71479
2.71682
2.71786
2.72001
2.72156
2.72238
2.72271
2.72109
1.3182
2.64988
2.71252
2.67176
2.66276
2.6441
2.64023
2.64267
2.64452
2.64626
2.64735
2.64794
2.64891
2.64983
2.65112
2.6523
2.65377
2.65514
2.65679
2.65838
2.66019
2.66198
2.66393
2.66593
2.668
2.67021
2.67236
2.67477
2.67697
2.67956
2.68178
2.6845
2.68672
2.68949
2.6917
2.6944
2.69663
2.6991
2.70133
2.7035
2.70558
2.70752
2.70926
2.71058
2.71193
2.71185
2.71225
2.7124
2.71296
2.71469
1.31805
2.64867
2.71117
2.67235
2.66211
2.6434
2.63937
2.64186
2.64348
2.64533
2.6462
2.64692
2.64765
2.64871
2.64974
2.65106
2.65226
2.65378
2.65513
2.65687
2.65836
2.66029
2.66193
2.66403
2.66579
2.66804
2.66993
2.67228
2.67429
2.67668
2.67883
2.68117
2.68346
2.68566
2.68804
2.69003
2.69241
2.69417
2.6963
2.69788
2.6995
2.7008
2.70202
2.70303
2.70357
2.70491
2.70454
2.70452
2.7032
2.70083
1.31788
2.64733
2.70971
2.6729
2.66142
2.64261
2.63841
2.64094
2.64232
2.64426
2.64493
2.64573
2.64628
2.6474
2.64826
2.64961
2.65066
2.65217
2.6534
2.65506
2.65647
2.65825
2.65985
2.66172
2.6635
2.66543
2.66737
2.66932
2.67141
2.67334
2.67551
2.67742
2.67958
2.68146
2.68348
2.68536
2.68707
2.68892
2.69021
2.6918
2.69275
2.69353
2.69384
2.69393
2.69327
2.69146
2.69076
2.6886
2.68795
2.68784
1.3177
2.64588
2.70816
2.67347
2.66069
2.64169
2.63735
2.63973
2.6412
2.64287
2.64369
2.64422
2.64493
2.64575
2.64679
2.64782
2.64905
2.65022
2.65163
2.65292
2.65451
2.65592
2.65765
2.65916
2.661
2.66262
2.66452
2.66622
2.66813
2.66991
2.67174
2.67356
2.67523
2.67703
2.67847
2.6801
2.6813
2.68246
2.68351
2.68389
2.68469
2.68461
2.68423
2.68327
2.68206
2.68041
2.67613
2.67255
2.66672
2.6607
1.31751
2.64434
2.70651
2.67405
2.65988
2.64067
2.63616
2.63841
2.63986
2.64138
2.64222
2.64262
2.64332
2.64403
2.64502
2.64596
2.64709
2.6482
2.64945
2.65073
2.65208
2.6535
2.65492
2.65648
2.65794
2.65961
2.66107
2.66282
2.66426
2.66602
2.66742
2.6691
2.67043
2.67188
2.67313
2.67416
2.67525
2.67561
2.67624
2.67608
2.67523
2.67447
2.67204
2.66993
2.66528
2.65992
2.65477
2.64502
2.63538
2.62274
1.3173
2.64274
2.70483
2.67462
2.65894
2.63956
2.63477
2.63708
2.63819
2.63987
2.64044
2.64101
2.64143
2.64231
2.64299
2.6441
2.64493
2.64617
2.64713
2.64849
2.64956
2.651
2.65217
2.65365
2.6549
2.65637
2.65767
2.65907
2.66041
2.66166
2.66298
2.66401
2.66523
2.66595
2.66695
2.66725
2.66791
2.66779
2.66743
2.66657
2.6655
2.66283
2.66061
2.65531
2.65066
2.64068
2.62785
2.61095
2.58208
2.51104
1.31729
2.64181
2.70047
2.67514
2.65754
2.63781
2.6327
2.63481
2.63594
2.63732
2.63803
2.6383
2.63886
2.63938
2.64025
2.64096
2.64197
2.64278
2.64392
2.64481
2.64606
2.647
2.64831
2.64928
2.65063
2.65157
2.6529
2.65379
2.65501
2.65579
2.6568
2.65741
2.65805
2.65836
2.65857
2.65825
2.65766
2.65676
2.65486
2.65282
2.64871
2.64512
2.63748
2.6314
2.61844
2.60621
2.58348
2.54736
2.48961
2.36405
1.31727
2.64082
2.69575
2.67532
2.65564
2.63544
2.62983
2.63191
2.63278
2.63421
2.63483
2.63513
2.63552
2.63605
2.63671
2.63743
2.63819
2.639
2.63982
2.64072
2.64158
2.64252
2.64338
2.64434
2.64514
2.64608
2.64678
2.64764
2.64815
2.64886
2.64909
2.6496
2.64955
2.64937
2.64889
2.64832
2.64679
2.64552
2.6424
2.63997
2.63488
2.62895
2.62129
2.60788
2.59492
2.56853
2.5418
2.49173
2.41722
2.318
1.31724
2.64016
2.69328
2.67516
2.65405
2.63315
2.62692
2.62876
2.62953
2.63096
2.63153
2.63177
2.63206
2.63251
2.63306
2.63369
2.63434
2.63504
2.63574
2.63649
2.63722
2.63799
2.63871
2.63944
2.64009
2.64072
2.64123
2.64166
2.64193
2.64208
2.64192
2.64153
2.64099
2.6398
2.63856
2.63622
2.63413
2.63021
2.6271
2.6208
2.61617
2.60615
2.59868
2.58345
2.5668
2.54293
2.50653
2.46403
2.39208
2.31852
1.31712
2.63902
2.69247
2.67397
2.65211
2.63035
2.62366
2.6256
2.62644
2.62795
2.62848
2.62854
2.62865
2.62891
2.62916
2.62961
2.62992
2.63041
2.63075
2.63127
2.63165
2.63218
2.63257
2.63309
2.63347
2.63393
2.63424
2.63464
2.63475
2.63482
2.63471
2.63437
2.63378
2.63249
2.63122
2.62844
2.6261
2.62118
2.61682
2.60953
2.60134
2.59131
2.57735
2.56329
2.54112
2.51831
2.48442
2.44401
2.39091
2.32899
1.31689
2.64022
2.70397
2.6706
2.6521
2.62872
2.62152
2.62424
2.62521
2.62705
2.62753
2.62747
2.62744
2.62747
2.62756
2.62766
2.62772
2.62775
2.62774
2.6277
2.62762
2.62745
2.62729
2.62695
2.62668
2.6262
2.62583
2.62502
2.62455
2.62345
2.6228
2.62134
2.62047
2.61844
2.61714
2.61431
2.61179
2.60796
2.6028
2.59717
2.58814
2.5788
2.5647
2.54881
2.52839
2.50258
2.47341
2.43471
2.39202
2.34482
1.30178
2.58661
2.69853
2.67706
2.65966
2.63615
2.62925
2.63215
2.63322
2.63474
2.63461
2.63417
2.6335
2.63296
2.63237
2.63184
2.6312
2.63064
2.62998
2.62944
2.62876
2.62823
2.6275
2.62701
2.62613
2.62558
2.62434
2.62343
2.62157
2.62025
2.6176
2.61578
2.61227
2.61002
2.60555
2.60277
2.59708
2.59355
2.58642
2.58092
2.57196
2.56267
2.55066
2.53537
2.51801
2.49463
2.46888
2.43591
2.39829
2.35812
1.72049
2.46901
2.72875
2.70693
2.68436
2.67406
2.6746
2.67614
2.67754
2.67781
2.67662
2.67516
2.67354
2.67175
2.66978
2.66758
2.66517
2.66256
2.65973
2.65677
2.65355
2.6503
2.64675
2.64329
2.63931
2.63539
2.63096
2.62786
2.62401
2.62145
2.61779
2.61509
2.6108
2.60714
2.60192
2.59689
2.59074
2.58377
2.57683
2.56745
2.55926
2.54693
2.5364
2.52034
2.50556
2.48452
2.46327
2.43569
2.40598
2.37321
1.73238
2.46209
2.72325
2.70219
2.67742
2.66844
2.67234
2.67404
2.67672
2.67755
2.67774
2.6776
2.67734
2.67705
2.67636
2.67576
2.67444
2.67347
2.67144
2.67013
2.66739
2.66568
2.66226
2.65997
2.65604
2.65342
2.64901
2.64487
2.63924
2.63382
2.62723
2.62106
2.61487
2.60888
2.60317
2.59614
2.59013
2.58137
2.57387
2.56306
2.55341
2.54031
2.52777
2.51212
2.4958
2.47696
2.4561
2.43321
2.40779
2.38172
1.72914
2.46764
2.72523
2.70249
2.67385
2.66438
2.66921
2.67165
2.67482
2.67593
2.67628
2.67642
2.67658
2.67656
2.67647
2.67621
2.67562
2.67522
2.6743
2.67359
2.67201
2.67094
2.66871
2.66701
2.66414
2.6615
2.65808
2.65444
2.6503
2.64538
2.64066
2.63414
2.62808
2.61908
2.61182
2.60171
2.59375
2.58348
2.5749
2.56368
2.55334
2.54051
2.52747
2.51227
2.49617
2.47789
2.45811
2.43633
2.41282
2.38988
1.73184
2.46093
2.7207
2.697
2.67078
2.66113
2.66569
2.66795
2.67111
2.67237
2.67277
2.67305
2.67339
2.67369
2.67395
2.67399
2.67391
2.67366
2.67322
2.67252
2.67184
2.67054
2.66956
2.66756
2.66624
2.66353
2.66173
2.65803
2.65564
2.65072
2.64762
2.64138
2.63709
2.62957
2.62344
2.61425
2.6057
2.59434
2.58351
2.57072
2.55815
2.54442
2.5305
2.5152
2.49911
2.48151
2.46334
2.4433
2.42225
2.40155
1.74101
2.44277
2.70917
2.68465
2.66705
2.65768
2.66064
2.66234
2.66543
2.66648
2.66714
2.66723
2.66745
2.66757
2.6677
2.6677
2.66765
2.66747
2.66729
2.66682
2.66648
2.66568
2.6651
2.66384
2.6629
2.66085
2.65947
2.65649
2.65456
2.65054
2.64763
2.6427
2.63859
2.63262
2.62694
2.61964
2.61222
2.60318
2.59351
2.58227
2.57013
2.55619
2.54156
2.52547
2.50915
2.4914
2.47318
2.45388
2.43386
2.41437
1.73596
2.43635
2.70582
2.67712
2.66926
2.65602
2.65614
2.65814
2.66115
2.66226
2.66332
2.66343
2.6637
2.66389
2.66406
2.66413
2.66411
2.66401
2.66385
2.6635
2.66321
2.66253
2.66202
2.66092
2.66013
2.65841
2.65723
2.65473
2.65298
2.64968
2.64696
2.64278
2.63878
2.63365
2.62846
2.62207
2.61543
2.60754
2.59925
2.58963
2.5794
2.56767
2.55513
2.54098
2.5259
2.50943
2.49219
2.47384
2.45473
2.4361
1.35699
2.46744
2.67924
2.66854
2.64652
2.62388
2.61684
2.62088
2.62285
2.62573
2.62716
2.62819
2.62899
2.63001
2.63072
2.63181
2.63247
2.63345
2.63395
2.63478
2.6351
2.63584
2.63597
2.63615
2.63616
2.63605
2.63582
2.63524
2.63466
2.63346
2.63229
2.63039
2.62839
2.62541
2.62217
2.61758
2.61255
2.60616
2.59925
2.59098
2.58229
2.57219
2.56156
2.54971
2.53698
2.52307
2.50825
2.49238
2.47558
2.45911
1.36041
2.47701
2.68635
2.67711
2.65249
2.62352
2.61389
2.61471
2.6167
2.61866
2.61947
2.61956
2.61977
2.6198
2.62006
2.6204
2.62077
2.62109
2.62143
2.62166
2.62193
2.62202
2.62219
2.6221
2.62194
2.62155
2.62116
2.62029
2.6196
2.61811
2.61697
2.61476
2.61285
2.6099
2.60707
2.60354
2.59988
2.59542
2.59047
2.58481
2.5781
2.57052
2.56152
2.5516
2.54076
2.5291
2.51673
2.50351
2.48942
2.47561
1.34961
2.41269
2.66942
2.66958
2.65016
2.62377
2.614
2.61406
2.61476
2.61532
2.61499
2.61412
2.61337
2.61233
2.61167
2.61097
2.61047
2.60982
2.60934
2.6087
2.60822
2.60758
2.60709
2.60642
2.60586
2.60508
2.60436
2.60353
2.60264
2.60156
2.60018
2.59864
2.59662
2.59446
2.59165
2.5887
2.58502
2.58115
2.5765
2.57144
2.5657
2.55962
2.55293
2.54563
2.53757
2.5282
2.51767
2.50659
2.4948
2.48343
1.74167
2.39663
2.67502
2.66132
2.65253
2.63863
2.63346
2.63371
2.63347
2.63318
2.63238
2.63115
2.62974
2.62808
2.62647
2.62489
2.62321
2.62149
2.61964
2.61778
2.61578
2.61381
2.61167
2.60961
2.60732
2.6052
2.60281
2.60072
2.59823
2.59581
2.59324
2.59061
2.5878
2.58476
2.58157
2.57794
2.57419
2.5698
2.56533
2.56004
2.55466
2.54835
2.54199
2.53466
2.52707
2.51907
2.51094
2.50192
2.4922
2.48261
1.34701
2.39565
2.66022
2.66583
2.64949
2.62422
2.61561
2.61427
2.61553
2.6158
2.61552
2.61517
2.61429
2.61337
2.61272
2.61187
2.61115
2.61009
2.60914
2.60781
2.60667
2.6053
2.60414
2.60264
2.60137
2.59951
2.59792
2.59541
2.5934
2.59068
2.58833
2.58525
2.58245
2.57889
2.57566
2.57173
2.56802
2.56362
2.55928
2.55429
2.54914
2.54336
2.53724
2.53059
2.52341
2.51583
2.5077
2.49928
2.49032
2.48171
1.34834
2.40654
2.6674
2.67129
2.65098
2.62225
2.61099
2.61081
2.61177
2.61248
2.61236
2.61166
2.6109
2.60991
2.60931
2.60857
2.60797
2.60708
2.60627
2.60514
2.604
2.60233
2.60065
2.59849
2.59632
2.59382
2.5913
2.5885
2.58559
2.58249
2.57919
2.5758
2.57223
2.56867
2.56472
2.5608
2.5564
2.55211
2.54724
2.54254
2.5372
2.53207
2.5262
2.5205
2.51403
2.50764
2.50045
2.49317
2.48535
2.478
1.34776
2.40219
2.66463
2.66933
2.64838
2.61896
2.60696
2.60681
2.60761
2.60852
2.60824
2.60739
2.60657
2.60546
2.60475
2.604
2.60337
2.60257
2.60181
2.60087
2.59991
2.59875
2.59747
2.59599
2.59428
2.59237
2.59016
2.58779
2.58504
2.58216
2.57886
2.57547
2.57163
2.56776
2.56346
2.55909
2.55425
2.54929
2.54394
2.53842
2.53261
2.52658
2.52033
2.51381
2.50714
2.50014
2.49311
2.48562
2.47807
2.4707
1.34492
2.37918
2.64747
2.66156
2.64241
2.61458
2.60277
2.60133
2.60164
2.60187
2.60122
2.60044
2.5991
2.59801
2.59693
2.59606
2.59502
2.59409
2.59294
2.59191
2.59064
2.58951
2.58814
2.5869
2.58538
2.58396
2.58222
2.58051
2.57844
2.57634
2.57388
2.57128
2.56829
2.56504
2.56142
2.5575
2.55329
2.54872
2.54388
2.5386
2.53312
2.52717
2.52105
2.51446
2.50774
2.50057
2.49333
2.48582
2.4782
2.47086
1.75128
2.37313
2.64569
2.64175
2.62829
2.61419
2.60931
2.60956
2.60954
2.60942
2.60885
2.60818
2.60696
2.60582
2.60454
2.60342
2.60205
2.60073
2.59915
2.5976
2.59582
2.59405
2.59206
2.59008
2.58789
2.58568
2.58329
2.58083
2.5782
2.57547
2.57266
2.56969
2.56663
2.56331
2.55987
2.55608
2.55216
2.54782
2.54328
2.53832
2.5331
2.5275
2.52171
2.51558
2.50926
2.50262
2.49574
2.48858
2.48108
2.47394
1.34702
2.3888
2.65261
2.65982
2.63928
2.60894
2.59761
2.59625
2.59788
2.5992
2.59904
2.59854
2.59795
2.59669
2.59601
2.5948
2.59406
2.59258
2.59163
2.5899
2.58837
2.58652
2.5847
2.58257
2.5805
2.57826
2.57619
2.57389
2.57174
2.56929
2.56675
2.56386
2.5609
2.55763
2.55428
2.55066
2.54691
2.54292
2.53883
2.5345
2.52998
2.52517
2.52008
2.51463
2.50888
2.50283
2.4965
2.48996
2.48311
2.47656
1.35072
2.41206
2.65482
2.64886
2.62692
2.59636
2.5856
2.58586
2.58765
2.58957
2.58991
2.58967
2.58921
2.58843
2.58792
2.5874
2.58694
2.58632
2.58566
2.58486
2.58398
2.58296
2.58181
2.58049
2.579
2.57717
2.57508
2.57269
2.57006
2.56718
2.56418
2.56099
2.55766
2.55415
2.55047
2.54662
2.5426
2.5384
2.53402
2.52948
2.52474
2.51985
2.51484
2.50973
2.50438
2.49889
2.49312
2.48716
2.48091
2.47495
1.77119
2.37219
2.63847
2.61754
2.61121
2.59591
2.59318
2.59393
2.59504
2.59632
2.59606
2.59558
2.59523
2.59456
2.59399
2.59341
2.59283
2.59215
2.59143
2.5906
2.58972
2.58872
2.58764
2.58641
2.58507
2.58356
2.58189
2.58001
2.57792
2.57552
2.57278
2.56976
2.56642
2.56283
2.55895
2.55485
2.5505
2.54595
2.54118
2.53625
2.53106
2.5257
2.52004
2.51422
2.50823
2.5021
2.49589
2.48958
2.48315
2.47702
1.79771
2.35516
2.62647
2.60587
2.60269
2.59277
2.58938
2.58961
2.58985
2.59041
2.59015
2.58954
2.58889
2.58787
2.58684
2.58572
2.58454
2.5832
2.58181
2.58027
2.57869
2.57698
2.57528
2.5735
2.57174
2.5699
2.56808
2.56616
2.56425
2.56229
2.5604
2.55837
2.55638
2.55418
2.55196
2.54946
2.54687
2.54391
2.54059
2.53691
2.53301
2.52883
2.52443
2.51972
2.51478
2.50954
2.50402
2.49818
2.49209
2.48618
1.76254
2.38164
2.65008
2.61929
2.6135
2.59935
2.59619
2.5983
2.59977
2.6006
2.60034
2.59985
2.5988
2.59759
2.59632
2.595
2.59357
2.59205
2.59041
2.58872
2.58691
2.58507
2.58298
2.58078
2.57833
2.57581
2.57303
2.57022
2.56716
2.5641
2.5608
2.55755
2.55409
2.55059
2.54688
2.54315
2.53921
2.5353
2.53141
2.52748
2.52341
2.51922
2.51486
2.51044
2.50584
2.50117
2.4963
2.49132
2.48609
2.48116
1.28618
2.49456
2.64472
2.64202
2.61676
2.58405
2.57199
2.57243
2.57507
2.57745
2.57871
2.57893
2.57916
2.57913
2.57907
2.579
2.57884
2.57854
2.57807
2.57742
2.57659
2.57555
2.57439
2.57304
2.57157
2.56988
2.56815
2.56601
2.56377
2.56137
2.55875
2.55597
2.55287
2.54968
2.54618
2.5426
2.53874
2.53483
2.53065
2.52644
2.52199
2.51753
2.51304
2.50831
2.50345
2.49837
2.49319
2.48779
2.48228
2.47702
1.7718
2.36721
2.63952
2.61693
2.61064
2.59523
2.59029
2.5912
2.59162
2.59321
2.59283
2.59226
2.5918
2.59101
2.59026
2.58941
2.58864
2.58766
2.58674
2.58558
2.58447
2.58313
2.58182
2.58026
2.57873
2.57691
2.57512
2.57301
2.5707
2.56809
2.5653
2.56222
2.55913
2.55582
2.55249
2.54888
2.54525
2.5413
2.53733
2.533
2.52868
2.52398
2.51912
2.51405
2.50889
2.50354
2.4981
2.49248
2.48675
2.48128
1.77321
2.36541
2.63742
2.61501
2.60877
2.59348
2.58852
2.58963
2.59068
2.59178
2.59232
2.59182
2.59138
2.59058
2.58973
2.5888
2.58781
2.58667
2.58543
2.58404
2.58256
2.58097
2.57928
2.57749
2.5756
2.57363
2.57155
2.56943
2.56737
2.56521
2.56304
2.56071
2.5582
2.55549
2.5526
2.54954
2.54632
2.54294
2.53938
2.53568
2.53178
2.52775
2.5235
2.51913
2.51454
2.50983
2.50491
2.49988
2.49462
2.48953
1.28558
2.49095
2.64203
2.63935
2.61361
2.57897
2.56603
2.56553
2.56806
2.57012
2.57108
2.57102
2.57088
2.57049
2.57018
2.56971
2.56942
2.5688
2.56835
2.56746
2.56682
2.56566
2.56478
2.56334
2.56222
2.5606
2.55896
2.55719
2.55529
2.55328
2.55115
2.54894
2.54662
2.5442
2.54167
2.53901
2.5362
2.53325
2.53015
2.52688
2.52346
2.51986
2.51612
2.5122
2.50814
2.5039
2.49954
2.49498
2.49031
2.48577
1.76674
2.37286
2.64061
2.60987
2.60345
2.58749
2.58443
2.5866
2.5875
2.58962
2.58938
2.58883
2.58837
2.58753
2.58675
2.58586
2.58499
2.58395
2.58289
2.58167
2.58042
2.57902
2.57757
2.57599
2.57432
2.57256
2.57066
2.56867
2.56654
2.56431
2.56192
2.55931
2.55656
2.55359
2.5505
2.5472
2.5438
2.5402
2.53651
2.53271
2.52882
2.52479
2.52065
2.51637
2.51197
2.50744
2.50278
2.498
2.49306
2.48834
1.79462
2.35597
2.62403
2.59592
2.5919
2.5802
2.57693
2.57812
2.57843
2.57915
2.57897
2.57856
2.5781
2.57736
2.57664
2.57589
2.57508
2.57418
2.57319
2.5721
2.57093
2.56966
2.56831
2.56686
2.56532
2.56368
2.56196
2.56014
2.55824
2.55623
2.55415
2.55209
2.54991
2.54775
2.54543
2.54311
2.5406
2.53801
2.53519
2.53223
2.52903
2.52573
2.52224
2.51865
2.51485
2.51097
2.50687
2.50269
2.49828
2.4941
1.79923
2.35074
2.619
2.59273
2.58909
2.57784
2.57403
2.57471
2.57488
2.57527
2.57514
2.57472
2.57423
2.57347
2.57269
2.57191
2.57105
2.57012
2.56907
2.56795
2.56671
2.56539
2.56395
2.56243
2.56077
2.55903
2.55715
2.55518
2.55308
2.55088
2.54855
2.54613
2.54357
2.54093
2.53815
2.53529
2.53231
2.5293
2.52619
2.52303
2.51977
2.51642
2.51293
2.50936
2.50564
2.50184
2.49789
2.49384
2.48963
2.48563
1.77978
2.35596
2.61657
2.603
2.59364
2.57719
2.57216
2.57264
2.57325
2.57388
2.57386
2.57338
2.57286
2.57203
2.57122
2.57044
2.56959
2.56868
2.56766
2.56657
2.56537
2.56409
2.5627
2.56123
2.55964
2.55796
2.55616
2.55426
2.55223
2.5501
2.54784
2.54547
2.54297
2.54035
2.5376
2.53473
2.53173
2.52861
2.52535
2.52199
2.51849
2.51488
2.51116
2.50731
2.50335
2.49927
2.49507
2.49076
2.48631
2.48207
1.34476
2.37987
2.638
2.63737
2.61518
2.58173
2.56752
2.56514
2.56645
2.56757
2.56752
2.56726
2.56657
2.56557
2.56466
2.56387
2.56304
2.56217
2.56117
2.5601
2.55891
2.55766
2.55627
2.55481
2.55322
2.55154
2.54972
2.54782
2.54577
2.54363
2.54133
2.53895
2.53641
2.53377
2.53097
2.52808
2.52501
2.52186
2.51854
2.51512
2.51153
2.50784
2.50399
2.50005
2.49593
2.49173
2.48737
2.48295
2.47835
2.47396
1.34602
2.38747
2.65288
2.65699
2.63096
2.59246
2.57493
2.57258
2.57422
2.5755
2.57595
2.5756
2.57477
2.57377
2.57271
2.57184
2.57096
2.57006
2.56902
2.56794
2.56673
2.56547
2.5641
2.56267
2.56112
2.55952
2.55778
2.55599
2.55405
2.55206
2.54992
2.54771
2.54536
2.54293
2.54035
2.53769
2.53488
2.53198
2.52892
2.52577
2.52246
2.51905
2.51548
2.51181
2.50798
2.50405
2.49997
2.49578
2.49144
2.48727
1.3451
2.37935
2.63633
2.63635
2.61343
2.5801
2.56494
2.56295
2.5643
2.56522
2.56563
2.56521
2.5645
2.56347
2.56253
2.5617
2.5609
2.56002
2.55907
2.55803
2.55692
2.55572
2.55446
2.5531
2.55167
2.55013
2.54853
2.54681
2.54502
2.54312
2.54113
2.53903
2.53685
2.53453
2.53214
2.52961
2.52701
2.52425
2.52143
2.51845
2.51539
2.51217
2.50888
2.50543
2.5019
2.49821
2.49444
2.4905
2.48648
2.48256
1.78106
2.35423
2.61405
2.5997
2.59004
2.57216
2.56709
2.56745
2.56803
2.56907
2.56891
2.56837
2.56788
2.567
2.56624
2.56543
2.56465
2.56372
2.56279
2.5617
2.56061
2.55937
2.55811
2.5567
2.55527
2.55368
2.55208
2.55031
2.54851
2.54655
2.54456
2.5424
2.54021
2.53784
2.53544
2.53286
2.53024
2.52744
2.52461
2.52158
2.51852
2.51526
2.51196
2.50847
2.50494
2.50121
2.49744
2.49347
2.48943
2.48549
1.80128
2.34723
2.6146
2.58739
2.58385
2.57258
2.56908
2.57016
2.57046
2.5709
2.57075
2.57023
2.56968
2.56878
2.56796
2.56708
2.56619
2.56517
2.56412
2.56293
2.56171
2.56035
2.55896
2.55741
2.55583
2.5541
2.55233
2.55039
2.54842
2.54628
2.54409
2.54174
2.53934
2.53677
2.53414
2.53135
2.52849
2.52547
2.52239
2.51913
2.51581
2.51233
2.50877
2.50505
2.50126
2.4973
2.49328
2.48909
2.48482
2.48068
1.78825
2.36085
2.62702
2.5954
2.58878
2.57467
2.57218
2.57421
2.57571
2.57662
2.5766
2.57609
2.57555
2.57471
2.57394
2.57312
2.57227
2.5713
2.57028
2.56914
2.56795
2.56665
2.56529
2.56381
2.56227
2.5606
2.55887
2.55701
2.55508
2.55302
2.55089
2.54862
2.54628
2.54379
2.54123
2.53853
2.53574
2.53281
2.52979
2.52663
2.52338
2.51998
2.5165
2.51286
2.50914
2.50526
2.5013
2.4972
2.493
2.48893
2.17224
2.34546
2.76266
2.86059
2.85614
2.81522
2.81376
2.81329
2.80616
2.8051
2.80826
2.80981
2.81124
2.81212
2.81399
2.81537
2.81752
2.81937
2.82102
2.82208
2.82257
2.82273
2.82165
2.82082
2.81795
2.81553
2.81167
2.80784
2.80304
2.79809
2.79246
2.78661
2.78027
2.77373
2.76704
2.76009
2.75305
2.74528
2.73724
2.72914
2.72105
2.71286
2.70467
2.69642
2.68822
2.68001
2.67191
2.66383
2.65591
2.64807
2.64042
2.63291
2.62563
2.61854
2.61173
2.60517
2.59894
2.59302
2.58749
2.58232
2.57763
2.57334
2.56959
2.56631
2.56361
2.56142
2.55984
2.55878
2.55831
2.5582
2.55832
2.55867
2.55954
2.561
2.56306
2.56528
2.5675
2.56976
2.57197
2.57413
2.57613
2.57799
2.57959
2.581
2.58213
2.58305
2.58368
2.58412
2.58432
2.58436
2.58426
2.58402
2.58367
2.58294
2.5822
2.58115
2.5803
2.57915
2.57823
2.57518
2.18041
2.26044
2.45058
2.62854
2.69731
2.73259
2.75902
2.7834
2.79733
2.80996
2.81785
2.82783
2.8333
2.83291
2.82904
2.82384
2.81649
2.80927
2.80018
2.79152
2.78149
2.77209
2.76172
2.75209
2.74136
2.73125
2.72022
2.70987
2.69877
2.68835
2.67728
2.66686
2.65589
2.64555
2.63498
2.62509
2.61491
2.60463
2.59396
2.58364
2.57355
2.56365
2.55388
2.54429
2.53485
2.52561
2.51656
2.50773
2.49911
2.49072
2.48258
2.4747
2.46709
2.45977
2.45276
2.44608
2.43975
2.4338
2.42824
2.42311
2.41843
2.41422
2.41052
2.40733
2.4047
2.40262
2.40111
2.40016
2.39976
2.39977
2.40004
2.40061
2.40173
2.40351
2.40598
2.40866
2.41139
2.41414
2.41684
2.41945
2.42189
2.42411
2.42606
2.42772
2.42907
2.43011
2.43084
2.4313
2.43146
2.43144
2.4313
2.431
2.43062
2.42983
2.42907
2.42795
2.42709
2.42591
2.42514
2.42227
2.22679
2.21303
2.27123
2.35866
2.41089
2.46087
2.49453
2.5218
2.54284
2.55868
2.5705
2.57963
2.58636
2.58886
2.58816
2.5865
2.58264
2.57822
2.57278
2.56691
2.56026
2.55351
2.54622
2.53907
2.53131
2.52371
2.5155
2.5076
2.49918
2.49115
2.48264
2.47456
2.46601
2.45793
2.44961
2.442
2.43407
2.42607
2.41746
2.40913
2.40095
2.393
2.38506
2.37729
2.36954
2.36197
2.35447
2.34717
2.33996
2.33298
2.3261
2.31949
2.31301
2.30683
2.30082
2.29514
2.28968
2.28459
2.27977
2.27536
2.27128
2.26766
2.26442
2.26168
2.25937
2.2576
2.25628
2.25553
2.25523
2.25533
2.25565
2.25617
2.2572
2.25884
2.26112
2.26359
2.26617
2.26872
2.27124
2.27363
2.27588
2.27789
2.27967
2.28116
2.28238
2.2833
2.28395
2.28431
2.28444
2.28439
2.28427
2.28399
2.28366
2.28294
2.28227
2.28126
2.28053
2.27951
2.27903
2.27662
2.25964
2.22039
2.21603
2.24108
2.27159
2.29412
2.30935
2.32118
2.33172
2.34098
2.34864
2.35476
2.3595
2.36312
2.36465
2.36491
2.36487
2.36477
2.36458
2.3643
2.3638
2.36315
2.36241
2.36111
2.35957
2.35777
2.35546
2.35294
2.34995
2.34682
2.34325
2.33957
2.33544
2.33128
2.32691
2.32281
2.31843
2.31366
2.30822
2.30268
2.2971
2.29163
2.28604
2.28048
2.27479
2.26917
2.26345
2.25784
2.25217
2.24665
2.24111
2.23575
2.23042
2.22531
2.22027
2.21551
2.21085
2.20653
2.20236
2.19858
2.19501
2.19187
2.18901
2.18663
2.18458
2.18305
2.18188
2.18127
2.18107
2.18123
2.18156
2.18207
2.18309
2.18463
2.18674
2.18905
2.19152
2.19394
2.19636
2.1986
2.20073
2.20258
2.20426
2.20561
2.20675
2.20756
2.20816
2.20844
2.20856
2.20848
2.20838
2.20816
2.20786
2.20721
2.20664
2.20574
2.20513
2.20427
2.20402
2.20194
2.27511
2.24099
2.2193
2.21183
2.21888
2.22351
2.22557
2.22617
2.22718
2.22904
2.23187
2.23418
2.23625
2.23808
2.24084
2.24312
2.24534
2.24779
2.25048
2.25331
2.25622
2.259
2.26162
2.26385
2.26579
2.26715
2.26811
2.26859
2.26831
2.26776
2.26666
2.26521
2.2632
2.26094
2.25842
2.25598
2.25319
2.24992
2.24589
2.24156
2.23708
2.23258
2.22794
2.22326
2.21842
2.21356
2.20858
2.20362
2.19859
2.19363
2.18863
2.18376
2.17889
2.1742
2.16956
2.16515
2.16084
2.15681
2.15294
2.14939
2.14607
2.14313
2.14046
2.13822
2.13632
2.1349
2.13383
2.13334
2.13323
2.13343
2.13373
2.13431
2.13532
2.13686
2.13882
2.14102
2.14341
2.14578
2.14813
2.15031
2.15234
2.15413
2.15571
2.157
2.15805
2.15881
2.15934
2.15959
2.15967
2.15958
2.15948
2.15923
2.15893
2.15826
2.15777
2.15687
2.15635
2.15552
2.15539
2.1534
2.29857
2.25476
2.23055
2.21069
2.20092
2.19404
2.18831
2.18221
2.17739
2.1736
2.17189
2.17141
2.17202
2.1724
2.1735
2.17573
2.1783
2.18148
2.18443
2.18806
2.19144
2.19529
2.19863
2.20214
2.2049
2.2076
2.2094
2.21103
2.21173
2.21229
2.21207
2.21141
2.21023
2.20872
2.20698
2.20524
2.20314
2.20052
2.19719
2.19348
2.18956
2.1855
2.18134
2.17708
2.17272
2.16828
2.16375
2.15917
2.15454
2.14992
2.14528
2.14071
2.13617
2.13174
2.12739
2.12321
2.11916
2.11533
2.11169
2.10831
2.10519
2.10239
2.09988
2.09776
2.09599
2.09465
2.09373
2.09333
2.0933
2.09349
2.09381
2.09442
2.09547
2.09699
2.09886
2.10096
2.10324
2.10555
2.10782
2.10995
2.11191
2.11364
2.11515
2.11638
2.11737
2.11808
2.11857
2.11879
2.11883
2.11876
2.11864
2.11836
2.11805
2.11737
2.11692
2.11604
2.11556
2.11478
2.11472
2.11277
2.32219
2.2822
2.24853
2.22373
2.20329
2.18833
2.17593
2.16545
2.15594
2.14848
2.14261
2.13913
2.13702
2.13665
2.1367
2.13728
2.13916
2.14199
2.14522
2.14861
2.15227
2.15604
2.15983
2.16353
2.16695
2.17008
2.17267
2.17485
2.17638
2.17751
2.17796
2.17807
2.17748
2.17656
2.17549
2.17433
2.17283
2.17076
2.16804
2.1649
2.16149
2.15787
2.15413
2.15026
2.14631
2.14224
2.1381
2.13386
2.12959
2.12527
2.12095
2.11664
2.11239
2.10818
2.10409
2.1001
2.09629
2.09262
2.08918
2.08595
2.083
2.08032
2.07797
2.07594
2.0743
2.07306
2.07226
2.07194
2.07198
2.07215
2.07249
2.07315
2.07424
2.07576
2.07757
2.0796
2.08178
2.08401
2.08621
2.08828
2.09018
2.09186
2.0933
2.0945
2.09544
2.09614
2.09659
2.09679
2.09681
2.09674
2.09661
2.0963
2.09599
2.0953
2.09487
2.094
2.09356
2.09281
2.0928
2.09089
2.33824
2.30428
2.27117
2.24266
2.21851
2.19942
2.18192
2.16697
2.15404
2.14351
2.13466
2.12844
2.12386
2.12155
2.12021
2.12019
2.12033
2.12155
2.12392
2.12703
2.13058
2.13401
2.13768
2.14118
2.1447
2.14782
2.15071
2.15305
2.15498
2.15631
2.15717
2.15746
2.15724
2.15658
2.15583
2.15493
2.15367
2.15185
2.14942
2.14656
2.14341
2.14001
2.13646
2.13277
2.12899
2.12509
2.12113
2.11707
2.11298
2.10882
2.10468
2.10052
2.09643
2.09237
2.08843
2.08459
2.08092
2.07739
2.07409
2.07099
2.06817
2.06561
2.06339
2.0615
2.05999
2.05885
2.05817
2.05794
2.05803
2.05821
2.05859
2.05932
2.06048
2.06201
2.06378
2.06574
2.06783
2.06997
2.07209
2.0741
2.07595
2.07759
2.07901
2.08018
2.0811
2.08178
2.08222
2.0824
2.08239
2.08233
2.08219
2.08186
2.08154
2.08083
2.0804
2.07955
2.07913
2.07841
2.07845
2.07654
2.35212
2.32056
2.28991
2.26002
2.23426
2.21095
2.19208
2.17542
2.16091
2.14789
2.13726
2.12828
2.12192
2.11706
2.1144
2.11258
2.11209
2.11179
2.11244
2.11406
2.11698
2.11997
2.12334
2.12642
2.12968
2.13248
2.13531
2.1375
2.13955
2.14083
2.14189
2.14216
2.1421
2.14156
2.14093
2.14017
2.13899
2.13726
2.13495
2.13226
2.12924
2.12599
2.12254
2.11895
2.11525
2.11147
2.10759
2.10366
2.09967
2.09566
2.09163
2.08762
2.08364
2.07974
2.07592
2.07223
2.06868
2.06531
2.06213
2.05919
2.0565
2.0541
2.052
2.05025
2.04886
2.04785
2.04728
2.04715
2.04724
2.04745
2.0479
2.04869
2.04993
2.05144
2.05317
2.05507
2.05707
2.0591
2.06112
2.06305
2.06483
2.06643
2.06781
2.06895
2.06986
2.07052
2.07095
2.0711
2.07109
2.07103
2.07089
2.07054
2.07021
2.0695
2.06907
2.06824
2.06782
2.06715
2.06722
2.0653
2.36797
2.33884
2.30955
2.28039
2.25333
2.22895
2.20732
2.18847
2.17179
2.15735
2.14488
2.1345
2.12595
2.11944
2.11463
2.11148
2.10942
2.10856
2.10816
2.10832
2.10927
2.1109
2.11357
2.11633
2.11915
2.12171
2.1242
2.12626
2.12812
2.12941
2.1304
2.13074
2.13067
2.13025
2.12973
2.12904
2.12793
2.12631
2.12417
2.1217
2.11893
2.11594
2.11272
2.10937
2.10587
2.10229
2.09861
2.09488
2.09108
2.08726
2.08341
2.07959
2.07578
2.07205
2.06839
2.06486
2.06145
2.05823
2.05519
2.0524
2.04985
2.04759
2.04563
2.04401
2.04274
2.04186
2.04141
2.04134
2.04144
2.04168
2.04218
2.04305
2.04432
2.04583
2.04752
2.04935
2.05125
2.05319
2.05509
2.05693
2.05864
2.0602
2.06155
2.06268
2.06358
2.06425
2.06468
2.06485
2.06485
2.06479
2.06466
2.06431
2.06399
2.06329
2.06286
2.06205
2.06164
2.061
2.06111
2.05918
2.38299
2.35514
2.32675
2.29814
2.27099
2.24583
2.2233
2.20303
2.1852
2.16927
2.15549
2.14342
2.1334
2.125
2.11859
2.11359
2.11016
2.10769
2.10643
2.10577
2.10586
2.10643
2.10771
2.10974
2.11201
2.11437
2.11658
2.11863
2.12044
2.1219
2.12304
2.12369
2.12398
2.12392
2.12378
2.12342
2.12265
2.12133
2.11954
2.11743
2.11499
2.1123
2.10936
2.10624
2.10294
2.09953
2.09601
2.09243
2.08877
2.0851
2.08139
2.07771
2.07404
2.07045
2.06692
2.06352
2.06025
2.05718
2.05429
2.05164
2.04923
2.04712
2.0453
2.04383
2.04269
2.04194
2.04161
2.04161
2.04172
2.04198
2.04254
2.04348
2.04478
2.04629
2.04792
2.04966
2.05144
2.05324
2.05502
2.05674
2.05835
2.05984
2.06114
2.06225
2.06314
2.06381
2.06424
2.06442
2.06442
2.06437
2.06424
2.06391
2.06359
2.06291
2.06248
2.0617
2.06131
2.0607
2.06083
2.05888
2.40594
2.37795
2.34909
2.31983
2.29166
2.26536
2.24137
2.21977
2.20041
2.18323
2.16795
2.15464
2.14305
2.13332
2.12517
2.1188
2.1138
2.1102
2.10763
2.10609
2.10535
2.10537
2.10584
2.10708
2.10876
2.11108
2.11348
2.11584
2.11782
2.11964
2.12096
2.122
2.12248
2.12288
2.12298
2.12279
2.12223
2.1211
2.11951
2.11766
2.11544
2.11301
2.11027
2.10736
2.10421
2.10098
2.09758
2.09415
2.09061
2.08709
2.08349
2.07996
2.0764
2.07295
2.06953
2.06629
2.06314
2.06021
2.05743
2.05494
2.05264
2.05067
2.04895
2.04762
2.04657
2.04597
2.04571
2.04574
2.04586
2.04616
2.04678
2.0478
2.0491
2.05056
2.05213
2.05376
2.05544
2.05711
2.05877
2.06037
2.06191
2.06331
2.06458
2.06566
2.06655
2.06722
2.06767
2.06787
2.0679
2.06785
2.06774
2.06744
2.06713
2.06647
2.06606
2.06529
2.06491
2.06432
2.06448
2.0625
2.43184
2.40566
2.37761
2.34859
2.31992
2.2928
2.26754
2.24462
2.22378
2.20521
2.1885
2.17385
2.16087
2.14979
2.14023
2.13252
2.12621
2.12147
2.11783
2.11544
2.11388
2.11329
2.11346
2.11404
2.11515
2.11693
2.11894
2.12128
2.12352
2.12544
2.12708
2.12826
2.12913
2.1297
2.13031
2.13023
2.12987
2.12906
2.12776
2.12622
2.12429
2.12214
2.11963
2.11695
2.11398
2.11093
2.10766
2.10437
2.10093
2.09754
2.09404
2.09064
2.08718
2.08386
2.08056
2.07745
2.0744
2.07161
2.06893
2.06657
2.06438
2.06255
2.06095
2.05976
2.05884
2.05838
2.05817
2.05821
2.05836
2.05871
2.05942
2.06048
2.06177
2.06316
2.06465
2.06616
2.06771
2.06925
2.07079
2.07228
2.07372
2.07505
2.07627
2.07731
2.0782
2.07886
2.07934
2.07956
2.07963
2.07959
2.0795
2.07923
2.07894
2.07831
2.07792
2.07716
2.07681
2.07623
2.07641
2.07438
2.4522
2.42963
2.40436
2.37743
2.35
2.32341
2.29809
2.27464
2.25302
2.23345
2.21569
2.19987
2.18574
2.1734
2.16263
2.1536
2.14608
2.14009
2.13537
2.13191
2.12943
2.12797
2.12723
2.12739
2.12785
2.12894
2.13047
2.1323
2.13427
2.1364
2.13796
2.13941
2.14017
2.14102
2.14142
2.14124
2.14074
2.13972
2.13835
2.13667
2.13467
2.1324
2.12983
2.12706
2.12406
2.12094
2.11767
2.11435
2.11095
2.10756
2.10415
2.1008
2.09748
2.09428
2.09114
2.08818
2.08534
2.08272
2.08027
2.07811
2.07617
2.07455
2.07319
2.07219
2.07149
2.0712
2.07112
2.0712
2.0714
2.07187
2.07268
2.07376
2.07499
2.07628
2.07763
2.07898
2.08037
2.08173
2.0831
2.08443
2.08572
2.08691
2.08802
2.08898
2.0898
2.09043
2.09089
2.09112
2.09119
2.09116
2.09108
2.09085
2.09059
2.09
2.08963
2.08892
2.08859
2.08807
2.08829
2.08624
2.46391
2.44542
2.42403
2.40056
2.37603
2.35158
2.3278
2.3052
2.28401
2.26437
2.24634
2.22991
2.21508
2.2018
2.19007
2.17977
2.17102
2.16366
2.15764
2.15279
2.14903
2.14622
2.14427
2.14308
2.14253
2.14262
2.1429
2.14352
2.14435
2.14505
2.14589
2.14627
2.14653
2.14652
2.14629
2.1457
2.14467
2.14333
2.14172
2.13983
2.13767
2.13526
2.13262
2.12977
2.12677
2.12361
2.12038
2.11706
2.11374
2.11041
2.10712
2.10387
2.10073
2.09766
2.09475
2.09197
2.08938
2.08697
2.08479
2.08285
2.08119
2.07979
2.07871
2.07793
2.07748
2.07733
2.07736
2.07749
2.07778
2.07837
2.07928
2.08032
2.08144
2.08259
2.08376
2.08493
2.08611
2.08729
2.08845
2.08959
2.09068
2.09171
2.09266
2.0935
2.09422
2.09479
2.09521
2.09545
2.09552
2.09549
2.09543
2.09523
2.095
2.09448
2.09414
2.09349
2.09319
2.09273
2.093
2.09093
2.46594
2.4503
2.43214
2.41178
2.39032
2.36846
2.34693
2.32599
2.30606
2.28717
2.26957
2.25317
2.23811
2.22428
2.2118
2.2005
2.19056
2.18184
2.17437
2.16797
2.16267
2.15826
2.15477
2.15196
2.14988
2.14835
2.14733
2.1466
2.1463
2.14615
2.14622
2.14621
2.1461
2.14578
2.14521
2.14437
2.14321
2.1418
2.14009
2.13815
2.13593
2.13353
2.13089
2.1281
2.12513
2.12208
2.11891
2.11572
2.11249
2.1093
2.10614
2.10308
2.10008
2.09724
2.09451
2.09197
2.08959
2.08744
2.0855
2.08383
2.0824
2.08129
2.08042
2.0799
2.07964
2.07964
2.07972
2.07992
2.08036
2.08106
2.08197
2.08293
2.0839
2.08489
2.08587
2.08686
2.08784
2.08882
2.08979
2.09074
2.09166
2.09252
2.09333
2.09405
2.09468
2.0952
2.09559
2.09583
2.09591
2.0959
2.09585
2.09571
2.09551
2.09505
2.09475
2.09416
2.0939
2.0935
2.09383
2.09174
2.46661
2.45261
2.43631
2.41797
2.39844
2.37844
2.35844
2.33887
2.31989
2.30177
2.28452
2.26833
2.25311
2.239
2.2259
2.21392
2.20298
2.19322
2.18449
2.17689
2.17024
2.1646
2.1598
2.1558
2.15248
2.14975
2.14764
2.14605
2.14484
2.14395
2.1433
2.14272
2.14216
2.14146
2.14062
2.13956
2.1383
2.13675
2.135
2.13298
2.13078
2.12835
2.12579
2.12303
2.12017
2.11719
2.11417
2.11108
2.10802
2.10496
2.102
2.0991
2.09635
2.0937
2.09126
2.08895
2.08687
2.08498
2.08336
2.08194
2.08084
2.07995
2.07939
2.07906
2.07902
2.07908
2.07922
2.07958
2.08014
2.08093
2.08176
2.0826
2.08343
2.08424
2.08505
2.08586
2.08666
2.08746
2.08824
2.08901
2.08974
2.09044
2.0911
2.0917
2.09223
2.09268
2.09303
2.09327
2.09337
2.09337
2.09333
2.09323
2.09307
2.0927
2.09244
2.09194
2.09172
2.09141
2.09179
2.08969
2.46509
2.45252
2.43781
2.42121
2.40347
2.38518
2.36668
2.34835
2.33038
2.31297
2.29623
2.28025
2.26508
2.25076
2.23731
2.22475
2.21312
2.20245
2.19275
2.18401
2.17618
2.16926
2.16308
2.1578
2.15323
2.14945
2.14625
2.14367
2.1415
2.13981
2.13838
2.13722
2.1361
2.13505
2.13387
2.13263
2.13116
2.12956
2.1277
2.12571
2.12346
2.12112
2.11856
2.11594
2.11314
2.11033
2.1074
2.10452
2.10158
2.09877
2.09595
2.09332
2.09074
2.08839
2.08612
2.08413
2.08226
2.0807
2.0793
2.07823
2.07734
2.07679
2.07642
2.07639
2.07644
2.07657
2.07689
2.07738
2.07811
2.07884
2.07958
2.08026
2.08094
2.08159
2.08223
2.08285
2.08348
2.08408
2.08468
2.08524
2.0858
2.08631
2.08682
2.08729
2.08772
2.08809
2.08841
2.08863
2.08875
2.08875
2.08873
2.08866
2.08855
2.08826
2.08805
2.08763
2.08747
2.08723
2.08767
2.08556
2.45845
2.44752
2.43451
2.41951
2.40324
2.38622
2.36902
2.35176
2.33479
2.3181
2.30194
2.28627
2.27128
2.2569
2.24327
2.23032
2.21816
2.20677
2.19629
2.18659
2.1778
2.16976
2.16265
2.15625
2.15071
2.14579
2.14165
2.13803
2.13506
2.13247
2.1304
2.12855
2.12701
2.1255
2.12412
2.12262
2.12111
2.11939
2.11761
2.11558
2.11348
2.11115
2.10878
2.1062
2.10363
2.10091
2.09824
2.09547
2.09282
2.09013
2.08762
2.08513
2.08287
2.08068
2.07876
2.07694
2.07543
2.07407
2.07303
2.07215
2.07162
2.07124
2.07119
2.07123
2.07136
2.07167
2.07215
2.07282
2.07351
2.07415
2.07476
2.07531
2.07584
2.07633
2.0768
2.07725
2.0777
2.07811
2.07852
2.0789
2.07927
2.07962
2.07998
2.08032
2.08066
2.08096
2.08123
2.08143
2.08156
2.08159
2.08157
2.08153
2.08146
2.08126
2.0811
2.08076
2.08067
2.08048
2.08096
2.07886
2.45848
2.44693
2.43376
2.41904
2.40332
2.38703
2.37037
2.35376
2.33724
2.32105
2.30515
2.28977
2.2748
2.26044
2.24659
2.23342
2.2208
2.20897
2.1978
2.18748
2.17787
2.16912
2.16111
2.15391
2.14739
2.14168
2.13657
2.13223
2.12839
2.1252
2.12248
2.12025
2.1183
2.11664
2.11505
2.11357
2.11201
2.11043
2.10869
2.10687
2.10486
2.10278
2.10053
2.09822
2.09578
2.09334
2.09081
2.08833
2.08582
2.08343
2.08107
2.07889
2.07678
2.0749
2.07314
2.07164
2.0703
2.06926
2.0684
2.06784
2.06746
2.06738
2.06741
2.06754
2.06785
2.06832
2.06897
2.06963
2.07023
2.07078
2.07127
2.07171
2.07211
2.07249
2.07283
2.07317
2.07347
2.07376
2.07401
2.07425
2.07448
2.07472
2.07497
2.07523
2.07549
2.07575
2.07598
2.07618
2.07632
2.07639
2.07639
2.07637
2.07633
2.07622
2.07611
2.07586
2.07581
2.07569
2.07618
2.07408
2.46168
2.44989
2.43638
2.4215
2.40567
2.38948
2.37312
2.35673
2.34045
2.32437
2.30862
2.29321
2.27827
2.26374
2.24979
2.2363
2.22346
2.21117
2.19963
2.18873
2.17864
2.16922
2.16065
2.15277
2.14576
2.13941
2.1339
2.12901
2.12489
2.12128
2.11824
2.11568
2.11348
2.11155
2.10985
2.10826
2.10673
2.10516
2.10356
2.10183
2.10001
2.09806
2.09602
2.09387
2.09167
2.08939
2.08712
2.08482
2.08258
2.08039
2.07831
2.07632
2.07449
2.07281
2.07134
2.07005
2.06901
2.06818
2.06763
2.06728
2.06718
2.06723
2.06737
2.06771
2.06822
2.06888
2.06953
2.07012
2.07064
2.07109
2.07148
2.0718
2.07209
2.07233
2.07255
2.07274
2.0729
2.07303
2.07313
2.07321
2.0733
2.07341
2.07356
2.07372
2.0739
2.0741
2.07429
2.07447
2.0746
2.07469
2.07473
2.07473
2.07471
2.07466
2.07461
2.07447
2.07446
2.0744
2.0749
2.07281
2.46528
2.45455
2.44204
2.42786
2.41257
2.39666
2.38051
2.36428
2.34813
2.33216
2.31642
2.30102
2.28596
2.27136
2.25716
2.24352
2.23034
2.2178
2.20581
2.19455
2.1839
2.17403
2.16482
2.15641
2.14867
2.14173
2.13544
2.12994
2.12499
2.12075
2.117
2.11381
2.11108
2.1088
2.10676
2.10494
2.10321
2.10157
2.09989
2.0982
2.09641
2.09458
2.09264
2.09066
2.0886
2.08655
2.08446
2.08242
2.08039
2.07848
2.07663
2.07494
2.07336
2.07198
2.07076
2.0698
2.06903
2.06853
2.06823
2.06817
2.06824
2.06843
2.06886
2.06945
2.07016
2.07082
2.07144
2.07196
2.07243
2.07278
2.07307
2.07327
2.07344
2.07354
2.07364
2.07366
2.07365
2.07361
2.07353
2.07342
2.07337
2.07334
2.07336
2.0734
2.07348
2.07359
2.07373
2.07386
2.07398
2.07407
2.07414
2.07416
2.07417
2.07417
2.07416
2.07416
2.07419
2.0742
2.07475
2.07272
2.46451
2.45467
2.44301
2.42978
2.41554
2.40066
2.38544
2.37002
2.35457
2.33914
2.32386
2.30876
2.29394
2.27941
2.26525
2.25147
2.23814
2.22527
2.21295
2.20118
2.19003
2.1795
2.16965
2.16044
2.15195
2.14412
2.13703
2.13058
2.12488
2.11977
2.11532
2.11141
2.10807
2.1051
2.10258
2.10034
2.09838
2.09653
2.09481
2.09309
2.09138
2.08961
2.08783
2.08598
2.08413
2.08225
2.0804
2.07857
2.07683
2.07516
2.07361
2.07217
2.0709
2.06979
2.06891
2.06824
2.06782
2.06762
2.06763
2.06775
2.06804
2.06858
2.06934
2.0701
2.07084
2.0715
2.07208
2.07257
2.07296
2.07323
2.07341
2.07351
2.07356
2.07356
2.07353
2.07343
2.07325
2.07299
2.07276
2.07252
2.07235
2.0722
2.07211
2.07205
2.07206
2.07209
2.07215
2.07223
2.07235
2.07244
2.07253
2.07258
2.07263
2.07266
2.07272
2.07276
2.07288
2.07298
2.07362
2.0717
2.46655
2.45646
2.44497
2.432
2.41807
2.40355
2.38868
2.37363
2.35848
2.34335
2.32826
2.31334
2.29859
2.28412
2.2699
2.25607
2.24256
2.22951
2.21687
2.2048
2.19322
2.18228
2.1719
2.16222
2.15315
2.14482
2.13715
2.13026
2.12404
2.11858
2.11371
2.10947
2.10577
2.1026
2.09984
2.09744
2.09533
2.0934
2.09163
2.08993
2.08828
2.08662
2.08499
2.08332
2.08168
2.08002
2.07843
2.07685
2.07539
2.07398
2.07272
2.07155
2.07059
2.06977
2.0692
2.0688
2.06868
2.0687
2.06885
2.06926
2.06988
2.07069
2.07153
2.07232
2.07306
2.07371
2.07426
2.07469
2.075
2.07518
2.07526
2.07527
2.07526
2.07519
2.07502
2.07473
2.07439
2.07401
2.07366
2.07333
2.07304
2.07279
2.0726
2.07245
2.07237
2.07233
2.07234
2.07238
2.07245
2.07252
2.07264
2.07272
2.07282
2.07288
2.07299
2.07308
2.07328
2.07344
2.07416
2.07231
2.47599
2.46608
2.45457
2.44171
2.42785
2.41349
2.39874
2.38385
2.3688
2.35379
2.33877
2.3239
2.30914
2.29464
2.28034
2.26638
2.25272
2.23946
2.22661
2.21432
2.20248
2.19127
2.18057
2.17054
2.16105
2.15227
2.14403
2.13648
2.12947
2.12317
2.11741
2.1124
2.10789
2.10406
2.10062
2.09775
2.09515
2.09296
2.09088
2.08909
2.08731
2.08572
2.08408
2.08259
2.08104
2.07965
2.07822
2.07698
2.07573
2.07469
2.07365
2.07286
2.07213
2.0717
2.07138
2.07138
2.07145
2.07172
2.0723
2.07314
2.07406
2.075
2.07592
2.07678
2.07756
2.07823
2.07876
2.07914
2.07936
2.07943
2.07942
2.07938
2.07927
2.07902
2.07863
2.07816
2.07763
2.07712
2.0766
2.07613
2.07567
2.07528
2.07493
2.07467
2.07445
2.07432
2.07424
2.07423
2.07425
2.07429
2.07438
2.07446
2.07462
2.07471
2.07489
2.07502
2.0753
2.07552
2.07632
2.07454
2.47218
2.46408
2.45399
2.44237
2.42974
2.41658
2.40295
2.38908
2.37495
2.36073
2.34638
2.33207
2.31774
2.30355
2.28945
2.27557
2.26188
2.2485
2.23539
2.22265
2.21029
2.19838
2.18693
2.17601
2.16561
2.15583
2.14662
2.13808
2.13016
2.12294
2.11632
2.11038
2.10502
2.10033
2.09613
2.09253
2.08931
2.08657
2.08408
2.08196
2.07996
2.07824
2.07658
2.07513
2.07372
2.07251
2.07134
2.07038
2.06945
2.06875
2.0681
2.0677
2.0674
2.06742
2.06753
2.06778
2.06839
2.06918
2.07024
2.07134
2.07246
2.07355
2.07459
2.07554
2.07637
2.07705
2.07755
2.07786
2.07799
2.07798
2.07793
2.07781
2.07754
2.07708
2.07653
2.07586
2.07522
2.07451
2.07387
2.07319
2.07261
2.07202
2.07156
2.07112
2.07081
2.07052
2.07038
2.07026
2.07025
2.07027
2.07031
2.07039
2.07057
2.0707
2.07096
2.07115
2.07154
2.07182
2.07274
2.07106
2.46784
2.45912
2.44914
2.43799
2.42594
2.41334
2.40033
2.38702
2.37346
2.35971
2.34584
2.33187
2.31788
2.30389
2.29
2.27618
2.26255
2.24908
2.23585
2.22288
2.21026
2.19799
2.18617
2.17479
2.16392
2.15355
2.14378
2.13456
2.126
2.11803
2.11076
2.1041
2.09813
2.09276
2.08804
2.08387
2.08026
2.07713
2.07448
2.07219
2.07023
2.06852
2.06703
2.06572
2.06457
2.06358
2.06273
2.06201
2.0614
2.06092
2.06058
2.06042
2.06046
2.06059
2.06094
2.06166
2.06264
2.06376
2.06495
2.06619
2.06741
2.0686
2.0697
2.07069
2.07151
2.07217
2.0726
2.07282
2.07286
2.07283
2.07273
2.07251
2.07211
2.07155
2.07087
2.07017
2.0694
2.06866
2.06789
2.06718
2.06647
2.06586
2.06528
2.06481
2.06439
2.0641
2.06386
2.06375
2.06369
2.0637
2.06374
2.06382
2.064
2.06416
2.06448
2.0647
2.06516
2.06548
2.06644
2.0648
2.47192
2.46257
2.45192
2.44014
2.42766
2.41473
2.40152
2.38806
2.37445
2.36066
2.34679
2.33282
2.31887
2.30489
2.29101
2.27719
2.26352
2.24998
2.23667
2.22357
2.21081
2.19836
2.18633
2.1747
2.16356
2.15291
2.14284
2.13331
2.12443
2.11614
2.10854
2.10156
2.09527
2.08961
2.08469
2.08036
2.07669
2.07349
2.07082
2.06851
2.06661
2.06496
2.06364
2.06249
2.06161
2.06085
2.06031
2.05984
2.05955
2.0593
2.05928
2.05934
2.05957
2.06013
2.06096
2.06203
2.06321
2.06448
2.06579
2.06712
2.06842
2.06966
2.07076
2.07173
2.07249
2.07307
2.07341
2.07354
2.07352
2.07345
2.0733
2.07297
2.07244
2.07177
2.071
2.0702
2.06935
2.06851
2.06766
2.06686
2.06608
2.06537
2.06472
2.06417
2.06368
2.06331
2.06303
2.06286
2.06278
2.0628
2.06283
2.0629
2.06307
2.06325
2.06363
2.06389
2.06441
2.06476
2.06576
2.06416
2.48059
2.47153
2.46104
2.44925
2.43663
2.42347
2.40998
2.39625
2.38233
2.36829
2.35416
2.34
2.32582
2.3117
2.29763
2.28369
2.26987
2.25626
2.24281
2.22963
2.21669
2.20411
2.19186
2.18003
2.16863
2.15772
2.14731
2.13746
2.12818
2.11951
2.11148
2.1041
2.09739
2.09137
2.08599
2.08126
2.07713
2.07358
2.07059
2.06809
2.06604
2.06438
2.06306
2.06205
2.06132
2.06083
2.06053
2.06036
2.06031
2.06036
2.06054
2.06098
2.06169
2.06269
2.06386
2.06515
2.06655
2.06801
2.06949
2.07096
2.07236
2.07364
2.07477
2.07571
2.07644
2.07694
2.0772
2.07725
2.07721
2.0771
2.07685
2.07643
2.07577
2.07502
2.07417
2.07329
2.07237
2.07145
2.07052
2.06964
2.06879
2.068
2.06728
2.06665
2.0661
2.06567
2.06533
2.06511
2.06501
2.06501
2.06504
2.06511
2.06529
2.06548
2.0659
2.06619
2.06678
2.06716
2.0682
2.06663
2.47791
2.46992
2.46067
2.45001
2.43842
2.42623
2.41361
2.40065
2.3874
2.37393
2.36026
2.34648
2.3326
2.31869
2.30477
2.29091
2.27712
2.26347
2.24995
2.23664
2.22354
2.21075
2.19826
2.18615
2.17443
2.16318
2.15239
2.14214
2.13242
2.12332
2.11481
2.10696
2.09975
2.09323
2.08737
2.0822
2.07769
2.07383
2.07056
2.06787
2.06568
2.06397
2.06267
2.06177
2.06122
2.06097
2.06092
2.06097
2.0611
2.06146
2.06207
2.06304
2.06422
2.06558
2.06709
2.0687
2.07039
2.07211
2.07381
2.07544
2.07695
2.0783
2.07946
2.0804
2.0811
2.08155
2.08173
2.08173
2.08166
2.08151
2.08117
2.08063
2.07989
2.07905
2.07812
2.07716
2.07615
2.07515
2.07414
2.07317
2.07223
2.07136
2.07056
2.06985
2.06922
2.06871
2.06831
2.06804
2.06789
2.06787
2.0679
2.06797
2.06814
2.06834
2.0688
2.06913
2.06979
2.07022
2.07133
2.06982
2.48019
2.47201
2.46243
2.4518
2.44036
2.42841
2.41603
2.40338
2.39041
2.37724
2.36382
2.3503
2.33659
2.32285
2.30902
2.29525
2.28147
2.26782
2.25425
2.2409
2.22774
2.2149
2.20233
2.19016
2.17835
2.16699
2.15605
2.14564
2.13572
2.12638
2.1176
2.10945
2.1019
2.09502
2.08878
2.08322
2.07831
2.07408
2.07048
2.06751
2.06511
2.06327
2.06194
2.0611
2.06072
2.06067
2.06076
2.06096
2.06142
2.06218
2.06332
2.06468
2.06623
2.06793
2.06976
2.07168
2.07364
2.07558
2.07746
2.07921
2.08081
2.0822
2.08337
2.08429
2.08495
2.08533
2.08545
2.08541
2.08532
2.08512
2.0847
2.08405
2.08325
2.08234
2.08136
2.08032
2.07926
2.07818
2.07711
2.07607
2.07507
2.07413
2.07326
2.07248
2.0718
2.07123
2.07077
2.07045
2.07027
2.07022
2.07026
2.07032
2.07048
2.07069
2.07118
2.07154
2.07226
2.07274
2.0739
2.07244
2.4865
2.47915
2.47025
2.46015
2.44915
2.43763
2.4256
2.41324
2.4005
2.38753
2.37428
2.36089
2.34731
2.33366
2.31991
2.30617
2.29239
2.27871
2.26508
2.25163
2.23829
2.22523
2.21235
2.19983
2.18758
2.17578
2.16431
2.15337
2.14284
2.1329
2.12346
2.11469
2.10646
2.09897
2.09208
2.08596
2.08048
2.07578
2.07172
2.06842
2.06571
2.06372
2.06226
2.06148
2.06119
2.06127
2.06145
2.06185
2.06264
2.06389
2.06544
2.06721
2.06918
2.07129
2.0735
2.07576
2.07801
2.08019
2.08225
2.08414
2.08582
2.08726
2.08845
2.08935
2.08998
2.0903
2.09038
2.09032
2.0902
2.0899
2.08941
2.08865
2.08776
2.08675
2.08569
2.08454
2.08339
2.08219
2.08103
2.07987
2.07877
2.0777
2.07674
2.07584
2.07508
2.0744
2.07387
2.07346
2.07323
2.07314
2.07316
2.07322
2.07336
2.07358
2.07409
2.07448
2.07527
2.07579
2.07703
2.07563
2.47834
2.4715
2.46331
2.45401
2.44388
2.43321
2.42203
2.41048
2.39847
2.38613
2.37344
2.36051
2.34733
2.33399
2.3205
2.30695
2.29332
2.2797
2.26609
2.25256
2.23908
2.22579
2.21264
2.19977
2.18711
2.17483
2.16284
2.15132
2.14018
2.12959
2.11948
2.11001
2.10109
2.09288
2.0853
2.07851
2.07239
2.0671
2.0625
2.05873
2.05565
2.05338
2.05176
2.05097
2.05072
2.05084
2.05114
2.05179
2.05297
2.05466
2.05666
2.05889
2.06131
2.06384
2.06644
2.06902
2.07156
2.07396
2.0762
2.07822
2.07999
2.08148
2.08268
2.08358
2.08419
2.08446
2.0845
2.08443
2.08427
2.08391
2.08333
2.08246
2.08151
2.0804
2.07926
2.07802
2.07678
2.07547
2.07422
2.07294
2.07175
2.07057
2.06951
2.06851
2.06765
2.06688
2.06628
2.06579
2.0655
2.06536
2.06537
2.06542
2.06554
2.06577
2.06629
2.06672
2.06758
2.06813
2.06946
2.06814
2.47446
2.46703
2.45837
2.44863
2.43816
2.42718
2.4158
2.40406
2.39203
2.37972
2.36714
2.35433
2.3413
2.32811
2.31474
2.30129
2.28775
2.2742
2.26061
2.24703
2.23353
2.22015
2.20692
2.19389
2.18111
2.16861
2.15646
2.14467
2.13331
2.12242
2.11205
2.10223
2.09302
2.08444
2.07656
2.06939
2.06298
2.05733
2.05249
2.04844
2.0452
2.04276
2.04113
2.04036
2.04024
2.04039
2.04079
2.04166
2.04308
2.04507
2.04734
2.04986
2.05251
2.05528
2.05804
2.0608
2.06341
2.0659
2.06814
2.07017
2.07189
2.07336
2.07448
2.07533
2.07584
2.07606
2.07604
2.07596
2.07577
2.07535
2.07468
2.07378
2.07276
2.07164
2.07044
2.06917
2.06787
2.06655
2.06523
2.06393
2.06268
2.06147
2.06036
2.05932
2.05841
2.05761
2.05696
2.05645
2.05612
2.05597
2.05597
2.05602
2.05614
2.05636
2.05689
2.05733
2.05821
2.05878
2.06011
2.05881
2.4664
2.45855
2.44943
2.43943
2.42856
2.41737
2.40573
2.39394
2.38175
2.36945
2.35678
2.34403
2.33095
2.31784
2.30447
2.29112
2.27757
2.2641
2.25049
2.23704
2.22357
2.21031
2.19713
2.18426
2.17155
2.15923
2.14717
2.13558
2.12434
2.11367
2.10343
2.09383
2.08476
2.0764
2.06866
2.06169
2.0554
2.04993
2.04518
2.04129
2.03815
2.03588
2.03435
2.03381
2.03385
2.03408
2.03459
2.03565
2.03735
2.03956
2.04209
2.04483
2.04771
2.05064
2.05357
2.0564
2.05911
2.0616
2.06386
2.06584
2.06754
2.06892
2.07
2.07076
2.07122
2.07135
2.07131
2.07121
2.07097
2.0705
2.06977
2.06888
2.06786
2.06675
2.06555
2.0643
2.06301
2.06171
2.0604
2.05913
2.05789
2.05671
2.0556
2.05459
2.05368
2.0529
2.05225
2.05176
2.05143
2.0513
2.0513
2.05135
2.05149
2.05171
2.05224
2.05269
2.05358
2.05417
2.05549
2.0542
2.4801
2.47259
2.46386
2.45406
2.44341
2.43222
2.42052
2.40849
2.39607
2.38341
2.37044
2.35729
2.34392
2.33045
2.31684
2.3032
2.2895
2.27585
2.26222
2.24871
2.23528
2.22204
2.20895
2.19614
2.18354
2.1713
2.15935
2.14784
2.13669
2.12605
2.11584
2.10623
2.09712
2.0887
2.08084
2.07377
2.0673
2.0617
2.05678
2.05278
2.04949
2.04717
2.04558
2.04512
2.0452
2.04548
2.04611
2.04736
2.04937
2.05186
2.05474
2.05776
2.06096
2.06412
2.06728
2.07025
2.07308
2.07562
2.07793
2.07989
2.08159
2.08292
2.08397
2.08466
2.08507
2.08514
2.0851
2.08497
2.08468
2.08418
2.08342
2.0825
2.08145
2.08031
2.07909
2.07781
2.0765
2.07517
2.07384
2.07253
2.07127
2.07006
2.06893
2.06788
2.06695
2.06613
2.06546
2.06494
2.06458
2.06443
2.06444
2.06449
2.06463
2.06486
2.0654
2.06586
2.06679
2.0674
2.06874
2.06746
2.47581
2.46893
2.46097
2.45177
2.44187
2.4313
2.42039
2.40897
2.3973
2.38517
2.37285
2.36013
2.34729
2.33411
2.32089
2.30739
2.29393
2.28028
2.26675
2.25314
2.23975
2.22634
2.21321
2.20015
2.18746
2.17492
2.16281
2.15094
2.13958
2.12854
2.11809
2.10803
2.09865
2.08975
2.08161
2.07404
2.06732
2.06125
2.05611
2.05168
2.04824
2.04558
2.04396
2.04331
2.04345
2.04375
2.04444
2.04584
2.04808
2.05089
2.05407
2.05746
2.06097
2.06447
2.0679
2.07114
2.07417
2.07689
2.07932
2.0814
2.08315
2.08454
2.08561
2.08632
2.08671
2.08679
2.08674
2.0866
2.08629
2.08574
2.08494
2.08398
2.0829
2.08171
2.08045
2.07912
2.07776
2.07637
2.07499
2.07363
2.07231
2.07103
2.06984
2.06874
2.06775
2.06688
2.06616
2.06559
2.06521
2.06502
2.06501
2.06506
2.06518
2.06542
2.06597
2.06645
2.06742
2.06806
2.06948
2.06826
2.47845
2.47159
2.46365
2.45445
2.44463
2.43413
2.42335
2.41205
2.40054
2.38856
2.37641
2.36383
2.35114
2.33807
2.32497
2.31156
2.29819
2.28459
2.2711
2.25745
2.24397
2.23042
2.21713
2.20385
2.19093
2.17809
2.16569
2.15346
2.14177
2.13033
2.11952
2.10905
2.0993
2.08999
2.0815
2.07353
2.06647
2.06003
2.0546
2.04985
2.0462
2.04331
2.04159
2.04083
2.04095
2.04126
2.04197
2.04344
2.0458
2.0488
2.05216
2.05577
2.05947
2.06317
2.06674
2.07012
2.07322
2.07604
2.0785
2.08062
2.08236
2.08377
2.08481
2.08554
2.08588
2.08597
2.08591
2.08576
2.08542
2.08484
2.084
2.08301
2.08188
2.08066
2.07935
2.07799
2.07657
2.07515
2.07371
2.0723
2.07092
2.0696
2.06835
2.0672
2.06616
2.06525
2.06448
2.06388
2.06345
2.06325
2.06321
2.06325
2.06338
2.0636
2.06416
2.06464
2.06563
2.06628
2.06773
2.06653
2.47336
2.46602
2.45756
2.44797
2.43775
2.42696
2.41584
2.40431
2.39251
2.38035
2.36796
2.35526
2.3424
2.32928
2.31606
2.30265
2.28921
2.27564
2.26212
2.24854
2.23506
2.22162
2.20834
2.19517
2.18225
2.16954
2.15715
2.14505
2.13336
2.12205
2.11124
2.10088
2.09113
2.08192
2.07341
2.06553
2.05844
2.05208
2.0466
2.04194
2.03824
2.03544
2.03369
2.03303
2.03315
2.03348
2.03422
2.03573
2.03815
2.04122
2.04465
2.0483
2.05203
2.05574
2.05931
2.06267
2.06574
2.06851
2.07092
2.07298
2.07468
2.07603
2.07703
2.07771
2.07802
2.07808
2.07801
2.07785
2.0775
2.0769
2.07605
2.07504
2.07392
2.0727
2.0714
2.07003
2.06863
2.0672
2.06577
2.06436
2.06299
2.06167
2.06043
2.05927
2.05824
2.05732
2.05656
2.05595
2.05553
2.05532
2.05529
2.05533
2.05545
2.05568
2.05623
2.05671
2.05768
2.05832
2.05975
2.05852
2.48182
2.47456
2.46615
2.45664
2.44644
2.43568
2.42455
2.41302
2.40119
2.389
2.37657
2.36383
2.3509
2.33774
2.32444
2.31099
2.29747
2.28386
2.27026
2.25664
2.2431
2.22961
2.21628
2.20307
2.1901
2.17735
2.16491
2.15277
2.14103
2.12967
2.11881
2.10841
2.09859
2.08934
2.08076
2.07284
2.06569
2.05928
2.05374
2.04904
2.04529
2.04247
2.0407
2.04005
2.04017
2.04051
2.04127
2.04283
2.04534
2.04848
2.05201
2.05573
2.05956
2.06332
2.06696
2.07035
2.07348
2.07625
2.07869
2.08075
2.08246
2.0838
2.08481
2.08547
2.08578
2.08582
2.08575
2.08559
2.08523
2.08462
2.08376
2.08274
2.08161
2.08038
2.07907
2.0777
2.07629
2.07485
2.07342
2.072
2.07062
2.06929
2.06804
2.06688
2.06584
2.06492
2.06415
2.06354
2.06311
2.06289
2.06286
2.06291
2.06303
2.06325
2.06381
2.0643
2.06528
2.06592
2.06734
2.06612
)
;

boundaryField
{
    inlet
    {
        type            fixedValue;
        value           uniform 1;
    }
    outlet
    {
        type            zeroGradient;
    }
    bottom
    {
        type            symmetryPlane;
    }
    top
    {
        type            symmetryPlane;
    }
    obstacle
    {
        type            zeroGradient;
    }
    defaultFaces
    {
        type            empty;
    }
}


// ************************************************************************* //
