/*--------------------------------*- C++ -*----------------------------------*\
| =========                 |                                                 |
| \\      /  F ield         | OpenFOAM: The Open Source CFD Toolbox           |
|  \\    /   O peration     | Version:  2412                                  |
|   \\  /    A nd           | Website:  www.openfoam.com                      |
|    \\/     M anipulation  |                                                 |
\*---------------------------------------------------------------------------*/
FoamFile
{
    version     2.0;
    format      ascii;
    arch        "LSB;label=32;scalar=64";
    class       volScalarField;
    location    "1";
    object      Ma;
}
// * * * * * * * * * * * * * * * * * * * * * * * * * * * * * * * * * * * * * //

dimensions      [0 0 0 0 0 0 0];

internalField   nonuniform List<scalar> 
7000
(
3.00001
3.00001
3.00001
3.00001
3.00001
3.00001
3.00001
3.00001
3.00001
3.00001
3.00001
3.00001
3.00001
3.00001
3
3.00002
2.99998
3.00011
3.00011
3.00079
2.99835
3.0079
2.95173
3.14287
2.86585
2.48862
1.67013
0.899904
0.331713
0.339858
0.375881
0.390378
0.373444
0.343513
0.311283
0.286581
0.268083
0.251579
0.233592
0.213451
0.194035
0.17516
0.157798
0.140293
0.1209
0.100975
0.0828093
0.0662463
0.0471868
0.0262211
3.00001
3.00001
3.00001
3.00001
3.00001
3.00001
3.00001
3.00001
3.00001
3.00001
3.00001
3.00001
3.00001
3.00001
3
3.00001
2.99997
3.00011
3.00012
3.00083
2.99842
3.00795
2.95215
3.14242
2.86665
2.4906
1.67425
0.903944
0.339461
0.349951
0.38663
0.400343
0.382219
0.351644
0.319067
0.293455
0.273262
0.254664
0.234597
0.212856
0.192394
0.172942
0.155322
0.137647
0.118169
0.0981686
0.0797196
0.0631239
0.0458065
0.0317598
3.00001
3.00001
3.00001
3.00001
3.00001
3.00001
3.00001
3.00001
3.00001
3.00001
3.00001
3.00001
3.00001
3.00001
3
3.00001
2.99997
3.00008
3.00011
3.00093
2.99859
3.00813
2.95263
3.14223
2.86771
2.49411
1.67943
0.908247
0.339671
0.347145
0.383998
0.398008
0.380178
0.350062
0.318124
0.293294
0.273879
0.256043
0.236644
0.215173
0.194843
0.175469
0.157867
0.140123
0.120462
0.100207
0.0815862
0.065733
0.0517951
0.0445555
3.00001
3.00001
3.00001
3.00001
3.00001
3.00001
3.00001
3.00001
3.00001
3.00001
3.00001
3.00001
3.00001
3.00001
3
3
2.99995
3.00007
3.00011
3.00107
2.9989
3.00843
2.95372
3.14211
2.86983
2.49979
1.68836
0.916667
0.343929
0.347493
0.384127
0.398253
0.380592
0.350634
0.31881
0.293872
0.274309
0.256514
0.23743
0.216568
0.19697
0.178356
0.161481
0.144368
0.125217
0.105376
0.0873
0.0728275
0.0621202
0.0587084
3.00001
3.00001
3.00001
3.00001
3.00001
3.00001
3.00001
3.00001
3.00001
3.00001
3.00001
3.00001
3.00001
3.00001
3
3
2.99994
3.00007
3.00013
3.00123
2.99929
3.00874
2.95515
3.1416
2.87255
2.50753
1.70113
0.928803
0.349763
0.347125
0.383347
0.397859
0.380451
0.350722
0.31934
0.294993
0.275885
0.258552
0.239971
0.219656
0.200698
0.182815
0.166746
0.150491
0.1322
0.113203
0.096136
0.0832577
0.0749471
0.0732532
3.00001
3.00001
3.00001
3.00001
3.00001
3.00001
3.00001
3.00001
3.00001
3.00001
3.00001
3.00001
3.00001
3.00001
3
3
2.99993
3.00008
3.00021
3.00151
2.99981
3.00917
2.95707
3.14031
2.87764
2.51994
1.7214
0.947355
0.36264
0.353286
0.38823
0.401817
0.383475
0.353587
0.322681
0.299006
0.280443
0.263499
0.245239
0.225241
0.206696
0.189355
0.173978
0.158602
0.141295
0.123347
0.10755
0.0962462
0.0895281
0.0883703
3.00001
3.00001
3.00001
3.00001
3.00001
3.00001
3.00001
3.00001
3.00001
3.00001
3.00001
3.00001
3.00001
3.00001
3
3.00001
2.99993
3.00011
3.00024
3.00176
3.00033
3.00981
2.95913
3.13972
2.88358
2.53409
1.74441
0.968929
0.376771
0.359994
0.394609
0.40795
0.389389
0.359889
0.32957
0.306271
0.287903
0.271013
0.252847
0.233008
0.214764
0.1979
0.18317
0.168664
0.152387
0.135618
0.121171
0.111262
0.105552
0.104315
3.00001
3.00001
3.00001
3.00001
3.00001
3.00001
3.00001
3.00001
3.00001
3.00001
3.00001
3.00001
3.00001
3.00001
3.00001
3.00002
2.99995
3.00017
3.00021
3.00189
3.00073
3.01007
2.96229
3.13797
2.88821
2.54895
1.77022
0.994684
0.386424
0.358989
0.3956
0.411478
0.395165
0.367623
0.338502
0.315721
0.297519
0.280583
0.262448
0.24268
0.2247
0.208328
0.194271
0.180678
0.165472
0.149919
0.13678
0.12804
0.122954
0.121296
3.00001
3.00001
3.00001
3.00001
3.00001
3.00001
3.00001
3.00001
3.00001
3.00001
3.00001
3.00001
3.00001
3.00001
3.00001
3.00001
2.99997
3.00014
3.00016
3.00197
3.00087
3.0121
2.96485
3.14216
2.89665
2.56218
1.80701
1.02994
0.400211
0.360537
0.39677
0.413982
0.399416
0.373726
0.346043
0.324231
0.306714
0.290316
0.27276
0.253548
0.236157
0.220495
0.207248
0.194672
0.180596
0.166243
0.154298
0.146493
0.141758
0.139527
3.00001
3.00001
3.00001
3.00001
3.00001
3.00001
3.00001
3.00001
3.00001
3.00001
3.00001
3.00001
3.00001
3.00001
3
3.00001
3
3.00011
3.00015
3.00131
3.00085
3.00989
2.97847
3.13907
2.89012
2.60911
1.87621
1.09184
0.423522
0.370525
0.403911
0.419916
0.405847
0.381382
0.354792
0.333937
0.317052
0.30123
0.284385
0.265908
0.249275
0.234482
0.222167
0.210716
0.197821
0.184652
0.173791
0.166765
0.162195
0.159316
3.00001
3.00001
3.00001
3.00001
3.00001
3.00001
3.00001
3.00001
3.00001
3.00001
3.00001
3.00001
3.00001
3
3
2.99999
2.99998
2.99999
2.99998
3.00054
3.00007
3.00632
2.98455
3.11352
2.896
2.67393
1.92613
1.14158
0.440533
0.373547
0.407159
0.42471
0.41281
0.39067
0.365674
0.345857
0.329498
0.314156
0.297923
0.280117
0.264266
0.250436
0.23916
0.228939
0.217299
0.205293
0.19538
0.18898
0.184582
0.181051
3.00001
3.00001
3.00001
3.00001
3.00001
3.00001
3.00001
3.00001
3.00001
3.00001
3.00001
3.00001
3.00001
3
3
2.99999
2.99997
2.99993
2.99976
2.99975
2.99912
3.00541
2.97921
3.12247
2.90263
2.67459
1.95623
1.19062
0.474965
0.382343
0.41382
0.432274
0.422667
0.403007
0.379646
0.360503
0.344378
0.329394
0.313698
0.296551
0.281484
0.268614
0.258417
0.249553
0.239233
0.228344
0.219268
0.213472
0.209125
0.205006
3.00001
3.00001
3.00001
3.00001
3.00001
3.00001
3.00001
3.00001
3.00001
3.00001
3.00001
3.00001
3.00001
3
3
2.99998
2.99997
2.99989
2.99972
2.99939
2.99831
2.99964
2.99208
3.02753
2.94572
2.76664
2.08419
1.29461
0.521778
0.397476
0.423254
0.441657
0.434377
0.417614
0.39634
0.377567
0.361613
0.347024
0.331941
0.315368
0.300954
0.289063
0.280016
0.272582
0.263647
0.253915
0.245688
0.24047
0.236483
0.231966
3.00001
3.00001
3.00001
3.00001
3.00001
3.00001
3.00001
3.00001
3.00001
3.00001
3.00001
3.00001
3.00001
3
3
2.99997
2.99996
2.9998
2.99974
2.99886
2.99827
2.99401
2.98815
2.97988
2.93021
2.84726
2.18317
1.40311
0.581144
0.416605
0.437111
0.453411
0.449456
0.435784
0.417066
0.398164
0.382005
0.367545
0.352856
0.336851
0.323128
0.31217
0.304246
0.298338
0.2909
0.282529
0.275207
0.270833
0.267216
0.262259
3.00001
3.00001
3.00001
3.00001
3.00001
3.00001
3.00001
3.00001
3.00001
3.00001
3.00001
3.00001
3.00001
3
3
2.99997
2.99996
2.9998
2.99973
2.99883
2.99825
2.99349
2.98738
2.95673
2.93842
2.77609
2.34152
1.54973
0.659789
0.439597
0.451423
0.464452
0.466818
0.457245
0.441232
0.422264
0.405609
0.390922
0.376244
0.360767
0.347813
0.337854
0.331133
0.326791
0.320937
0.314047
0.308202
0.304902
0.302357
0.297622
3.00001
3.00001
3.00001
3.00001
3.00001
3.00001
3.00001
3.00001
3.00001
3.00001
3.00001
3.00001
3.00001
3
3
2.99998
2.99997
2.99983
2.99974
2.99893
2.99853
2.99329
2.99146
2.96233
2.94866
2.75161
2.4942
1.74372
0.774256
0.484777
0.4668
0.476013
0.486032
0.481683
0.468092
0.44952
0.431739
0.416376
0.401525
0.386812
0.374898
0.366216
0.360926
0.358558
0.354663
0.349579
0.345175
0.34391
0.343032
0.338831
3.00001
3.00001
3.00001
3.00001
3.00001
3.00001
3.00001
3.00001
3.00001
3.00001
3.00001
3.00001
3.00001
3
3
2.99998
2.99998
2.99989
2.99979
2.99924
2.99879
2.99486
2.99215
2.96726
2.95209
2.80452
2.57408
1.90522
0.945539
0.560133
0.475631
0.485852
0.506439
0.508146
0.496389
0.478123
0.458629
0.442275
0.427544
0.4142
0.403912
0.396952
0.393577
0.39347
0.391926
0.389511
0.388045
0.389306
0.391811
0.390406
3.00001
3.00001
3.00001
3.00001
3.00001
3.00001
3.00001
3.00001
3.00001
3.00001
3.00001
3.00001
3.00001
3.00001
3
3
2.99997
2.99995
2.99982
2.99943
2.99898
2.99561
2.99391
2.9764
2.95112
2.85023
2.65084
2.07874
1.15096
0.656875
0.481388
0.497864
0.52718
0.534198
0.52251
0.503442
0.482383
0.466222
0.453109
0.441867
0.43389
0.429345
0.42832
0.430956
0.43279
0.43425
0.436805
0.443892
0.452018
0.456226
3.00001
3.00001
3.00001
3.00001
3.00001
3.00001
3.00001
3.00001
3.00001
3.00001
3.00001
3.00001
3.00001
3.00001
3.00001
3.00001
3.00001
3.00004
2.99995
3.00039
2.99918
2.99856
2.98906
2.99132
2.95523
2.92687
2.72628
2.25857
1.36248
0.762332
0.47711
0.499518
0.535187
0.548068
0.538286
0.520771
0.50163
0.48753
0.477201
0.469514
0.464925
0.463467
0.465138
0.471569
0.478657
0.485499
0.494623
0.509666
0.531812
0.554057
3.00001
3.00001
3.00001
3.00001
3.00001
3.00001
3.00001
3.00001
3.00001
3.00001
3.00001
3.00001
3.00001
3.00001
3.00001
3.00001
3.00001
3.00003
2.99996
3.00037
2.99915
2.99878
2.98605
2.99444
2.92399
3.11892
2.79675
2.36594
1.51237
0.832657
0.457006
0.490521
0.532289
0.554276
0.548458
0.533333
0.517225
0.506543
0.500301
0.496547
0.495686
0.498001
0.503755
0.514953
0.527819
0.541942
0.560793
0.591997
0.640607
0.723953
3.00001
3.00001
3.00001
3.00001
3.00001
3.00001
3.00001
3.00001
3.00001
3.00001
3.00001
3.00001
3.00001
3.00001
3.00001
3.00001
2.99999
2.99999
2.99991
3
2.99939
2.99925
2.99349
3.00219
2.94455
3.12821
2.85711
2.4907
1.70357
0.959746
0.483418
0.494703
0.536259
0.561894
0.560127
0.548291
0.536176
0.529954
0.528191
0.5291
0.533524
0.542012
0.553911
0.571895
0.594787
0.620665
0.656947
0.713776
0.819181
0.971694
3.00001
3.00001
3.00001
3.00001
3.00001
3.00001
3.00001
3.00001
3.00001
3.00001
3.00001
3.00001
3.00001
3.00001
3.00001
3.00001
3.00001
3.00002
3.00003
3.00014
3.00015
3.00151
3.00032
3.00961
2.96641
3.12809
2.90717
2.60738
1.90977
1.15617
0.556058
0.501432
0.538703
0.56482
0.566819
0.559617
0.552555
0.550643
0.553068
0.558475
0.568682
0.582919
0.600365
0.624078
0.656438
0.694915
0.744803
0.815985
0.939661
1.09685
3.00001
3.00001
3.00001
3.00001
3.00001
3.00001
3.00001
3.00001
3.00001
3.00001
3.00001
3.00001
3.00001
3.00001
3.00001
3.00001
3
3
2.99999
2.99998
2.9999
2.99989
2.99918
2.99987
2.99274
3.00789
2.9443
2.80151
2.1315
1.37621
0.649991
0.534443
0.556389
0.57539
0.579945
0.576039
0.573202
0.57493
0.580381
0.590421
0.605939
0.624843
0.647099
0.674667
0.711861
0.757987
0.816469
0.889026
0.998149
1.12697
3.00001
3.00001
3.00001
3.00001
3.00001
3.00001
3.00001
3.00001
3.00001
3.00001
3.00001
3.00001
3.00001
3.00001
3.00001
3
3
2.99998
2.99997
2.99988
2.99979
2.99922
2.99863
2.99517
2.99145
2.97015
2.93365
2.76667
2.42154
1.69931
0.840843
0.600149
0.58931
0.602957
0.609938
0.608911
0.608482
0.611734
0.619306
0.632549
0.650672
0.671805
0.696472
0.725861
0.763072
0.810037
0.868301
0.938331
1.03072
1.13419
3.00001
3.00001
3.00001
3.00001
3.00001
3.00001
3.00001
3.00001
3.00001
3.00001
3.00001
3.00001
3.00001
3.00001
3.00001
3
3
2.99998
2.99998
2.99987
2.99981
2.99925
2.99893
2.99583
2.9936
2.97472
2.95181
2.82404
2.64194
2.02792
1.12979
0.755493
0.65991
0.654436
0.655512
0.657046
0.656176
0.657979
0.66548
0.678819
0.696698
0.717991
0.743811
0.773631
0.80944
0.853639
0.907215
0.97144
1.05125
1.13726
3.00001
3.00001
3.00001
3.00001
3.00001
3.00001
3.00001
3.00001
3.00001
3.00001
3.00001
3.00001
3.00001
3.00001
3.00001
3.00001
3
3
2.99996
2.99995
2.99963
2.99959
2.99762
2.99675
2.98537
2.99258
2.92779
3.10849
2.81161
2.43065
1.62673
1.01026
0.723498
0.694438
0.700262
0.706711
0.709101
0.711488
0.717747
0.728511
0.744147
0.763619
0.787712
0.816759
0.850271
0.890705
0.938446
0.994829
1.06319
1.13656
3.00001
3.00001
3.00001
3.00001
3.00001
3.00001
3.00001
3.00001
3.00001
3.00001
3.00001
3.00001
3.00001
3.00001
3.00001
3.00001
3
3
2.99998
2.99997
2.99986
2.9998
2.99923
2.99876
2.99546
2.99269
2.9721
2.95475
2.85759
2.65022
2.07679
1.23102
0.838539
0.733372
0.733576
0.74552
0.757172
0.763216
0.769431
0.778525
0.791768
0.808872
0.829866
0.856325
0.886776
0.922841
0.96523
1.01524
1.07443
1.1376
3.00001
3.00001
3.00001
3.00001
3.00001
3.00001
3.00001
3.00001
3.00001
3.00001
3.00001
3.00001
3.00001
3.00001
3.00001
3.00001
3.00001
3
3
2.99996
2.99995
2.9997
2.99967
2.99802
2.99727
2.98746
2.9948
2.93664
3.10828
2.83713
2.47628
1.73046
1.11383
0.790295
0.765714
0.779745
0.796956
0.808078
0.815021
0.823075
0.834393
0.84949
0.867958
0.891382
0.918737
0.95093
0.987937
1.03173
1.08257
1.13613
3.00001
3.00001
3.00001
3.00001
3.00001
3.00001
3.00001
3.00001
3.00001
3.00001
3.00001
3.00001
3.00001
3.00001
3.00001
3.00001
3.00001
3.00001
3
3
2.99997
2.99995
2.9998
2.99969
2.99915
2.99734
2.99497
2.98339
3.00342
2.88128
2.75317
2.1374
1.44924
0.87617
0.79041
0.799772
0.817893
0.834342
0.843497
0.851865
0.863764
0.879719
0.897856
0.919615
0.944641
0.973758
1.00649
1.04463
1.08946
1.13557
3.00001
3.00001
3.00001
3.00001
3.00001
3.00001
3.00001
3.00001
3.00001
3.00001
3.00001
3.00001
3.00001
3.00001
3.00001
3.00001
3.00001
3.00001
3
3
2.99998
2.99997
2.99984
2.99978
2.99901
2.99872
2.99426
2.99152
2.96582
2.9495
2.78721
2.60305
1.99333
1.15087
0.885088
0.847906
0.854973
0.865953
0.875035
0.881971
0.892505
0.906864
0.925602
0.9462
0.969342
0.995464
1.02472
1.05822
1.0982
1.13908
3.00001
3.00001
3.00001
3.00001
3.00001
3.00001
3.00001
3.00001
3.00001
3.00001
3.00001
3.00001
3.00001
3.00001
3.00001
3.00001
3.00001
3.00001
3.00001
3
3
2.99996
2.99995
2.99963
2.99958
2.99772
2.99702
2.98918
2.99071
2.96074
2.98986
2.77766
2.44148
1.68223
1.15726
0.926541
0.897303
0.900354
0.910032
0.92044
0.930938
0.943438
0.959431
0.978862
0.999676
1.02401
1.05056
1.07869
1.11288
1.14856
3.00001
3.00001
3.00001
3.00001
3.00001
3.00001
3.00001
3.00001
3.00001
3.00001
3.00001
3.00001
3.00001
3.00001
3.00001
3.00001
3.00001
3.00001
3.00001
3.00001
3
2.99999
2.99998
2.9999
2.99991
2.99942
2.9994
2.99549
2.99649
2.97681
3.04263
2.89901
2.74693
2.15555
1.49981
1.0313
0.945827
0.932983
0.941841
0.955826
0.968216
0.978838
0.990663
1.00617
1.02515
1.04699
1.07252
1.10024
1.1315
1.16379
3.00001
3.00001
3.00001
3.00001
3.00001
3.00001
3.00001
3.00001
3.00001
3.00001
3.00001
3.00001
3.00001
3.00001
3.00001
3.00001
3.00001
3.00001
3.00001
3.00001
3
3
2.99998
2.99997
2.99986
2.99982
2.99927
2.99889
2.99583
3.00189
2.95856
3.10535
2.88385
2.62898
2.03078
1.37219
1.00361
0.968289
0.971225
0.983216
0.998629
1.01255
1.02374
1.0361
1.0511
1.06934
1.0916
1.11645
1.14583
1.17641
3.00001
3.00001
3.00001
3.00001
3.00001
3.00001
3.00001
3.00001
3.00001
3.00001
3.00001
3.00001
3.00001
3.00001
3.00001
3.00001
3.00001
3.00001
3.00001
3.00001
3.00001
3
3
2.99999
2.99997
2.99987
2.99982
2.99923
2.99895
2.99702
2.98944
2.97422
2.93288
2.77609
2.53368
1.94467
1.26165
1.04917
1.02274
1.02444
1.03168
1.04254
1.05425
1.06654
1.08135
1.09743
1.1161
1.13791
1.16293
1.19064
3.00001
3.00001
3.00001
3.00001
3.00001
3.00001
3.00001
3.00001
3.00001
3.00001
3.00001
3.00001
3.00001
3.00001
3.00001
3.00001
3.00001
3.00001
3.00001
3.00001
3.00001
3.00001
3.00001
3.00001
3.00001
3
3
2.99994
3.00012
2.99874
3.00265
2.9934
2.98397
2.91593
2.81448
2.502
1.82691
1.31218
1.10652
1.0768
1.07823
1.08503
1.09367
1.10275
1.11365
1.12687
1.14267
1.16254
1.18512
1.20895
3.00001
3.00001
3.00001
3.00001
3.00001
3.00001
3.00001
3.00001
3.00001
3.00001
3.00001
3.00001
3.00001
3.00001
3.00001
3.00001
3.00001
3.00001
3.00001
3.00001
3.00001
3.00001
3.00001
3.00001
3.00002
3.00002
3.00009
3.00004
3.00057
2.99931
2.99895
2.98549
2.98802
2.92038
3.07513
2.79827
2.43693
1.76708
1.32658
1.14061
1.11577
1.11834
1.1284
1.14122
1.15279
1.16357
1.176
1.19056
1.20905
1.22864
3.00001
3.00001
3.00001
3.00001
3.00001
3.00001
3.00001
3.00001
3.00001
3.00001
3.00001
3.00001
3.00001
3.00001
3.00001
3.00001
3.00001
3.00001
3.00001
3.00001
3.00001
3.00001
3.00001
3.00001
3.00001
3.00001
3.00001
3.00002
3.00001
3.00002
3.00011
2.99869
3.00066
2.99017
2.9773
2.89521
2.79925
2.4037
1.8078
1.36621
1.18263
1.15166
1.15187
1.16558
1.17986
1.19409
1.2071
1.22065
1.23605
1.25127
3.00001
3.00001
3.00001
3.00001
3.00001
3.00001
3.00001
3.00001
3.00001
3.00001
3.00001
3.00001
3.00001
3.00001
3.00001
3.00001
3.00001
3.00001
3.00001
3.00001
3.00001
3.00001
3.00001
3.00001
3.00001
3
3
2.99998
2.99997
2.99987
2.99974
2.99943
2.99764
2.99526
2.98311
2.99508
2.90855
2.81683
2.38192
1.88059
1.35239
1.20796
1.18724
1.19067
1.20487
1.21841
1.2341
1.24608
1.26085
1.27592
3.00001
3.00001
3.00001
3.00001
3.00001
3.00001
3.00001
3.00001
3.00001
3.00001
3.00001
3.00001
3.00001
3.00001
3.00001
3.00001
3.00001
3.00001
3.00001
3.00001
3.00001
3.00001
3.00001
3.00001
3.00001
3.00001
3.00001
3
3
2.99997
2.99996
2.99974
2.99974
2.99795
2.99921
2.99222
2.97928
2.91558
2.80284
2.47355
1.90844
1.46699
1.27384
1.23817
1.23679
1.2463
1.25846
1.27258
1.28497
1.30058
3.00001
3.00001
3.00001
3.00001
3.00001
3.00001
3.00001
3.00001
3.00001
3.00001
3.00001
3.00001
3.00001
3.00001
3.00001
3.00001
3.00001
3.00001
3.00001
3.00001
3.00001
3.00001
3.00001
3.00001
3.00001
3.00001
3.00001
3
3
2.99999
2.99998
2.99989
2.99986
2.9995
2.99886
2.99589
2.99413
2.975
2.93341
2.82493
2.46589
1.99551
1.50295
1.32497
1.28664
1.28444
1.28913
1.29979
1.31132
1.32549
3.00001
3.00001
3.00001
3.00001
3.00001
3.00001
3.00001
3.00001
3.00001
3.00001
3.00001
3.00001
3.00001
3.00001
3.00001
3.00001
3.00001
3.00001
3.00001
3.00001
3.00001
3.00001
3.00001
3.00001
3.00001
3.00001
3.00001
3.00001
3.00001
3
2.99999
2.99998
2.99985
2.99981
2.99902
2.99882
2.99414
2.99158
2.96932
2.93521
2.79774
2.56223
2.09368
1.60473
1.4014
1.34843
1.3382
1.33785
1.34199
1.35328
3.00001
3.00001
3.00001
3.00001
3.00001
3.00001
3.00001
3.00001
3.00001
3.00001
3.00001
3.00001
3.00001
3.00001
3.00001
3.00001
3.00001
3.00001
3.00001
3.00001
3.00001
3.00001
3.00001
3.00001
3.00001
3.00001
3.00001
3.00001
3.00001
3
3
3
2.99998
2.99999
2.99976
2.9994
2.99875
2.99513
2.99224
2.96974
2.95025
2.85814
2.64553
2.22052
1.75154
1.49736
1.41104
1.38564
1.38126
1.3856
3.00001
3.00001
3.00001
3.00001
3.00001
3.00001
3.00001
3.00001
3.00001
3.00001
3.00001
3.00001
3.00001
3.00001
3.00001
3.00001
3.00001
3.00001
3.00001
3.00001
3.00001
3.00001
3.00001
3.00001
3.00001
3.00001
3.00001
3.00001
3.00001
3.00001
3.00001
3
3
2.99998
2.99999
2.99988
2.9998
2.99931
2.99858
2.99521
2.98869
2.95772
2.90656
2.73782
2.37356
1.93892
1.57787
1.45397
1.42428
1.42219
3.00001
3.00001
3.00001
3.00001
3.00001
3.00001
3.00001
3.00001
3.00001
3.00001
3.00001
3.00001
3.00001
3.00001
3.00001
3.00001
3.00001
3.00001
3.00001
3.00001
3.00001
3.00001
3.00001
3.00001
3.00001
3.00001
3.00001
3.00001
3.00001
3.00001
3.00001
3.00001
3
3
2.99998
2.99996
2.99983
2.99974
2.99927
2.99787
2.9968
2.98392
2.98392
2.91978
2.83954
2.50626
2.1008
1.68882
1.5169
1.48699
3.00001
3.00001
3.00001
3.00001
3.00001
3.00001
3.00001
3.00001
3.00001
3.00001
3.00001
3.00001
3.00001
3.00001
3.00001
3.00001
3.00001
3.00001
3.00001
3.00001
3.00001
3.00001
3.00001
3.00001
3.00001
3.00001
3.00001
3.00001
3.00001
3.00001
3.00001
3.00001
3.00001
3.00001
3
2.99999
2.99995
2.99993
2.99966
2.9996
2.99801
2.99735
2.98839
2.98276
2.93518
2.87062
2.69038
2.29393
1.90952
1.65122
3.00001
3.00001
3.00001
3.00001
3.00001
3.00001
3.00001
3.00001
3.00001
3.00001
3.00001
3.00001
3.00001
3.00001
3.00001
3.00001
3.00001
3.00001
3.00001
3.00001
3.00001
3.00001
3.00001
3.00001
3.00001
3.00001
3.00001
3.00001
3.00001
3.00001
3.00001
3.00001
3.00001
3.00001
3.00001
3
3
2.99995
2.99994
2.99973
2.9996
2.99897
2.99728
2.99346
2.97923
2.96692
2.87939
2.78845
2.49783
2.08131
3.00001
3.00001
3.00001
3.00001
3.00001
3.00001
3.00001
3.00001
3.00001
3.00001
3.00001
3.00001
3.00001
3.00001
3.00001
3.00001
3.00001
3.00001
3.00001
3.00001
3.00001
3.00001
3.00001
3.00001
3.00001
3.00001
3.00001
3.00001
3.00001
3.00001
3.00001
3.00001
3.00001
3.00001
3.00001
3.00001
3
3
2.99996
2.99995
2.99974
2.99971
2.99845
2.99834
2.99165
2.99588
2.96404
2.96869
2.82319
2.63189
3.00001
3.00001
3.00001
3.00001
3.00001
3.00001
3.00001
3.00001
3.00001
3.00001
3.00001
3.00001
3.00001
3.00001
3.00001
3.00001
3.00001
3.00001
3.00001
3.00001
3.00001
3.00001
3.00001
3.00001
3.00001
3.00001
3.00001
3.00001
3.00001
3.00001
3.00001
3.00001
3.00001
3.00001
3.00001
3.00001
3.00001
3.00001
3.00001
3
3.00005
2.9999
2.99984
2.99829
2.9988
2.9917
3.01399
2.97647
2.9341
2.80946
3.00001
3.00001
3.00001
3.00001
3.00001
3.00001
3.00001
3.00001
3.00001
3.00001
3.00001
3.00001
3.00001
3.00001
3.00001
3.00001
3.00001
3.00001
3.00001
3.00001
3.00001
3.00001
3.00001
3.00001
3.00001
3.00001
3.00001
3.00001
3.00001
3.00001
3.00001
3.00001
3.00001
3.00001
3.00001
3.00001
3.00001
3.00001
3.00001
3
3.00002
2.99997
2.99996
2.99951
2.99987
2.99696
3.00694
2.99076
2.97189
2.91563
3.00001
3.00001
3.00001
3.00001
3.00001
3.00001
3.00001
3.00001
3.00001
3.00001
3.00001
3.00001
3.00001
3.00001
3.00001
3.00001
3.00001
3.00001
3.00001
3.00001
3.00001
3.00001
3.00001
3.00001
3.00001
3.00001
3.00001
3.00001
3.00001
3.00001
3.00001
3.00001
3.00001
3.00001
3.00001
3.00001
3.00001
3.00001
3.00001
3
2.99999
2.99999
2.99992
2.99992
2.99961
2.99947
2.99686
2.99722
2.98745
2.9782
3.00001
3.00001
3.00001
3.00001
3.00001
3.00001
3.00001
3.00001
3.00001
3.00001
3.00001
3.00001
3.00001
3.00001
3.00001
3.00001
3.00001
3.00001
3.00001
3.00001
3.00001
3.00001
3.00001
3.00001
3.00001
3.00001
3.00001
3.00001
3.00001
3.00001
3.00001
3.00001
3.00001
3.00001
3.00001
3.00001
3.00001
3.00001
3.00001
3.00001
3.00001
3.00002
2.99999
3.00011
2.99993
2.99977
2.99898
2.99791
2.99344
2.98337
3.00001
3.00001
3.00001
3.00001
3.00001
3.00001
3.00001
3.00001
3.00001
3.00001
3.00001
3.00001
3.00001
3.00001
3.00001
3.00001
3.00001
3.00001
3.00001
3.00001
3.00001
3.00001
3.00001
3.00001
3.00001
3.00001
3.00001
3.00001
3.00001
3.00001
3.00001
3.00001
3.00001
3.00001
3.00001
3.00001
3.00001
3.00001
3.00001
3.00001
3.00001
3.00001
3
3.00005
2.99997
2.99988
2.99964
2.99903
2.99694
2.99294
3.00001
3.00001
3.00001
3.00001
3.00001
3.00001
3.00001
3.00001
3.00001
3.00001
3.00001
3.00001
3.00001
3.00001
3.00001
3.00001
3.00001
3.00001
3.00001
3.00001
3.00001
3.00001
3.00001
3.00001
3.00001
3.00001
3.00001
3.00001
3.00001
3.00001
3.00001
3.00001
3.00001
3.00001
3.00001
3.00001
3.00001
3.00001
3.00001
3.00001
3.00001
3.00001
3.00001
3.00003
2.99999
2.99997
2.9998
2.99958
2.99856
2.99693
3.00001
3.00001
3.00001
3.00001
3.00001
3.00001
3.00001
3.00001
3.00001
3.00001
3.00001
3.00001
3.00001
3.00001
3.00001
3.00001
3.00001
3.00001
3.00001
3.00001
3.00001
3.00001
3.00001
3.00001
3.00001
3.00001
3.00001
3.00001
3.00001
3.00001
3.00001
3.00001
3.00001
3.00001
3.00001
3.00001
3.00001
3.00001
3.00001
3.00001
3.00001
3.00001
3.00001
3.00002
3
2.99999
2.99992
2.99983
2.99941
2.99867
3.00001
3.00001
3.00001
3.00001
3.00001
3.00001
3.00001
3.00001
3.00001
3.00001
3.00001
3.00001
3.00001
3.00001
3.00001
3.00001
3.00001
3.00001
3.00001
3.00001
3.00001
3.00001
3.00001
3.00001
3.00001
3.00001
3.00001
3.00001
3.00001
3.00001
3.00001
3.00001
3.00001
3.00001
3.00001
3.00001
3.00001
3.00001
3.00001
3.00001
3.00001
3.00001
3.00001
3.00001
3
3
2.99995
2.99994
2.9998
2.99961
3.00001
3.00001
3.00001
3.00001
3.00001
3.00001
3.00001
3.00001
3.00001
3.00001
3.00001
3.00001
3.00001
3.00001
3.00001
3.00001
3.00001
3.00001
3.00001
3.00001
3.00001
3.00001
3.00001
3.00001
3.00001
3.00001
3.00001
3.00001
3.00001
3.00001
3.00001
3.00001
3.00001
3.00001
3.00001
3.00001
3.00001
3.00001
3.00001
3.00001
3.00001
3.00001
3.00001
3.00001
3
3
2.99998
2.99998
2.99992
2.99983
3.00001
3.00001
3.00001
3.00001
3.00001
3.00001
3.00001
3.00001
3.00001
3.00001
3.00001
3.00001
3.00001
3.00001
3.00001
3.00001
3.00001
3.00001
3.00001
3.00001
3.00001
3.00001
3.00001
3.00001
3.00001
3.00001
3.00001
3.00001
3.00001
3.00001
3.00001
3.00001
3.00001
3.00001
3.00001
3.00001
3.00001
3.00001
3.00001
3.00001
3.00001
3.00001
3.00001
3.00001
3.00001
3.00001
3
3
2.99997
2.99993
3.00001
3.00001
3.00001
3.00001
3.00001
3.00001
3.00001
3.00001
3.00001
3.00001
3.00001
3.00001
3.00001
3.00001
3.00001
3.00001
3.00001
3.00001
3.00001
3.00001
3.00001
3.00001
3.00001
3.00001
3.00001
3.00001
3.00001
3.00001
3.00001
3.00001
3.00001
3.00001
3.00001
3.00001
3.00001
3.00001
3.00001
3.00001
3.00001
3.00001
3.00001
3.00001
3.00001
3.00001
3.00001
3.00001
3.00001
3
3
2.99997
3.00001
3.00001
3.00001
3.00001
3.00001
3.00001
3.00001
3.00001
3.00001
3.00001
3.00001
3.00001
3.00001
3.00001
3.00001
3.00001
3.00001
3.00001
3.00001
3.00001
3.00001
3.00001
3.00001
3.00001
3.00001
3.00001
3.00001
3.00001
3.00001
3.00001
3.00001
3.00001
3.00001
3.00001
3.00001
3.00001
3.00001
3.00001
3.00001
3.00001
3.00001
3.00001
3.00001
3.00001
3.00001
3.00001
3.00001
3.00001
3
2.99999
3.00001
3.00001
3.00001
3.00001
3.00001
3.00001
3.00001
3.00001
3.00001
3.00001
3.00001
3.00001
3.00001
3.00001
3.00001
3.00001
3.00001
3.00001
3.00001
3.00001
3.00001
3.00001
3.00001
3.00001
3.00001
3.00001
3.00001
3.00001
3.00001
3.00001
3.00001
3.00001
3.00001
3.00001
3.00001
3.00001
3.00001
3.00001
3.00001
3.00001
3.00001
3.00001
3.00001
3.00001
3.00001
3.00001
3.00001
3.00001
3
3
1.35879
1.52653
1.55887
1.49848
1.41601
1.3245
1.23577
1.17204
1.15086
1.15351
1.15573
1.15589
1.15298
1.1506
1.14844
1.14687
1.15029
1.15578
1.1625
1.17011
1.17903
1.18868
1.19813
1.20737
1.21619
1.22491
1.23383
1.24289
1.25199
1.26102
1.26991
1.27871
1.28747
1.29618
1.30491
1.31375
1.32271
1.33179
1.3409
1.34999
1.35899
1.36794
1.37687
1.38581
1.39477
1.40376
1.41274
1.42165
1.43044
1.43907
1.44749
1.45572
1.46371
1.47149
1.47899
1.48624
1.49314
1.4997
1.50587
1.51166
1.51705
1.52201
1.52657
1.53074
1.5346
1.53814
1.5413
1.54408
1.54649
1.54854
1.55017
1.55138
1.55225
1.55291
1.55343
1.55382
1.55424
1.5546
1.55554
1.55623
1.55832
1.55979
1.56327
1.56623
1.56972
1.5741
1.57639
1.5813
1.58381
1.58882
1.59201
1.59916
1.60517
1.61884
1.62983
1.65443
1.67158
1.70859
1.72879
1.78531
1.33349
1.43377
1.47737
1.50113
1.53086
1.57034
1.59815
1.60235
1.59124
1.56943
1.54107
1.5264
1.51927
1.52252
1.5255
1.5292
1.53285
1.53625
1.53979
1.54369
1.54822
1.55366
1.55982
1.56656
1.57358
1.58071
1.58795
1.59525
1.60254
1.60981
1.61707
1.62422
1.63108
1.63756
1.64377
1.64991
1.65613
1.66252
1.66917
1.67603
1.68297
1.69009
1.69756
1.70517
1.71268
1.72001
1.72714
1.73409
1.74087
1.74754
1.75412
1.76064
1.76709
1.77341
1.77955
1.78548
1.79119
1.79666
1.80187
1.80679
1.81142
1.81576
1.81978
1.82339
1.82658
1.82939
1.83171
1.83356
1.83502
1.83609
1.83683
1.83724
1.8374
1.83742
1.83729
1.83694
1.83627
1.83524
1.83413
1.83265
1.83121
1.8301
1.82891
1.82823
1.82789
1.82906
1.82971
1.83286
1.83421
1.83831
1.83983
1.84402
1.84558
1.85013
1.8524
1.85882
1.86316
1.87415
1.87988
1.90284
1.29891
1.39038
1.46886
1.55103
1.63845
1.7159
1.76751
1.78278
1.78364
1.7735
1.7549
1.73067
1.71743
1.70643
1.70595
1.70702
1.7084
1.7101
1.71226
1.71455
1.71753
1.72165
1.72658
1.73223
1.73894
1.7465
1.75434
1.76224
1.76995
1.77724
1.78407
1.79073
1.79696
1.80213
1.80623
1.81022
1.81437
1.8189
1.82396
1.82956
1.83561
1.84202
1.84865
1.85537
1.86209
1.86875
1.87529
1.88164
1.88773
1.89355
1.89913
1.90455
1.90985
1.91509
1.92027
1.92531
1.93028
1.93526
1.94007
1.94455
1.94871
1.95258
1.95616
1.95941
1.96233
1.96496
1.96725
1.9691
1.97052
1.97149
1.97217
1.97259
1.9726
1.9722
1.97184
1.97117
1.97025
1.96905
1.96787
1.96643
1.9648
1.96342
1.96193
1.96059
1.95933
1.9588
1.95823
1.95923
1.95935
1.96165
1.96216
1.96518
1.96594
1.96955
1.97101
1.97644
1.97962
1.98978
1.99513
2.01825
1.28423
1.37858
1.46711
1.5497
1.62988
1.69957
1.76205
1.81315
1.84996
1.86637
1.8688
1.86704
1.85676
1.84101
1.83048
1.821
1.8186
1.81746
1.8172
1.81938
1.82335
1.82785
1.83328
1.8405
1.84867
1.85708
1.86551
1.87366
1.88132
1.88827
1.89461
1.90071
1.90606
1.91006
1.91347
1.91696
1.92076
1.92503
1.92984
1.93519
1.94103
1.94724
1.95365
1.96009
1.96643
1.97255
1.97832
1.98374
1.98885
1.99373
1.99841
2.00297
2.00745
2.01184
2.01615
2.02036
2.02446
2.02843
2.03221
2.0358
2.03914
2.0422
2.04502
2.04762
2.04998
2.05206
2.05391
2.05538
2.05658
2.0574
2.05784
2.05793
2.05775
2.05705
2.05658
2.05605
2.05495
2.05383
2.05276
2.05177
2.0506
2.04955
2.04852
2.04793
2.04717
2.04739
2.04706
2.04837
2.04853
2.05096
2.0516
2.05502
2.05619
2.06091
2.06326
2.07078
2.07517
2.08773
2.0941
2.11883
1.27106
1.36411
1.45055
1.53169
1.60933
1.68064
1.74787
1.8075
1.8622
1.90168
1.92643
1.93477
1.9357
1.93345
1.92394
1.91276
1.90298
1.89481
1.89299
1.8951
1.89822
1.90321
1.91014
1.91789
1.92563
1.93332
1.94066
1.94744
1.95354
1.95924
1.9647
1.96926
1.97283
1.97641
1.98039
1.98499
1.99025
1.99622
2.00268
2.00932
2.01629
2.02347
2.03043
2.03706
2.04351
2.04961
2.05498
2.05943
2.06357
2.06753
2.07145
2.07537
2.07932
2.0833
2.08722
2.09102
2.0947
2.09813
2.10134
2.10427
2.10692
2.10927
2.11143
2.11332
2.11506
2.11651
2.11783
2.1189
2.11975
2.1203
2.12056
2.12035
2.1201
2.11978
2.11915
2.11865
2.11839
2.11772
2.11703
2.11652
2.11587
2.11542
2.11481
2.11471
2.11419
2.11457
2.11431
2.1155
2.11571
2.1181
2.11906
2.12312
2.12523
2.13183
2.13568
2.14606
2.15219
2.16779
2.17561
2.2022
1.25636
1.34528
1.4288
1.50789
1.58352
1.65423
1.72036
1.78111
1.8351
1.88356
1.92618
1.95827
1.97837
1.98563
1.98545
1.98312
1.97776
1.97068
1.96568
1.96377
1.96406
1.96722
1.97131
1.9761
1.98225
1.98941
1.99632
2.00239
2.00792
2.01297
2.01692
2.02029
2.02399
2.02832
2.03343
2.03932
2.0456
2.05233
2.05985
2.06769
2.0753
2.08244
2.08903
2.09531
2.1012
2.10628
2.11067
2.11495
2.11928
2.12374
2.12835
2.13304
2.13775
2.14232
2.14668
2.15075
2.15445
2.15779
2.16084
2.16361
2.1661
2.16838
2.17052
2.17244
2.1741
2.17558
2.17685
2.17775
2.17839
2.17882
2.179
2.17876
2.17854
2.17844
2.17832
2.17804
2.1779
2.17803
2.17777
2.17759
2.1773
2.17714
2.17665
2.17632
2.17571
2.17548
2.17502
2.17545
2.17563
2.17766
2.17893
2.18341
2.18628
2.19421
2.19915
2.21131
2.21867
2.23597
2.24445
2.27161
1.24319
1.32643
1.40571
1.48198
1.55494
1.62443
1.68959
1.75101
1.80704
1.85923
1.90568
1.94629
1.97929
2.00237
2.01564
2.02435
2.02634
2.02798
2.02717
2.02494
2.02318
2.02187
2.02292
2.02613
2.02967
2.03356
2.03811
2.04286
2.04673
2.04998
2.05346
2.05747
2.06215
2.06759
2.07346
2.07981
2.08716
2.09521
2.10318
2.11078
2.11781
2.12424
2.13036
2.13607
2.14103
2.14564
2.15036
2.15524
2.1603
2.1655
2.17077
2.17604
2.18118
2.18606
2.19059
2.19469
2.19838
2.2017
2.20472
2.20753
2.21014
2.2125
2.21472
2.2167
2.21833
2.21964
2.22071
2.2214
2.22177
2.22201
2.22208
2.22186
2.22176
2.22183
2.2219
2.22207
2.22219
2.22226
2.22227
2.22229
2.22208
2.22181
2.22133
2.22086
2.22028
2.21999
2.21976
2.22037
2.22092
2.22341
2.22539
2.23107
2.23504
2.24493
2.25146
2.26627
2.27508
2.29459
2.30429
2.33427
1.22804
1.3042
1.37762
1.44926
1.51833
1.58495
1.64838
1.70867
1.76472
1.81707
1.86523
1.90829
1.94713
1.98433
2.01414
2.03737
2.05412
2.06455
2.06955
2.07257
2.07433
2.07407
2.07318
2.07307
2.07275
2.07217
2.07208
2.07175
2.07241
2.07544
2.08014
2.08579
2.09176
2.09846
2.10639
2.11496
2.1237
2.13219
2.14007
2.14719
2.15357
2.15958
2.16524
2.17018
2.17485
2.17974
2.18489
2.19023
2.19573
2.2013
2.20686
2.21229
2.21749
2.22235
2.2268
2.23085
2.23454
2.23792
2.2411
2.24407
2.24687
2.2494
2.25178
2.25384
2.25555
2.25694
2.25804
2.25876
2.25921
2.25956
2.25977
2.25958
2.25956
2.25961
2.25983
2.25997
2.25976
2.25957
2.25918
2.25874
2.2579
2.25714
2.25598
2.25524
2.25414
2.25383
2.25362
2.25452
2.2558
2.25946
2.26268
2.27021
2.27571
2.28771
2.29557
2.31224
2.32228
2.34317
2.35321
2.38621
1.21531
1.28366
1.35123
1.41782
1.48267
1.54567
1.60648
1.66499
1.72099
1.77408
1.82441
1.87194
1.91563
1.95668
1.99405
2.02791
2.05671
2.0775
2.09241
2.10485
2.11044
2.11232
2.1135
2.11259
2.10823
2.10332
2.09902
2.09639
2.09579
2.09827
2.10296
2.10901
2.11694
2.12641
2.13626
2.1461
2.15541
2.16372
2.17081
2.17692
2.18265
2.18776
2.19203
2.19645
2.20125
2.20654
2.21228
2.2182
2.22428
2.2305
2.2364
2.24204
2.24748
2.2525
2.25688
2.26076
2.26434
2.26769
2.2709
2.27395
2.27687
2.27953
2.28204
2.28425
2.28613
2.28766
2.28887
2.28972
2.29029
2.29058
2.29057
2.2901
2.28992
2.28967
2.289
2.28787
2.28597
2.28401
2.28141
2.2788
2.27548
2.27258
2.2693
2.267
2.2648
2.26418
2.26424
2.26595
2.2685
2.27405
2.27929
2.2894
2.2969
2.31153
2.32111
2.33999
2.35146
2.374
2.3842
2.42496
1.20936
1.27134
1.334
1.39641
1.45756
1.51729
1.57546
1.63215
1.68721
1.74026
1.79133
1.84002
1.88612
1.92888
1.96962
2.00601
2.04023
2.07067
2.09561
2.11626
2.12893
2.13508
2.13805
2.13653
2.13209
2.12799
2.12463
2.12231
2.12314
2.12596
2.12978
2.13605
2.14444
2.15377
2.16356
2.17322
2.18183
2.18882
2.19479
2.20023
2.20455
2.20843
2.2127
2.21761
2.22323
2.22919
2.23557
2.24267
2.24979
2.25642
2.26241
2.26798
2.2733
2.27808
2.28212
2.28587
2.28946
2.29292
2.29632
2.29958
2.30272
2.30557
2.30819
2.31048
2.31237
2.31376
2.31479
2.31528
2.315
2.3144
2.31345
2.3115
2.30872
2.3051
2.30002
2.29441
2.28748
2.28052
2.27261
2.26568
2.25852
2.25295
2.24775
2.24512
2.24352
2.24444
2.24697
2.25153
2.25715
2.26658
2.27501
2.28938
2.29946
2.31725
2.32922
2.35126
2.365
2.39159
2.4004
2.45262
1.21011
1.26586
1.32394
1.38264
1.4405
1.49735
1.55314
1.60799
1.66142
1.71339
1.76369
1.81226
1.85875
1.90281
1.94464
1.98376
2.02018
2.05359
2.08361
2.10864
2.12594
2.13676
2.14414
2.14692
2.14745
2.14795
2.14924
2.1512
2.15362
2.15732
2.1629
2.16937
2.17563
2.18175
2.18861
2.19587
2.20211
2.20783
2.21265
2.21645
2.22068
2.22547
2.23093
2.23689
2.24321
2.25047
2.25851
2.26624
2.27336
2.27969
2.28537
2.29076
2.29568
2.29987
2.30371
2.30751
2.3113
2.31507
2.31882
2.32243
2.32588
2.32894
2.33165
2.33383
2.33534
2.33582
2.33545
2.33399
2.33142
2.3264
2.31941
2.31009
2.29852
2.28611
2.27181
2.25742
2.24273
2.22938
2.21621
2.20673
2.19988
2.19798
2.19885
2.20355
2.21019
2.21891
2.22867
2.24134
2.252
2.2677
2.27852
2.29574
2.30737
2.32708
2.33897
2.36116
2.37382
2.40186
2.40607
2.46579
1.21793
1.26727
1.32039
1.3754
1.43022
1.48412
1.53694
1.58895
1.63999
1.69022
1.73943
1.78746
1.83383
1.87834
1.92047
1.96038
1.9973
2.03042
2.05913
2.08362
2.1041
2.12102
2.13498
2.14596
2.15559
2.16394
2.17113
2.1773
2.18323
2.19006
2.19657
2.20186
2.20617
2.20978
2.21317
2.21649
2.21895
2.22122
2.22445
2.22896
2.23456
2.24077
2.24726
2.25456
2.26311
2.27182
2.28012
2.28762
2.29413
2.29981
2.30515
2.31005
2.31427
2.31821
2.32221
2.32635
2.33055
2.33476
2.33886
2.34269
2.34613
2.34885
2.35053
2.35086
2.34991
2.34702
2.34105
2.33117
2.31724
2.29959
2.27971
2.25716
2.23319
2.20861
2.18828
2.17542
2.16917
2.17025
2.17561
2.18496
2.1954
2.20752
2.21936
2.23316
2.24481
2.26064
2.27185
2.28853
2.29983
2.31712
2.32836
2.3466
2.358
2.37709
2.38877
2.40941
2.42087
2.44464
2.45047
2.49442
1.22635
1.2696
1.31716
1.36805
1.41998
1.47157
1.52223
1.57206
1.62124
1.67007
1.71804
1.76498
1.81045
1.85408
1.89513
1.93319
1.96783
1.99903
2.02701
2.05243
2.07572
2.09756
2.11869
2.13814
2.15542
2.17143
2.18547
2.19742
2.20802
2.21762
2.22587
2.23078
2.23355
2.23596
2.23721
2.23661
2.23532
2.23506
2.23753
2.24257
2.24876
2.25566
2.26392
2.27346
2.28302
2.29206
2.30018
2.30708
2.31288
2.3182
2.3231
2.32729
2.33121
2.33532
2.33966
2.34418
2.34869
2.35306
2.35699
2.36017
2.36158
2.36152
2.35976
2.3533
2.34256
2.32422
2.30185
2.27409
2.24364
2.20835
2.17688
2.15908
2.15171
2.15515
2.16363
2.17435
2.18582
2.19853
2.2104
2.22439
2.23653
2.25211
2.26376
2.28053
2.29221
2.30923
2.32089
2.33836
2.34978
2.36725
2.3786
2.39678
2.40846
2.42771
2.43954
2.46007
2.47192
2.49401
2.50377
2.53388
1.23675
1.27594
1.31797
1.36349
1.41196
1.46088
1.50944
1.55748
1.60502
1.65194
1.69785
1.74238
1.7851
1.82584
1.86439
1.90054
1.93423
1.9655
1.99461
2.02194
2.04849
2.07385
2.09901
2.12387
2.14762
2.16973
2.1902
2.20826
2.22384
2.23759
2.24705
2.25203
2.25557
2.25759
2.25694
2.25495
2.25328
2.25283
2.25482
2.25927
2.26506
2.27271
2.28236
2.29215
2.30154
2.31016
2.3176
2.32373
2.32916
2.33416
2.33841
2.34242
2.34658
2.35097
2.35549
2.35997
2.3641
2.36669
2.36807
2.36728
2.36248
2.35214
2.33222
2.30544
2.27267
2.23371
2.19087
2.15689
2.14273
2.14268
2.15096
2.16205
2.17376
2.18651
2.19881
2.21281
2.22558
2.24135
2.2537
2.27047
2.28244
2.2992
2.3111
2.328
2.3398
2.35696
2.36863
2.38598
2.39744
2.41494
2.42644
2.4448
2.45662
2.47608
2.48816
2.5088
2.52097
2.54259
2.55282
2.57846
1.25026
1.28593
1.32264
1.36345
1.40559
1.45074
1.4968
1.54271
1.58795
1.63209
1.67505
1.71684
1.75747
1.79657
1.83392
1.86939
1.90299
1.93498
1.96566
1.99527
2.02422
2.05266
2.08051
2.10785
2.13494
2.16094
2.1865
2.20954
2.22911
2.24571
2.25759
2.2643
2.26921
2.27172
2.27182
2.27165
2.27174
2.27311
2.27633
2.28064
2.28648
2.29427
2.30244
2.3109
2.31897
2.32621
2.33239
2.33791
2.34304
2.34749
2.35183
2.35635
2.361
2.36538
2.36911
2.37121
2.37183
2.36977
2.36154
2.343
2.31328
2.27733
2.23193
2.18194
2.14408
2.1303
2.13414
2.14482
2.15647
2.1695
2.18233
2.19677
2.21059
2.22625
2.23947
2.25557
2.26823
2.28482
2.29728
2.3142
2.32667
2.34369
2.3559
2.37321
2.38528
2.40279
2.41466
2.4324
2.44405
2.46197
2.47361
2.4923
2.50426
2.524
2.53611
2.55661
2.56864
2.58992
2.60005
2.6231
1.26479
1.29766
1.33089
1.36605
1.40538
1.44472
1.48632
1.52868
1.57108
1.61294
1.65412
1.69433
1.7334
1.77119
1.8076
1.84275
1.87661
1.90942
1.94136
1.97259
2.00326
2.03348
2.06336
2.09278
2.12171
2.14999
2.17686
2.20184
2.22409
2.24201
2.25638
2.26607
2.27353
2.27899
2.28245
2.2857
2.2895
2.29393
2.29864
2.30447
2.31128
2.31781
2.32397
2.32985
2.33549
2.34079
2.34584
2.35059
2.35494
2.35963
2.36452
2.36905
2.37223
2.37401
2.37353
2.36888
2.35571
2.32731
2.28886
2.24049
2.18249
2.13651
2.11675
2.12212
2.13346
2.14602
2.16038
2.17521
2.19039
2.20637
2.22125
2.23696
2.25132
2.26722
2.28117
2.29747
2.31144
2.32783
2.34187
2.35849
2.37216
2.38922
2.40236
2.42003
2.43247
2.45062
2.46267
2.48097
2.49279
2.51122
2.52293
2.54177
2.55358
2.57313
2.58495
2.60488
2.61652
2.63709
2.64708
2.66704
1.27977
1.30908
1.34115
1.37369
1.40823
1.44563
1.48283
1.52131
1.56049
1.5996
1.63841
1.67658
1.71403
1.75068
1.78644
1.82141
1.8555
1.88887
1.92159
1.95379
1.98561
2.017
2.04806
2.07861
2.1083
2.13706
2.1639
2.18841
2.21004
2.22908
2.24537
2.25893
2.27033
2.28002
2.28849
2.29657
2.30455
2.31241
2.32025
2.32819
2.33564
2.3417
2.34638
2.3504
2.35433
2.35808
2.36133
2.36454
2.36817
2.37215
2.37448
2.37553
2.3737
2.36654
2.34736
2.30955
2.26109
2.1971
2.13679
2.10285
2.10446
2.11607
2.12896
2.14464
2.16075
2.1781
2.19526
2.21211
2.22846
2.24461
2.26041
2.27677
2.29236
2.30885
2.32445
2.3409
2.35627
2.373
2.3878
2.40517
2.41939
2.43702
2.45085
2.46897
2.48191
2.50048
2.51267
2.53145
2.54332
2.56191
2.57346
2.5921
2.60363
2.6227
2.63409
2.65327
2.66434
2.68379
2.69352
2.71052
1.29867
1.32311
1.352
1.38438
1.41641
1.45005
1.48525
1.51997
1.55555
1.59154
1.62766
1.66364
1.69949
1.73502
1.77017
1.80482
1.83896
1.8726
1.90576
1.93842
1.97062
2.00232
2.03343
2.06386
2.09318
2.12102
2.14694
2.17092
2.19264
2.21254
2.23048
2.24695
2.2623
2.27671
2.29027
2.30318
2.3159
2.32799
2.33891
2.34872
2.35744
2.36424
2.36878
2.37249
2.37548
2.37735
2.37877
2.3796
2.38005
2.37929
2.37496
2.36422
2.33821
2.29291
2.23423
2.15623
2.10057
2.08242
2.09434
2.10729
2.12306
2.14074
2.15934
2.17819
2.19694
2.21529
2.23291
2.25058
2.26809
2.28539
2.30262
2.31979
2.33663
2.354
2.37037
2.38801
2.40384
2.42157
2.43703
2.45489
2.46958
2.488
2.50167
2.52046
2.53298
2.55191
2.56393
2.58249
2.59412
2.61235
2.62357
2.64164
2.65266
2.67086
2.68168
2.69991
2.71035
2.7284
2.73812
2.7527
1.32276
1.34174
1.36655
1.39613
1.42784
1.45941
1.49089
1.5231
1.55527
1.58801
1.62148
1.65544
1.68973
1.72409
1.7584
1.79246
1.82632
1.85982
1.89295
1.9255
1.95745
1.98866
2.01908
2.04855
2.0769
2.10388
2.12933
2.15318
2.17545
2.19628
2.21583
2.23465
2.25256
2.27055
2.28827
2.30579
2.32217
2.33782
2.352
2.36396
2.37432
2.3823
2.38738
2.3913
2.39348
2.39395
2.39345
2.39054
2.38374
2.36779
2.33401
2.28211
2.21613
2.12858
2.07536
2.0699
2.08351
2.0985
2.11685
2.13604
2.1555
2.17634
2.19591
2.21555
2.23486
2.25436
2.27338
2.29249
2.3109
2.32954
2.34751
2.36592
2.38351
2.402
2.41909
2.43749
2.45397
2.4723
2.48801
2.50646
2.52103
2.53961
2.55276
2.57142
2.58361
2.60187
2.61356
2.63152
2.64274
2.66025
2.67104
2.68836
2.6989
2.71622
2.72646
2.74346
2.75361
2.76952
2.77976
2.79217
1.34951
1.36761
1.38655
1.41129
1.44
1.46963
1.49977
1.5293
1.55941
1.5891
1.62014
1.65197
1.68452
1.71756
1.7509
1.78426
1.81738
1.85005
1.88226
1.91391
1.945
1.97529
2.00479
2.03325
2.06069
2.08701
2.11218
2.13623
2.15915
2.1811
2.20224
2.22281
2.2431
2.26324
2.28331
2.30316
2.32252
2.34085
2.35726
2.37172
2.38349
2.39338
2.39969
2.40312
2.40416
2.40195
2.39525
2.37899
2.34211
2.28369
2.21196
2.12143
2.06574
2.06216
2.07553
2.0927
2.11168
2.13128
2.15138
2.17161
2.19185
2.21238
2.23273
2.25358
2.27397
2.29446
2.31441
2.33439
2.35364
2.37316
2.39195
2.41129
2.42964
2.44885
2.46649
2.48549
2.50213
2.52084
2.53632
2.55483
2.56893
2.5872
2.60016
2.61823
2.63015
2.64768
2.65938
2.67634
2.68767
2.70421
2.71512
2.73135
2.74196
2.7577
2.76824
2.78294
2.79381
2.80735
2.81714
2.82814
1.37881
1.39716
1.4128
1.43108
1.45413
1.48047
1.50812
1.536
1.56412
1.59332
1.6223
1.65183
1.68228
1.71377
1.74574
1.77798
1.81012
1.84185
1.87288
1.90317
1.93286
1.96196
1.99052
2.01835
2.04542
2.07152
2.09677
2.12109
2.14467
2.16756
2.18998
2.21204
2.23383
2.25548
2.27686
2.29792
2.31829
2.33755
2.35549
2.37156
2.38525
2.39635
2.4013
2.40247
2.39835
2.3853
2.35292
2.29217
2.21707
2.12726
2.067
2.05803
2.07088
2.089
2.1074
2.12698
2.14608
2.16586
2.18605
2.20667
2.22779
2.24886
2.26993
2.29106
2.31175
2.33244
2.35272
2.37288
2.39267
2.41242
2.43186
2.45142
2.47018
2.48947
2.50725
2.52624
2.54273
2.56144
2.57654
2.59498
2.60872
2.62688
2.64005
2.65737
2.6701
2.68678
2.69914
2.71535
2.72729
2.74309
2.75461
2.76968
2.78083
2.79501
2.80604
2.81904
2.82959
2.84186
2.85077
2.86067
1.40279
1.42273
1.43818
1.45164
1.46941
1.49108
1.51606
1.54292
1.56986
1.59749
1.62559
1.65413
1.68304
1.71239
1.74254
1.77315
1.80387
1.83452
1.86477
1.89442
1.92327
1.95143
1.97898
2.006
2.03254
2.05848
2.08386
2.10851
2.13259
2.15604
2.17916
2.20197
2.22466
2.24712
2.26932
2.29102
2.31198
2.33182
2.35041
2.36695
2.38042
2.38568
2.38589
2.37791
2.3528
2.29532
2.22112
2.13003
2.06481
2.05024
2.06414
2.0823
2.10135
2.12155
2.14156
2.16156
2.1823
2.20334
2.22441
2.24564
2.2668
2.28784
2.30885
2.32961
2.35015
2.37047
2.39052
2.41051
2.4301
2.44981
2.46897
2.48832
2.50653
2.52575
2.54286
2.56199
2.57782
2.5967
2.61159
2.62984
2.6441
2.66199
2.67562
2.6927
2.70583
2.72213
2.73471
2.75049
2.76279
2.77768
2.78961
2.80333
2.81471
2.8275
2.83804
2.85027
2.85954
2.87118
2.87908
2.88817
1.43003
1.44193
1.45808
1.47491
1.48756
1.50471
1.52582
1.54983
1.57614
1.60294
1.63011
1.65773
1.6858
1.71415
1.74267
1.77165
1.80084
1.83006
1.8592
1.88806
1.91645
1.94421
1.97125
1.99771
2.02365
2.04912
2.07414
2.09866
2.12279
2.14648
2.16994
2.19311
2.2162
2.23904
2.26164
2.28366
2.30494
2.32482
2.34242
2.35597
2.35753
2.3542
2.33754
2.28867
2.21629
2.12207
2.051
2.02862
2.04542
2.0657
2.08655
2.10981
2.13292
2.1553
2.17816
2.20087
2.22302
2.24521
2.26675
2.28832
2.30955
2.33073
2.35141
2.37204
2.39209
2.41213
2.43182
2.45147
2.47068
2.49005
2.50856
2.52755
2.5453
2.56434
2.58133
2.60025
2.61645
2.63512
2.65032
2.66846
2.68312
2.70049
2.71441
2.73097
2.74398
2.75966
2.77221
2.78698
2.79923
2.81253
2.82444
2.83612
2.84713
2.85833
2.86756
2.87892
2.88632
2.89675
2.90362
2.91109
1.46769
1.4661
1.474
1.4907
1.5108
1.52593
1.54151
1.56189
1.58541
1.61099
1.63733
1.66389
1.69057
1.71761
1.74487
1.77244
1.8004
1.82872
1.85682
1.88471
1.91213
1.9393
1.96603
1.99226
2.01796
2.04317
2.06792
2.09227
2.11628
2.13993
2.16339
2.18656
2.20962
2.23234
2.25475
2.27631
2.29682
2.31369
2.32148
2.32158
2.31043
2.27508
2.2004
2.10733
2.02625
1.99216
2.01189
2.03459
2.05814
2.08442
2.11183
2.13838
2.16421
2.18936
2.21431
2.23866
2.26286
2.28679
2.30971
2.33239
2.35409
2.37541
2.39607
2.41651
2.43629
2.45631
2.47573
2.49533
2.51431
2.5334
2.55177
2.57065
2.58867
2.60768
2.62498
2.64396
2.66047
2.67865
2.69447
2.71188
2.72697
2.74362
2.75773
2.7735
2.78655
2.80147
2.81412
2.8277
2.84007
2.85175
2.86351
2.87327
2.88357
2.89304
2.90109
2.91026
2.91672
2.92444
2.93069
2.93536
1.52346
1.50184
1.49905
1.50756
1.52704
1.5473
1.56443
1.57987
1.5992
1.62229
1.64745
1.67315
1.69878
1.72452
1.75048
1.77655
1.80266
1.82914
1.85597
1.88311
1.9102
1.93692
1.96318
1.98899
2.01438
2.03943
2.06409
2.08831
2.11218
2.13567
2.15888
2.18186
2.20453
2.2268
2.24816
2.2668
2.28069
2.28117
2.27452
2.24955
2.18496
2.09104
1.9944
1.94753
1.96722
1.99074
2.01743
2.04692
2.0776
2.10681
2.13576
2.16444
2.19183
2.2193
2.24589
2.27237
2.29819
2.32347
2.34799
2.37211
2.39495
2.41718
2.43854
2.4593
2.47957
2.49979
2.51937
2.53905
2.558
2.57721
2.59562
2.61482
2.63289
2.65167
2.66927
2.68748
2.70422
2.72165
2.73767
2.75446
2.76978
2.78586
2.80021
2.81541
2.82895
2.84335
2.85637
2.86923
2.88169
2.8924
2.90395
2.91243
2.92263
2.93023
2.93865
2.94489
2.95183
2.95679
2.96312
2.96524
1.63882
1.5403
1.53153
1.53282
1.54499
1.56465
1.5842
1.60133
1.61714
1.63673
1.65963
1.68435
1.70974
1.73448
1.7589
1.78356
1.80827
1.83297
1.85791
1.88331
1.90906
1.93519
1.96121
1.98718
2.01271
2.03761
2.06208
2.08608
2.10978
2.13299
2.15592
2.17832
2.19996
2.21995
2.2363
2.23972
2.2362
2.22028
2.1628
2.0768
1.9652
1.90262
1.91529
1.93815
1.96845
2.00061
2.03402
2.06593
2.09744
2.12854
2.15898
2.18907
2.21803
2.24683
2.27478
2.30249
2.32932
2.35561
2.38114
2.40603
2.42984
2.45339
2.47592
2.49839
2.51995
2.54121
2.56111
2.58136
2.60046
2.6201
2.63892
2.65797
2.67605
2.69434
2.71171
2.72912
2.74574
2.76248
2.77841
2.79466
2.80987
2.82532
2.8398
2.85437
2.86812
2.88202
2.89495
2.90741
2.91922
2.92983
2.94038
2.9486
2.9584
2.96523
2.97358
2.97842
2.98565
2.98952
2.99619
2.99698
1.92576
1.62769
1.57013
1.56408
1.568
1.58179
1.6018
1.62071
1.63844
1.65522
1.67493
1.69745
1.72148
1.74623
1.76992
1.79283
1.81577
1.83896
1.86221
1.88587
1.90998
1.93475
1.95993
1.98536
2.01075
2.03613
2.06094
2.08505
2.10844
2.13135
2.15328
2.17419
2.1911
2.19989
2.19781
2.18384
2.14725
2.05751
1.94559
1.86458
1.85898
1.8841
1.91542
1.94863
1.98473
2.01903
2.05303
2.08611
2.11849
2.15028
2.18179
2.21288
2.2433
2.2734
2.30223
2.33073
2.35787
2.38455
2.41007
2.4352
2.45949
2.484
2.50748
2.53141
2.55428
2.57729
2.59892
2.6206
2.64091
2.66159
2.68077
2.70007
2.71814
2.73615
2.75329
2.77029
2.78656
2.80282
2.81827
2.83379
2.84846
2.863
2.87707
2.8908
2.90426
2.91714
2.92974
2.94113
2.95217
2.96221
2.97188
2.97975
2.98903
2.99558
3.00321
3.00802
3.01505
3.01875
3.02543
3.02602
2.31825
1.86198
1.64885
1.60494
1.5984
1.60328
1.61814
1.6385
1.6579
1.67689
1.695
1.71415
1.73516
1.7577
1.78092
1.80314
1.82451
1.8461
1.86805
1.89021
1.91286
1.93608
1.96009
1.98453
2.0094
2.0342
2.05887
2.08307
2.10638
2.12813
2.14677
2.15955
2.15878
2.14905
2.11981
2.05275
1.93353
1.82899
1.80258
1.831
1.86041
1.89388
1.93238
1.96893
2.00483
2.04012
2.07398
2.10734
2.13999
2.17246
2.20452
2.23618
2.26712
2.29748
2.32648
2.35516
2.38232
2.40954
2.43502
2.46084
2.48554
2.51082
2.5347
2.55963
2.5828
2.60697
2.6294
2.65251
2.67394
2.69567
2.71586
2.73612
2.75511
2.77395
2.79163
2.80907
2.82546
2.84172
2.85704
2.87216
2.88658
2.90057
2.91421
2.92728
2.94016
2.95187
2.96387
2.97386
2.98438
2.9932
3.00248
3.00958
3.01811
3.02404
3.03108
3.03537
3.04172
3.04504
3.05129
3.05184
2.67511
2.30051
1.84431
1.67847
1.64298
1.6367
1.64098
1.6555
1.67562
1.69498
1.71412
1.7327
1.7511
1.77039
1.79107
1.81256
1.83369
1.85415
1.87491
1.89607
1.91745
1.93945
1.96186
1.98521
2.00877
2.03281
2.05636
2.07925
2.09998
2.11639
2.11841
2.11292
2.08995
2.03669
1.93332
1.80587
1.75175
1.77458
1.8041
1.83892
1.87887
1.91759
1.95539
1.99209
2.0275
2.06209
2.09575
2.12916
2.16194
2.19486
2.22684
2.25869
2.28916
2.31917
2.34786
2.37639
2.40359
2.43095
2.4571
2.48391
2.50913
2.5352
2.55949
2.5846
2.60782
2.63235
2.65529
2.67911
2.7011
2.7234
2.7441
2.76486
2.7843
2.80372
2.82191
2.8401
2.85714
2.87425
2.8903
2.90623
2.92116
2.9357
2.9495
2.9625
2.97526
2.98644
2.998
3.0077
3.01767
3.02616
3.03508
3.04179
3.04955
3.05511
3.06132
3.06505
3.07032
3.07309
3.07867
3.0783
2.87427
2.66175
2.26288
1.84686
1.71044
1.67965
1.67457
1.67867
1.69238
1.71177
1.73067
1.74878
1.76619
1.78329
1.80174
1.82158
1.8424
1.8628
1.88267
1.90278
1.92333
1.94409
1.96548
1.98709
2.00938
2.03112
2.05239
2.06955
2.07727
2.07409
2.05521
2.01522
1.92484
1.79802
1.71515
1.71955
1.74976
1.78466
1.82502
1.8657
1.90521
1.94368
1.98066
2.01615
2.05076
2.08451
2.118
2.15115
2.18394
2.21646
2.2482
2.27928
2.30901
2.3385
2.36653
2.395
2.42212
2.45006
2.47654
2.50402
2.52995
2.55672
2.58167
2.60759
2.63147
2.65607
2.67881
2.70236
2.72414
2.74644
2.76717
2.7883
2.8081
2.82813
2.8469
2.86573
2.88333
2.90093
2.91726
2.93347
2.94849
2.96324
2.97717
2.99043
3.00351
3.01528
3.02715
3.03774
3.04793
3.05706
3.0661
3.07314
3.08098
3.0864
3.09255
3.09632
3.10124
3.10375
3.10881
3.1079
2.93564
2.8551
2.61903
2.22496
1.86276
1.74543
1.71749
1.71179
1.71549
1.72777
1.74612
1.76384
1.7804
1.79657
1.81341
1.8317
1.85134
1.87157
1.89173
1.91103
1.93032
1.94991
1.96954
1.98928
2.00847
2.02545
2.03567
2.03366
2.02059
1.98422
1.91957
1.79762
1.68687
1.66287
1.69826
1.73162
1.77233
1.81593
1.85616
1.89534
1.93307
1.96967
2.00529
2.03989
2.07382
2.10714
2.14014
2.17279
2.20511
2.23686
2.2676
2.29779
2.32687
2.35588
2.38393
2.41254
2.43989
2.46824
2.49509
2.52299
2.54897
2.57595
2.60104
2.62687
2.65075
2.67547
2.69823
2.72166
2.74354
2.76621
2.78742
2.80907
2.82927
2.84948
2.86834
2.88724
2.9049
2.92267
2.93919
2.95569
2.97119
2.98641
3.00093
3.01471
3.0283
3.04036
3.05265
3.06329
3.07382
3.08302
3.09241
3.09965
3.10807
3.11378
3.12044
3.12468
3.13018
3.1328
3.138
3.1371
2.97298
2.93472
2.84206
2.59188
2.19069
1.87593
1.77445
1.75125
1.74541
1.74946
1.76094
1.77871
1.79624
1.81228
1.82782
1.84441
1.86242
1.88164
1.90134
1.92084
1.93983
1.95744
1.97398
1.98862
1.99812
1.99712
1.98589
1.95754
1.89409
1.79845
1.66886
1.61581
1.64607
1.67844
1.7188
1.76499
1.80757
1.84896
1.88822
1.92553
1.96125
1.99602
2.03003
2.06362
2.09674
2.12946
2.16192
2.19393
2.2254
2.25628
2.28641
2.31606
2.34493
2.37384
2.40196
2.43053
2.45806
2.48635
2.51312
2.5407
2.56654
2.5933
2.61817
2.64389
2.66788
2.6925
2.71545
2.73894
2.76086
2.7832
2.80424
2.82577
2.8459
2.86645
2.88561
2.90492
2.92308
2.94098
2.95797
2.97456
2.99025
3.00547
3.02025
3.03383
3.04762
3.05987
3.07228
3.08322
3.09456
3.10387
3.1141
3.12182
3.13061
3.13668
3.14406
3.14827
3.15429
3.15727
3.16307
3.16252
2.98719
2.97275
2.92458
2.83154
2.56143
2.20105
1.90145
1.80779
1.78645
1.77938
1.78332
1.79394
1.81117
1.82913
1.84536
1.86091
1.87768
1.89519
1.91335
1.93129
1.94762
1.96165
1.96971
1.96855
1.95721
1.92852
1.87924
1.78842
1.65899
1.57994
1.59277
1.62728
1.6676
1.71644
1.75902
1.80158
1.84216
1.88145
1.91886
1.95452
1.98886
2.0223
2.05504
2.08754
2.11963
2.15162
2.18322
2.21456
2.24532
2.27568
2.30539
2.33477
2.36347
2.39217
2.42014
2.44847
2.47581
2.50368
2.53012
2.55726
2.58277
2.60909
2.63371
2.65913
2.68287
2.70734
2.73023
2.75375
2.77572
2.79832
2.8193
2.84076
2.86075
2.88108
2.90009
2.91916
2.93706
2.95485
2.97186
2.98834
3.00469
3.01987
3.03542
3.04947
3.06365
3.07648
3.0894
3.10047
3.11249
3.12198
3.1327
3.14092
3.15044
3.15701
3.16532
3.17023
3.17703
3.18055
3.18714
3.1867
2.99457
2.98847
2.96744
2.92651
2.82238
2.5725
2.18306
1.92014
1.83802
1.81863
1.81211
1.81673
1.82693
1.84354
1.86106
1.87741
1.89275
1.90861
1.92421
1.93703
1.94544
1.94451
1.9342
1.90896
1.85735
1.77966
1.66338
1.55901
1.53909
1.57542
1.61536
1.66396
1.70885
1.75483
1.79729
1.8366
1.87478
1.91131
1.94658
1.98073
2.0142
2.04688
2.07904
2.11069
2.14202
2.17314
2.20408
2.23471
2.26506
2.295
2.32437
2.35336
2.38174
2.41005
2.43768
2.46554
2.49244
2.51973
2.54572
2.57232
2.59745
2.6233
2.64761
2.67264
2.69617
2.72036
2.74309
2.76641
2.78829
2.81063
2.8315
2.85267
2.87246
2.89245
2.91132
2.93034
2.94841
2.96622
2.98351
2.99996
3.01661
3.03172
3.04731
3.06138
3.07564
3.08847
3.1019
3.11313
3.12574
3.13565
3.14704
3.15554
3.16579
3.17261
3.18155
3.18689
3.19446
3.19848
3.20589
3.20614
2.99805
2.99433
2.98783
2.96709
2.92473
2.82121
2.57523
2.20165
1.94438
1.86545
1.84845
1.84272
1.84815
1.85819
1.87452
1.89042
1.90532
1.9169
1.92366
1.92279
1.91183
1.88682
1.84206
1.76389
1.65811
1.54874
1.49455
1.52788
1.56601
1.60958
1.65732
1.70473
1.74845
1.78882
1.82822
1.86633
1.90266
1.93767
1.97149
2.00454
2.037
2.06895
2.10052
2.13169
2.16268
2.19343
2.22387
2.25409
2.28387
2.31329
2.34211
2.37062
2.39854
2.42638
2.45352
2.48084
2.50717
2.53393
2.55944
2.58561
2.61027
2.63568
2.65952
2.68414
2.70729
2.73111
2.75353
2.77648
2.79809
2.82011
2.84075
2.86178
2.88141
2.90137
2.92016
2.93901
2.95718
2.97485
2.99248
3.00893
3.02573
3.04105
3.05669
3.07084
3.0855
3.09821
3.11216
3.12352
3.13643
3.14665
3.15846
3.16719
3.17793
3.18527
3.19476
3.20062
3.20902
3.21358
3.2218
3.22237
2.99917
2.99751
2.99487
2.98549
2.96967
2.91948
2.826
2.55283
2.24114
1.97741
1.89772
1.87906
1.87343
1.87689
1.8847
1.8972
1.90572
1.9054
1.89261
1.86654
1.82197
1.74665
1.64736
1.53494
1.46495
1.48461
1.51782
1.55838
1.60979
1.65836
1.70257
1.74313
1.78198
1.81947
1.85572
1.89104
1.92553
1.95939
1.99262
2.02532
2.05739
2.08901
2.12018
2.15112
2.18166
2.21188
2.24178
2.27132
2.3004
2.32907
2.35726
2.38522
2.41268
2.44008
2.46681
2.49364
2.51953
2.54577
2.57078
2.59636
2.62051
2.64541
2.66889
2.6931
2.71593
2.73936
2.76146
2.78409
2.80543
2.82723
2.84775
2.86866
2.88842
2.90836
2.9274
2.94628
2.9647
2.98242
3.00016
3.0166
3.03345
3.04863
3.06433
3.07837
3.09318
3.10595
3.12016
3.13176
3.14509
3.15555
3.16784
3.17686
3.18796
3.19555
3.20543
3.2115
3.22027
3.22513
3.23377
3.23475
2.99967
2.99899
2.99795
2.99405
2.98798
2.96725
2.92905
2.8273
2.60394
2.2557
2.00272
1.92462
1.90264
1.89557
1.89191
1.88751
1.87445
1.84588
1.80121
1.72342
1.62756
1.52234
1.44177
1.43927
1.47148
1.51207
1.56415
1.61168
1.65581
1.69727
1.73668
1.77386
1.8096
1.84424
1.87821
1.91159
1.94469
1.97751
2.01014
2.04242
2.07433
2.10576
2.13672
2.16714
2.19711
2.22669
2.25587
2.2847
2.31315
2.3413
2.36905
2.39656
2.42359
2.4505
2.47677
2.50314
2.52863
2.55445
2.57909
2.60429
2.62814
2.65271
2.67589
2.69982
2.72244
2.74572
2.76777
2.79036
2.81173
2.83354
2.8542
2.87513
2.8951
2.91501
2.93425
2.95297
2.97147
2.98893
3.00667
3.02282
3.03961
3.05465
3.07039
3.08438
3.0994
3.11215
3.12657
3.13817
3.15162
3.16206
3.17448
3.18356
3.19491
3.20264
3.21291
3.21919
3.22844
3.23362
3.24277
3.24418
2.99988
2.99963
2.99922
2.99763
2.99521
2.98671
2.9721
2.92726
2.84168
2.59717
2.30883
2.03667
1.94897
1.9074
1.88092
1.83783
1.77742
1.70333
1.60591
1.48886
1.41033
1.39062
1.41985
1.45889
1.5125
1.56333
1.60979
1.65234
1.69147
1.728
1.76299
1.79696
1.83033
1.86334
1.89609
1.92868
1.96116
1.9935
2.02559
2.05735
2.08866
2.11946
2.14975
2.17952
2.20886
2.2378
2.2664
2.2947
2.32267
2.35037
2.3777
2.40485
2.43155
2.45819
2.48423
2.51038
2.53569
2.56132
2.58582
2.61088
2.63461
2.65907
2.68218
2.70604
2.72861
2.75184
2.77384
2.79638
2.81773
2.83951
2.86016
2.88098
2.9009
2.92057
2.93976
2.95823
2.97667
2.99389
3.01155
3.02752
3.04425
3.05915
3.07488
3.08875
3.10378
3.11643
3.13085
3.14239
3.15586
3.16626
3.17874
3.18784
3.19928
3.20706
3.2175
3.22387
3.23338
3.23876
3.24822
3.24989
2.99994
2.99987
2.99962
2.99921
2.99779
2.99542
2.98783
2.97347
2.93458
2.85006
2.64435
2.33889
2.04012
1.9196
1.82446
1.68724
1.55781
1.45054
1.38523
1.36321
1.38618
1.41399
1.45582
1.50569
1.55365
1.59638
1.63493
1.67125
1.70662
1.74123
1.77492
1.80794
1.84059
1.87311
1.90553
1.93782
1.96999
2.00197
2.0337
2.06508
2.09602
2.12645
2.15638
2.18582
2.21482
2.24345
2.27177
2.29983
2.32763
2.35521
2.38249
2.4096
2.4363
2.46293
2.48899
2.51515
2.54048
2.56611
2.59063
2.61567
2.63942
2.66387
2.68701
2.71087
2.73348
2.7567
2.77874
2.80128
2.82265
2.8444
2.86504
2.88577
2.90566
2.9252
2.94436
2.96271
2.98114
2.99828
3.01591
3.03182
3.04852
3.06336
3.07908
3.0929
3.10791
3.12054
3.13492
3.14641
3.15984
3.17022
3.18263
3.19173
3.20316
3.21096
3.22143
3.22787
3.23746
3.24292
3.25257
3.25419
2.99997
2.99994
2.99981
2.99961
2.99887
2.99777
2.9938
2.98737
2.96698
2.92775
2.82949
2.60821
2.27751
1.88614
1.6331
1.44429
1.29565
1.28024
1.30365
1.34472
1.40131
1.45254
1.4994
1.54523
1.58716
1.62352
1.6573
1.6914
1.72657
1.76203
1.79695
1.83117
1.86495
1.89848
1.93173
1.96458
1.997
2.029
2.06063
2.09191
2.12281
2.15328
2.18327
2.2128
2.24188
2.2706
2.299
2.32718
2.3551
2.38284
2.4103
2.43759
2.46448
2.49128
2.5175
2.54379
2.56925
2.59495
2.61957
2.64464
2.66846
2.69291
2.7161
2.73991
2.76255
2.78569
2.80772
2.83013
2.8514
2.87294
2.89338
2.91386
2.93346
2.95275
2.97154
2.98962
3.00762
3.0245
3.04169
3.05738
3.07365
3.08827
3.10353
3.11707
3.13155
3.14382
3.15755
3.16868
3.18139
3.19141
3.20308
3.21185
3.22248
3.23
3.23963
3.2458
3.25451
3.25962
3.26877
3.26891
)
;

boundaryField
{
    inlet
    {
        type            calculated;
        value           uniform 3.00001;
    }
    outlet
    {
        type            calculated;
        value           nonuniform List<scalar> 
40
(
1.78531
1.90284
2.01825
2.11883
2.2022
2.27161
2.33427
2.38621
2.42496
2.45262
2.46579
2.49442
2.53388
2.57846
2.6231
2.66704
2.71052
2.7527
2.79217
2.82814
2.86067
2.88817
2.91109
2.93536
2.96524
2.99698
3.02602
3.05184
3.0783
3.1079
3.1371
3.16252
3.1867
3.20614
3.22237
3.23475
3.24418
3.24989
3.25419
3.26891
)
;
    }
    bottom
    {
        type            symmetryPlane;
    }
    top
    {
        type            symmetryPlane;
    }
    obstacle
    {
        type            calculated;
        value           uniform 0;
    }
    defaultFaces
    {
        type            empty;
    }
}


// ************************************************************************* //
