/*--------------------------------*- C++ -*----------------------------------*\
| =========                 |                                                 |
| \\      /  F ield         | OpenFOAM: The Open Source CFD Toolbox           |
|  \\    /   O peration     | Version:  2412                                  |
|   \\  /    A nd           | Website:  www.openfoam.com                      |
|    \\/     M anipulation  |                                                 |
\*---------------------------------------------------------------------------*/
FoamFile
{
    version     2.0;
    format      ascii;
    arch        "LSB;label=32;scalar=64";
    class       volScalarField;
    location    "24";
    object      Ma;
}
// * * * * * * * * * * * * * * * * * * * * * * * * * * * * * * * * * * * * * //

dimensions      [0 0 0 0 0 0 0];

internalField   nonuniform List<scalar> 
7000
(
2.25599
0.9942
0.300544
0.338439
0.401063
0.44239
0.450597
0.446128
0.439773
0.434863
0.432018
0.429745
0.427146
0.424058
0.420587
0.416812
0.412746
0.408367
0.403657
0.398596
0.393175
0.387377
0.381191
0.374599
0.367586
0.360133
0.352224
0.343838
0.334957
0.325559
0.315625
0.305133
0.294064
0.282395
0.270108
0.257185
0.243611
0.229374
0.214465
0.198883
0.182633
0.165727
0.14819
0.130054
0.111369
0.092193
0.0725911
0.0528472
0.0319232
0.0155245
2.25605
0.994261
0.300342
0.338273
0.400908
0.442242
0.45045
0.445983
0.439635
0.434732
0.431891
0.429622
0.427026
0.423943
0.420476
0.416706
0.412645
0.408273
0.403568
0.398514
0.3931
0.387311
0.381134
0.374551
0.367549
0.360107
0.352211
0.343839
0.334973
0.325592
0.315677
0.305205
0.294157
0.282512
0.270252
0.257358
0.243817
0.229615
0.214746
0.199209
0.183011
0.166165
0.148702
0.130661
0.112103
0.0931176
0.0738194
0.054656
0.0351574
0.0220573
2.25618
0.994458
0.300474
0.338308
0.400938
0.442275
0.450484
0.446023
0.439692
0.434801
0.431973
0.429708
0.427124
0.424046
0.420594
0.416831
0.412786
0.408423
0.403736
0.398694
0.3933
0.387526
0.381373
0.374809
0.367835
0.360418
0.352555
0.344213
0.335387
0.326045
0.316177
0.305753
0.294764
0.283179
0.27099
0.258173
0.244719
0.230615
0.215859
0.200451
0.184404
0.167742
0.1505
0.132745
0.114566
0.096117
0.0776341
0.05984
0.0430411
0.0335724
2.25635
0.994764
0.300745
0.338386
0.401019
0.442374
0.450587
0.44614
0.439823
0.434959
0.432142
0.429897
0.427319
0.424264
0.420822
0.417086
0.413053
0.408719
0.404048
0.39904
0.393666
0.387931
0.381802
0.375286
0.368342
0.36098
0.353156
0.34488
0.336104
0.326839
0.317034
0.306704
0.295794
0.284322
0.272235
0.259554
0.246233
0.232297
0.217718
0.202524
0.186719
0.170347
0.153463
0.136148
0.118555
0.100896
0.0835508
0.0674577
0.053303
0.0461806
2.2566
0.995195
0.301095
0.338455
0.401104
0.442495
0.450716
0.446291
0.439985
0.435163
0.432357
0.430144
0.427575
0.424555
0.421127
0.417429
0.413416
0.409124
0.404478
0.399516
0.394176
0.388493
0.382408
0.37595
0.369064
0.361768
0.354017
0.345818
0.337133
0.327959
0.318269
0.308047
0.29728
0.285939
0.274029
0.261511
0.24841
0.234683
0.220379
0.205465
0.190017
0.174038
0.15764
0.140922
0.124073
0.107409
0.0913721
0.0770295
0.0651085
0.0594945
2.25693
0.995768
0.301538
0.338526
0.4012
0.442641
0.450885
0.446461
0.440215
0.435398
0.432652
0.430437
0.427926
0.424905
0.421541
0.417849
0.413906
0.409624
0.405055
0.400111
0.394858
0.389203
0.383215
0.376798
0.370022
0.362784
0.355158
0.347038
0.338495
0.329428
0.3199
0.309819
0.299238
0.288082
0.276389
0.264111
0.25127
0.237853
0.22387
0.20936
0.194333
0.178894
0.163088
0.147117
0.131166
0.115613
0.100984
0.0882976
0.078188
0.0736199
2.25735
0.996494
0.302081
0.338602
0.401307
0.442818
0.45109
0.446693
0.440476
0.43571
0.432991
0.430822
0.428334
0.425364
0.422029
0.418396
0.414486
0.410274
0.405744
0.400883
0.395675
0.390119
0.384188
0.377889
0.371182
0.364086
0.356547
0.348596
0.340164
0.331298
0.321913
0.312069
0.301674
0.290796
0.279347
0.267395
0.254873
0.241845
0.228281
0.214246
0.199773
0.184939
0.169888
0.154752
0.139834
0.125479
0.112235
0.101078
0.0924447
0.0886252
2.25786
0.997386
0.302733
0.338683
0.401427
0.443029
0.451337
0.446974
0.440795
0.436085
0.433406
0.431284
0.428836
0.425918
0.422631
0.419057
0.415204
0.411059
0.406598
0.401814
0.396692
0.391224
0.385399
0.379203
0.372628
0.365653
0.358276
0.350469
0.342239
0.333544
0.324407
0.314773
0.304682
0.294066
0.282987
0.271367
0.259291
0.246692
0.233666
0.220192
0.206375
0.192283
0.178049
0.163896
0.150054
0.136958
0.125074
0.115263
0.107843
0.104623
2.25848
0.998455
0.303503
0.338771
0.401563
0.443274
0.451633
0.447303
0.441185
0.436525
0.433906
0.43183
0.429441
0.426575
0.423354
0.419842
0.416065
0.411993
0.407621
0.402924
0.397906
0.392546
0.386843
0.38078
0.37435
0.367538
0.360335
0.352729
0.344706
0.33626
0.327371
0.318044
0.308251
0.298016
0.287296
0.27615
0.264519
0.252502
0.240041
0.227276
0.214188
0.200956
0.187671
0.174547
0.161896
0.150028
0.139452
0.130889
0.124493
0.121716
2.2592
0.999715
0.3044
0.338868
0.401717
0.443563
0.451981
0.447704
0.441637
0.437057
0.434486
0.432484
0.430145
0.427359
0.424199
0.420777
0.417072
0.413102
0.408818
0.404239
0.399329
0.394107
0.388538
0.382638
0.376372
0.369755
0.362755
0.355382
0.347609
0.339444
0.330863
0.321875
0.312464
0.302637
0.292392
0.281737
0.270696
0.259275
0.247545
0.235513
0.223321
0.211
0.198786
0.186794
0.175338
0.164784
0.155439
0.147991
0.14249
0.140145
2.26004
1.00118
0.305433
0.338977
0.401892
0.443895
0.452393
0.44816
0.442186
0.437664
0.435181
0.433233
0.430984
0.42826
0.4252
0.421852
0.418261
0.41438
0.410225
0.405757
0.400996
0.395911
0.390518
0.384786
0.37873
0.372321
0.36557
0.358454
0.35098
0.343131
0.334912
0.326314
0.317339
0.307993
0.298278
0.288216
0.277817
0.267127
0.256172
0.245038
0.23378
0.222546
0.211438
0.200703
0.190517
0.181223
0.173164
0.166807
0.162134
0.160099
2.261
1.00285
0.306611
0.3391
0.402093
0.444283
0.452868
0.448712
0.442808
0.438392
0.43597
0.434122
0.431937
0.429324
0.42634
0.423115
0.419614
0.415873
0.411829
0.407522
0.402899
0.398003
0.392779
0.387271
0.381423
0.37528
0.368787
0.361989
0.354834
0.347366
0.339541
0.331401
0.322914
0.314121
0.305008
0.295614
0.285956
0.276073
0.266027
0.255858
0.245697
0.235598
0.225771
0.216327
0.207539
0.199607
0.192763
0.187489
0.18363
0.182024
2.26209
1.00475
0.30794
0.339243
0.402322
0.444723
0.453421
0.449338
0.443551
0.43922
0.436902
0.435131
0.433056
0.430529
0.427669
0.424545
0.421185
0.417563
0.413682
0.40952
0.405089
0.400368
0.395373
0.39008
0.384506
0.378626
0.372461
0.365986
0.359225
0.352154
0.344804
0.337153
0.32924
0.321048
0.31263
0.303976
0.295158
0.286181
0.277141
0.268076
0.259096
0.250315
0.24183
0.233865
0.226514
0.220065
0.214645
0.210544
0.207568
0.206265
2.2633
1.00687
0.309424
0.339397
0.402595
0.44522
0.454056
0.450068
0.4444
0.440184
0.437963
0.436299
0.434325
0.431919
0.429172
0.426186
0.422957
0.419496
0.415769
0.411797
0.407551
0.403058
0.398287
0.393267
0.387964
0.382413
0.376579
0.3705
0.364144
0.357551
0.350698
0.343624
0.336322
0.328829
0.32116
0.313352
0.305449
0.297498
0.289565
0.281731
0.274077
0.266729
0.259804
0.253421
0.247779
0.242929
0.239022
0.236288
0.234366
0.233712
2.26463
1.00921
0.311063
0.339557
0.40292
0.445779
0.454785
0.450911
0.445377
0.441293
0.439177
0.437632
0.43577
0.433496
0.430879
0.42804
0.424962
0.42167
0.418125
0.414351
0.410325
0.406067
0.401563
0.396823
0.391846
0.386631
0.381194
0.37552
0.369647
0.363546
0.35728
0.350807
0.344215
0.337462
0.33065
0.323755
0.316884
0.310054
0.303364
0.296885
0.290716
0.284969
0.279764
0.275236
0.271479
0.268667
0.266694
0.265722
0.26519
0.265156
2.26609
1.01178
0.312867
0.339754
0.403285
0.446425
0.455629
0.451882
0.446526
0.442563
0.440583
0.439146
0.437429
0.435277
0.432822
0.430122
0.42723
0.424103
0.420775
0.417201
0.413431
0.409416
0.405216
0.400775
0.396159
0.391312
0.386304
0.381085
0.375724
0.370185
0.36453
0.358751
0.352894
0.346994
0.341075
0.335223
0.329447
0.32388
0.318543
0.313584
0.309074
0.305153
0.301926
0.299522
0.29808
0.297581
0.298078
0.299507
0.301151
0.302676
2.26767
1.01457
0.314827
0.339982
0.403704
0.447177
0.456611
0.453016
0.447862
0.444033
0.442194
0.440877
0.43931
0.437296
0.43501
0.43247
0.429768
0.426834
0.423725
0.420386
0.416873
0.413146
0.409251
0.405161
0.40091
0.39649
0.391922
0.38722
0.382392
0.377479
0.372477
0.367452
0.362403
0.357408
0.352492
0.347731
0.343198
0.338957
0.335149
0.33183
0.329178
0.327313
0.326392
0.326516
0.327916
0.330656
0.334522
0.339628
0.344727
0.348725
2.26935
1.01757
0.316931
0.340247
0.404192
0.448063
0.457761
0.454361
0.449407
0.445756
0.444036
0.442875
0.441438
0.439601
0.437461
0.435122
0.432591
0.429889
0.426989
0.423923
0.420667
0.417263
0.413684
0.409977
0.406115
0.402151
0.398061
0.393901
0.389663
0.385398
0.381122
0.376878
0.372718
0.368677
0.364849
0.361269
0.358063
0.355308
0.353122
0.351686
0.351062
0.351508
0.3532
0.356411
0.36133
0.368069
0.376901
0.387634
0.399369
0.409973
2.27112
1.02072
0.319155
0.340563
0.404773
0.449108
0.459118
0.455938
0.451216
0.44774
0.446152
0.44514
0.443854
0.442189
0.440226
0.43808
0.435758
0.433279
0.430631
0.427829
0.424878
0.421789
0.418579
0.415248
0.411833
0.408322
0.40477
0.401162
0.39757
0.393979
0.390478
0.387064
0.383835
0.380823
0.378121
0.37582
0.373998
0.372844
0.372423
0.372924
0.374588
0.377706
0.382628
0.389496
0.398923
0.411251
0.426947
0.447107
0.47099
0.498597
2.27294
1.02396
0.321435
0.340942
0.405482
0.450369
0.460763
0.457826
0.453391
0.450059
0.448618
0.447723
0.446609
0.44509
0.443326
0.441351
0.439258
0.436993
0.434617
0.432082
0.429454
0.426695
0.423869
0.420946
0.417986
0.414973
0.411963
0.408962
0.406017
0.403166
0.400444
0.39793
0.395651
0.393732
0.392205
0.391243
0.390884
0.391313
0.392698
0.395385
0.399591
0.405687
0.413893
0.425054
0.43962
0.459159
0.485083
0.520596
0.571928
0.664906
2.27502
1.0277
0.323967
0.341215
0.406281
0.451968
0.462916
0.460351
0.456264
0.45316
0.451878
0.451205
0.450306
0.449064
0.447545
0.445884
0.444078
0.442179
0.44015
0.438048
0.43584
0.433595
0.431277
0.428964
0.426618
0.424329
0.422065
0.419923
0.417884
0.416055
0.414437
0.413144
0.412216
0.411774
0.411916
0.412688
0.41425
0.417016
0.421207
0.426898
0.43459
0.44456
0.457832
0.474818
0.497605
0.527612
0.569594
0.631149
0.729826
0.88148
2.27723
1.03167
0.326977
0.342166
0.408011
0.454836
0.466505
0.46432
0.460552
0.457506
0.456266
0.455683
0.454945
0.453879
0.45258
0.451145
0.449621
0.448018
0.44635
0.444623
0.442863
0.441078
0.439304
0.437548
0.435857
0.434237
0.432755
0.431415
0.430307
0.429439
0.428932
0.428801
0.429165
0.430047
0.431684
0.434272
0.437986
0.442904
0.449469
0.457793
0.468593
0.482306
0.499813
0.522623
0.551794
0.591357
0.643914
0.718036
0.828981
0.967139
2.27852
1.03399
0.32885
0.343226
0.410174
0.458582
0.47123
0.469543
0.466103
0.463077
0.461873
0.461408
0.460835
0.459948
0.458837
0.457609
0.456319
0.454982
0.453614
0.452224
0.450839
0.449476
0.448166
0.44693
0.445808
0.444827
0.444036
0.443474
0.443205
0.443293
0.443751
0.444655
0.44624
0.448646
0.451867
0.456155
0.46159
0.46858
0.477195
0.488163
0.501496
0.518494
0.539212
0.56577
0.599044
0.641714
0.697371
0.767755
0.864169
0.967482
2.27967
1.0361
0.332163
0.346924
0.415039
0.464997
0.47824
0.476424
0.472634
0.469261
0.467982
0.467621
0.467211
0.4665
0.465594
0.464597
0.463592
0.462565
0.461554
0.460542
0.459579
0.458659
0.457836
0.457113
0.456548
0.456158
0.456013
0.456126
0.456543
0.457354
0.458727
0.460709
0.463358
0.466847
0.47124
0.476842
0.483681
0.49227
0.502619
0.515406
0.530887
0.549719
0.572839
0.600701
0.635325
0.677096
0.728928
0.790947
0.86887
0.949912
2.27611
1.0297
0.334303
0.356825
0.427461
0.479822
0.493323
0.490524
0.485522
0.481274
0.479617
0.479062
0.478489
0.47762
0.47656
0.475467
0.474404
0.47338
0.472404
0.471492
0.470667
0.469957
0.469379
0.468981
0.468785
0.468823
0.469095
0.469764
0.470843
0.472446
0.47454
0.477328
0.480776
0.485172
0.490483
0.497078
0.504978
0.514558
0.526085
0.539791
0.556356
0.575912
0.599482
0.627365
0.660592
0.700053
0.746336
0.800703
0.864207
0.928786
2.28204
1.02256
0.358755
0.38236
0.448479
0.498372
0.510284
0.506531
0.500789
0.496406
0.494705
0.494016
0.493316
0.492367
0.491302
0.490225
0.489193
0.488197
0.487259
0.486379
0.485603
0.484929
0.484416
0.484033
0.483903
0.484059
0.484605
0.48547
0.486861
0.488708
0.491259
0.494405
0.498489
0.503354
0.509465
0.516591
0.525359
0.535462
0.54771
0.561825
0.578647
0.598176
0.62106
0.647787
0.678647
0.714591
0.755562
0.802434
0.855627
0.909186
1.87634
0.772021
0.273276
0.344118
0.417751
0.441224
0.441131
0.43715
0.433506
0.433412
0.435587
0.438475
0.441475
0.444518
0.447657
0.450905
0.454223
0.457566
0.460905
0.464221
0.467495
0.470675
0.473818
0.476958
0.480151
0.483332
0.486623
0.489944
0.493567
0.497376
0.501678
0.506369
0.511804
0.517901
0.525024
0.533159
0.54261
0.553548
0.566087
0.580726
0.597303
0.616691
0.63846
0.663787
0.692064
0.724537
0.760524
0.800997
0.845805
0.890548
1.8689
0.771411
0.282179
0.35535
0.428332
0.44779
0.443318
0.435958
0.4303
0.428406
0.428317
0.428721
0.429321
0.430225
0.431573
0.433354
0.435612
0.438219
0.441296
0.444722
0.448606
0.452674
0.45715
0.461795
0.466828
0.471982
0.477522
0.48325
0.489342
0.495667
0.5024
0.509471
0.517032
0.525167
0.533965
0.543713
0.554315
0.566336
0.579529
0.594599
0.611247
0.630227
0.651268
0.675025
0.701362
0.73067
0.762982
0.798107
0.836508
0.874184
1.86794
0.770098
0.284312
0.365063
0.443617
0.463692
0.457506
0.448131
0.441125
0.438393
0.437494
0.436896
0.436308
0.435905
0.435818
0.436089
0.436719
0.437722
0.439255
0.441238
0.443726
0.446643
0.450162
0.454164
0.458798
0.463941
0.469668
0.47592
0.482712
0.490082
0.497958
0.506546
0.515635
0.525587
0.536007
0.547451
0.559509
0.572781
0.586949
0.602624
0.619551
0.638283
0.6587
0.6812
0.705735
0.732543
0.761584
0.792786
0.826399
0.858928
1.86943
0.77338
0.290106
0.367278
0.443688
0.464289
0.459067
0.450548
0.443969
0.441606
0.441131
0.440952
0.440736
0.440625
0.44071
0.441015
0.441604
0.442511
0.4437
0.445182
0.446985
0.44922
0.45186
0.455072
0.458757
0.463138
0.46805
0.47377
0.480043
0.48724
0.494985
0.503745
0.51305
0.523421
0.534433
0.546566
0.559476
0.573575
0.588572
0.604827
0.622189
0.640928
0.661013
0.682662
0.705845
0.730692
0.757139
0.785234
0.815022
0.843671
1.87254
0.780061
0.297788
0.361236
0.429065
0.450304
0.448018
0.441952
0.436343
0.434469
0.434506
0.435037
0.435624
0.436339
0.437231
0.438403
0.439863
0.441548
0.443418
0.445526
0.44787
0.450533
0.453491
0.456861
0.460598
0.464875
0.469591
0.475
0.480926
0.487698
0.495077
0.5034
0.512438
0.522483
0.533352
0.545263
0.558088
0.572005
0.586943
0.603044
0.62027
0.638754
0.658398
0.679342
0.701462
0.724935
0.749544
0.775268
0.802283
0.82812
1.88112
0.786641
0.300038
0.349026
0.412196
0.441239
0.44421
0.439523
0.434371
0.432089
0.431845
0.432367
0.433086
0.434006
0.435102
0.436435
0.438031
0.439887
0.442
0.444397
0.447072
0.450078
0.453388
0.457088
0.461125
0.465643
0.470549
0.476049
0.48201
0.488684
0.495929
0.503986
0.512753
0.52241
0.532896
0.544362
0.556738
0.570157
0.584551
0.600042
0.616556
0.634204
0.652903
0.672754
0.693654
0.715638
0.738561
0.762385
0.787203
0.810852
2.26309
1.10602
0.407204
0.399184
0.459366
0.508061
0.519351
0.51446
0.507537
0.501489
0.497972
0.495501
0.49339
0.491372
0.489344
0.487372
0.485648
0.484159
0.483011
0.482164
0.481736
0.481687
0.482141
0.483075
0.484555
0.48662
0.489305
0.492665
0.496706
0.501516
0.507074
0.513487
0.520731
0.528924
0.538018
0.548145
0.559233
0.571402
0.584576
0.59886
0.61415
0.630545
0.64792
0.666329
0.685684
0.705974
0.727099
0.748978
0.77169
0.793298
2.27251
1.12791
0.391681
0.37713
0.449995
0.51071
0.529108
0.528226
0.524004
0.5202
0.518758
0.518383
0.518367
0.518328
0.517913
0.517284
0.516612
0.515983
0.515416
0.514941
0.514574
0.51438
0.514378
0.514651
0.515234
0.516205
0.517601
0.519533
0.521997
0.525149
0.528935
0.53355
0.538908
0.545193
0.552332
0.560462
0.569557
0.579711
0.590909
0.603181
0.616553
0.630975
0.646472
0.66295
0.680379
0.69869
0.717791
0.737587
0.758144
0.77771
2.29744
1.17663
0.434261
0.383996
0.447092
0.503384
0.521862
0.52289
0.521064
0.51988
0.520299
0.52153
0.523325
0.525126
0.526534
0.527734
0.528858
0.530006
0.531154
0.532335
0.533521
0.534766
0.536059
0.537461
0.538975
0.540673
0.542571
0.544743
0.547235
0.550114
0.553447
0.557285
0.561726
0.5668
0.572628
0.579217
0.586689
0.595028
0.604333
0.614579
0.625812
0.638002
0.651177
0.665322
0.680409
0.696409
0.713223
0.730696
0.748918
0.766301
1.90075
0.805033
0.305814
0.316891
0.374007
0.414892
0.429172
0.432999
0.435822
0.439473
0.444405
0.450151
0.456589
0.463084
0.469262
0.475259
0.481224
0.487187
0.493131
0.499016
0.504839
0.510578
0.516252
0.521839
0.527376
0.532838
0.538294
0.543714
0.549192
0.554716
0.56036
0.566168
0.572204
0.578536
0.585214
0.59234
0.599938
0.608129
0.616902
0.626392
0.636555
0.647528
0.659224
0.671747
0.684984
0.69895
0.713583
0.728908
0.744923
0.760238
2.30594
1.19377
0.449604
0.386641
0.440666
0.492237
0.509238
0.509298
0.506152
0.503675
0.502417
0.502232
0.502687
0.503083
0.503407
0.503911
0.504737
0.506013
0.507709
0.509867
0.51244
0.515481
0.518944
0.52287
0.527184
0.531942
0.537027
0.54253
0.54829
0.554426
0.560811
0.567552
0.574531
0.58187
0.589462
0.597446
0.605735
0.614463
0.623568
0.633165
0.643223
0.653825
0.664954
0.676645
0.688905
0.701717
0.715089
0.728932
0.743334
0.757053
2.31118
1.20374
0.432904
0.369734
0.438375
0.500632
0.522085
0.523497
0.521278
0.519808
0.519935
0.521067
0.522797
0.524301
0.525326
0.526173
0.527007
0.527956
0.529031
0.53032
0.531829
0.533643
0.535751
0.538235
0.541084
0.544359
0.548054
0.552208
0.556821
0.561905
0.567461
0.573475
0.579954
0.586873
0.594266
0.60207
0.61034
0.618998
0.628124
0.637625
0.647602
0.657947
0.668783
0.679986
0.691676
0.70373
0.716242
0.729076
0.742357
0.754959
2.31391
1.20957
0.437081
0.371775
0.441502
0.505355
0.527731
0.529412
0.527248
0.5259
0.526372
0.527889
0.53016
0.532353
0.534072
0.535601
0.537128
0.538759
0.540491
0.542353
0.544341
0.546488
0.548809
0.551338
0.554106
0.55714
0.560481
0.564143
0.568179
0.572588
0.577427
0.582683
0.588414
0.594587
0.601256
0.608382
0.616008
0.62409
0.632659
0.641677
0.651156
0.661071
0.671412
0.682168
0.693301
0.704821
0.716662
0.728838
0.741341
0.753231
2.31689
1.21729
0.463451
0.387832
0.447099
0.506226
0.528785
0.532016
0.531137
0.530767
0.531659
0.533588
0.536126
0.538424
0.540451
0.542354
0.544312
0.546354
0.548531
0.550813
0.553243
0.555794
0.55852
0.561392
0.564469
0.567728
0.571231
0.574957
0.57897
0.583255
0.587873
0.592818
0.598139
0.603836
0.60994
0.616458
0.623403
0.630795
0.638624
0.646913
0.655631
0.664806
0.674389
0.684406
0.694794
0.70557
0.716662
0.72807
0.739814
0.750991
1.90563
0.813586
0.324716
0.323678
0.37648
0.414372
0.427259
0.430302
0.432593
0.435933
0.440704
0.446615
0.453341
0.460159
0.466868
0.473529
0.480262
0.487057
0.493922
0.5008
0.507698
0.514576
0.521453
0.528302
0.535146
0.541975
0.548813
0.555659
0.562538
0.569459
0.57644
0.583512
0.590686
0.598004
0.605472
0.613142
0.621009
0.62913
0.637494
0.646142
0.655066
0.664293
0.673806
0.68363
0.69374
0.704145
0.714821
0.725757
0.737003
0.747678
2.31199
1.2086
0.464968
0.403502
0.466206
0.52739
0.549317
0.550244
0.5461
0.542268
0.540061
0.538689
0.538095
0.537698
0.536965
0.536243
0.535678
0.535525
0.535713
0.536401
0.537514
0.539127
0.541209
0.543797
0.546856
0.550413
0.554427
0.558922
0.563843
0.569211
0.574973
0.581133
0.587641
0.594508
0.601693
0.609202
0.617006
0.625109
0.633489
0.642154
0.651091
0.660304
0.669785
0.679532
0.689529
0.699764
0.710226
0.720889
0.731817
0.742179
2.29404
1.16959
0.460071
0.422692
0.4858
0.546196
0.566081
0.56612
0.562399
0.559163
0.558406
0.55881
0.559896
0.56116
0.562032
0.562671
0.563262
0.56392
0.564656
0.56548
0.566401
0.567464
0.568717
0.570201
0.571949
0.574007
0.576391
0.579134
0.582252
0.585768
0.589683
0.594021
0.598785
0.603983
0.609613
0.615671
0.622149
0.629038
0.636325
0.643994
0.652028
0.660406
0.66911
0.678122
0.687438
0.697025
0.70688
0.716967
0.727337
0.73719
1.88783
0.805073
0.34078
0.355366
0.406343
0.443122
0.452857
0.452685
0.45175
0.452602
0.455915
0.460539
0.466079
0.472144
0.478233
0.484354
0.490571
0.496891
0.503267
0.509655
0.516017
0.522342
0.528619
0.534848
0.541025
0.547158
0.553259
0.55935
0.565452
0.571596
0.577807
0.584106
0.590527
0.597087
0.603817
0.61073
0.617853
0.625195
0.632773
0.640589
0.648664
0.656991
0.665583
0.674419
0.6835
0.692814
0.702346
0.712086
0.722073
0.731566
1.87402
0.796328
0.339524
0.356661
0.398325
0.426967
0.434881
0.434835
0.433827
0.433316
0.434048
0.435682
0.438239
0.441447
0.444939
0.448771
0.453027
0.457745
0.462906
0.468488
0.474452
0.480775
0.487412
0.494341
0.501516
0.508913
0.516491
0.52423
0.532094
0.540071
0.548134
0.556295
0.564525
0.572845
0.581233
0.589719
0.598285
0.606963
0.615748
0.624645
0.633652
0.642788
0.652053
0.661459
0.671004
0.680697
0.690533
0.700507
0.710659
0.720271
1.88891
0.806048
0.345023
0.373649
0.430941
0.466894
0.473623
0.469569
0.464488
0.461385
0.460434
0.460404
0.460996
0.461961
0.463
0.464174
0.465606
0.467367
0.469493
0.471995
0.474898
0.478209
0.481959
0.486141
0.490772
0.495838
0.501347
0.507269
0.513607
0.520322
0.527418
0.534848
0.542611
0.550663
0.558995
0.567564
0.576364
0.585356
0.594531
0.603878
0.613391
0.623049
0.632848
0.642765
0.652804
0.662943
0.67319
0.683522
0.694006
0.7039
2.34072
1.12429
0.469032
0.447567
0.513134
0.574874
0.595491
0.594882
0.589583
0.58428
0.58127
0.57936
0.577795
0.576424
0.574871
0.573138
0.571365
0.569652
0.568043
0.566565
0.565242
0.56411
0.563196
0.562548
0.562193
0.562183
0.562534
0.563307
0.564493
0.566132
0.568253
0.570863
0.573988
0.577608
0.581751
0.586385
0.591528
0.597143
0.60324
0.609771
0.616737
0.624093
0.631822
0.639916
0.64833
0.657048
0.666033
0.675269
0.684766
0.693824
1.88937
0.807238
0.34616
0.363473
0.415822
0.456083
0.468554
0.469558
0.469009
0.468988
0.471275
0.474793
0.479
0.483734
0.488558
0.493369
0.498209
0.503138
0.508113
0.513124
0.518114
0.52309
0.528015
0.532914
0.537756
0.542579
0.547358
0.552136
0.556913
0.561721
0.566565
0.57148
0.576465
0.581573
0.5868
0.592202
0.597766
0.603548
0.609529
0.615765
0.622226
0.628963
0.635949
0.643194
0.650687
0.658439
0.66643
0.674659
0.683142
0.691247
1.8891
0.807386
0.347472
0.36454
0.416095
0.454586
0.465035
0.463971
0.461096
0.458537
0.45807
0.458912
0.460497
0.462704
0.465124
0.467714
0.470582
0.47381
0.477403
0.481346
0.485612
0.490184
0.495039
0.500161
0.505527
0.511112
0.516897
0.522856
0.528972
0.535244
0.541647
0.54818
0.554831
0.561592
0.568457
0.575422
0.58249
0.589659
0.596936
0.60432
0.611821
0.619434
0.627173
0.635033
0.643029
0.651153
0.659418
0.667809
0.676375
0.684509
2.34275
1.12798
0.472716
0.449633
0.516388
0.580626
0.603074
0.603176
0.598097
0.593028
0.590245
0.58869
0.587563
0.586712
0.58571
0.584545
0.58332
0.582195
0.581158
0.5803
0.579562
0.579051
0.578707
0.578647
0.578805
0.579287
0.580051
0.581139
0.582567
0.584341
0.586471
0.588956
0.591796
0.594988
0.598534
0.602431
0.606672
0.611251
0.616157
0.621383
0.626915
0.632745
0.638856
0.645242
0.651882
0.658773
0.665893
0.673236
0.680806
0.688047
1.88982
0.808781
0.35343
0.381413
0.439687
0.479634
0.489592
0.487911
0.484866
0.483481
0.484907
0.487582
0.49093
0.494764
0.498664
0.502614
0.506677
0.510905
0.515268
0.51975
0.524312
0.528945
0.533627
0.538358
0.543128
0.547931
0.552772
0.55765
0.562574
0.567548
0.572581
0.577688
0.582868
0.588144
0.593515
0.599002
0.604601
0.610332
0.616192
0.622193
0.628343
0.634649
0.641113
0.647738
0.654527
0.661482
0.6686
0.675873
0.683328
0.690427
1.87526
0.799751
0.351157
0.378102
0.427535
0.459447
0.467094
0.465965
0.464283
0.46357
0.464096
0.465295
0.467195
0.46948
0.471831
0.474313
0.47702
0.480004
0.483272
0.486821
0.490642
0.494729
0.499071
0.503663
0.508493
0.513551
0.518823
0.524298
0.529961
0.5358
0.541803
0.547953
0.554255
0.560686
0.567256
0.573941
0.580756
0.587683
0.594732
0.601887
0.609158
0.616528
0.624009
0.631588
0.639278
0.647062
0.654956
0.662944
0.671076
0.678776
1.87423
0.799385
0.351681
0.37535
0.422433
0.454101
0.462314
0.461852
0.460735
0.460115
0.460385
0.46121
0.462693
0.464529
0.466377
0.468279
0.470335
0.472591
0.475064
0.477754
0.480671
0.483818
0.487205
0.490833
0.494709
0.498831
0.503204
0.507821
0.512688
0.517796
0.523148
0.528734
0.534553
0.540593
0.54685
0.55331
0.55997
0.566813
0.573839
0.581035
0.588399
0.59592
0.603598
0.611415
0.619366
0.627441
0.635648
0.643979
0.652465
0.660522
1.88906
0.809114
0.354857
0.362659
0.413295
0.452094
0.463036
0.462622
0.460833
0.459587
0.459623
0.460433
0.461973
0.463876
0.465703
0.46751
0.469428
0.47152
0.473805
0.47628
0.478946
0.481804
0.484861
0.488116
0.491576
0.495241
0.499117
0.503203
0.507505
0.51202
0.516754
0.521705
0.526876
0.532263
0.537868
0.543687
0.549719
0.555961
0.56241
0.56906
0.575906
0.58294
0.590156
0.59755
0.605122
0.612865
0.620767
0.62882
0.637045
0.644867
2.31232
1.20466
0.485418
0.431474
0.492571
0.5568
0.582789
0.586281
0.583617
0.580885
0.579597
0.579282
0.579772
0.580602
0.58114
0.581431
0.581664
0.581946
0.582323
0.58279
0.583357
0.58402
0.584797
0.585692
0.586723
0.587891
0.589215
0.590696
0.592351
0.594182
0.596205
0.598421
0.600845
0.603477
0.606332
0.609406
0.612715
0.616252
0.620032
0.624047
0.628308
0.632806
0.637551
0.642532
0.647758
0.653212
0.658897
0.664789
0.670921
0.676815
2.32253
1.22875
0.466099
0.405366
0.48144
0.557499
0.588665
0.593343
0.59071
0.587847
0.586859
0.587313
0.588603
0.590418
0.5921
0.593497
0.594828
0.596241
0.597794
0.599474
0.601277
0.603188
0.605217
0.607357
0.609619
0.611996
0.614499
0.617121
0.619873
0.622749
0.625759
0.628898
0.632177
0.635591
0.639151
0.642852
0.646706
0.650707
0.654866
0.659178
0.663655
0.668289
0.673093
0.67806
0.683198
0.688498
0.693965
0.699586
0.705384
0.710923
2.31272
1.20617
0.486666
0.432537
0.494351
0.559807
0.586868
0.591018
0.588966
0.586854
0.586285
0.586941
0.58845
0.59044
0.592239
0.593832
0.595406
0.597089
0.598918
0.600892
0.603001
0.605246
0.607623
0.610141
0.612797
0.615598
0.618541
0.621631
0.624865
0.628249
0.631778
0.635458
0.639284
0.643263
0.647388
0.651667
0.656092
0.660671
0.665395
0.670275
0.675299
0.680477
0.685798
0.691273
0.696888
0.702656
0.70856
0.714611
0.720818
0.726757
1.88895
0.809181
0.356062
0.364305
0.416386
0.457004
0.469103
0.469121
0.467535
0.46652
0.467165
0.468791
0.471274
0.47423
0.477164
0.48013
0.483238
0.486566
0.490109
0.493871
0.497825
0.501979
0.506314
0.510841
0.51554
0.520421
0.525465
0.530683
0.536053
0.541588
0.547266
0.5531
0.559069
0.565185
0.571428
0.577811
0.584314
0.59095
0.597698
0.604574
0.611557
0.618662
0.625868
0.63319
0.640606
0.648135
0.655755
0.66349
0.671352
0.678839
1.87422
0.800022
0.355297
0.380473
0.428585
0.460132
0.467652
0.466485
0.464743
0.463861
0.464079
0.46493
0.466472
0.468353
0.470186
0.472037
0.474001
0.47614
0.478451
0.480945
0.48361
0.48646
0.489487
0.492707
0.49611
0.499711
0.5035
0.50749
0.511671
0.516054
0.520628
0.525405
0.530371
0.535538
0.540892
0.546443
0.552176
0.558101
0.564203
0.57049
0.576947
0.58358
0.590376
0.597339
0.604455
0.611729
0.619146
0.626713
0.634438
0.6418
1.87704
0.803104
0.359369
0.395141
0.451553
0.484556
0.490478
0.486946
0.482762
0.480815
0.480804
0.4816
0.483011
0.484676
0.486274
0.487895
0.489639
0.491552
0.493627
0.495864
0.498256
0.50081
0.503522
0.506402
0.509444
0.512659
0.516041
0.519598
0.523326
0.527232
0.531311
0.535571
0.540006
0.544621
0.549412
0.554385
0.559531
0.564858
0.570358
0.576036
0.581884
0.587907
0.594095
0.600453
0.606971
0.613652
0.620486
0.627472
0.634617
0.641429
1.19155
1.04886
0.497553
0.190554
0.010815
0.108725
0.160226
0.208571
0.230167
0.234531
0.222838
0.211374
0.201052
0.191517
0.179481
0.165027
0.147695
0.127762
0.105941
0.0827974
0.0589749
0.035262
0.0158704
0.0232575
0.0469816
0.0712803
0.0954232
0.119128
0.142445
0.165347
0.187847
0.209922
0.231556
0.252697
0.272705
0.291807
0.311344
0.331716
0.351679
0.370844
0.389355
0.407349
0.424866
0.441916
0.458487
0.47458
0.490184
0.505302
0.51992
0.534039
0.547643
0.560728
0.573274
0.585273
0.596698
0.607536
0.617754
0.627335
0.636241
0.64445
0.651922
0.658632
0.664541
0.669627
0.673856
0.677221
0.679707
0.681333
0.682108
0.682283
0.682107
0.68155
0.68022
0.677719
0.674342
0.670736
0.66706
0.663342
0.659655
0.656077
0.652712
0.649628
0.646899
0.644555
0.642631
0.641123
0.640036
0.639342
0.639017
0.638993
0.639153
0.639493
0.64013
0.641223
0.64261
0.644127
0.645675
0.647346
0.648986
0.653761
1.12192
1.036
0.806138
0.549218
0.502237
0.431262
0.381342
0.340595
0.310315
0.291756
0.260403
0.230136
0.210563
0.208818
0.215956
0.226508
0.238967
0.252882
0.268011
0.283867
0.300244
0.316715
0.333039
0.349212
0.365944
0.382927
0.400089
0.417187
0.434283
0.451213
0.468064
0.484692
0.501188
0.517421
0.533077
0.547992
0.562989
0.578707
0.594571
0.609793
0.62451
0.63888
0.652959
0.666733
0.680186
0.6933
0.706069
0.71848
0.730526
0.742194
0.753475
0.764352
0.774813
0.784837
0.794407
0.803498
0.812087
0.820148
0.827653
0.834571
0.840873
0.846528
0.851504
0.855775
0.859315
0.862107
0.864144
0.865425
0.865985
0.865999
0.865704
0.86504
0.863692
0.861311
0.858096
0.854621
0.851071
0.847505
0.84399
0.840598
0.837417
0.834519
0.831965
0.829788
0.828013
0.826642
0.82567
0.825071
0.824843
0.824871
0.825048
0.825384
0.825953
0.82692
0.828129
0.82947
0.830792
0.832206
0.833397
0.837197
1.07464
1.07547
1.00806
0.899631
0.831163
0.780889
0.744969
0.714875
0.690058
0.671966
0.656864
0.64253
0.632531
0.627399
0.62588
0.626136
0.627641
0.630048
0.63343
0.637697
0.642812
0.648584
0.654945
0.661777
0.669332
0.67749
0.686259
0.695412
0.704983
0.714785
0.724897
0.735144
0.745634
0.756179
0.766564
0.776506
0.78658
0.79736
0.808725
0.819818
0.830627
0.841243
0.851759
0.862154
0.87243
0.882537
0.89248
0.902214
0.911748
0.92104
0.930098
0.938877
0.947382
0.955566
0.96343
0.970924
0.978047
0.984746
0.991015
0.996801
1.0021
1.00684
1.01104
1.01463
1.01761
1.01994
1.02162
1.02263
1.02298
1.02287
1.02251
1.02183
1.02052
1.01831
1.01535
1.01211
1.00877
1.00542
1.00214
0.999003
0.996073
0.993423
0.991094
0.989129
0.987536
0.986325
0.985481
0.984989
0.984832
0.98489
0.985054
0.985358
0.985858
0.986705
0.987742
0.98891
0.990018
0.991189
0.99197
0.995034
1.04737
1.08418
1.08315
1.04975
1.00812
0.979409
0.961053
0.947279
0.935019
0.923907
0.915017
0.907285
0.900328
0.895155
0.892563
0.891275
0.890265
0.889227
0.88824
0.88745
0.886998
0.886944
0.887309
0.888237
0.889763
0.891928
0.894773
0.898197
0.902189
0.906651
0.911605
0.916957
0.922757
0.928854
0.934998
0.940981
0.94719
0.954114
0.961823
0.96969
0.97748
0.985196
0.99294
1.0007
1.00849
1.01627
1.02402
1.0317
1.03931
1.0468
1.05418
1.06138
1.06843
1.07525
1.08186
1.08819
1.09425
1.09996
1.10535
1.11033
1.11492
1.11904
1.12269
1.12581
1.12842
1.13043
1.13188
1.1327
1.13291
1.13272
1.13233
1.13164
1.13034
1.12829
1.1256
1.1226
1.11945
1.11629
1.1132
1.11029
1.10757
1.10514
1.10301
1.10123
1.09979
1.09872
1.09798
1.09759
1.09748
1.09756
1.0977
1.09797
1.09843
1.0992
1.10009
1.10112
1.10207
1.10306
1.10355
1.10617
1.02103
1.06891
1.09376
1.0972
1.08812
1.08048
1.07671
1.07513
1.07346
1.07073
1.06704
1.06407
1.06188
1.05895
1.05545
1.05261
1.04987
1.04692
1.04371
1.04035
1.03699
1.03381
1.03094
1.02851
1.0266
1.02534
1.02475
1.02483
1.0256
1.02693
1.02887
1.03134
1.0344
1.03786
1.04148
1.04509
1.04902
1.05369
1.05921
1.06511
1.07113
1.07719
1.08334
1.08957
1.0959
1.1023
1.10877
1.11525
1.12173
1.12817
1.13457
1.14086
1.14706
1.1531
1.15898
1.16464
1.17008
1.17524
1.18011
1.18463
1.18881
1.19256
1.1959
1.19875
1.20112
1.20295
1.20425
1.2049
1.20501
1.2048
1.20442
1.20369
1.20239
1.20043
1.19798
1.19518
1.1922
1.18919
1.18624
1.18347
1.18092
1.17865
1.17667
1.17503
1.17371
1.17274
1.17209
1.17176
1.17168
1.17176
1.17191
1.17219
1.17265
1.17339
1.17419
1.17515
1.17599
1.17686
1.17721
1.17965
0.990675
1.0443
1.08046
1.1036
1.11574
1.1235
1.13039
1.13734
1.14327
1.14756
1.14975
1.15005
1.14957
1.14916
1.14777
1.14504
1.1417
1.13809
1.13438
1.13026
1.12601
1.1216
1.11742
1.11342
1.10995
1.10693
1.10466
1.10296
1.10204
1.10167
1.10202
1.10296
1.10454
1.10657
1.10878
1.11107
1.11374
1.11717
1.12142
1.12614
1.13113
1.13627
1.14154
1.14692
1.15242
1.15803
1.16373
1.1695
1.17531
1.18113
1.18694
1.1927
1.19838
1.20395
1.20939
1.21465
1.21971
1.22452
1.22907
1.23331
1.23722
1.24074
1.24386
1.24654
1.24875
1.25044
1.25158
1.2521
1.25213
1.25192
1.25153
1.25077
1.24943
1.24752
1.2452
1.24256
1.23971
1.23682
1.23398
1.23131
1.22885
1.22668
1.2248
1.22325
1.22202
1.22112
1.22052
1.22023
1.22019
1.22027
1.22042
1.22074
1.22121
1.22194
1.22269
1.22361
1.22439
1.22519
1.22545
1.2278
0.961089
1.01295
1.05594
1.08902
1.11385
1.13235
1.14756
1.16079
1.17239
1.1818
1.18888
1.19341
1.19584
1.19653
1.19664
1.19597
1.19373
1.19034
1.18652
1.18236
1.17789
1.17326
1.1686
1.16406
1.15982
1.156
1.15276
1.15014
1.1482
1.1469
1.14631
1.14631
1.14704
1.14821
1.14954
1.15103
1.15294
1.1556
1.15905
1.16301
1.16732
1.17188
1.1766
1.18146
1.18644
1.19155
1.19676
1.20207
1.20745
1.21287
1.21829
1.22369
1.22903
1.23429
1.23943
1.24441
1.24921
1.25379
1.25811
1.26214
1.26585
1.2692
1.27215
1.27469
1.27675
1.2783
1.27932
1.27971
1.27967
1.27947
1.27906
1.27824
1.27684
1.27494
1.27268
1.27014
1.26742
1.26462
1.26187
1.25928
1.2569
1.2548
1.25299
1.2515
1.25031
1.24944
1.24887
1.24862
1.24861
1.24868
1.24885
1.24919
1.24968
1.25041
1.25114
1.25204
1.25278
1.25353
1.25374
1.25603
0.935009
0.982709
1.02656
1.06452
1.09593
1.12133
1.1428
1.16113
1.17698
1.19029
1.20113
1.20912
1.21465
1.21777
1.21922
1.21953
1.21935
1.21784
1.21487
1.21099
1.20672
1.20234
1.19782
1.19333
1.18896
1.18493
1.18132
1.17828
1.17584
1.17407
1.17294
1.17248
1.17272
1.17343
1.17427
1.17532
1.17682
1.17907
1.18206
1.18557
1.18946
1.19366
1.19806
1.20263
1.20732
1.21215
1.21708
1.22211
1.22722
1.23238
1.23756
1.24273
1.24785
1.25289
1.25782
1.26261
1.26722
1.27162
1.27576
1.27963
1.28317
1.28637
1.28916
1.29154
1.29345
1.29486
1.29574
1.29602
1.29594
1.29572
1.29526
1.29435
1.29288
1.29098
1.28876
1.28631
1.28369
1.28101
1.27836
1.27584
1.27352
1.27146
1.26969
1.26822
1.26706
1.26621
1.26566
1.26544
1.26544
1.26551
1.26568
1.26604
1.26656
1.2673
1.26802
1.2689
1.26962
1.27033
1.27049
1.27277
0.911726
0.955346
0.997637
1.0372
1.0719
1.10185
1.12711
1.14895
1.16787
1.18425
1.19787
1.20891
1.21713
1.22299
1.22655
1.22853
1.22923
1.22932
1.22843
1.22609
1.22253
1.21865
1.21448
1.21034
1.20622
1.20238
1.19878
1.19569
1.19306
1.19111
1.18972
1.18905
1.18903
1.18948
1.19004
1.19084
1.19215
1.19419
1.19692
1.20015
1.20377
1.20772
1.21191
1.21628
1.22081
1.22546
1.23022
1.23507
1.23999
1.24497
1.24996
1.25495
1.2599
1.26477
1.26953
1.27414
1.27858
1.28281
1.28679
1.29048
1.29386
1.29688
1.29952
1.30173
1.30348
1.30475
1.30548
1.30567
1.30556
1.30531
1.30478
1.30376
1.30222
1.30032
1.29815
1.29578
1.29327
1.29071
1.28817
1.28575
1.2835
1.28149
1.27976
1.27831
1.27717
1.27633
1.27579
1.27558
1.27559
1.27567
1.27584
1.27622
1.27674
1.27749
1.27821
1.27907
1.27977
1.28044
1.28058
1.28285
0.890163
0.929787
0.969834
1.00893
1.04498
1.07711
1.10529
1.12986
1.15133
1.16994
1.18589
1.19921
1.20998
1.21823
1.22418
1.22813
1.23058
1.23161
1.23183
1.23144
1.22997
1.2273
1.22374
1.22001
1.21631
1.21278
1.20946
1.20651
1.20396
1.20198
1.20053
1.19975
1.19961
1.19989
1.20029
1.20097
1.20218
1.20409
1.20664
1.20964
1.21303
1.21674
1.22072
1.22491
1.22927
1.23376
1.23836
1.24305
1.24781
1.25261
1.25743
1.26225
1.26702
1.27171
1.27631
1.28075
1.28502
1.28907
1.29288
1.29639
1.29959
1.30243
1.3049
1.30694
1.30853
1.30965
1.31021
1.31031
1.31019
1.3099
1.30929
1.30817
1.30658
1.30469
1.30256
1.30028
1.29789
1.29547
1.29308
1.29078
1.28863
1.28669
1.28499
1.28357
1.28244
1.28161
1.28107
1.28086
1.28087
1.28094
1.28111
1.28149
1.28201
1.28275
1.28347
1.28431
1.28499
1.28563
1.28574
1.28801
0.870033
0.90645
0.944208
0.98215
1.01823
1.05134
1.08101
1.10738
1.13061
1.15109
1.16889
1.18422
1.19705
1.20756
1.21569
1.22179
1.22606
1.2289
1.23041
1.23098
1.23079
1.22994
1.22796
1.22508
1.22195
1.21877
1.21576
1.21302
1.21063
1.20869
1.20724
1.20637
1.20609
1.20618
1.20641
1.20694
1.20804
1.20984
1.2122
1.21499
1.21815
1.22165
1.22543
1.22945
1.23366
1.23802
1.24249
1.24705
1.25167
1.25633
1.26101
1.26566
1.27028
1.27481
1.27923
1.2835
1.2876
1.29146
1.29508
1.2984
1.30141
1.30406
1.30634
1.3082
1.30961
1.31056
1.31096
1.31096
1.31083
1.31051
1.30981
1.3086
1.30698
1.30509
1.30304
1.30087
1.29864
1.29639
1.29417
1.29202
1.29
1.28815
1.28652
1.28513
1.28403
1.2832
1.28266
1.28245
1.28245
1.28251
1.28268
1.28304
1.28355
1.28428
1.28498
1.28581
1.28646
1.28707
1.28715
1.28942
0.849303
0.883315
0.919181
0.955922
0.991621
1.02505
1.05561
1.08315
1.10779
1.1297
1.14908
1.16602
1.18065
1.19298
1.2032
1.21127
1.21749
1.22204
1.22522
1.2272
1.22811
1.22818
1.2277
1.22642
1.22431
1.22163
1.21888
1.21629
1.21405
1.21217
1.21078
1.20987
1.20954
1.20946
1.20959
1.21007
1.21114
1.21289
1.21513
1.21775
1.22074
1.22404
1.22766
1.23152
1.2356
1.23983
1.24419
1.24863
1.25313
1.25765
1.26218
1.26668
1.27113
1.27549
1.27975
1.28383
1.28774
1.29141
1.29483
1.29796
1.30078
1.30322
1.30531
1.30697
1.30821
1.30896
1.30922
1.30918
1.30902
1.30863
1.30783
1.30654
1.30492
1.3031
1.30114
1.29912
1.29706
1.29499
1.29294
1.29096
1.28908
1.28735
1.28579
1.28447
1.28338
1.28257
1.28203
1.28179
1.28177
1.28184
1.28199
1.28232
1.28281
1.28351
1.28419
1.28499
1.28562
1.28619
1.28626
1.28854
0.828649
0.86037
0.894349
0.929666
0.964576
0.99779
1.02868
1.05692
1.08255
1.10559
1.12625
1.14457
1.16072
1.1747
1.18668
1.19656
1.20459
1.21085
1.21565
1.21909
1.2214
1.22269
1.22304
1.22276
1.22201
1.22053
1.21852
1.21628
1.21418
1.21244
1.21108
1.21024
1.20983
1.20968
1.20968
1.21016
1.21123
1.21288
1.21498
1.21742
1.22023
1.22335
1.2268
1.2305
1.23444
1.23854
1.24278
1.24709
1.25147
1.25585
1.26025
1.26458
1.26888
1.27306
1.27713
1.28102
1.28473
1.28819
1.29142
1.29433
1.29694
1.29917
1.30104
1.30249
1.30353
1.30407
1.30423
1.30416
1.30395
1.30348
1.30256
1.30122
1.29963
1.29791
1.29609
1.29423
1.29235
1.29048
1.28862
1.28682
1.28509
1.28348
1.28203
1.28077
1.27972
1.27893
1.27838
1.27812
1.27808
1.27813
1.27826
1.27856
1.27901
1.27968
1.28032
1.2811
1.28169
1.28223
1.28227
1.28457
0.810016
0.839356
0.871243
0.904805
0.938444
0.970909
1.00155
1.02998
1.05611
1.07993
1.10152
1.12096
1.13835
1.15373
1.16723
1.17875
1.18843
1.19637
1.20276
1.20773
1.21147
1.21408
1.21574
1.21652
1.21662
1.21614
1.21528
1.21391
1.21228
1.21069
1.20949
1.20867
1.20834
1.20813
1.20823
1.20885
1.21002
1.21171
1.21377
1.21617
1.21891
1.22197
1.22534
1.22897
1.23283
1.23685
1.241
1.24522
1.2495
1.25377
1.25802
1.26221
1.26633
1.27032
1.27418
1.27786
1.28134
1.28457
1.28754
1.2902
1.29255
1.29453
1.29614
1.29735
1.29815
1.29849
1.29853
1.29843
1.29816
1.29756
1.29653
1.29518
1.29367
1.29208
1.29044
1.28877
1.2871
1.28543
1.28378
1.28217
1.28062
1.27917
1.27785
1.27669
1.27571
1.27495
1.27441
1.27413
1.27407
1.27411
1.27422
1.27448
1.27488
1.2755
1.27611
1.27683
1.27739
1.27788
1.2779
1.2802
0.795335
0.822056
0.851526
0.882943
0.914819
0.945998
0.975813
1.00387
1.02999
1.05412
1.07626
1.09646
1.11478
1.13127
1.14597
1.15895
1.17016
1.17969
1.18766
1.19421
1.19946
1.20355
1.20659
1.20872
1.21003
1.21065
1.21076
1.21045
1.20992
1.20921
1.20843
1.20804
1.2079
1.20797
1.20834
1.2092
1.21056
1.21229
1.21435
1.21675
1.21947
1.22251
1.22581
1.22937
1.23313
1.23705
1.24109
1.24521
1.24935
1.25349
1.25758
1.26161
1.26552
1.26931
1.27293
1.27637
1.27959
1.28257
1.28526
1.28766
1.28971
1.29143
1.29276
1.29372
1.29427
1.29444
1.2944
1.29425
1.29388
1.29313
1.29201
1.29071
1.28933
1.28791
1.28647
1.28502
1.28356
1.28211
1.28068
1.27928
1.27793
1.27666
1.27548
1.27444
1.27356
1.27285
1.27233
1.27204
1.27196
1.27198
1.27207
1.27228
1.27263
1.27319
1.27375
1.27442
1.27493
1.27536
1.27535
1.27766
0.786016
0.810074
0.836973
0.866054
0.895898
0.925471
0.954081
0.981362
1.00706
1.03111
1.05343
1.07408
1.09303
1.11037
1.12609
1.14028
1.15284
1.16385
1.17335
1.18147
1.18828
1.19393
1.19847
1.20207
1.20477
1.20672
1.20802
1.20882
1.20919
1.20928
1.20919
1.20916
1.20927
1.20962
1.21027
1.21127
1.21265
1.21436
1.21642
1.2188
1.22148
1.22444
1.22767
1.23111
1.23476
1.23855
1.24245
1.24641
1.2504
1.25436
1.25828
1.2621
1.26581
1.26936
1.27274
1.27591
1.27887
1.28155
1.28397
1.28606
1.28783
1.28925
1.29032
1.291
1.29132
1.29135
1.29126
1.29102
1.29049
1.2896
1.28848
1.28729
1.28607
1.28484
1.28361
1.28238
1.28114
1.27991
1.2787
1.27751
1.27636
1.27527
1.27426
1.27335
1.27256
1.27191
1.27142
1.27112
1.27101
1.27103
1.27109
1.27124
1.27153
1.27202
1.27253
1.27313
1.27358
1.27396
1.27391
1.27622
0.780192
0.801933
0.826495
0.853337
0.881202
0.909108
0.936428
0.962755
0.987865
1.0116
1.03392
1.05476
1.07416
1.09211
1.10864
1.12379
1.13751
1.14978
1.16068
1.17021
1.17849
1.18556
1.19154
1.1965
1.20054
1.20376
1.20621
1.20803
1.20937
1.21029
1.21092
1.21144
1.21196
1.21263
1.2135
1.21463
1.21605
1.21779
1.21985
1.22221
1.22484
1.22773
1.23085
1.23419
1.23769
1.24133
1.24507
1.24886
1.25266
1.25644
1.26014
1.26374
1.2672
1.2705
1.2736
1.2765
1.27914
1.28153
1.28361
1.2854
1.28685
1.28797
1.28873
1.28915
1.28926
1.28921
1.28904
1.28865
1.28793
1.28696
1.28592
1.28488
1.28385
1.28282
1.28179
1.28077
1.27975
1.27874
1.27774
1.27676
1.27583
1.27493
1.27409
1.27333
1.27264
1.27206
1.27161
1.2713
1.27117
1.27117
1.27121
1.27132
1.27154
1.27194
1.27238
1.27292
1.2733
1.2736
1.27351
1.27583
0.776162
0.796163
0.818817
0.843719
0.869756
0.896048
0.92203
0.947315
0.971674
0.994946
1.01705
1.03792
1.05755
1.07594
1.09308
1.10899
1.12363
1.13699
1.14906
1.15988
1.16948
1.17792
1.18528
1.19158
1.19693
1.20137
1.205
1.20792
1.21024
1.21202
1.21343
1.21456
1.21559
1.2166
1.21773
1.21901
1.22055
1.22232
1.22438
1.22669
1.22927
1.23207
1.23509
1.23828
1.24164
1.2451
1.24866
1.25224
1.25585
1.25939
1.26287
1.26621
1.26942
1.27243
1.27526
1.27784
1.28019
1.28224
1.28401
1.28545
1.28659
1.28738
1.28786
1.28801
1.28798
1.28785
1.28753
1.28692
1.28604
1.28513
1.28422
1.28335
1.2825
1.28167
1.28084
1.28003
1.27922
1.27843
1.27765
1.2769
1.27617
1.27548
1.27481
1.27419
1.27362
1.27312
1.27271
1.27242
1.27226
1.27223
1.27226
1.27233
1.27249
1.2728
1.27317
1.27361
1.27393
1.27415
1.27401
1.27633
0.773149
0.79183
0.813022
0.836398
0.86095
0.885894
0.910677
0.93499
0.958587
0.981343
1.00313
1.02392
1.04364
1.06231
1.07988
1.09637
1.11177
1.12603
1.1391
1.15104
1.16181
1.17149
1.18007
1.18763
1.19419
1.19986
1.20464
1.20865
1.21195
1.21468
1.21687
1.2187
1.22025
1.2217
1.22311
1.22461
1.22623
1.22806
1.23009
1.23237
1.23484
1.23755
1.24042
1.24347
1.24664
1.24993
1.25326
1.25664
1.25998
1.2633
1.26649
1.26959
1.27249
1.27523
1.27773
1.28002
1.28202
1.28375
1.28516
1.28629
1.28708
1.28758
1.28775
1.28774
1.28762
1.28732
1.28673
1.28592
1.28508
1.28428
1.28353
1.28282
1.28215
1.2815
1.28088
1.28027
1.27967
1.27909
1.27854
1.27801
1.2775
1.277
1.27651
1.27604
1.27558
1.27517
1.27481
1.27453
1.27436
1.2743
1.27432
1.27436
1.27446
1.27467
1.27496
1.27532
1.27555
1.27569
1.27552
1.27783
0.769802
0.787583
0.807729
0.829947
0.853326
0.877151
0.900968
0.924439
0.947387
0.969643
0.991139
1.01178
1.03154
1.05038
1.06829
1.08524
1.10125
1.11622
1.13015
1.143
1.15481
1.16554
1.17525
1.18394
1.19168
1.19845
1.20436
1.20939
1.21371
1.21731
1.22031
1.2228
1.22492
1.22677
1.22849
1.23017
1.23191
1.23374
1.23576
1.23793
1.24031
1.24285
1.24558
1.24843
1.25141
1.25446
1.25758
1.26069
1.26379
1.26682
1.26975
1.27254
1.27517
1.27758
1.27979
1.28173
1.28342
1.2848
1.28589
1.28666
1.28714
1.28731
1.2873
1.28718
1.28686
1.28626
1.28546
1.28466
1.28392
1.28324
1.28263
1.28207
1.28156
1.28108
1.28064
1.28021
1.27981
1.27944
1.27909
1.27877
1.27846
1.27815
1.27781
1.27747
1.27713
1.27679
1.27649
1.27623
1.27605
1.27597
1.27596
1.27598
1.27603
1.27616
1.27634
1.27661
1.27675
1.27683
1.27663
1.27893
0.765669
0.782737
0.802101
0.823458
0.84597
0.868939
0.891952
0.914742
0.937123
0.958968
0.980174
1.00069
1.02044
1.03942
1.05757
1.0749
1.09137
1.10694
1.12155
1.13521
1.14786
1.15954
1.17021
1.17991
1.18862
1.19641
1.20325
1.20924
1.2144
1.21882
1.22256
1.22572
1.2284
1.23071
1.23277
1.23469
1.23655
1.23845
1.24042
1.24254
1.24479
1.2472
1.24973
1.2524
1.25516
1.25798
1.26084
1.2637
1.26651
1.26925
1.27187
1.27436
1.27666
1.27877
1.28064
1.28225
1.28358
1.28461
1.28534
1.28579
1.28593
1.2859
1.28574
1.28535
1.2847
1.28389
1.28308
1.28235
1.2817
1.28114
1.28065
1.28025
1.27989
1.27958
1.27931
1.27907
1.27886
1.2787
1.27857
1.27846
1.27835
1.2782
1.27802
1.27781
1.27758
1.27733
1.27708
1.27687
1.27669
1.27658
1.27654
1.27654
1.27656
1.27661
1.27671
1.27685
1.27691
1.27692
1.27669
1.27898
0.759647
0.776196
0.794947
0.815644
0.837471
0.859789
0.882192
0.90444
0.926367
0.947858
0.96883
0.98921
1.00896
1.02802
1.04639
1.064
1.08087
1.09692
1.11212
1.12643
1.13984
1.1523
1.16385
1.17443
1.1841
1.19281
1.20064
1.20755
1.21364
1.21893
1.22352
1.22742
1.23075
1.23358
1.23606
1.23828
1.24037
1.24237
1.2444
1.24647
1.24865
1.25091
1.2533
1.25576
1.2583
1.26088
1.26348
1.26605
1.26857
1.27099
1.2733
1.27544
1.27742
1.27918
1.2807
1.28195
1.28292
1.28358
1.28395
1.28406
1.28399
1.28377
1.28326
1.2825
1.28163
1.28081
1.28005
1.27939
1.27882
1.27837
1.27801
1.27774
1.27754
1.27739
1.27727
1.27722
1.27723
1.27726
1.27735
1.27747
1.27753
1.27754
1.27751
1.27745
1.27734
1.27719
1.27701
1.27684
1.27668
1.27656
1.27648
1.27645
1.27644
1.27644
1.27646
1.27647
1.27645
1.2764
1.27608
1.27831
0.753911
0.769839
0.787963
0.807995
0.829131
0.850773
0.872543
0.894228
0.915675
0.936789
0.95748
0.977694
0.99737
1.01647
1.03496
1.05281
1.06998
1.08646
1.10216
1.11706
1.13114
1.14436
1.15671
1.16817
1.17873
1.18839
1.19715
1.20504
1.21204
1.21824
1.22365
1.22835
1.23237
1.23585
1.23883
1.24146
1.2438
1.24599
1.24808
1.25016
1.25225
1.2544
1.25661
1.25888
1.26118
1.26351
1.26583
1.2681
1.27029
1.27239
1.27436
1.27617
1.27779
1.2792
1.28035
1.28122
1.2818
1.28209
1.28213
1.28203
1.28171
1.28104
1.28013
1.27919
1.2783
1.27749
1.27677
1.27616
1.27568
1.27534
1.27511
1.27498
1.27491
1.2749
1.27493
1.27504
1.27526
1.27557
1.27586
1.27613
1.27634
1.27651
1.27662
1.27667
1.27666
1.27662
1.27654
1.27642
1.27628
1.27616
1.27605
1.27598
1.27592
1.27588
1.27583
1.27578
1.27566
1.27551
1.27504
1.27717
0.747674
0.763116
0.780692
0.800164
0.820736
0.841819
0.863069
0.884283
0.905338
0.926132
0.9466
0.966666
0.986294
1.00542
1.02402
1.04205
1.0595
1.07631
1.09244
1.10784
1.1225
1.13636
1.14942
1.16161
1.17296
1.18342
1.19301
1.20168
1.2095
1.21643
1.22258
1.22795
1.23261
1.23662
1.24007
1.24307
1.24569
1.24806
1.25024
1.25233
1.25436
1.25639
1.25842
1.26048
1.26254
1.26459
1.2666
1.26856
1.27042
1.27218
1.27379
1.27525
1.27651
1.27755
1.27832
1.27882
1.27902
1.27901
1.27885
1.27838
1.27758
1.27657
1.27553
1.27455
1.27363
1.27283
1.27214
1.2716
1.27122
1.27099
1.27089
1.27087
1.27089
1.27098
1.27119
1.27156
1.272
1.27246
1.2729
1.27332
1.27368
1.27399
1.27423
1.27441
1.27451
1.27455
1.27453
1.27449
1.27441
1.2743
1.27417
1.27406
1.27395
1.27386
1.27375
1.27363
1.27342
1.27317
1.2726
1.27464
0.73653
0.75207
0.769676
0.78904
0.809413
0.830227
0.851197
0.872132
0.892947
0.913541
0.933871
0.953856
0.973468
0.992642
1.01136
1.02957
1.04725
1.06437
1.08085
1.09665
1.11175
1.1261
1.13969
1.15247
1.16445
1.17558
1.18588
1.19532
1.20393
1.21167
1.21862
1.22474
1.23013
1.23477
1.23882
1.24228
1.24531
1.24794
1.25032
1.25248
1.25453
1.25646
1.25838
1.26023
1.26207
1.26383
1.26555
1.26716
1.26869
1.27008
1.27135
1.27243
1.27334
1.27397
1.27435
1.27446
1.2744
1.27412
1.27343
1.27243
1.27133
1.27019
1.26908
1.26803
1.26708
1.26627
1.26562
1.26516
1.26488
1.26479
1.26479
1.26482
1.26494
1.26523
1.26569
1.26626
1.26686
1.26748
1.26808
1.26865
1.26917
1.26963
1.27001
1.27032
1.27055
1.27069
1.27076
1.27076
1.27072
1.27066
1.27055
1.27041
1.27025
1.27011
1.26993
1.26974
1.26944
1.26912
1.26844
1.27042
0.72075
0.73675
0.754757
0.774384
0.794869
0.815695
0.836613
0.857468
0.878195
0.898716
0.918994
0.938963
0.958599
0.977845
0.996682
1.01506
1.03297
1.05037
1.06721
1.08345
1.09905
1.11397
1.1282
1.14168
1.1544
1.16632
1.17744
1.18773
1.19719
1.2058
1.2136
1.22057
1.22676
1.23219
1.23695
1.24104
1.24461
1.24767
1.25038
1.25275
1.25491
1.25686
1.25871
1.26041
1.26203
1.26352
1.26493
1.26619
1.26736
1.26837
1.26926
1.26994
1.27042
1.27061
1.27061
1.27044
1.26992
1.26903
1.26786
1.2666
1.26532
1.26407
1.26285
1.26174
1.26075
1.25995
1.25935
1.25898
1.25884
1.25883
1.25887
1.259
1.2593
1.25981
1.26046
1.2612
1.26196
1.26274
1.2635
1.26424
1.26492
1.26554
1.26607
1.26653
1.26687
1.26714
1.2673
1.26737
1.26736
1.26733
1.26726
1.26713
1.26693
1.26673
1.26647
1.26621
1.26583
1.26543
1.26465
1.26656
0.709492
0.724783
0.742165
0.761251
0.781288
0.801747
0.822358
0.842976
0.863514
0.88391
0.904103
0.92405
0.943698
0.963017
0.981959
1.0005
1.01861
1.03626
1.05344
1.07009
1.08616
1.10163
1.11645
1.1306
1.14404
1.15675
1.16869
1.17985
1.1902
1.19973
1.20842
1.2163
1.22336
1.22963
1.23514
1.23994
1.24408
1.24765
1.2507
1.25333
1.25561
1.2576
1.25936
1.26092
1.2623
1.26352
1.26458
1.2655
1.2663
1.26696
1.26746
1.26775
1.26782
1.26774
1.2674
1.26662
1.2655
1.26422
1.26283
1.26139
1.25994
1.25854
1.25724
1.25607
1.25508
1.25432
1.2538
1.25354
1.25349
1.25353
1.25364
1.25389
1.25438
1.25508
1.25589
1.25675
1.25767
1.25858
1.25949
1.26036
1.26119
1.26194
1.26262
1.26319
1.26366
1.26402
1.26428
1.26441
1.26445
1.26442
1.26437
1.26427
1.26406
1.26382
1.26348
1.26315
1.26268
1.26222
1.26136
1.26322
0.705291
0.719222
0.735322
0.753243
0.772238
0.791798
0.811637
0.831613
0.851623
0.871603
0.891476
0.911198
0.930702
0.949956
0.968906
0.987528
1.00578
1.02364
1.04109
1.05808
1.07455
1.09049
1.10583
1.12056
1.13463
1.14802
1.16067
1.17258
1.1837
1.19402
1.20351
1.21218
1.22002
1.22703
1.2332
1.23862
1.24328
1.2473
1.2507
1.25359
1.25601
1.25806
1.25976
1.26118
1.26232
1.26326
1.26396
1.26453
1.26495
1.26523
1.26532
1.26526
1.265
1.26434
1.26329
1.26199
1.26052
1.25896
1.25733
1.25568
1.25406
1.25252
1.25114
1.24994
1.24898
1.24827
1.24784
1.24769
1.24771
1.24779
1.24798
1.24839
1.24907
1.24991
1.25086
1.25187
1.25292
1.25398
1.25503
1.25605
1.25701
1.2579
1.2587
1.2594
1.25999
1.26046
1.26081
1.26103
1.26111
1.2611
1.26106
1.26097
1.26077
1.26049
1.26009
1.25969
1.25913
1.2586
1.25766
1.25946
0.698507
0.712237
0.727952
0.745377
0.763831
0.782848
0.80217
0.82167
0.841263
0.860882
0.88047
0.899966
0.919323
0.938487
0.957423
0.976083
0.994443
1.01246
1.03012
1.04739
1.06421
1.08054
1.09635
1.11158
1.12622
1.14021
1.15352
1.16611
1.17795
1.18901
1.19926
1.20869
1.21727
1.22499
1.23189
1.23796
1.24325
1.24778
1.25162
1.25483
1.25747
1.25961
1.2613
1.2626
1.26354
1.26416
1.26455
1.26475
1.26482
1.26475
1.26452
1.26396
1.263
1.2617
1.26019
1.25852
1.25672
1.25484
1.25293
1.25105
1.24926
1.24761
1.24617
1.24496
1.24403
1.24338
1.24305
1.24298
1.24303
1.24317
1.24348
1.24404
1.24487
1.24584
1.24691
1.24805
1.24922
1.25041
1.25158
1.25272
1.25381
1.25482
1.25575
1.25656
1.25726
1.25783
1.25827
1.25856
1.25869
1.2587
1.25867
1.25859
1.2584
1.2581
1.25765
1.25717
1.25653
1.25593
1.2549
1.25664
0.700615
0.713114
0.727622
0.743914
0.761318
0.779368
0.797817
0.816533
0.835439
0.854465
0.873555
0.892644
0.911685
0.93062
0.94941
0.968003
0.986372
1.00447
1.02227
1.03974
1.05683
1.07348
1.08966
1.10532
1.12043
1.13492
1.14878
1.16195
1.17441
1.1861
1.19701
1.20709
1.21634
1.22472
1.23225
1.23891
1.24472
1.24972
1.25395
1.25746
1.2603
1.26253
1.26422
1.2654
1.26612
1.26644
1.26651
1.26645
1.26627
1.26583
1.26499
1.26373
1.26221
1.26046
1.25853
1.25645
1.25429
1.25208
1.2499
1.24782
1.24588
1.24415
1.24267
1.24147
1.24057
1.23999
1.23976
1.23976
1.23983
1.24003
1.24045
1.24116
1.24211
1.24319
1.24437
1.24561
1.24689
1.24818
1.24947
1.25072
1.25192
1.25304
1.25407
1.25499
1.25579
1.25645
1.25697
1.25733
1.25752
1.25756
1.25753
1.25745
1.25726
1.25696
1.25646
1.25593
1.25521
1.25453
1.25342
1.25509
0.702673
0.714787
0.72884
0.744562
0.761354
0.778777
0.796616
0.814747
0.833117
0.851654
0.870318
0.889039
0.907785
0.926485
0.945113
0.963604
0.981937
1.00005
1.01792
1.03547
1.05269
1.0695
1.08588
1.10175
1.1171
1.13188
1.14605
1.15956
1.17239
1.18448
1.19581
1.20633
1.21604
1.22491
1.23291
1.24003
1.24629
1.25169
1.25626
1.26004
1.26308
1.26541
1.26709
1.26815
1.26863
1.2687
1.2686
1.26835
1.26778
1.26677
1.26532
1.26357
1.26159
1.25941
1.25707
1.25461
1.25211
1.24963
1.24724
1.245
1.24297
1.24119
1.23971
1.23853
1.23769
1.2372
1.23705
1.23709
1.2372
1.23746
1.238
1.23884
1.23987
1.24103
1.24228
1.24361
1.24497
1.24635
1.24772
1.24905
1.25033
1.25154
1.25265
1.25366
1.25453
1.25527
1.25585
1.25627
1.25651
1.25658
1.25655
1.25647
1.2563
1.25598
1.25546
1.25487
1.25408
1.25335
1.25216
1.25378
0.692062
0.705012
0.719783
0.736062
0.753251
0.770937
0.788952
0.807192
0.825623
0.844185
0.862853
0.881569
0.900305
0.919003
0.93764
0.956159
0.974538
0.992719
1.01068
1.02834
1.04569
1.06263
1.07918
1.09524
1.11081
1.12583
1.14028
1.1541
1.16727
1.17973
1.19147
1.20241
1.21257
1.22188
1.23035
1.23791
1.24461
1.2504
1.25533
1.25939
1.26265
1.26509
1.26681
1.26776
1.26805
1.26796
1.26774
1.26724
1.26622
1.26466
1.26274
1.26055
1.25811
1.2555
1.25276
1.24996
1.24717
1.24447
1.24191
1.23956
1.23747
1.23568
1.23421
1.23308
1.2323
1.2319
1.23182
1.23188
1.23204
1.23239
1.23303
1.23397
1.23508
1.23632
1.23765
1.23906
1.2405
1.24197
1.24342
1.24485
1.24621
1.24751
1.24871
1.2498
1.25076
1.25157
1.25223
1.25271
1.253
1.2531
1.25307
1.253
1.25284
1.25252
1.25197
1.25135
1.2505
1.24972
1.24846
1.25003
0.674521
0.688189
0.703661
0.720567
0.738294
0.756451
0.774873
0.793469
0.812211
0.831048
0.849957
0.868889
0.887817
0.906693
0.92549
0.944162
0.962684
0.981012
0.999127
1.01697
1.03451
1.05169
1.06849
1.08485
1.10076
1.11615
1.13102
1.1453
1.15897
1.17197
1.18428
1.19583
1.20661
1.21655
1.22566
1.23385
1.24116
1.24752
1.25297
1.25747
1.26108
1.26377
1.26562
1.26653
1.26673
1.26657
1.2662
1.2654
1.26396
1.26194
1.25956
1.25689
1.25401
1.25098
1.24787
1.24476
1.24172
1.23882
1.23613
1.2337
1.23156
1.22977
1.22832
1.22724
1.22653
1.22622
1.2262
1.22628
1.22648
1.22692
1.22767
1.22872
1.22991
1.23125
1.23267
1.23417
1.23571
1.23727
1.23882
1.24036
1.24183
1.24323
1.24453
1.24573
1.24678
1.24769
1.24842
1.24898
1.24934
1.24947
1.24945
1.24939
1.24924
1.24893
1.24837
1.2477
1.2468
1.24597
1.24464
1.24618
0.658575
0.672152
0.687567
0.704471
0.722246
0.740501
0.759046
0.777787
0.796671
0.815656
0.834709
0.853789
0.872864
0.891891
0.910841
0.92967
0.948352
0.966842
0.98514
1.00327
1.02114
1.03873
1.05599
1.07289
1.08938
1.10543
1.12097
1.13598
1.1504
1.16419
1.17729
1.18967
1.20126
1.21202
1.22192
1.2309
1.23893
1.24599
1.25204
1.25709
1.26113
1.26415
1.26618
1.26711
1.26725
1.26706
1.26655
1.26547
1.26365
1.26118
1.25834
1.25521
1.2519
1.24847
1.24502
1.24161
1.23834
1.23526
1.23246
1.22995
1.22779
1.22599
1.22458
1.22354
1.2229
1.22266
1.22268
1.22278
1.22303
1.22356
1.22444
1.22557
1.22686
1.22828
1.2298
1.2314
1.23305
1.23472
1.23638
1.23803
1.23961
1.24113
1.24254
1.24384
1.24499
1.246
1.24682
1.24746
1.24788
1.24806
1.24806
1.24801
1.24786
1.24755
1.24698
1.24628
1.24533
1.24446
1.24307
1.24457
0.687151
0.697647
0.710083
0.724231
0.739579
0.755668
0.772317
0.789372
0.806806
0.824519
0.842506
0.860667
0.878998
0.897399
0.915876
0.934327
0.952769
0.971119
0.989363
1.00745
1.0254
1.04312
1.0606
1.07775
1.09455
1.11091
1.12684
1.14223
1.15707
1.17128
1.18483
1.19764
1.20969
1.22089
1.23123
1.24063
1.24908
1.25651
1.26292
1.26826
1.27254
1.27572
1.27784
1.27871
1.27876
1.27851
1.27786
1.27649
1.27424
1.27133
1.268
1.26439
1.2606
1.25673
1.25289
1.24916
1.24561
1.24234
1.23937
1.23677
1.23455
1.23274
1.23132
1.23031
1.22971
1.22952
1.22956
1.22969
1.22999
1.23061
1.23156
1.23274
1.23408
1.23556
1.23714
1.2388
1.24051
1.24224
1.24397
1.24567
1.24732
1.2489
1.25038
1.25174
1.25296
1.25402
1.2549
1.25558
1.25604
1.25625
1.25627
1.25622
1.25606
1.25575
1.25516
1.25443
1.25343
1.2525
1.25105
1.25249
0.720509
0.730146
0.74151
0.754507
0.768658
0.783575
0.799066
0.815016
0.831391
0.848132
0.865212
0.882567
0.900163
0.917936
0.935848
0.953841
0.971875
0.989888
1.00785
1.02569
1.04337
1.06084
1.07807
1.09498
1.11155
1.1277
1.14342
1.15863
1.1733
1.18736
1.2008
1.21352
1.22551
1.23668
1.24702
1.25643
1.26493
1.27241
1.2789
1.28429
1.28863
1.29183
1.29394
1.2947
1.29465
1.29434
1.29357
1.29194
1.28933
1.28603
1.28228
1.27826
1.27406
1.26984
1.26567
1.26169
1.25794
1.25452
1.25146
1.24881
1.24656
1.24475
1.24334
1.24238
1.24182
1.24167
1.24171
1.24187
1.24222
1.24289
1.24387
1.24506
1.24642
1.24791
1.2495
1.25117
1.25288
1.25462
1.25636
1.25807
1.25973
1.26132
1.26281
1.26419
1.26542
1.2665
1.2674
1.2681
1.26858
1.2688
1.26882
1.26876
1.26861
1.2683
1.26769
1.26694
1.2659
1.26493
1.26343
1.26481
0.737021
0.747195
0.759007
0.772359
0.786721
0.801762
0.817257
0.833165
0.849411
0.866008
0.882878
0.900031
0.917377
0.934925
0.95258
0.970351
0.98814
1.00596
1.0237
1.04132
1.05871
1.07591
1.09281
1.10942
1.12564
1.14149
1.15686
1.17179
1.18614
1.19996
1.21312
1.22565
1.23743
1.24847
1.25867
1.26803
1.27644
1.28392
1.29036
1.29579
1.3001
1.30333
1.30536
1.30609
1.30595
1.30558
1.30471
1.30292
1.30008
1.29653
1.29253
1.28824
1.2838
1.27936
1.27503
1.27092
1.26709
1.26363
1.26056
1.25791
1.2557
1.25393
1.25258
1.25166
1.25117
1.25106
1.25112
1.25129
1.25168
1.25237
1.25338
1.25458
1.25593
1.25742
1.259
1.26066
1.26236
1.26409
1.26581
1.26751
1.26917
1.27075
1.27224
1.27361
1.27485
1.27593
1.27683
1.27753
1.27802
1.27825
1.27827
1.27821
1.27806
1.27775
1.27714
1.27638
1.27532
1.27435
1.27282
1.27417
0.691883
0.704655
0.719037
0.734811
0.751376
0.768415
0.785713
0.803252
0.820954
0.838848
0.856862
0.875019
0.893234
0.91153
0.929815
0.948113
0.966328
0.984485
1.00248
1.02038
1.03807
1.05555
1.07273
1.08963
1.10614
1.1223
1.13798
1.15322
1.16789
1.18205
1.19553
1.20841
1.22051
1.23191
1.24243
1.25213
1.26084
1.26864
1.27535
1.28105
1.28556
1.28896
1.29109
1.29187
1.29172
1.29133
1.29043
1.28857
1.28561
1.28191
1.27775
1.27331
1.26876
1.26422
1.25983
1.25568
1.25187
1.24843
1.24541
1.24282
1.24067
1.23896
1.23768
1.23682
1.2364
1.23632
1.2364
1.2366
1.23701
1.23776
1.23881
1.24005
1.24145
1.24297
1.24459
1.24628
1.24803
1.2498
1.25157
1.25332
1.25502
1.25665
1.25818
1.2596
1.26088
1.262
1.26294
1.26368
1.2642
1.26445
1.26448
1.26442
1.26428
1.26397
1.26337
1.26261
1.26156
1.26059
1.25907
1.26045
0.654692
0.667513
0.682122
0.69822
0.715185
0.732663
0.750454
0.768506
0.786757
0.805196
0.823767
0.842458
0.86121
0.880008
0.898793
0.917552
0.936226
0.954804
0.973232
0.991494
1.00955
1.02741
1.04499
1.06228
1.07921
1.09577
1.11189
1.12754
1.14265
1.15721
1.17113
1.1844
1.19692
1.20869
1.2196
1.22964
1.23872
1.24681
1.25383
1.25975
1.2645
1.26804
1.27029
1.27109
1.27097
1.27057
1.26963
1.26768
1.26458
1.2607
1.25635
1.25173
1.24701
1.24232
1.23781
1.23357
1.22968
1.2262
1.22315
1.22055
1.2184
1.21671
1.21544
1.21461
1.21421
1.21416
1.21424
1.21445
1.21489
1.21568
1.21677
1.21805
1.21949
1.22106
1.22272
1.22447
1.22626
1.22809
1.22992
1.23172
1.23348
1.23516
1.23675
1.23822
1.23954
1.24071
1.24169
1.24246
1.24301
1.24328
1.24332
1.24327
1.24313
1.24282
1.24222
1.24144
1.24038
1.2394
1.23787
1.23928
0.653337
0.66524
0.678951
0.694206
0.710409
0.727198
0.744385
0.761906
0.779706
0.797758
0.816014
0.834446
0.853001
0.871652
0.890344
0.909052
0.927722
0.946329
0.964822
0.983179
1.00135
1.0193
1.03699
1.05439
1.07143
1.08809
1.10432
1.12008
1.1353
1.14997
1.164
1.17738
1.19001
1.20188
1.21291
1.22305
1.23223
1.24042
1.24753
1.25353
1.25835
1.26194
1.26423
1.26505
1.26493
1.26452
1.26354
1.26152
1.2583
1.25427
1.24976
1.24497
1.24008
1.23525
1.23059
1.22623
1.22223
1.21866
1.21554
1.21289
1.21069
1.20897
1.20768
1.20683
1.20643
1.20637
1.20645
1.20666
1.20712
1.20792
1.20903
1.21033
1.21178
1.21336
1.21504
1.2168
1.21861
1.22045
1.2223
1.22412
1.22589
1.22759
1.2292
1.23068
1.23203
1.23321
1.2342
1.23498
1.23554
1.23582
1.23587
1.23581
1.23567
1.23536
1.23475
1.23396
1.23287
1.23188
1.23033
1.23172
)
;

boundaryField
{
    inlet
    {
        type            calculated;
        value           uniform 3.00001;
    }
    outlet
    {
        type            calculated;
        value           nonuniform List<scalar> 
40
(
0.653761
0.837197
0.995034
1.10617
1.17965
1.2278
1.25603
1.27277
1.28285
1.28801
1.28942
1.28854
1.28457
1.2802
1.27766
1.27622
1.27583
1.27633
1.27783
1.27893
1.27898
1.27831
1.27717
1.27464
1.27042
1.26656
1.26322
1.25946
1.25664
1.25509
1.25378
1.25003
1.24618
1.24457
1.25249
1.26481
1.27417
1.26045
1.23928
1.23172
)
;
    }
    bottom
    {
        type            symmetryPlane;
    }
    top
    {
        type            symmetryPlane;
    }
    obstacle
    {
        type            calculated;
        value           uniform 0;
    }
    defaultFaces
    {
        type            empty;
    }
}


// ************************************************************************* //
