/*--------------------------------*- C++ -*----------------------------------*\
| =========                 |                                                 |
| \\      /  F ield         | OpenFOAM: The Open Source CFD Toolbox           |
|  \\    /   O peration     | Version:  2412                                  |
|   \\  /    A nd           | Website:  www.openfoam.com                      |
|    \\/     M anipulation  |                                                 |
\*---------------------------------------------------------------------------*/
FoamFile
{
    version     2.0;
    format      ascii;
    arch        "LSB;label=32;scalar=64";
    class       volScalarField;
    location    "24";
    object      T;
}
// * * * * * * * * * * * * * * * * * * * * * * * * * * * * * * * * * * * * * //

dimensions      [0 0 0 1 0 0 0];

internalField   nonuniform List<scalar> 
7000
(
1.31911
2.65686
2.71979
2.66983
2.66466
2.64798
2.64457
2.64731
2.64936
2.65156
2.65281
2.65382
2.65495
2.65631
2.6578
2.65943
2.66116
2.66302
2.66499
2.66709
2.6693
2.67165
2.67412
2.67671
2.67942
2.68226
2.6852
2.68827
2.69143
2.69471
2.69807
2.70152
2.70504
2.70863
2.71224
2.7159
2.71953
2.72317
2.72672
2.73022
2.73357
2.73678
2.73976
2.74253
2.74498
2.74714
2.74889
2.75029
2.75123
2.75177
1.31917
2.65707
2.72003
2.66993
2.66479
2.64811
2.64469
2.64743
2.64948
2.65167
2.65293
2.65393
2.65507
2.65641
2.65791
2.65954
2.66127
2.66312
2.66508
2.66718
2.6694
2.67174
2.6742
2.67679
2.6795
2.68233
2.68527
2.68833
2.69149
2.69476
2.69812
2.70157
2.70507
2.70865
2.71226
2.71591
2.71953
2.72316
2.7267
2.73018
2.73352
2.73671
2.73969
2.74243
2.74488
2.74699
2.74875
2.75004
2.75098
2.75132
1.31915
2.65698
2.71993
2.66992
2.66475
2.64805
2.64463
2.64739
2.64939
2.65162
2.65283
2.65387
2.65496
2.65635
2.6578
2.65947
2.66114
2.66304
2.66495
2.6671
2.66926
2.67165
2.67405
2.67669
2.67933
2.68221
2.68509
2.68819
2.6913
2.6946
2.69791
2.70139
2.70486
2.70846
2.71204
2.7157
2.71932
2.72294
2.7265
2.72996
2.73332
2.73649
2.7395
2.74218
2.74466
2.74674
2.74849
2.74984
2.75067
2.75109
1.31913
2.65681
2.71975
2.66991
2.6647
2.64794
2.64453
2.64724
2.64931
2.65146
2.65274
2.6537
2.65486
2.65616
2.65769
2.65926
2.66103
2.66282
2.66483
2.66685
2.66912
2.67138
2.67391
2.67639
2.67918
2.68189
2.68492
2.68784
2.6911
2.69422
2.69769
2.70096
2.7046
2.70799
2.71174
2.71519
2.71896
2.72241
2.72608
2.72945
2.73285
2.73604
2.73898
2.74183
2.74411
2.74633
2.748
2.74926
2.75027
2.75046
1.31909
2.65658
2.71952
2.66993
2.66466
2.64781
2.64442
2.64703
2.64924
2.65123
2.65265
2.65345
2.65475
2.6559
2.65756
2.65898
2.66087
2.66252
2.66464
2.66654
2.66889
2.67104
2.67363
2.67604
2.67885
2.68152
2.68453
2.68747
2.69065
2.69384
2.69716
2.70059
2.704
2.70762
2.71107
2.71482
2.71821
2.72201
2.72524
2.72896
2.73197
2.73538
2.7382
2.74099
2.74361
2.74541
2.74739
2.74865
2.7493
2.74988
1.31905
2.6563
2.71922
2.66997
2.6646
2.64768
2.64423
2.64702
2.64889
2.6512
2.65226
2.65341
2.65434
2.65584
2.65711
2.65891
2.66038
2.66243
2.66411
2.66642
2.66832
2.67089
2.67301
2.67584
2.67817
2.68125
2.6838
2.68712
2.68987
2.69339
2.69635
2.70002
2.70318
2.70692
2.71026
2.71398
2.71747
2.72104
2.72463
2.72787
2.73143
2.73413
2.73746
2.73981
2.74249
2.74474
2.74609
2.74767
2.7486
2.74858
1.319
2.65594
2.71886
2.67003
2.66454
2.64748
2.64403
2.64676
2.64871
2.65091
2.65206
2.65307
2.65413
2.65547
2.65689
2.65849
2.66016
2.66196
2.66388
2.6659
2.66808
2.6703
2.67276
2.67518
2.67791
2.6805
2.68351
2.68625
2.68954
2.6924
2.69593
2.6989
2.70263
2.7057
2.70954
2.71271
2.71654
2.71978
2.72345
2.72673
2.73005
2.73334
2.73591
2.73892
2.7409
2.74327
2.74516
2.74615
2.74686
2.7476
1.31894
2.6555
2.71842
2.6701
2.66446
2.64724
2.64378
2.64645
2.64847
2.65056
2.65177
2.6527
2.6538
2.65506
2.65652
2.65805
2.65973
2.66148
2.66338
2.66538
2.66751
2.66975
2.67211
2.67459
2.67716
2.6799
2.68266
2.68565
2.68856
2.6918
2.69483
2.69831
2.70137
2.70505
2.7081
2.71191
2.71495
2.71874
2.72178
2.72535
2.72842
2.73154
2.73471
2.73702
2.73973
2.74144
2.74309
2.74487
2.7457
2.74546
1.31887
2.65499
2.7179
2.67018
2.66437
2.64696
2.64346
2.64617
2.64809
2.65023
2.65135
2.65233
2.65334
2.65465
2.65601
2.65759
2.65918
2.66096
2.66278
2.66479
2.66685
2.66908
2.67138
2.67383
2.67636
2.67902
2.68177
2.68462
2.6876
2.69061
2.6938
2.69693
2.70034
2.70348
2.7071
2.71016
2.71392
2.7168
2.7206
2.72329
2.72688
2.7295
2.73247
2.7354
2.73716
2.73986
2.74127
2.74219
2.74291
2.74392
1.31879
2.65438
2.71729
2.67028
2.66427
2.64662
2.64311
2.6457
2.64776
2.64972
2.65097
2.65177
2.65291
2.65404
2.65553
2.65692
2.65863
2.66024
2.66216
2.664
2.66615
2.66822
2.67059
2.67288
2.67546
2.67797
2.68075
2.68347
2.68643
2.68934
2.69245
2.69553
2.69876
2.70198
2.70525
2.70859
2.7118
2.71524
2.71821
2.72171
2.72427
2.72771
2.72984
2.73283
2.73527
2.7365
2.73876
2.74031
2.7411
2.74058
1.31869
2.65368
2.71659
2.6704
2.66415
2.64625
2.64267
2.64536
2.64718
2.64932
2.65033
2.65131
2.65221
2.65352
2.65477
2.65634
2.65781
2.65958
2.66127
2.66326
2.66517
2.66737
2.66951
2.67192
2.67427
2.67687
2.67944
2.68221
2.68498
2.68791
2.69085
2.69389
2.69699
2.70011
2.70331
2.70644
2.7097
2.71277
2.71601
2.7189
2.72203
2.72456
2.72747
2.72943
2.73208
2.73435
2.73508
2.73612
2.7368
2.73819
1.31859
2.65287
2.71578
2.67053
2.66401
2.64579
2.64219
2.64472
2.64675
2.64861
2.64984
2.65053
2.65165
2.65268
2.65414
2.65542
2.6571
2.65857
2.66047
2.66216
2.66427
2.66616
2.66849
2.67058
2.67312
2.6754
2.67812
2.68059
2.68347
2.6861
2.68912
2.6919
2.69501
2.69791
2.70104
2.70403
2.70708
2.71016
2.713
2.71614
2.71863
2.72168
2.72378
2.72635
2.72792
2.72981
2.73211
2.73329
2.73396
2.73305
1.31846
2.65195
2.71487
2.67069
2.66384
2.6453
2.64161
2.64421
2.64603
2.64801
2.64904
2.64987
2.65077
2.65194
2.65318
2.6546
2.65604
2.65767
2.65931
2.66115
2.66299
2.66504
2.66706
2.66932
2.67153
2.67398
2.67635
2.67897
2.68149
2.68427
2.68691
2.68981
2.69253
2.69553
2.69827
2.70133
2.70401
2.70704
2.70966
2.71247
2.71507
2.71737
2.72008
2.72174
2.72416
2.72539
2.72599
2.72688
2.7274
2.72925
1.31833
2.65095
2.71379
2.67105
2.66346
2.64474
2.64096
2.6435
2.64532
2.6472
2.64825
2.64897
2.64991
2.65095
2.65223
2.65351
2.655
2.65646
2.65817
2.65981
2.66173
2.66355
2.66567
2.66766
2.66996
2.67211
2.67459
2.67689
2.6795
2.68193
2.68464
2.6872
2.68994
2.69259
2.69531
2.69802
2.70068
2.70332
2.70591
2.70832
2.71077
2.71288
2.71479
2.71682
2.71786
2.72
2.72156
2.72238
2.72271
2.72109
1.3182
2.64988
2.71252
2.67176
2.66276
2.6441
2.64022
2.64266
2.64452
2.64626
2.64735
2.64794
2.64891
2.64983
2.65112
2.6523
2.65377
2.65514
2.65679
2.65837
2.66019
2.66198
2.66393
2.66593
2.668
2.67021
2.67236
2.67477
2.67697
2.67956
2.68178
2.6845
2.68672
2.68949
2.6917
2.6944
2.69663
2.6991
2.70132
2.7035
2.70557
2.70751
2.70925
2.71058
2.71193
2.71185
2.71225
2.7124
2.71296
2.71468
1.31805
2.64866
2.71116
2.67235
2.66211
2.6434
2.63937
2.64186
2.64348
2.64533
2.64619
2.64692
2.64765
2.6487
2.64974
2.65106
2.65226
2.65378
2.65513
2.65686
2.65836
2.66029
2.66192
2.66403
2.66579
2.66804
2.66993
2.67228
2.67429
2.67668
2.67883
2.68117
2.68345
2.68566
2.68804
2.69003
2.69241
2.69417
2.6963
2.69788
2.6995
2.70079
2.70202
2.70303
2.70356
2.70491
2.70454
2.70451
2.7032
2.70083
1.31788
2.64732
2.70971
2.6729
2.66142
2.64261
2.6384
2.64094
2.64232
2.64426
2.64493
2.64573
2.64628
2.6474
2.64826
2.64961
2.65066
2.65217
2.6534
2.65505
2.65647
2.65825
2.65985
2.66172
2.6635
2.66543
2.66737
2.66932
2.6714
2.67334
2.67551
2.67742
2.67958
2.68146
2.68348
2.68536
2.68707
2.68892
2.69021
2.6918
2.69275
2.69353
2.69384
2.69393
2.69327
2.69146
2.69076
2.6886
2.68795
2.68784
1.3177
2.64587
2.70815
2.67347
2.66069
2.64169
2.63735
2.63972
2.6412
2.64287
2.64369
2.64422
2.64493
2.64575
2.64679
2.64782
2.64905
2.65021
2.65163
2.65292
2.6545
2.65592
2.65764
2.65916
2.661
2.66262
2.66452
2.66622
2.66813
2.6699
2.67174
2.67356
2.67523
2.67703
2.67847
2.68009
2.68129
2.68246
2.68351
2.68389
2.68469
2.6846
2.68423
2.68326
2.68206
2.68041
2.67613
2.67255
2.66672
2.6607
1.31751
2.64433
2.70651
2.67405
2.65987
2.64067
2.63615
2.6384
2.63986
2.64138
2.64222
2.64262
2.64332
2.64402
2.64502
2.64596
2.64709
2.6482
2.64945
2.65073
2.65208
2.6535
2.65492
2.65648
2.65794
2.65961
2.66107
2.66282
2.66426
2.66602
2.66742
2.6691
2.67043
2.67188
2.67313
2.67416
2.67525
2.67561
2.67624
2.67608
2.67522
2.67447
2.67204
2.66993
2.66528
2.65992
2.65476
2.64502
2.63538
2.62274
1.3173
2.64274
2.70482
2.67463
2.65894
2.63956
2.63477
2.63708
2.63819
2.63987
2.64044
2.641
2.64143
2.64231
2.64299
2.6441
2.64493
2.64617
2.64713
2.64849
2.64956
2.651
2.65217
2.65365
2.6549
2.65637
2.65767
2.65907
2.66041
2.66166
2.66298
2.66401
2.66523
2.66595
2.66695
2.66725
2.66791
2.66779
2.66743
2.66657
2.6655
2.66283
2.66061
2.65531
2.65066
2.64068
2.62785
2.61094
2.58208
2.51104
1.31729
2.64181
2.70046
2.67514
2.65754
2.63781
2.6327
2.63481
2.63593
2.63732
2.63803
2.6383
2.63886
2.63938
2.64024
2.64096
2.64197
2.64278
2.64392
2.64481
2.64605
2.647
2.64831
2.64928
2.65062
2.65157
2.65289
2.65378
2.65501
2.65579
2.6568
2.6574
2.65805
2.65836
2.65857
2.65825
2.65766
2.65676
2.65486
2.65282
2.64871
2.64512
2.63748
2.6314
2.61844
2.60621
2.58348
2.54736
2.48961
2.36404
1.31727
2.64082
2.69574
2.67532
2.65563
2.63544
2.62983
2.63191
2.63278
2.63421
2.63483
2.63512
2.63551
2.63605
2.6367
2.63743
2.63818
2.639
2.63982
2.64072
2.64158
2.64252
2.64338
2.64434
2.64514
2.64608
2.64677
2.64764
2.64815
2.64886
2.64909
2.64959
2.64955
2.64937
2.64889
2.64832
2.64679
2.64552
2.6424
2.63997
2.63488
2.62895
2.62129
2.60788
2.59492
2.56853
2.54179
2.49173
2.41722
2.318
1.31724
2.64016
2.69327
2.67516
2.65405
2.63315
2.62692
2.62876
2.62952
2.63095
2.63153
2.63177
2.63206
2.63251
2.63306
2.63369
2.63434
2.63504
2.63574
2.63649
2.63722
2.63799
2.6387
2.63944
2.64009
2.64072
2.64123
2.64166
2.64193
2.64208
2.64192
2.64153
2.64099
2.6398
2.63856
2.63622
2.63412
2.63021
2.62709
2.6208
2.61616
2.60615
2.59868
2.58345
2.5668
2.54293
2.50653
2.46403
2.39208
2.31851
1.31712
2.63902
2.69246
2.67397
2.65211
2.63035
2.62366
2.6256
2.62644
2.62795
2.62848
2.62854
2.62864
2.62891
2.62916
2.62961
2.62992
2.63041
2.63075
2.63127
2.63165
2.63218
2.63257
2.63309
2.63347
2.63393
2.63424
2.63464
2.63475
2.63482
2.63471
2.63437
2.63378
2.63249
2.63122
2.62843
2.6261
2.62118
2.61681
2.60953
2.60134
2.59131
2.57734
2.56328
2.54112
2.5183
2.48442
2.44401
2.39091
2.32899
1.31689
2.64021
2.70397
2.67061
2.65209
2.62872
2.62151
2.62424
2.6252
2.62705
2.62753
2.62747
2.62744
2.62747
2.62755
2.62766
2.62772
2.62775
2.62774
2.6277
2.62762
2.62745
2.62729
2.62695
2.62667
2.6262
2.62583
2.62502
2.62454
2.62345
2.6228
2.62134
2.62047
2.61844
2.61714
2.61431
2.61179
2.60795
2.6028
2.59717
2.58814
2.5788
2.5647
2.54881
2.52839
2.50258
2.47341
2.43471
2.39202
2.34482
1.30178
2.58661
2.69853
2.67706
2.65966
2.63614
2.62925
2.63215
2.63321
2.63474
2.6346
2.63417
2.63349
2.63295
2.63236
2.63183
2.6312
2.63064
2.62998
2.62943
2.62875
2.62823
2.6275
2.62701
2.62612
2.62558
2.62434
2.62343
2.62157
2.62025
2.6176
2.61578
2.61227
2.61002
2.60554
2.60277
2.59708
2.59355
2.58642
2.58092
2.57196
2.56267
2.55066
2.53537
2.51801
2.49463
2.46888
2.43591
2.39829
2.35811
1.72049
2.469
2.72875
2.70693
2.68436
2.67406
2.67459
2.67613
2.67753
2.67781
2.67662
2.67516
2.67353
2.67175
2.66978
2.66758
2.66517
2.66256
2.65973
2.65677
2.65355
2.6503
2.64675
2.64329
2.6393
2.63539
2.63096
2.62786
2.62401
2.62145
2.61778
2.61509
2.6108
2.60714
2.60192
2.59688
2.59074
2.58377
2.57683
2.56744
2.55926
2.54693
2.53639
2.52033
2.50556
2.48452
2.46327
2.43569
2.40598
2.3732
1.73238
2.46209
2.72325
2.70219
2.67742
2.66844
2.67233
2.67403
2.67672
2.67754
2.67774
2.6776
2.67734
2.67704
2.67636
2.67575
2.67443
2.67347
2.67144
2.67012
2.66739
2.66567
2.66226
2.65997
2.65604
2.65342
2.64901
2.64487
2.63924
2.63382
2.62723
2.62106
2.61487
2.60887
2.60317
2.59614
2.59013
2.58137
2.57386
2.56305
2.55341
2.54031
2.52776
2.51212
2.4958
2.47695
2.4561
2.43321
2.40779
2.38172
1.72914
2.46764
2.72523
2.70249
2.67385
2.66438
2.66921
2.67165
2.67482
2.67593
2.67628
2.67642
2.67658
2.67656
2.67647
2.67621
2.67562
2.67522
2.6743
2.67358
2.67201
2.67094
2.66871
2.667
2.66414
2.66149
2.65808
2.65443
2.6503
2.64537
2.64066
2.63413
2.62808
2.61908
2.61182
2.60171
2.59375
2.58348
2.57489
2.56368
2.55334
2.54051
2.52747
2.51227
2.49617
2.47789
2.45811
2.43632
2.41282
2.38988
1.73184
2.46093
2.72069
2.697
2.67078
2.66113
2.66569
2.66794
2.67111
2.67236
2.67277
2.67305
2.67338
2.67369
2.67395
2.67399
2.6739
2.67365
2.67322
2.67252
2.67184
2.67053
2.66956
2.66755
2.66623
2.66353
2.66173
2.65803
2.65564
2.65072
2.64762
2.64137
2.63709
2.62957
2.62344
2.61425
2.6057
2.59433
2.58351
2.57071
2.55815
2.54442
2.5305
2.5152
2.4991
2.48151
2.46334
2.44329
2.42225
2.40155
1.74101
2.44277
2.70916
2.68464
2.66705
2.65768
2.66063
2.66234
2.66542
2.66648
2.66714
2.66722
2.66745
2.66757
2.6677
2.6677
2.66765
2.66747
2.66729
2.66682
2.66648
2.66568
2.6651
2.66384
2.6629
2.66085
2.65947
2.65649
2.65455
2.65054
2.64763
2.64269
2.63859
2.63262
2.62694
2.61964
2.61222
2.60318
2.5935
2.58227
2.57013
2.55618
2.54156
2.52547
2.50915
2.4914
2.47317
2.45388
2.43386
2.41436
1.73596
2.43634
2.70581
2.67712
2.66926
2.65602
2.65614
2.65814
2.66114
2.66225
2.66332
2.66342
2.6637
2.66389
2.66405
2.66413
2.66411
2.664
2.66385
2.6635
2.6632
2.66253
2.66202
2.66091
2.66012
2.6584
2.65723
2.65473
2.65298
2.64968
2.64696
2.64277
2.63877
2.63364
2.62846
2.62207
2.61543
2.60753
2.59924
2.58963
2.5794
2.56767
2.55513
2.54098
2.5259
2.50943
2.49219
2.47384
2.45473
2.4361
1.35699
2.46744
2.67923
2.66853
2.64652
2.62388
2.61684
2.62088
2.62285
2.62573
2.62716
2.62819
2.62899
2.63
2.63072
2.63181
2.63247
2.63344
2.63395
2.63478
2.6351
2.63584
2.63596
2.63615
2.63616
2.63605
2.63582
2.63524
2.63466
2.63346
2.63228
2.63039
2.62839
2.62541
2.62217
2.61758
2.61255
2.60616
2.59925
2.59098
2.58229
2.57219
2.56156
2.5497
2.53697
2.52306
2.50824
2.49237
2.47558
2.45911
1.36041
2.477
2.68635
2.67711
2.65249
2.62351
2.61389
2.61471
2.61669
2.61866
2.61947
2.61956
2.61977
2.6198
2.62006
2.6204
2.62077
2.62109
2.62143
2.62166
2.62193
2.62202
2.62219
2.6221
2.62194
2.62155
2.62116
2.62029
2.6196
2.61811
2.61697
2.61476
2.61284
2.60989
2.60707
2.60353
2.59988
2.59542
2.59047
2.58481
2.5781
2.57052
2.56151
2.5516
2.54076
2.52909
2.51672
2.50351
2.48941
2.47561
1.34961
2.41268
2.66942
2.66957
2.65016
2.62377
2.614
2.61406
2.61476
2.61532
2.61499
2.61412
2.61337
2.61233
2.61167
2.61097
2.61047
2.60982
2.60934
2.6087
2.60822
2.60758
2.60709
2.60642
2.60586
2.60508
2.60436
2.60353
2.60264
2.60156
2.60018
2.59864
2.59662
2.59446
2.59165
2.5887
2.58502
2.58115
2.5765
2.57143
2.5657
2.55961
2.55292
2.54563
2.53756
2.5282
2.51767
2.50659
2.49479
2.48343
1.74167
2.39663
2.67501
2.66132
2.65253
2.63862
2.63346
2.63371
2.63346
2.63318
2.63238
2.63115
2.62974
2.62808
2.62647
2.62489
2.62321
2.62149
2.61964
2.61778
2.61578
2.61381
2.61167
2.6096
2.60732
2.6052
2.60281
2.60071
2.59823
2.59581
2.59324
2.59061
2.5878
2.58476
2.58157
2.57794
2.57419
2.5698
2.56533
2.56004
2.55466
2.54835
2.54199
2.53465
2.52707
2.51906
2.51094
2.50192
2.49219
2.48261
1.34701
2.39564
2.66021
2.66583
2.64949
2.62421
2.61561
2.61427
2.61553
2.6158
2.61552
2.61517
2.61429
2.61337
2.61272
2.61187
2.61114
2.61008
2.60914
2.6078
2.60667
2.6053
2.60414
2.60264
2.60137
2.5995
2.59792
2.59541
2.5934
2.59068
2.58833
2.58525
2.58245
2.57889
2.57566
2.57173
2.56802
2.56362
2.55928
2.55429
2.54914
2.54336
2.53723
2.53059
2.52341
2.51583
2.50769
2.49928
2.49032
2.48171
1.34834
2.40653
2.6674
2.67129
2.65098
2.62225
2.61099
2.6108
2.61177
2.61248
2.61235
2.61166
2.6109
2.60991
2.60931
2.60857
2.60797
2.60708
2.60627
2.60514
2.60399
2.60233
2.60065
2.59849
2.59632
2.59382
2.5913
2.5885
2.58559
2.58249
2.57919
2.5758
2.57223
2.56867
2.56472
2.5608
2.55639
2.55211
2.54724
2.54254
2.5372
2.53207
2.5262
2.5205
2.51403
2.50764
2.50045
2.49317
2.48534
2.478
1.34776
2.40219
2.66463
2.66933
2.64838
2.61896
2.60695
2.60681
2.60761
2.60852
2.60824
2.60739
2.60657
2.60546
2.60475
2.604
2.60337
2.60257
2.6018
2.60087
2.5999
2.59875
2.59747
2.59599
2.59428
2.59237
2.59016
2.58779
2.58504
2.58216
2.57886
2.57546
2.57163
2.56776
2.56346
2.55909
2.55425
2.54929
2.54394
2.53842
2.5326
2.52658
2.52033
2.5138
2.50714
2.50014
2.49311
2.48562
2.47807
2.47069
1.34492
2.37918
2.64747
2.66156
2.64241
2.61458
2.60277
2.60133
2.60163
2.60187
2.60121
2.60044
2.5991
2.59801
2.59693
2.59606
2.59502
2.59409
2.59294
2.5919
2.59064
2.58951
2.58814
2.5869
2.58538
2.58396
2.58222
2.5805
2.57844
2.57634
2.57388
2.57127
2.56829
2.56504
2.56142
2.5575
2.55329
2.54872
2.54388
2.5386
2.53312
2.52717
2.52105
2.51446
2.50773
2.50057
2.49333
2.48582
2.4782
2.47086
1.75128
2.37312
2.64568
2.64175
2.62829
2.61419
2.60931
2.60956
2.60954
2.60942
2.60884
2.60818
2.60695
2.60581
2.60453
2.60341
2.60204
2.60073
2.59915
2.5976
2.59582
2.59405
2.59206
2.59007
2.58789
2.58568
2.58329
2.58083
2.5782
2.57547
2.57266
2.56969
2.56663
2.56331
2.55987
2.55608
2.55216
2.54782
2.54328
2.53832
2.5331
2.5275
2.52171
2.51558
2.50926
2.50262
2.49574
2.48858
2.48108
2.47394
1.34702
2.3888
2.65261
2.65982
2.63928
2.60894
2.59761
2.59625
2.59788
2.5992
2.59904
2.59853
2.59795
2.59668
2.59601
2.5948
2.59406
2.59258
2.59163
2.5899
2.58837
2.58652
2.5847
2.58257
2.5805
2.57826
2.57618
2.57389
2.57174
2.56928
2.56675
2.56386
2.5609
2.55763
2.55428
2.55065
2.54691
2.54292
2.53883
2.5345
2.52998
2.52517
2.52008
2.51463
2.50888
2.50282
2.49649
2.48996
2.48311
2.47656
1.35071
2.41206
2.65482
2.64886
2.62691
2.59635
2.5856
2.58586
2.58765
2.58957
2.58991
2.58967
2.58921
2.58843
2.58792
2.5874
2.58694
2.58632
2.58566
2.58486
2.58397
2.58295
2.58181
2.58049
2.579
2.57717
2.57508
2.57268
2.57006
2.56718
2.56418
2.56099
2.55766
2.55414
2.55047
2.54662
2.5426
2.5384
2.53402
2.52948
2.52474
2.51985
2.51484
2.50972
2.50437
2.49888
2.49312
2.48716
2.48091
2.47495
1.77119
2.37219
2.63847
2.61753
2.6112
2.59591
2.59317
2.59393
2.59504
2.59632
2.59606
2.59558
2.59522
2.59456
2.59398
2.59341
2.59282
2.59215
2.59142
2.5906
2.58972
2.58872
2.58763
2.5864
2.58507
2.58356
2.58189
2.58
2.57792
2.57552
2.57278
2.56976
2.56642
2.56283
2.55895
2.55485
2.5505
2.54595
2.54118
2.53624
2.53106
2.5257
2.52004
2.51422
2.50823
2.5021
2.49589
2.48958
2.48315
2.47702
1.79771
2.35516
2.62646
2.60587
2.60269
2.59276
2.58938
2.5896
2.58985
2.59041
2.59015
2.58953
2.58889
2.58786
2.58684
2.58571
2.58453
2.5832
2.5818
2.58027
2.57868
2.57697
2.57528
2.5735
2.57174
2.5699
2.56807
2.56616
2.56424
2.56228
2.5604
2.55836
2.55638
2.55418
2.55196
2.54946
2.54687
2.54391
2.54059
2.53691
2.53301
2.52883
2.52443
2.51972
2.51478
2.50954
2.50402
2.49818
2.49209
2.48618
1.76254
2.38164
2.65008
2.61928
2.6135
2.59935
2.59618
2.59829
2.59977
2.6006
2.60033
2.59985
2.59879
2.59759
2.59631
2.595
2.59356
2.59205
2.59041
2.58871
2.5869
2.58506
2.58297
2.58078
2.57833
2.5758
2.57303
2.57021
2.56716
2.56409
2.5608
2.55755
2.55409
2.55058
2.54688
2.54315
2.53921
2.5353
2.53141
2.52748
2.5234
2.51922
2.51486
2.51043
2.50584
2.50117
2.4963
2.49132
2.48609
2.48116
1.28618
2.49456
2.64472
2.64202
2.61675
2.58404
2.57199
2.57243
2.57507
2.57745
2.57871
2.57893
2.57916
2.57913
2.57907
2.57899
2.57884
2.57853
2.57807
2.57741
2.57658
2.57554
2.57439
2.57304
2.57157
2.56987
2.56814
2.566
2.56376
2.56137
2.55875
2.55597
2.55287
2.54967
2.54617
2.5426
2.53874
2.53482
2.53064
2.52644
2.52199
2.51753
2.51303
2.5083
2.50344
2.49837
2.49318
2.48779
2.48228
2.47701
1.7718
2.36721
2.63951
2.61693
2.61064
2.59523
2.59028
2.5912
2.59162
2.5932
2.59283
2.59226
2.5918
2.59101
2.59026
2.5894
2.58863
2.58766
2.58673
2.58558
2.58447
2.58313
2.58182
2.58026
2.57872
2.57691
2.57512
2.57301
2.5707
2.56809
2.5653
2.56222
2.55913
2.55581
2.55249
2.54888
2.54525
2.54129
2.53732
2.533
2.52868
2.52398
2.51911
2.51405
2.50889
2.50354
2.4981
2.49248
2.48675
2.48128
1.77321
2.36541
2.63742
2.61501
2.60877
2.59348
2.58852
2.58963
2.59068
2.59178
2.59231
2.59181
2.59138
2.59058
2.58973
2.58879
2.58781
2.58666
2.58542
2.58404
2.58256
2.58097
2.57928
2.57749
2.5756
2.57363
2.57154
2.56943
2.56737
2.56521
2.56303
2.5607
2.5582
2.55549
2.55259
2.54954
2.54631
2.54294
2.53938
2.53568
2.53177
2.52774
2.5235
2.51913
2.51454
2.50983
2.50491
2.49988
2.49462
2.48953
1.28558
2.49095
2.64203
2.63935
2.61361
2.57896
2.56603
2.56553
2.56806
2.57012
2.57107
2.57101
2.57088
2.57049
2.57018
2.56971
2.56942
2.56879
2.56835
2.56746
2.56681
2.56565
2.56477
2.56334
2.56222
2.56059
2.55896
2.55719
2.55529
2.55328
2.55115
2.54894
2.54662
2.5442
2.54167
2.53901
2.5362
2.53325
2.53015
2.52688
2.52346
2.51986
2.51612
2.51219
2.50814
2.50389
2.49953
2.49498
2.49031
2.48577
1.76674
2.37286
2.64061
2.60987
2.60345
2.58748
2.58443
2.5866
2.5875
2.58962
2.58938
2.58883
2.58837
2.58753
2.58675
2.58586
2.58499
2.58395
2.58289
2.58167
2.58041
2.57902
2.57756
2.57599
2.57432
2.57256
2.57066
2.56867
2.56654
2.56431
2.56192
2.55931
2.55656
2.55359
2.5505
2.5472
2.5438
2.5402
2.53651
2.53271
2.52881
2.52479
2.52064
2.51637
2.51197
2.50744
2.50278
2.49799
2.49306
2.48833
1.79462
2.35597
2.62402
2.59592
2.5919
2.58019
2.57692
2.57812
2.57843
2.57914
2.57896
2.57856
2.5781
2.57735
2.57664
2.57588
2.57508
2.57417
2.57319
2.5721
2.57093
2.56966
2.56831
2.56686
2.56532
2.56368
2.56196
2.56014
2.55823
2.55623
2.55414
2.55209
2.54991
2.54775
2.54543
2.54311
2.5406
2.53801
2.53518
2.53223
2.52903
2.52573
2.52223
2.51864
2.51485
2.51096
2.50687
2.50269
2.49827
2.4941
1.79923
2.35073
2.619
2.59273
2.58909
2.57784
2.57402
2.5747
2.57488
2.57527
2.57513
2.57472
2.57422
2.57347
2.57269
2.57191
2.57104
2.57011
2.56907
2.56795
2.56671
2.56539
2.56395
2.56242
2.56076
2.55902
2.55714
2.55518
2.55307
2.55088
2.54855
2.54612
2.54357
2.54092
2.53815
2.53529
2.53231
2.5293
2.52618
2.52303
2.51976
2.51641
2.51293
2.50935
2.50564
2.50183
2.49789
2.49383
2.48962
2.48562
1.77978
2.35596
2.61657
2.603
2.59364
2.57719
2.57216
2.57264
2.57325
2.57387
2.57385
2.57338
2.57286
2.57203
2.57122
2.57044
2.56959
2.56868
2.56766
2.56656
2.56537
2.56409
2.5627
2.56123
2.55964
2.55796
2.55615
2.55425
2.55223
2.5501
2.54784
2.54547
2.54297
2.54035
2.5376
2.53473
2.53173
2.5286
2.52535
2.52198
2.51849
2.51488
2.51115
2.50731
2.50335
2.49927
2.49507
2.49075
2.48631
2.48206
1.34476
2.37986
2.638
2.63737
2.61518
2.58173
2.56752
2.56514
2.56645
2.56756
2.56751
2.56726
2.56656
2.56556
2.56466
2.56387
2.56304
2.56216
2.56116
2.5601
2.55891
2.55765
2.55627
2.55481
2.55322
2.55154
2.54972
2.54782
2.54577
2.54363
2.54133
2.53895
2.5364
2.53377
2.53097
2.52807
2.52501
2.52186
2.51853
2.51512
2.51152
2.50784
2.50398
2.50004
2.49592
2.49173
2.48737
2.48294
2.47834
2.47396
1.34602
2.38747
2.65288
2.65699
2.63096
2.59246
2.57493
2.57257
2.57422
2.5755
2.57595
2.5756
2.57477
2.57377
2.57271
2.57184
2.57096
2.57005
2.56902
2.56793
2.56673
2.56547
2.5641
2.56267
2.56112
2.55952
2.55778
2.55598
2.55405
2.55206
2.54992
2.54771
2.54536
2.54293
2.54035
2.53769
2.53488
2.53197
2.52892
2.52577
2.52245
2.51905
2.51548
2.51181
2.50798
2.50405
2.49996
2.49578
2.49144
2.48726
1.3451
2.37934
2.63633
2.63635
2.61343
2.5801
2.56494
2.56295
2.5643
2.56522
2.56563
2.5652
2.5645
2.56346
2.56253
2.5617
2.5609
2.56002
2.55907
2.55803
2.55692
2.55572
2.55446
2.55309
2.55167
2.55013
2.54853
2.54681
2.54502
2.54311
2.54113
2.53902
2.53684
2.53453
2.53214
2.52961
2.527
2.52425
2.52142
2.51844
2.51539
2.51217
2.50888
2.50543
2.5019
2.4982
2.49444
2.4905
2.48648
2.48256
1.78106
2.35423
2.61405
2.5997
2.59004
2.57216
2.56708
2.56744
2.56803
2.56907
2.56891
2.56837
2.56788
2.567
2.56624
2.56543
2.56465
2.56372
2.56279
2.5617
2.56061
2.55936
2.55811
2.55669
2.55527
2.55368
2.55207
2.5503
2.54851
2.54655
2.54456
2.5424
2.54021
2.53784
2.53544
2.53286
2.53024
2.52744
2.5246
2.52158
2.51851
2.51526
2.51196
2.50847
2.50494
2.50121
2.49744
2.49347
2.48943
2.48549
1.80128
2.34723
2.6146
2.58738
2.58384
2.57258
2.56908
2.57016
2.57046
2.57089
2.57075
2.57023
2.56968
2.56878
2.56796
2.56707
2.56619
2.56517
2.56412
2.56293
2.56171
2.56034
2.55895
2.55741
2.55583
2.5541
2.55232
2.55039
2.54841
2.54628
2.54409
2.54174
2.53933
2.53676
2.53414
2.53134
2.52849
2.52547
2.52238
2.51913
2.51581
2.51232
2.50877
2.50505
2.50125
2.4973
2.49327
2.48909
2.48481
2.48068
1.78825
2.36085
2.62702
2.59539
2.58877
2.57466
2.57218
2.57421
2.5757
2.57662
2.57659
2.57608
2.57554
2.57471
2.57394
2.57312
2.57227
2.5713
2.57028
2.56914
2.56795
2.56664
2.56528
2.5638
2.56226
2.56059
2.55887
2.55701
2.55508
2.55302
2.55089
2.54862
2.54627
2.54379
2.54123
2.53852
2.53574
2.53281
2.52979
2.52663
2.52338
2.51998
2.51649
2.51286
2.50913
2.50526
2.5013
2.49719
2.49299
2.48893
2.17223
2.34544
2.76268
2.86057
2.8568
2.81572
2.81422
2.81373
2.8066
2.80553
2.80867
2.81022
2.81165
2.81252
2.81438
2.81575
2.8179
2.81973
2.82138
2.82242
2.8229
2.82306
2.82195
2.82113
2.81824
2.81583
2.81196
2.80813
2.80332
2.79837
2.79273
2.78688
2.78053
2.77398
2.76729
2.76034
2.75329
2.74552
2.73747
2.72937
2.72127
2.71309
2.70489
2.69665
2.68844
2.68023
2.67212
2.66405
2.65612
2.64828
2.64063
2.63311
2.62583
2.61874
2.61193
2.60536
2.59914
2.59321
2.58769
2.58252
2.57781
2.57353
2.56978
2.5665
2.56379
2.56161
2.56003
2.55897
2.5585
2.55838
2.5585
2.55885
2.55972
2.56118
2.56324
2.56547
2.56769
2.56996
2.57216
2.57433
2.57632
2.57818
2.57979
2.58121
2.58234
2.58326
2.58389
2.58433
2.58453
2.58458
2.58447
2.58423
2.58388
2.58316
2.58242
2.58137
2.58052
2.57937
2.57845
2.5754
2.1804
2.26043
2.45056
2.62854
2.69729
2.73274
2.75926
2.7837
2.79766
2.81031
2.81821
2.82819
2.83368
2.83329
2.82942
2.82419
2.81683
2.80959
2.80048
2.7918
2.78175
2.77232
2.76194
2.75229
2.74154
2.73141
2.72036
2.71001
2.69889
2.68845
2.67737
2.66694
2.65596
2.64562
2.63503
2.62514
2.61494
2.60466
2.59399
2.58366
2.57356
2.56366
2.55388
2.54429
2.53484
2.5256
2.51655
2.50771
2.49909
2.4907
2.48255
2.47467
2.46706
2.45974
2.45272
2.44604
2.43971
2.43375
2.4282
2.42306
2.41838
2.41417
2.41046
2.40727
2.40463
2.40255
2.40104
2.40009
2.39969
2.3997
2.39997
2.40053
2.40166
2.40343
2.4059
2.40857
2.41131
2.41406
2.41676
2.41937
2.4218
2.42402
2.42597
2.42763
2.42898
2.43002
2.43075
2.43121
2.43137
2.43135
2.43121
2.4309
2.43053
2.42974
2.42897
2.42785
2.42699
2.42581
2.42504
2.42217
2.22679
2.21302
2.27124
2.35864
2.4109
2.46085
2.4945
2.52178
2.54284
2.55869
2.57053
2.57966
2.58638
2.58888
2.58818
2.58651
2.58265
2.57821
2.57277
2.56688
2.56023
2.55347
2.54617
2.53902
2.53125
2.52364
2.51543
2.50752
2.4991
2.49107
2.48255
2.47447
2.46592
2.45784
2.44953
2.44191
2.43399
2.42598
2.41737
2.40904
2.40087
2.39291
2.38498
2.3772
2.36945
2.36189
2.35438
2.34709
2.33988
2.33289
2.32602
2.3194
2.31293
2.30674
2.30074
2.29505
2.28959
2.2845
2.27968
2.27527
2.27119
2.26757
2.26432
2.26159
2.25927
2.2575
2.25618
2.25543
2.25513
2.25523
2.25555
2.25606
2.25709
2.25872
2.261
2.26348
2.26605
2.2686
2.27112
2.2735
2.27575
2.27776
2.27955
2.28103
2.28226
2.28317
2.28382
2.28418
2.28431
2.28426
2.28413
2.28386
2.28352
2.2828
2.28213
2.28112
2.28038
2.27937
2.27888
2.27648
2.25964
2.22038
2.21602
2.24107
2.27158
2.29411
2.30934
2.32117
2.33171
2.34098
2.34863
2.35475
2.35949
2.3631
2.36464
2.3649
2.36485
2.36475
2.36456
2.36429
2.36379
2.36314
2.36239
2.3611
2.35956
2.35776
2.35545
2.35293
2.34995
2.34682
2.34325
2.33957
2.33545
2.33129
2.32692
2.32282
2.31844
2.31368
2.30823
2.3027
2.29712
2.29165
2.28606
2.2805
2.27481
2.26919
2.26347
2.25786
2.25219
2.24667
2.24113
2.23578
2.23044
2.22534
2.2203
2.21553
2.21088
2.20655
2.20238
2.1986
2.19503
2.19189
2.18903
2.18665
2.18459
2.18306
2.1819
2.18129
2.18108
2.18124
2.18157
2.18208
2.1831
2.18463
2.18675
2.18905
2.19153
2.19394
2.19636
2.1986
2.20073
2.20258
2.20426
2.20561
2.20675
2.20756
2.20816
2.20844
2.20856
2.20848
2.20838
2.20815
2.20786
2.20721
2.20664
2.20573
2.20513
2.20426
2.20401
2.20194
2.27511
2.24098
2.21929
2.21182
2.21888
2.22351
2.22556
2.22616
2.22717
2.22903
2.23187
2.23417
2.23624
2.23807
2.24082
2.24311
2.24533
2.24777
2.25046
2.2533
2.25621
2.25898
2.26161
2.26384
2.26578
2.26714
2.2681
2.26858
2.2683
2.26775
2.26665
2.2652
2.26319
2.26093
2.25841
2.25597
2.25318
2.2499
2.24587
2.24155
2.23706
2.23256
2.22792
2.22324
2.2184
2.21354
2.20856
2.2036
2.19857
2.19361
2.18861
2.18374
2.17887
2.17417
2.16954
2.16512
2.16081
2.15678
2.15291
2.14936
2.14604
2.14309
2.14042
2.13819
2.13628
2.13486
2.13379
2.1333
2.13319
2.13339
2.13369
2.13426
2.13528
2.13681
2.13878
2.14097
2.14336
2.14573
2.14807
2.15025
2.15229
2.15408
2.15566
2.15694
2.158
2.15876
2.15929
2.15953
2.15961
2.15953
2.15942
2.15917
2.15887
2.1582
2.15771
2.15681
2.15628
2.15546
2.15533
2.15333
2.29857
2.25476
2.23055
2.21068
2.20091
2.19404
2.1883
2.18221
2.17738
2.17359
2.17188
2.1714
2.17202
2.17239
2.17349
2.17572
2.17829
2.18147
2.18443
2.18805
2.19143
2.19529
2.19862
2.20213
2.20489
2.2076
2.20939
2.21102
2.21173
2.21229
2.21206
2.2114
2.21022
2.20871
2.20697
2.20523
2.20313
2.20052
2.19718
2.19348
2.18955
2.1855
2.18133
2.17708
2.17272
2.16827
2.16374
2.15916
2.15453
2.14991
2.14528
2.1407
2.13616
2.13173
2.12739
2.1232
2.11915
2.11532
2.11168
2.1083
2.10518
2.10237
2.09987
2.09775
2.09597
2.09463
2.09371
2.09331
2.09328
2.09346
2.09379
2.0944
2.09545
2.09697
2.09883
2.10093
2.10321
2.10552
2.10779
2.10992
2.11188
2.11361
2.11511
2.11635
2.11734
2.11805
2.11854
2.11876
2.1188
2.11872
2.11861
2.11832
2.11801
2.11733
2.11688
2.116
2.11552
2.11474
2.11468
2.11273
2.32219
2.28219
2.24853
2.22372
2.20328
2.18833
2.17593
2.16544
2.15594
2.14848
2.14261
2.13912
2.13701
2.13664
2.1367
2.13727
2.13915
2.14199
2.14522
2.1486
2.15226
2.15604
2.15982
2.16352
2.16695
2.17007
2.17266
2.17484
2.17638
2.1775
2.17795
2.17807
2.17747
2.17655
2.17549
2.17432
2.17282
2.17075
2.16804
2.16489
2.16149
2.15786
2.15413
2.15025
2.1463
2.14223
2.13809
2.13385
2.12958
2.12526
2.12094
2.11663
2.11238
2.10817
2.10408
2.10009
2.09627
2.09261
2.08917
2.08594
2.08299
2.08031
2.07795
2.07592
2.07428
2.07304
2.07223
2.07191
2.07195
2.07212
2.07247
2.07312
2.07421
2.07573
2.07754
2.07956
2.08174
2.08398
2.08617
2.08825
2.09015
2.09183
2.09327
2.09446
2.09541
2.0961
2.09656
2.09676
2.09677
2.0967
2.09658
2.09626
2.09595
2.09526
2.09483
2.09396
2.09352
2.09277
2.09276
2.09085
2.33823
2.30427
2.27117
2.24265
2.2185
2.19942
2.18192
2.16697
2.15403
2.14351
2.13466
2.12843
2.12386
2.12154
2.1202
2.12018
2.12032
2.12155
2.12391
2.12702
2.13057
2.134
2.13767
2.14117
2.14469
2.14782
2.15071
2.15304
2.15497
2.1563
2.15717
2.15746
2.15724
2.15657
2.15582
2.15493
2.15367
2.15184
2.14941
2.14656
2.14341
2.14001
2.13646
2.13276
2.12898
2.12509
2.12113
2.11707
2.11297
2.10882
2.10467
2.10051
2.09642
2.09236
2.08842
2.08458
2.0809
2.07738
2.07408
2.07098
2.06816
2.0656
2.06338
2.06148
2.05997
2.05883
2.05815
2.05792
2.058
2.05819
2.05857
2.05929
2.06046
2.06198
2.06375
2.06571
2.0678
2.06994
2.07205
2.07407
2.07592
2.07756
2.07897
2.08015
2.08107
2.08175
2.08218
2.08236
2.08236
2.08229
2.08216
2.08182
2.0815
2.08079
2.08036
2.07952
2.07909
2.07838
2.07841
2.0765
2.35211
2.32056
2.2899
2.26002
2.23425
2.21095
2.19207
2.17542
2.16091
2.14789
2.13726
2.12828
2.12191
2.11705
2.11439
2.11257
2.11209
2.11179
2.11243
2.11405
2.11697
2.11996
2.12334
2.12641
2.12967
2.13247
2.13531
2.13749
2.13954
2.14083
2.14189
2.14216
2.14209
2.14155
2.14093
2.14016
2.13898
2.13726
2.13495
2.13225
2.12924
2.12598
2.12253
2.11895
2.11524
2.11146
2.10759
2.10366
2.09967
2.09565
2.09162
2.08761
2.08363
2.07973
2.07591
2.07222
2.06867
2.0653
2.06212
2.05917
2.05648
2.05408
2.05199
2.05023
2.04884
2.04783
2.04726
2.04712
2.04722
2.04743
2.04788
2.04867
2.0499
2.05141
2.05315
2.05504
2.05704
2.05907
2.06109
2.06302
2.0648
2.06639
2.06777
2.06892
2.06982
2.07048
2.07091
2.07107
2.07106
2.07099
2.07085
2.0705
2.07018
2.06947
2.06903
2.0682
2.06779
2.06711
2.06718
2.06526
2.36796
2.33884
2.30954
2.28039
2.25333
2.22895
2.20732
2.18847
2.17178
2.15735
2.14488
2.1345
2.12595
2.11944
2.11462
2.11147
2.10941
2.10855
2.10815
2.10832
2.10926
2.1109
2.11356
2.11632
2.11914
2.12171
2.12419
2.12625
2.12811
2.1294
2.13039
2.13074
2.13066
2.13025
2.12973
2.12903
2.12793
2.1263
2.12416
2.1217
2.11893
2.11593
2.11272
2.10936
2.10586
2.10228
2.0986
2.09487
2.09107
2.08725
2.08341
2.07958
2.07577
2.07204
2.06838
2.06485
2.06144
2.05822
2.05518
2.05239
2.04983
2.04758
2.04561
2.04399
2.04272
2.04184
2.04139
2.04132
2.04142
2.04166
2.04215
2.04303
2.04429
2.04581
2.04749
2.04932
2.05122
2.05316
2.05506
2.0569
2.05861
2.06017
2.06151
2.06265
2.06355
2.06422
2.06465
2.06482
2.06481
2.06475
2.06462
2.06428
2.06395
2.06325
2.06282
2.06201
2.06161
2.06097
2.06107
2.05914
2.38299
2.35514
2.32675
2.29814
2.27099
2.24583
2.22329
2.20302
2.1852
2.16927
2.15549
2.14341
2.13339
2.12499
2.11858
2.11359
2.11015
2.10769
2.10643
2.10576
2.10585
2.10642
2.1077
2.10973
2.112
2.11436
2.11657
2.11863
2.12043
2.1219
2.12303
2.12369
2.12397
2.12392
2.12378
2.12342
2.12265
2.12133
2.11954
2.11743
2.11499
2.1123
2.10935
2.10623
2.10293
2.09953
2.096
2.09242
2.08877
2.0851
2.08139
2.0777
2.07403
2.07044
2.06691
2.06351
2.06024
2.05717
2.05428
2.05163
2.04922
2.04711
2.04529
2.04381
2.04267
2.04192
2.04159
2.04159
2.0417
2.04196
2.04252
2.04346
2.04476
2.04626
2.0479
2.04963
2.05141
2.05321
2.05499
2.05671
2.05832
2.05981
2.06111
2.06222
2.06311
2.06378
2.06421
2.06439
2.06439
2.06433
2.06421
2.06388
2.06356
2.06288
2.06245
2.06166
2.06127
2.06066
2.06079
2.05884
2.40594
2.37795
2.34909
2.31982
2.29166
2.26536
2.24137
2.21977
2.20041
2.18323
2.16795
2.15464
2.14304
2.13332
2.12517
2.11879
2.1138
2.1102
2.10762
2.10608
2.10534
2.10537
2.10584
2.10708
2.10875
2.11107
2.11347
2.11583
2.11782
2.11963
2.12095
2.122
2.12248
2.12288
2.12297
2.12279
2.12223
2.1211
2.11951
2.11765
2.11544
2.113
2.11026
2.10735
2.10421
2.10098
2.09758
2.09415
2.09061
2.08708
2.08349
2.07995
2.07639
2.07294
2.06952
2.06628
2.06313
2.0602
2.05742
2.05492
2.05262
2.05066
2.04894
2.0476
2.04656
2.04595
2.04569
2.04573
2.04585
2.04614
2.04676
2.04777
2.04907
2.05053
2.05211
2.05374
2.05541
2.05708
2.05874
2.06034
2.06188
2.06329
2.06455
2.06563
2.06652
2.06719
2.06764
2.06784
2.06787
2.06782
2.06771
2.0674
2.0671
2.06644
2.06603
2.06525
2.06488
2.06429
2.06444
2.06246
2.43183
2.40566
2.37761
2.34859
2.31992
2.29279
2.26753
2.24462
2.22377
2.20521
2.1885
2.17385
2.16086
2.14978
2.14022
2.13251
2.12621
2.12147
2.11782
2.11544
2.11387
2.11328
2.11346
2.11403
2.11515
2.11693
2.11893
2.12128
2.12351
2.12543
2.12707
2.12825
2.12912
2.1297
2.1303
2.13023
2.12987
2.12906
2.12776
2.12622
2.12429
2.12214
2.11963
2.11695
2.11398
2.11092
2.10765
2.10437
2.10093
2.09753
2.09404
2.09063
2.08717
2.08385
2.08055
2.07744
2.07439
2.0716
2.06892
2.06656
2.06437
2.06254
2.06094
2.05975
2.05882
2.05836
2.05816
2.0582
2.05834
2.05869
2.0594
2.06046
2.06175
2.06313
2.06462
2.06613
2.06769
2.06922
2.07077
2.07225
2.0737
2.07502
2.07624
2.07728
2.07817
2.07883
2.07931
2.07953
2.0796
2.07956
2.07947
2.0792
2.07891
2.07828
2.07789
2.07713
2.07677
2.0762
2.07638
2.07435
2.4522
2.42962
2.40435
2.37743
2.34999
2.3234
2.29808
2.27464
2.25302
2.23344
2.21569
2.19986
2.18574
2.1734
2.16262
2.15359
2.14607
2.14009
2.13536
2.1319
2.12942
2.12796
2.12722
2.12738
2.12785
2.12894
2.13046
2.13229
2.13426
2.1364
2.13796
2.13941
2.14016
2.14101
2.14141
2.14123
2.14073
2.13972
2.13834
2.13667
2.13466
2.13239
2.12983
2.12706
2.12406
2.12093
2.11766
2.11434
2.11094
2.10755
2.10414
2.10079
2.09747
2.09427
2.09113
2.08817
2.08533
2.08271
2.08026
2.0781
2.07615
2.07453
2.07318
2.07218
2.07148
2.07118
2.07111
2.07118
2.07139
2.07185
2.07266
2.07374
2.07497
2.07625
2.0776
2.07896
2.08034
2.08171
2.08308
2.0844
2.08569
2.08688
2.08799
2.08895
2.08977
2.09039
2.09085
2.09109
2.09116
2.09113
2.09105
2.09081
2.09055
2.08997
2.0896
2.08888
2.08855
2.08803
2.08825
2.0862
2.4639
2.44541
2.42402
2.40055
2.37602
2.35157
2.3278
2.3052
2.28401
2.26436
2.24634
2.2299
2.21508
2.20179
2.19006
2.17977
2.17102
2.16365
2.15763
2.15278
2.14903
2.14622
2.14427
2.14307
2.14253
2.14261
2.14289
2.14351
2.14434
2.14504
2.14588
2.14626
2.14652
2.14651
2.14628
2.1457
2.14467
2.14333
2.14172
2.13982
2.13767
2.13525
2.13262
2.12977
2.12676
2.12361
2.12037
2.11706
2.11373
2.1104
2.10711
2.10386
2.10072
2.09765
2.09474
2.09195
2.08936
2.08695
2.08478
2.08284
2.08117
2.07978
2.0787
2.07791
2.07746
2.07731
2.07735
2.07747
2.07776
2.07835
2.07925
2.0803
2.08141
2.08256
2.08373
2.08491
2.08609
2.08726
2.08842
2.08956
2.09065
2.09168
2.09263
2.09347
2.09419
2.09476
2.09518
2.09541
2.09548
2.09546
2.09539
2.09519
2.09497
2.09444
2.0941
2.09345
2.09315
2.09269
2.09295
2.09089
2.46594
2.45029
2.43214
2.41178
2.39032
2.36846
2.34692
2.32598
2.30605
2.28717
2.26956
2.25316
2.2381
2.22428
2.21179
2.20049
2.19056
2.18183
2.17436
2.16797
2.16267
2.15825
2.15476
2.15195
2.14987
2.14834
2.14732
2.1466
2.14629
2.14615
2.14621
2.1462
2.14609
2.14577
2.1452
2.14436
2.1432
2.14179
2.14008
2.13814
2.13593
2.13352
2.13088
2.12809
2.12512
2.12207
2.1189
2.11571
2.11248
2.10929
2.10613
2.10307
2.10007
2.09723
2.0945
2.09196
2.08958
2.08743
2.08548
2.08382
2.08239
2.08127
2.08041
2.07988
2.07962
2.07962
2.0797
2.0799
2.08034
2.08104
2.08194
2.0829
2.08388
2.08486
2.08584
2.08683
2.08782
2.0888
2.08976
2.09071
2.09163
2.09249
2.09329
2.09402
2.09465
2.09516
2.09555
2.09579
2.09588
2.09586
2.09581
2.09567
2.09547
2.09501
2.09471
2.09412
2.09386
2.09346
2.09378
2.0917
2.46661
2.4526
2.4363
2.41797
2.39844
2.37844
2.35844
2.33886
2.31988
2.30177
2.28452
2.26832
2.2531
2.239
2.2259
2.21391
2.20297
2.19321
2.18449
2.17688
2.17023
2.16459
2.15979
2.15579
2.15247
2.14974
2.14763
2.14604
2.14483
2.14394
2.14329
2.14272
2.14215
2.14145
2.14062
2.13955
2.13829
2.13675
2.13499
2.13297
2.13077
2.12835
2.12578
2.12302
2.12017
2.11718
2.11416
2.11107
2.10801
2.10495
2.102
2.09909
2.09634
2.09369
2.09124
2.08893
2.08686
2.08496
2.08334
2.08193
2.08082
2.07994
2.07937
2.07904
2.079
2.07906
2.07921
2.07956
2.08012
2.08091
2.08174
2.08258
2.0834
2.08422
2.08503
2.08584
2.08664
2.08743
2.08822
2.08898
2.08971
2.09041
2.09106
2.09166
2.09219
2.09265
2.093
2.09323
2.09333
2.09333
2.09329
2.09319
2.09303
2.09266
2.0924
2.09189
2.09168
2.09136
2.09174
2.08965
2.46509
2.45252
2.43781
2.42121
2.40347
2.38518
2.36667
2.34835
2.33037
2.31297
2.29622
2.28024
2.26507
2.25075
2.23731
2.22474
2.21311
2.20245
2.19275
2.18401
2.17617
2.16925
2.16307
2.15779
2.15322
2.14944
2.14624
2.14366
2.14149
2.1398
2.13837
2.13721
2.13609
2.13504
2.13386
2.13262
2.13115
2.12956
2.12769
2.1257
2.12346
2.12112
2.11855
2.11593
2.11313
2.11033
2.10739
2.10452
2.10158
2.09876
2.09594
2.09331
2.09073
2.08838
2.08611
2.08412
2.08225
2.08069
2.07929
2.07822
2.07733
2.07678
2.07641
2.07637
2.07642
2.07656
2.07687
2.07736
2.07809
2.07882
2.07955
2.08024
2.08092
2.08156
2.08221
2.08283
2.08345
2.08405
2.08465
2.08521
2.08577
2.08628
2.08679
2.08725
2.08769
2.08806
2.08838
2.08859
2.08871
2.08872
2.08869
2.08862
2.08851
2.08822
2.08801
2.08759
2.08742
2.08718
2.08762
2.08551
2.45844
2.44751
2.43451
2.41951
2.40324
2.38622
2.36902
2.35176
2.33478
2.31809
2.30193
2.28627
2.27128
2.25689
2.24326
2.23031
2.21815
2.20677
2.19628
2.18658
2.17779
2.16976
2.16264
2.15625
2.15071
2.14579
2.14164
2.13802
2.13505
2.13247
2.13039
2.12854
2.127
2.1255
2.12412
2.12261
2.12111
2.11938
2.1176
2.11557
2.11347
2.11114
2.10877
2.1062
2.10363
2.1009
2.09823
2.09546
2.09281
2.09012
2.08761
2.08512
2.08286
2.08067
2.07875
2.07693
2.07542
2.07405
2.07302
2.07214
2.07161
2.07122
2.07118
2.07121
2.07135
2.07165
2.07213
2.0728
2.07349
2.07413
2.07474
2.07529
2.07582
2.0763
2.07678
2.07723
2.07767
2.07809
2.07849
2.07887
2.07924
2.07959
2.07995
2.08029
2.08063
2.08093
2.08119
2.08139
2.08152
2.08155
2.08153
2.08149
2.08142
2.08122
2.08106
2.08072
2.08062
2.08044
2.08092
2.07881
2.45848
2.44693
2.43376
2.41904
2.40332
2.38703
2.37037
2.35376
2.33723
2.32105
2.30515
2.28976
2.2748
2.26044
2.24658
2.23341
2.2208
2.20896
2.1978
2.18747
2.17786
2.16911
2.16111
2.15391
2.14739
2.14167
2.13657
2.13222
2.12838
2.12519
2.12247
2.12024
2.11829
2.11664
2.11504
2.11356
2.112
2.11043
2.10868
2.10687
2.10486
2.10278
2.10052
2.09822
2.09577
2.09333
2.0908
2.08832
2.08582
2.08343
2.08107
2.07888
2.07677
2.07489
2.07312
2.07162
2.07029
2.06924
2.06838
2.06783
2.06745
2.06737
2.0674
2.06752
2.06784
2.0683
2.06896
2.06961
2.07021
2.07076
2.07125
2.07169
2.07209
2.07247
2.07281
2.07314
2.07345
2.07373
2.07399
2.07423
2.07446
2.07469
2.07494
2.0752
2.07546
2.07572
2.07595
2.07615
2.07628
2.07635
2.07635
2.07633
2.07629
2.07618
2.07607
2.07582
2.07577
2.07564
2.07613
2.07403
2.46168
2.44989
2.43638
2.4215
2.40567
2.38947
2.37312
2.35672
2.34045
2.32437
2.30862
2.2932
2.27827
2.26374
2.24979
2.2363
2.22345
2.21116
2.19963
2.18872
2.17864
2.16922
2.16065
2.15277
2.14575
2.13941
2.1339
2.12901
2.12488
2.12127
2.11824
2.11568
2.11347
2.11154
2.10985
2.10825
2.10672
2.10516
2.10355
2.10182
2.10001
2.09805
2.09602
2.09386
2.09166
2.08939
2.08711
2.08482
2.08258
2.08038
2.0783
2.07631
2.07448
2.0728
2.07133
2.07004
2.069
2.06817
2.06761
2.06727
2.06717
2.06721
2.06736
2.0677
2.06821
2.06886
2.06951
2.0701
2.07062
2.07107
2.07146
2.07179
2.07207
2.07231
2.07253
2.07272
2.07288
2.07301
2.0731
2.07318
2.07327
2.07339
2.07353
2.07368
2.07387
2.07406
2.07426
2.07443
2.07457
2.07465
2.07469
2.07468
2.07467
2.07462
2.07456
2.07443
2.07442
2.07435
2.07486
2.07276
2.46528
2.45455
2.44203
2.42786
2.41256
2.39666
2.3805
2.36428
2.34813
2.33216
2.31642
2.30102
2.28596
2.27136
2.25716
2.24352
2.23034
2.21779
2.2058
2.19454
2.1839
2.17403
2.16481
2.1564
2.14866
2.14173
2.13544
2.12993
2.12499
2.12074
2.11699
2.11381
2.11107
2.10879
2.10675
2.10493
2.1032
2.10156
2.09988
2.09819
2.09641
2.09457
2.09263
2.09066
2.0886
2.08654
2.08445
2.08241
2.08039
2.07847
2.07662
2.07493
2.07335
2.07197
2.07075
2.06979
2.06902
2.06851
2.06822
2.06816
2.06822
2.06841
2.06884
2.06944
2.07014
2.0708
2.07142
2.07195
2.07241
2.07276
2.07306
2.07325
2.07342
2.07352
2.07362
2.07364
2.07363
2.07359
2.07351
2.07339
2.07335
2.07331
2.07333
2.07337
2.07345
2.07356
2.07369
2.07382
2.07395
2.07404
2.0741
2.07412
2.07413
2.07413
2.07412
2.07412
2.07415
2.07416
2.0747
2.07267
2.46451
2.45467
2.44301
2.42978
2.41554
2.40065
2.38544
2.37001
2.35456
2.33914
2.32386
2.30876
2.29394
2.2794
2.26525
2.25146
2.23814
2.22526
2.21294
2.20117
2.19003
2.1795
2.16965
2.16044
2.15195
2.14412
2.13702
2.13057
2.12487
2.11976
2.11532
2.1114
2.10806
2.10509
2.10258
2.10033
2.09837
2.09652
2.0948
2.09308
2.09137
2.08961
2.08782
2.08598
2.08412
2.08224
2.08039
2.07857
2.07683
2.07515
2.0736
2.07216
2.07089
2.06978
2.0689
2.06823
2.06781
2.06761
2.06762
2.06773
2.06803
2.06857
2.06933
2.07009
2.07082
2.07148
2.07207
2.07256
2.07294
2.07322
2.0734
2.0735
2.07354
2.07354
2.07351
2.07341
2.07323
2.07296
2.07273
2.07249
2.07232
2.07217
2.07208
2.07202
2.07203
2.07206
2.07212
2.07219
2.07231
2.0724
2.07249
2.07254
2.07259
2.07262
2.07267
2.07272
2.07284
2.07294
2.07357
2.07165
2.46655
2.45645
2.44497
2.432
2.41807
2.40355
2.38868
2.37363
2.35848
2.34334
2.32825
2.31334
2.29858
2.28412
2.2699
2.25607
2.24255
2.2295
2.21686
2.2048
2.19322
2.18228
2.1719
2.16222
2.15315
2.14482
2.13714
2.13025
2.12404
2.11857
2.11371
2.10947
2.10576
2.10259
2.09983
2.09743
2.09532
2.0934
2.09163
2.08992
2.08828
2.08662
2.08498
2.08331
2.08167
2.08001
2.07842
2.07684
2.07538
2.07397
2.07271
2.07154
2.07058
2.06976
2.06919
2.06879
2.06867
2.06869
2.06884
2.06925
2.06987
2.07067
2.07152
2.07231
2.07305
2.07369
2.07425
2.07468
2.07499
2.07516
2.07525
2.07526
2.07524
2.07517
2.075
2.07471
2.07437
2.07399
2.07364
2.0733
2.07301
2.07276
2.07257
2.07242
2.07234
2.07229
2.07231
2.07234
2.07242
2.07248
2.0726
2.07268
2.07278
2.07284
2.07294
2.07303
2.07323
2.07339
2.07411
2.07226
2.47599
2.46608
2.45457
2.44171
2.42785
2.41349
2.39873
2.38385
2.3688
2.35379
2.33876
2.3239
2.30913
2.29463
2.28033
2.26638
2.25271
2.23946
2.22661
2.21431
2.20248
2.19127
2.18057
2.17053
2.16105
2.15226
2.14403
2.13647
2.12947
2.12316
2.11741
2.11239
2.10788
2.10405
2.10061
2.09774
2.09514
2.09295
2.09087
2.08908
2.0873
2.08571
2.08407
2.08258
2.08103
2.07964
2.07821
2.07698
2.07572
2.07468
2.07364
2.07285
2.07212
2.07169
2.07137
2.07137
2.07144
2.07171
2.07229
2.07312
2.07404
2.07498
2.07591
2.07677
2.07755
2.07821
2.07875
2.07912
2.07934
2.07941
2.07941
2.07936
2.07925
2.079
2.07861
2.07813
2.07761
2.0771
2.07658
2.0761
2.07565
2.07525
2.07491
2.07463
2.07442
2.07428
2.07421
2.07419
2.07421
2.07425
2.07434
2.07442
2.07458
2.07466
2.07484
2.07497
2.07525
2.07547
2.07627
2.07449
2.47218
2.46408
2.45399
2.44236
2.42974
2.41657
2.40294
2.38908
2.37495
2.36073
2.34638
2.33206
2.31774
2.30354
2.28945
2.27557
2.26188
2.24849
2.23539
2.22265
2.21028
2.19838
2.18692
2.176
2.1656
2.15582
2.14661
2.13808
2.13015
2.12293
2.11631
2.11038
2.10502
2.10033
2.09613
2.09252
2.0893
2.08656
2.08408
2.08195
2.07995
2.07823
2.07657
2.07512
2.07371
2.0725
2.07133
2.07037
2.06944
2.06874
2.06808
2.06769
2.06738
2.06741
2.06752
2.06776
2.06837
2.06917
2.07022
2.07133
2.07245
2.07353
2.07458
2.07552
2.07636
2.07703
2.07754
2.07784
2.07797
2.07797
2.07792
2.07779
2.07752
2.07706
2.07651
2.07584
2.0752
2.07449
2.07384
2.07317
2.07258
2.072
2.07153
2.07109
2.07077
2.07049
2.07034
2.07023
2.07021
2.07023
2.07027
2.07035
2.07053
2.07065
2.07091
2.0711
2.07149
2.07177
2.07269
2.07101
2.46784
2.45911
2.44914
2.43799
2.42594
2.41334
2.40033
2.38701
2.37346
2.35971
2.34583
2.33186
2.31788
2.30389
2.28999
2.27618
2.26254
2.24907
2.23585
2.22287
2.21026
2.19799
2.18617
2.17478
2.16392
2.15355
2.14377
2.13456
2.12599
2.11803
2.11075
2.10409
2.09812
2.09275
2.08803
2.08386
2.08026
2.07712
2.07447
2.07218
2.07022
2.06851
2.06702
2.06571
2.06456
2.06357
2.06272
2.062
2.06139
2.06091
2.06056
2.06041
2.06045
2.06058
2.06093
2.06165
2.06263
2.06374
2.06493
2.06618
2.0674
2.06859
2.06969
2.07068
2.0715
2.07215
2.07258
2.07281
2.07285
2.07281
2.07271
2.0725
2.07209
2.07153
2.07085
2.07014
2.06938
2.06863
2.06786
2.06715
2.06645
2.06583
2.06525
2.06478
2.06436
2.06406
2.06382
2.06371
2.06365
2.06366
2.0637
2.06377
2.06395
2.06411
2.06443
2.06465
2.06511
2.06542
2.06638
2.06475
2.47192
2.46256
2.45191
2.44014
2.42766
2.41472
2.40151
2.38806
2.37444
2.36065
2.34679
2.33282
2.31886
2.30489
2.29101
2.27718
2.26352
2.24998
2.23666
2.22357
2.21081
2.19836
2.18633
2.17469
2.16356
2.1529
2.14283
2.1333
2.12442
2.11613
2.10853
2.10155
2.09526
2.0896
2.08468
2.08035
2.07668
2.07348
2.07081
2.0685
2.0666
2.06495
2.06363
2.06248
2.0616
2.06084
2.0603
2.05983
2.05953
2.05929
2.05927
2.05933
2.05956
2.06011
2.06095
2.06202
2.0632
2.06447
2.06577
2.06711
2.06841
2.06964
2.07075
2.07171
2.07248
2.07306
2.0734
2.07352
2.0735
2.07344
2.07328
2.07296
2.07242
2.07175
2.07098
2.07018
2.06933
2.06849
2.06764
2.06683
2.06605
2.06534
2.06469
2.06413
2.06365
2.06328
2.06299
2.06282
2.06274
2.06275
2.06278
2.06285
2.06303
2.0632
2.06358
2.06384
2.06436
2.06471
2.0657
2.0641
2.48058
2.47153
2.46103
2.44924
2.43662
2.42347
2.40998
2.39624
2.38233
2.36829
2.35416
2.33999
2.32581
2.31169
2.29762
2.28369
2.26987
2.25625
2.24281
2.22962
2.21669
2.2041
2.19185
2.18003
2.16862
2.15772
2.1473
2.13746
2.12817
2.1195
2.11147
2.10409
2.09738
2.09136
2.08598
2.08125
2.07712
2.07357
2.07058
2.06808
2.06603
2.06437
2.06305
2.06204
2.06131
2.06082
2.06052
2.06035
2.0603
2.06035
2.06053
2.06097
2.06168
2.06268
2.06385
2.06514
2.06654
2.06799
2.06948
2.07094
2.07235
2.07363
2.07476
2.0757
2.07643
2.07693
2.07719
2.07724
2.07719
2.07709
2.07684
2.07641
2.07576
2.075
2.07415
2.07327
2.07235
2.07142
2.0705
2.06961
2.06876
2.06797
2.06725
2.06662
2.06607
2.06563
2.06529
2.06507
2.06497
2.06497
2.065
2.06507
2.06524
2.06543
2.06585
2.06614
2.06672
2.06711
2.06814
2.06658
2.4779
2.46992
2.46066
2.45
2.43842
2.42623
2.4136
2.40065
2.3874
2.37393
2.36026
2.34648
2.33259
2.31869
2.30477
2.29091
2.27712
2.26347
2.24994
2.23663
2.22354
2.21074
2.19825
2.18615
2.17443
2.16318
2.15238
2.14213
2.13241
2.12331
2.1148
2.10695
2.09974
2.09322
2.08736
2.0822
2.07768
2.07382
2.07055
2.06786
2.06567
2.06396
2.06266
2.06176
2.0612
2.06096
2.0609
2.06095
2.06109
2.06145
2.06206
2.06302
2.06421
2.06557
2.06708
2.06869
2.07038
2.0721
2.0738
2.07543
2.07694
2.07829
2.07945
2.08039
2.08109
2.08153
2.08172
2.08172
2.08165
2.0815
2.08116
2.08062
2.07987
2.07903
2.07811
2.07714
2.07613
2.07513
2.07412
2.07314
2.0722
2.07133
2.07053
2.06981
2.06919
2.06868
2.06827
2.068
2.06785
2.06783
2.06786
2.06792
2.06809
2.06829
2.06875
2.06908
2.06974
2.07017
2.07127
2.06976
2.48018
2.47201
2.46242
2.45179
2.44035
2.4284
2.41603
2.40338
2.3904
2.37724
2.36382
2.35029
2.33659
2.32285
2.30902
2.29524
2.28146
2.26782
2.25424
2.24089
2.22774
2.21489
2.20233
2.19016
2.17834
2.16698
2.15605
2.14563
2.13571
2.12637
2.11759
2.10944
2.1019
2.09501
2.08877
2.08321
2.0783
2.07407
2.07047
2.0675
2.0651
2.06326
2.06193
2.06109
2.06071
2.06066
2.06075
2.06095
2.06141
2.06217
2.06331
2.06467
2.06622
2.06792
2.06975
2.07167
2.07363
2.07557
2.07745
2.0792
2.0808
2.08219
2.08336
2.08427
2.08493
2.08532
2.08544
2.0854
2.08531
2.0851
2.08469
2.08404
2.08323
2.08232
2.08134
2.0803
2.07924
2.07816
2.07709
2.07605
2.07504
2.0741
2.07323
2.07245
2.07176
2.07119
2.07074
2.07041
2.07023
2.07018
2.07021
2.07027
2.07044
2.07065
2.07113
2.07149
2.07221
2.07268
2.07384
2.07238
2.48649
2.47914
2.47025
2.46015
2.44914
2.43763
2.42559
2.41323
2.4005
2.38753
2.37428
2.36088
2.3473
2.33366
2.31991
2.30616
2.29239
2.27871
2.26507
2.25163
2.23829
2.22522
2.21235
2.19983
2.18758
2.17577
2.1643
2.15336
2.14283
2.1329
2.12345
2.11468
2.10646
2.09896
2.09207
2.08595
2.08047
2.07578
2.07171
2.06841
2.0657
2.0637
2.06225
2.06147
2.06118
2.06126
2.06144
2.06184
2.06263
2.06388
2.06543
2.0672
2.06917
2.07128
2.07349
2.07575
2.078
2.08018
2.08224
2.08413
2.08581
2.08725
2.08843
2.08934
2.08997
2.09029
2.09036
2.09031
2.09018
2.08989
2.0894
2.08863
2.08775
2.08674
2.08567
2.08452
2.08337
2.08217
2.08101
2.07984
2.07874
2.07768
2.07671
2.07581
2.07504
2.07436
2.07384
2.07343
2.07319
2.07309
2.07312
2.07317
2.07331
2.07353
2.07404
2.07443
2.07522
2.07573
2.07697
2.07558
2.47833
2.47149
2.4633
2.45401
2.44387
2.43321
2.42203
2.41047
2.39847
2.38613
2.37344
2.36051
2.34732
2.33399
2.3205
2.30694
2.29332
2.2797
2.26608
2.25256
2.23908
2.22579
2.21264
2.19976
2.18711
2.17482
2.16284
2.15131
2.14018
2.12959
2.11947
2.11
2.10108
2.09287
2.08529
2.0785
2.07238
2.06708
2.06249
2.05872
2.05564
2.05337
2.05175
2.05096
2.0507
2.05083
2.05112
2.05178
2.05296
2.05465
2.05665
2.05888
2.0613
2.06382
2.06642
2.06901
2.07155
2.07395
2.07619
2.0782
2.07998
2.08146
2.08267
2.08357
2.08417
2.08444
2.08449
2.08442
2.08426
2.08389
2.08331
2.08245
2.08149
2.08038
2.07924
2.078
2.07676
2.07545
2.07419
2.07291
2.07172
2.07054
2.06948
2.06848
2.06762
2.06684
2.06624
2.06575
2.06546
2.06531
2.06533
2.06537
2.06549
2.06571
2.06624
2.06666
2.06752
2.06808
2.0694
2.06808
2.47445
2.46702
2.45836
2.44862
2.43815
2.42718
2.41579
2.40406
2.39202
2.37972
2.36714
2.35433
2.3413
2.3281
2.31474
2.30129
2.28774
2.27419
2.26061
2.24703
2.23353
2.22014
2.20692
2.19389
2.18111
2.16861
2.15645
2.14466
2.13331
2.12241
2.11204
2.10222
2.09301
2.08443
2.07655
2.06938
2.06297
2.05732
2.05248
2.04842
2.04519
2.04275
2.04112
2.04034
2.04022
2.04038
2.04078
2.04164
2.04307
2.04506
2.04732
2.04985
2.05249
2.05527
2.05803
2.06078
2.0634
2.06589
2.06813
2.07016
2.07188
2.07334
2.07447
2.07532
2.07583
2.07605
2.07603
2.07595
2.07575
2.07533
2.07466
2.07376
2.07275
2.07162
2.07042
2.06915
2.06785
2.06652
2.06521
2.0639
2.06265
2.06144
2.06033
2.05929
2.05838
2.05757
2.05692
2.05641
2.05608
2.05593
2.05593
2.05597
2.05609
2.05631
2.05683
2.05727
2.05815
2.05872
2.06005
2.05875
2.46639
2.45855
2.44943
2.43943
2.42855
2.41737
2.40573
2.39394
2.38175
2.36945
2.35677
2.34402
2.33094
2.31784
2.30446
2.29112
2.27756
2.26409
2.25049
2.23704
2.22356
2.21031
2.19713
2.18425
2.17154
2.15922
2.14716
2.13557
2.12434
2.11366
2.10342
2.09382
2.08475
2.0764
2.06865
2.06168
2.05539
2.04992
2.04517
2.04128
2.03814
2.03586
2.03434
2.0338
2.03384
2.03406
2.03458
2.03564
2.03733
2.03955
2.04208
2.04481
2.0477
2.05063
2.05356
2.05639
2.05909
2.06159
2.06385
2.06583
2.06753
2.06891
2.06999
2.07075
2.0712
2.07133
2.0713
2.07119
2.07095
2.07049
2.06976
2.06887
2.06785
2.06673
2.06553
2.06428
2.06299
2.06168
2.06038
2.0591
2.05786
2.05668
2.05557
2.05456
2.05365
2.05287
2.05222
2.05172
2.05138
2.05125
2.05126
2.0513
2.05144
2.05166
2.05219
2.05263
2.05353
2.05411
2.05543
2.05414
2.4801
2.47258
2.46386
2.45405
2.44341
2.43222
2.42051
2.40849
2.39607
2.3834
2.37043
2.35728
2.34392
2.33044
2.31684
2.30319
2.2895
2.27585
2.26222
2.24871
2.23528
2.22204
2.20894
2.19613
2.18353
2.1713
2.15935
2.14784
2.13668
2.12605
2.11583
2.10623
2.09711
2.08869
2.08083
2.07376
2.06729
2.0617
2.05677
2.05277
2.04948
2.04716
2.04557
2.04511
2.04519
2.04547
2.04609
2.04735
2.04935
2.05185
2.05472
2.05775
2.06095
2.06411
2.06727
2.07024
2.07307
2.07561
2.07792
2.07988
2.08158
2.08291
2.08396
2.08465
2.08506
2.08513
2.08508
2.08496
2.08467
2.08416
2.0834
2.08248
2.08144
2.08029
2.07907
2.07779
2.07648
2.07515
2.07382
2.07251
2.07125
2.07003
2.0689
2.06785
2.06692
2.0661
2.06543
2.0649
2.06455
2.06439
2.0644
2.06445
2.06458
2.06481
2.06535
2.06581
2.06673
2.06734
2.06869
2.0674
2.4758
2.46893
2.46096
2.45177
2.44187
2.43129
2.42038
2.40897
2.3973
2.38517
2.37285
2.36013
2.34729
2.33411
2.32088
2.30739
2.29393
2.28028
2.26674
2.25314
2.23974
2.22633
2.21321
2.20015
2.18746
2.17491
2.16281
2.15093
2.13958
2.12853
2.11808
2.10802
2.09864
2.08974
2.08161
2.07403
2.06731
2.06124
2.0561
2.05167
2.04823
2.04557
2.04395
2.0433
2.04344
2.04374
2.04442
2.04582
2.04807
2.05088
2.05406
2.05745
2.06096
2.06446
2.06789
2.07113
2.07416
2.07688
2.07931
2.08139
2.08314
2.08453
2.0856
2.08631
2.0867
2.08678
2.08673
2.08658
2.08627
2.08573
2.08493
2.08397
2.08289
2.0817
2.08043
2.0791
2.07774
2.07635
2.07497
2.07361
2.07228
2.07101
2.06982
2.06871
2.06772
2.06685
2.06613
2.06556
2.06517
2.06498
2.06496
2.06501
2.06514
2.06537
2.06592
2.0664
2.06737
2.06801
2.06943
2.0682
2.47844
2.47159
2.46364
2.45444
2.44463
2.43413
2.42335
2.41204
2.40054
2.38856
2.37641
2.36382
2.35113
2.33807
2.32496
2.31155
2.29818
2.28459
2.2711
2.25744
2.24397
2.23041
2.21713
2.20385
2.19092
2.17808
2.16569
2.15346
2.14176
2.13032
2.11951
2.10904
2.0993
2.08998
2.08149
2.07352
2.06647
2.06002
2.05459
2.04984
2.04619
2.0433
2.04158
2.04082
2.04094
2.04125
2.04196
2.04343
2.04579
2.04879
2.05215
2.05576
2.05946
2.06316
2.06672
2.07011
2.07321
2.07603
2.07848
2.08061
2.08235
2.08376
2.0848
2.08552
2.08587
2.08596
2.0859
2.08574
2.08541
2.08483
2.08399
2.08299
2.08187
2.08064
2.07933
2.07797
2.07655
2.07513
2.07369
2.07228
2.07089
2.06957
2.06832
2.06717
2.06613
2.06522
2.06444
2.06384
2.06341
2.0632
2.06316
2.06321
2.06333
2.06355
2.0641
2.06459
2.06557
2.06622
2.06767
2.06646
2.47336
2.46602
2.45756
2.44797
2.43774
2.42695
2.41584
2.4043
2.39251
2.38034
2.36796
2.35526
2.34239
2.32927
2.31605
2.30264
2.2892
2.27564
2.26211
2.24854
2.23506
2.22161
2.20833
2.19516
2.18225
2.16953
2.15715
2.14504
2.13336
2.12204
2.11123
2.10088
2.09112
2.08191
2.0734
2.06552
2.05843
2.05207
2.04659
2.04193
2.03823
2.03543
2.03368
2.03302
2.03313
2.03346
2.03421
2.03572
2.03814
2.0412
2.04463
2.04829
2.05202
2.05573
2.05929
2.06265
2.06573
2.06849
2.07091
2.07297
2.07467
2.07602
2.07702
2.07769
2.07801
2.07807
2.07799
2.07783
2.07749
2.07688
2.07604
2.07503
2.07391
2.07268
2.07138
2.07001
2.06861
2.06717
2.06575
2.06433
2.06296
2.06164
2.0604
2.05924
2.05821
2.05729
2.05653
2.05591
2.05549
2.05527
2.05524
2.05529
2.0554
2.05563
2.05617
2.05665
2.05763
2.05826
2.05969
2.05846
2.48181
2.47456
2.46615
2.45663
2.44643
2.43568
2.42455
2.41302
2.40118
2.389
2.37656
2.36383
2.3509
2.33773
2.32444
2.31098
2.29747
2.28385
2.27025
2.25663
2.24309
2.2296
2.21627
2.20306
2.1901
2.17734
2.1649
2.15276
2.14102
2.12966
2.1188
2.1084
2.09859
2.08933
2.08075
2.07283
2.06568
2.05927
2.05373
2.04903
2.04528
2.04246
2.04069
2.04004
2.04016
2.04049
2.04126
2.04282
2.04532
2.04846
2.05199
2.05572
2.05954
2.06331
2.06695
2.07034
2.07346
2.07624
2.07868
2.08074
2.08245
2.08379
2.0848
2.08545
2.08577
2.08581
2.08574
2.08557
2.08522
2.0846
2.08374
2.08272
2.0816
2.08036
2.07906
2.07768
2.07627
2.07483
2.0734
2.07197
2.07059
2.06926
2.06801
2.06685
2.06581
2.06488
2.06411
2.0635
2.06307
2.06285
2.06281
2.06286
2.06298
2.0632
2.06375
2.06424
2.06522
2.06587
2.06728
2.06606
)
;

boundaryField
{
    inlet
    {
        type            fixedValue;
        value           uniform 1;
    }
    outlet
    {
        type            zeroGradient;
    }
    bottom
    {
        type            symmetryPlane;
    }
    top
    {
        type            symmetryPlane;
    }
    obstacle
    {
        type            zeroGradient;
    }
    defaultFaces
    {
        type            empty;
    }
}


// ************************************************************************* //
