/*--------------------------------*- C++ -*----------------------------------*\
| =========                 |                                                 |
| \\      /  F ield         | OpenFOAM: The Open Source CFD Toolbox           |
|  \\    /   O peration     | Version:  2412                                  |
|   \\  /    A nd           | Website:  www.openfoam.com                      |
|    \\/     M anipulation  |                                                 |
\*---------------------------------------------------------------------------*/
FoamFile
{
    version     2.0;
    format      ascii;
    arch        "LSB;label=32;scalar=64";
    class       volScalarField;
    location    "17";
    object      T;
}
// * * * * * * * * * * * * * * * * * * * * * * * * * * * * * * * * * * * * * //

dimensions      [0 0 0 1 0 0 0];

internalField   nonuniform List<scalar> 
7000
(
1.31909
2.65669
2.71961
2.66985
2.66462
2.64789
2.64445
2.64722
2.64922
2.65147
2.65268
2.65372
2.65483
2.65621
2.65768
2.65933
2.66104
2.66292
2.66487
2.66699
2.66919
2.67156
2.67401
2.67663
2.67932
2.68218
2.68511
2.6882
2.69134
2.69465
2.69798
2.70148
2.70495
2.70859
2.71215
2.71586
2.71944
2.72313
2.72662
2.73018
2.73344
2.73673
2.73962
2.74245
2.74478
2.74698
2.7487
2.7501
2.75115
2.75172
1.31915
2.6569
2.71986
2.66995
2.66475
2.64801
2.64458
2.64735
2.64935
2.65158
2.6528
2.65384
2.65494
2.65631
2.65779
2.65943
2.66115
2.66302
2.66497
2.66708
2.66929
2.67165
2.6741
2.67671
2.6794
2.68225
2.68518
2.68826
2.69141
2.69471
2.69803
2.70152
2.70499
2.70862
2.71217
2.71587
2.71944
2.72312
2.72659
2.73015
2.73339
2.73667
2.73954
2.74234
2.74468
2.74683
2.74855
2.74985
2.7509
2.75127
1.31913
2.65682
2.71976
2.66993
2.66471
2.64796
2.64452
2.6473
2.64926
2.65153
2.6527
2.65378
2.65483
2.65625
2.65768
2.65936
2.66103
2.66294
2.66484
2.66699
2.66915
2.67155
2.67395
2.6766
2.67924
2.68213
2.685
2.68812
2.69121
2.69454
2.69782
2.70134
2.70477
2.70842
2.71195
2.71566
2.71922
2.7229
2.72639
2.72993
2.7332
2.73644
2.73935
2.7421
2.74445
2.74661
2.7483
2.74965
2.7506
2.75104
1.3191
2.65664
2.71958
2.66992
2.66466
2.64785
2.64442
2.64715
2.64918
2.65136
2.65261
2.6536
2.65474
2.65606
2.65757
2.65916
2.66091
2.66271
2.66472
2.66675
2.66901
2.67128
2.6738
2.6763
2.67908
2.68181
2.68483
2.68777
2.69102
2.69416
2.6976
2.70091
2.70451
2.70795
2.71165
2.71516
2.71886
2.72238
2.72597
2.72941
2.73272
2.736
2.73883
2.74176
2.74388
2.74618
2.74783
2.74907
2.7502
2.7504
1.31907
2.65641
2.71935
2.66994
2.66461
2.64771
2.64431
2.64695
2.64911
2.65114
2.65251
2.65336
2.65462
2.6558
2.65744
2.65888
2.66075
2.66241
2.66452
2.66643
2.66878
2.67094
2.67353
2.67595
2.67875
2.68144
2.68444
2.68739
2.69057
2.69378
2.69708
2.70054
2.70391
2.70759
2.71097
2.7148
2.7181
2.72199
2.72512
2.72893
2.73182
2.73534
2.73804
2.74093
2.7434
2.74523
2.7472
2.74846
2.74923
2.74982
1.31903
2.65612
2.71905
2.66999
2.66456
2.64759
2.64411
2.64695
2.64875
2.65112
2.65212
2.65332
2.6542
2.65575
2.65698
2.65881
2.66026
2.66233
2.66399
2.66632
2.6682
2.6708
2.67289
2.67576
2.67806
2.68119
2.68368
2.68706
2.68975
2.69335
2.69623
2.69998
2.70306
2.70689
2.71015
2.71396
2.71737
2.72102
2.72452
2.72786
2.7313
2.73408
2.7373
2.73973
2.74231
2.74456
2.74589
2.74748
2.74852
2.74852
1.31898
2.65577
2.71869
2.67004
2.6645
2.64739
2.64391
2.64668
2.64857
2.65082
2.65193
2.65299
2.65399
2.65538
2.65676
2.65841
2.66003
2.66187
2.66375
2.66581
2.66795
2.67022
2.67264
2.67511
2.67779
2.68044
2.68341
2.6862
2.68944
2.69235
2.69585
2.69884
2.70255
2.70563
2.70945
2.71265
2.71643
2.71973
2.72333
2.72669
2.72993
2.73332
2.73573
2.73881
2.74073
2.7431
2.74497
2.74597
2.74678
2.74754
1.31892
2.65533
2.71825
2.67011
2.66442
2.64714
2.64367
2.64637
2.64834
2.65047
2.65165
2.6526
2.65368
2.65495
2.65641
2.65793
2.65962
2.66136
2.66329
2.66526
2.66742
2.66963
2.67203
2.67447
2.67709
2.67978
2.68259
2.68554
2.68851
2.69171
2.69478
2.69823
2.70132
2.70501
2.70802
2.71188
2.71484
2.7187
2.72164
2.7253
2.72826
2.7315
2.73463
2.73688
2.73953
2.7413
2.74286
2.74468
2.74562
2.74541
1.31885
2.65481
2.71773
2.67019
2.66433
2.64687
2.64335
2.64609
2.64795
2.65015
2.65122
2.65224
2.65321
2.65455
2.65589
2.65748
2.65905
2.66085
2.66266
2.66468
2.66674
2.66898
2.67127
2.67373
2.67626
2.67894
2.68167
2.68456
2.6875
2.69057
2.6937
2.6969
2.70021
2.70348
2.70698
2.71016
2.71381
2.71681
2.72047
2.72327
2.72673
2.72941
2.73236
2.73536
2.73694
2.73971
2.74111
2.74201
2.74283
2.74386
1.31876
2.65421
2.71712
2.67029
2.66423
2.64652
2.643
2.64562
2.64763
2.64963
2.65084
2.65167
2.65278
2.65394
2.65541
2.65682
2.65851
2.66014
2.66204
2.66391
2.66603
2.66813
2.67047
2.6728
2.67534
2.6779
2.68063
2.68341
2.68632
2.68929
2.69234
2.6955
2.69865
2.70195
2.70514
2.70856
2.7117
2.7152
2.71813
2.72163
2.72419
2.72759
2.72969
2.73275
2.73507
2.73635
2.73853
2.74012
2.74102
2.74053
1.31867
2.6535
2.71641
2.67041
2.66411
2.64615
2.64256
2.64527
2.64706
2.64922
2.65021
2.6512
2.65209
2.65342
2.65465
2.65624
2.65768
2.65948
2.66114
2.66316
2.66504
2.66729
2.66938
2.67184
2.67415
2.67681
2.67932
2.68216
2.68486
2.68786
2.69074
2.69385
2.69689
2.70007
2.70322
2.7064
2.70962
2.71271
2.71593
2.71885
2.72191
2.72455
2.72728
2.72941
2.73185
2.73419
2.73492
2.73593
2.73671
2.73814
1.31856
2.65269
2.71561
2.67054
2.66397
2.64569
2.64208
2.64466
2.64659
2.64855
2.64967
2.65047
2.65149
2.65261
2.65398
2.65535
2.65694
2.65851
2.66031
2.66209
2.66412
2.6661
2.66835
2.67052
2.67299
2.67534
2.67801
2.68052
2.68337
2.68603
2.68904
2.69183
2.69493
2.69784
2.70096
2.70396
2.70701
2.71011
2.71291
2.7161
2.71848
2.72162
2.72361
2.72625
2.72778
2.7296
2.73188
2.73309
2.73387
2.733
1.31844
2.65178
2.71469
2.67071
2.66378
2.64521
2.64149
2.64416
2.64586
2.64796
2.64887
2.6498
2.65062
2.65186
2.65303
2.65452
2.6559
2.65758
2.65917
2.66106
2.66286
2.66494
2.66695
2.66923
2.67143
2.67388
2.67626
2.67888
2.68141
2.68419
2.68683
2.68974
2.69245
2.69547
2.69818
2.70127
2.70391
2.70701
2.70954
2.71247
2.71496
2.71737
2.71992
2.72166
2.72396
2.72529
2.72581
2.72667
2.72729
2.7292
1.31831
2.65079
2.71359
2.67114
2.66333
2.64465
2.64084
2.64344
2.64516
2.64713
2.6481
2.64889
2.64976
2.65086
2.6521
2.65341
2.65488
2.65636
2.65805
2.6597
2.66161
2.66344
2.66556
2.66755
2.66987
2.67201
2.6745
2.67679
2.67942
2.68184
2.68456
2.68712
2.68986
2.69253
2.69523
2.69796
2.70057
2.70327
2.70576
2.70828
2.7106
2.71286
2.71468
2.71672
2.71768
2.71977
2.72137
2.72217
2.72261
2.72104
1.31818
2.64971
2.71232
2.67185
2.66264
2.64401
2.64011
2.64257
2.64439
2.64615
2.64723
2.64783
2.64879
2.64971
2.65101
2.65217
2.65366
2.65502
2.65669
2.65825
2.66009
2.66185
2.66384
2.66581
2.66792
2.67009
2.67229
2.67466
2.6769
2.67947
2.68169
2.68443
2.68662
2.68945
2.6916
2.69438
2.69652
2.6991
2.70119
2.70349
2.70542
2.70743
2.70912
2.71052
2.71182
2.7117
2.71207
2.71219
2.71282
2.71463
1.31803
2.64849
2.71097
2.67239
2.66202
2.6433
2.63926
2.64174
2.64338
2.6452
2.6461
2.64678
2.64755
2.64857
2.64965
2.65092
2.65217
2.65363
2.65505
2.65671
2.65828
2.66014
2.66185
2.66389
2.66571
2.66792
2.66984
2.67217
2.67419
2.6766
2.67871
2.68111
2.68333
2.68561
2.68791
2.68999
2.69227
2.69415
2.69616
2.69786
2.6994
2.70073
2.70188
2.70288
2.70339
2.70472
2.70435
2.70432
2.70308
2.70078
1.31786
2.64715
2.70952
2.67295
2.66133
2.6425
2.63829
2.64083
2.64221
2.64414
2.64483
2.6456
2.64618
2.64725
2.64817
2.64946
2.65057
2.65202
2.65331
2.65491
2.65639
2.65812
2.65976
2.66161
2.6634
2.66533
2.66726
2.66924
2.67128
2.67329
2.67538
2.67738
2.67945
2.68143
2.68335
2.68534
2.68692
2.68889
2.69005
2.69173
2.69264
2.69348
2.69377
2.69386
2.69317
2.69128
2.69057
2.68839
2.68777
2.68778
1.31768
2.64569
2.70796
2.67352
2.66059
2.64158
2.63724
2.63961
2.64109
2.64275
2.64359
2.64409
2.64482
2.64562
2.64668
2.64769
2.64894
2.65009
2.65151
2.65281
2.65438
2.65582
2.65751
2.65908
2.66086
2.66255
2.66438
2.66616
2.66798
2.66985
2.67159
2.67352
2.67508
2.677
2.67833
2.68007
2.68118
2.68243
2.68342
2.68379
2.68456
2.68447
2.68409
2.6831
2.68194
2.68027
2.67593
2.67234
2.66658
2.66063
1.31749
2.64415
2.70631
2.67411
2.65977
2.64057
2.63604
2.63832
2.63972
2.64129
2.64207
2.64252
2.64317
2.64393
2.64487
2.64586
2.64694
2.64811
2.6493
2.65064
2.65192
2.65342
2.65476
2.6564
2.65778
2.65954
2.66091
2.66276
2.6641
2.66597
2.66726
2.66904
2.67027
2.67181
2.67299
2.67408
2.67514
2.67553
2.67618
2.67602
2.67517
2.6744
2.67197
2.66983
2.66512
2.65977
2.65459
2.64478
2.63518
2.62265
1.31728
2.64255
2.70463
2.67467
2.65884
2.63945
2.63465
2.63697
2.63807
2.63975
2.64032
2.64089
2.64131
2.64223
2.64284
2.64402
2.64479
2.64609
2.64699
2.64841
2.64942
2.65093
2.65203
2.65358
2.65476
2.6563
2.65754
2.65902
2.66028
2.66161
2.66286
2.66395
2.66512
2.66587
2.66684
2.66714
2.66777
2.66765
2.66729
2.66643
2.66536
2.6627
2.6605
2.65522
2.65054
2.64052
2.62768
2.61073
2.5819
2.51097
1.31728
2.64172
2.70004
2.67519
2.65742
2.63769
2.63257
2.6347
2.63578
2.63721
2.63788
2.63819
2.6387
2.63927
2.64008
2.64084
2.64181
2.64266
2.64376
2.6447
2.6459
2.64689
2.64816
2.64917
2.65048
2.65147
2.65275
2.65369
2.65488
2.6557
2.6567
2.65732
2.65797
2.65829
2.65851
2.65819
2.6576
2.6567
2.65479
2.65274
2.6486
2.64501
2.63735
2.63127
2.61833
2.60605
2.58331
2.5471
2.48934
2.36384
1.31727
2.64074
2.69532
2.67536
2.65551
2.63532
2.62969
2.63179
2.63263
2.63409
2.63467
2.635
2.63536
2.63592
2.63655
2.63729
2.63802
2.63886
2.63966
2.64057
2.64141
2.64237
2.64321
2.64419
2.64498
2.64593
2.64661
2.64748
2.64798
2.6487
2.64893
2.64944
2.6494
2.64923
2.64875
2.64818
2.64667
2.6454
2.64229
2.63986
2.6348
2.62882
2.62121
2.60773
2.5948
2.56839
2.54167
2.49156
2.41699
2.31766
1.31724
2.64007
2.69285
2.6752
2.65393
2.63302
2.62678
2.62862
2.62938
2.63082
2.63139
2.63163
2.63191
2.63236
2.63291
2.63354
2.63418
2.63489
2.63558
2.63634
2.63706
2.63783
2.63855
2.63928
2.63993
2.64056
2.64107
2.64151
2.64177
2.64193
2.64177
2.64138
2.64084
2.63965
2.63843
2.63609
2.634
2.63009
2.62698
2.62067
2.61604
2.60602
2.59854
2.58336
2.56657
2.54278
2.50632
2.46381
2.3919
2.31815
1.31712
2.63893
2.69204
2.67401
2.65199
2.63022
2.62352
2.62546
2.6263
2.62781
2.62833
2.62839
2.62849
2.62876
2.629
2.62945
2.62975
2.63024
2.63058
2.6311
2.63147
2.632
2.63238
2.6329
2.63327
2.63373
2.63404
2.63444
2.63454
2.63461
2.6345
2.63416
2.63357
2.63229
2.63103
2.62825
2.62592
2.62104
2.61666
2.60943
2.60121
2.59123
2.57723
2.56316
2.54104
2.51807
2.48434
2.44366
2.39077
2.32855
1.31686
2.64003
2.70378
2.67066
2.652
2.62862
2.6214
2.62412
2.62508
2.62693
2.6274
2.62735
2.62731
2.62734
2.62742
2.62752
2.62758
2.62761
2.6276
2.62755
2.62747
2.62729
2.62713
2.62679
2.62651
2.62603
2.62565
2.62483
2.62435
2.62325
2.62259
2.62111
2.62024
2.61821
2.61689
2.61411
2.6115
2.60775
2.60253
2.59695
2.58795
2.57858
2.56461
2.54858
2.52835
2.50236
2.47334
2.43448
2.39183
2.34457
1.30176
2.58644
2.69832
2.67711
2.65955
2.63603
2.62913
2.63202
2.63308
2.63461
2.63447
2.63403
2.63336
2.63282
2.63223
2.6317
2.63106
2.6305
2.62984
2.62929
2.62861
2.62809
2.62735
2.62686
2.62597
2.62543
2.62418
2.62327
2.6214
2.62008
2.6174
2.61562
2.61206
2.60982
2.60532
2.60254
2.59686
2.59326
2.58625
2.58055
2.5718
2.56229
2.55051
2.53504
2.51786
2.49438
2.46872
2.43571
2.39808
2.35789
1.72058
2.46872
2.72856
2.70667
2.68421
2.6739
2.67441
2.67596
2.67735
2.67763
2.67643
2.67498
2.67334
2.67158
2.66959
2.66741
2.66498
2.66238
2.65954
2.65659
2.65336
2.65013
2.64657
2.64313
2.63914
2.63522
2.6308
2.62769
2.62386
2.62127
2.61765
2.61485
2.61067
2.60688
2.6018
2.5966
2.59061
2.58346
2.57667
2.56712
2.55904
2.54661
2.53611
2.52003
2.50524
2.48423
2.46295
2.43542
2.40571
2.37293
1.7325
2.4618
2.72305
2.70193
2.67728
2.66828
2.67216
2.67385
2.67654
2.67737
2.67756
2.67742
2.67715
2.67685
2.67617
2.67556
2.67423
2.67326
2.67123
2.66991
2.66719
2.66543
2.66206
2.65971
2.65586
2.65315
2.64885
2.64459
2.6391
2.63356
2.62711
2.62082
2.61475
2.60863
2.60304
2.59591
2.58998
2.58114
2.57368
2.56282
2.55318
2.54006
2.5275
2.51183
2.49551
2.47663
2.45579
2.43285
2.40746
2.38137
1.72925
2.46736
2.72504
2.70224
2.67371
2.66421
2.66904
2.67147
2.67463
2.67575
2.67609
2.67623
2.6764
2.67637
2.67628
2.67602
2.67542
2.67502
2.6741
2.67337
2.67183
2.67068
2.66857
2.66668
2.66399
2.66116
2.65791
2.65411
2.65011
2.64506
2.64047
2.63384
2.62789
2.61882
2.61165
2.60147
2.59358
2.58326
2.57471
2.56345
2.55314
2.54026
2.52725
2.512
2.4959
2.47759
2.45779
2.43599
2.41245
2.3895
1.73196
2.46064
2.72049
2.69674
2.67063
2.66096
2.66552
2.66775
2.67093
2.67218
2.67259
2.67287
2.6732
2.6735
2.67376
2.6738
2.67371
2.67345
2.67303
2.6723
2.67164
2.67031
2.66934
2.66732
2.666
2.66329
2.66149
2.65777
2.65538
2.65045
2.64735
2.64107
2.63684
2.62927
2.62318
2.61396
2.60546
2.59407
2.58329
2.57048
2.55794
2.54419
2.53027
2.51496
2.49886
2.48124
2.46304
2.44299
2.42191
2.40119
1.74115
2.44247
2.70894
2.68438
2.66689
2.6575
2.66043
2.66214
2.66523
2.66629
2.66695
2.66703
2.66725
2.66738
2.66751
2.66751
2.66745
2.66727
2.66709
2.66662
2.66627
2.66547
2.66489
2.66363
2.66268
2.66063
2.65924
2.65626
2.65432
2.65027
2.6474
2.64241
2.63833
2.63232
2.62666
2.61934
2.61193
2.60288
2.59321
2.58198
2.56984
2.55592
2.54129
2.52523
2.5089
2.49117
2.47293
2.45363
2.4336
2.41409
1.7361
2.43604
2.70557
2.67681
2.66908
2.65582
2.65592
2.65793
2.66092
2.66204
2.66311
2.66321
2.66348
2.66367
2.66384
2.66391
2.66388
2.66378
2.66363
2.66328
2.66298
2.66231
2.66179
2.66068
2.6599
2.65817
2.657
2.65449
2.65275
2.64942
2.64672
2.64252
2.63852
2.63338
2.62819
2.62179
2.61514
2.60725
2.59894
2.58933
2.57909
2.56736
2.55482
2.54068
2.52559
2.50913
2.49189
2.47355
2.45444
2.43581
1.35693
2.46706
2.6791
2.66843
2.64643
2.62378
2.61672
2.62076
2.62273
2.6256
2.62703
2.62805
2.62885
2.62985
2.63056
2.63164
2.6323
2.63326
2.63376
2.63458
2.63489
2.63561
2.63573
2.6359
2.6359
2.63578
2.63555
2.63495
2.63437
2.63315
2.63199
2.63007
2.62809
2.6251
2.62187
2.61729
2.61225
2.60587
2.59895
2.59069
2.58198
2.57188
2.56123
2.54938
2.53664
2.52274
2.50791
2.49205
2.47525
2.45878
1.36034
2.47658
2.68624
2.67704
2.65243
2.62344
2.6138
2.61462
2.6166
2.61857
2.61938
2.61948
2.61968
2.61971
2.61997
2.62031
2.62068
2.621
2.62134
2.62157
2.62184
2.62192
2.62208
2.62199
2.62182
2.62141
2.62102
2.62013
2.61942
2.61794
2.61673
2.61454
2.61256
2.60963
2.60675
2.60322
2.59952
2.59507
2.59009
2.58445
2.57774
2.57017
2.56117
2.55125
2.54041
2.52874
2.51637
2.50315
2.48906
2.47525
1.34958
2.41233
2.66918
2.66949
2.65006
2.62366
2.61389
2.61394
2.61464
2.6152
2.61487
2.614
2.61326
2.61222
2.61156
2.61086
2.61037
2.60972
2.60924
2.6086
2.60813
2.60749
2.607
2.60633
2.60577
2.60499
2.60428
2.60345
2.60256
2.60147
2.6001
2.59853
2.59652
2.59432
2.59152
2.58852
2.58485
2.58092
2.57627
2.57115
2.56539
2.55926
2.55256
2.54524
2.53716
2.5278
2.51727
2.50618
2.49438
2.48301
1.74178
2.39638
2.67467
2.66116
2.65228
2.63838
2.63322
2.63347
2.63323
2.63294
2.63216
2.63091
2.62953
2.62785
2.62626
2.62466
2.62301
2.62127
2.61945
2.61757
2.6156
2.61361
2.6115
2.60941
2.60717
2.60503
2.60267
2.60055
2.5981
2.59567
2.59313
2.59049
2.5877
2.58465
2.58147
2.57784
2.57409
2.5697
2.56521
2.55991
2.55451
2.54819
2.54179
2.53445
2.52682
2.51877
2.51062
2.50158
2.49183
2.48222
1.34697
2.39527
2.65996
2.66572
2.64939
2.62409
2.61549
2.61413
2.61539
2.61565
2.61538
2.61502
2.61414
2.6132
2.61257
2.61169
2.61098
2.6099
2.60896
2.60761
2.60649
2.60511
2.60395
2.60245
2.60117
2.59931
2.59772
2.59522
2.5932
2.59049
2.58813
2.58506
2.58226
2.57871
2.57548
2.57157
2.56785
2.56347
2.55913
2.55415
2.549
2.54322
2.53708
2.53043
2.52323
2.51563
2.50747
2.49903
2.49004
2.4814
1.34828
2.40613
2.66715
2.6712
2.65088
2.62214
2.61087
2.61068
2.61165
2.61235
2.61223
2.61153
2.61078
2.60978
2.60918
2.60844
2.60784
2.60694
2.60613
2.605
2.60384
2.60218
2.60049
2.59832
2.59614
2.59364
2.59111
2.58831
2.58539
2.58229
2.57898
2.57559
2.57202
2.56846
2.56451
2.56059
2.55619
2.5519
2.54705
2.54234
2.53702
2.53189
2.52604
2.52033
2.51389
2.50749
2.50032
2.49302
2.48521
2.47784
1.3477
2.40178
2.66438
2.66925
2.64828
2.61884
2.60682
2.60667
2.60748
2.60839
2.60811
2.60726
2.60644
2.60534
2.60461
2.60387
2.60324
2.60244
2.60167
2.60074
2.59977
2.59862
2.59733
2.59585
2.59413
2.59223
2.59001
2.58763
2.58487
2.58198
2.57868
2.57527
2.57144
2.56756
2.56326
2.55887
2.55402
2.54906
2.5437
2.53818
2.53237
2.52634
2.52009
2.51357
2.5069
2.49991
2.49288
2.4854
2.47785
2.47048
1.34487
2.37877
2.64719
2.66145
2.6423
2.61445
2.60263
2.60119
2.60149
2.60173
2.60107
2.6003
2.59896
2.59787
2.59679
2.59593
2.59488
2.59396
2.5928
2.59178
2.59051
2.58939
2.58802
2.58678
2.58526
2.58384
2.5821
2.58039
2.57832
2.57623
2.57376
2.57116
2.56817
2.56492
2.56128
2.55737
2.55314
2.54857
2.54372
2.53842
2.53293
2.52698
2.52085
2.51425
2.50752
2.50035
2.4931
2.48559
2.47797
2.47063
1.75143
2.37285
2.6453
2.64146
2.62798
2.61389
2.60901
2.60925
2.60923
2.60912
2.60854
2.60789
2.60666
2.60553
2.60425
2.60314
2.60177
2.60046
2.59889
2.59735
2.59557
2.59381
2.59182
2.58985
2.58767
2.58547
2.58308
2.58063
2.578
2.57529
2.57249
2.56953
2.56647
2.56315
2.55972
2.55593
2.55202
2.54767
2.54313
2.53817
2.53294
2.52734
2.52154
2.5154
2.50908
2.50243
2.49555
2.48838
2.48087
2.47372
1.34697
2.38841
2.65235
2.65972
2.63918
2.60882
2.59747
2.59611
2.59773
2.59905
2.5989
2.59839
2.5978
2.59652
2.59585
2.59462
2.59388
2.59239
2.59143
2.5897
2.58815
2.5863
2.58447
2.58233
2.58025
2.57802
2.57594
2.57364
2.57149
2.56903
2.56649
2.5636
2.56064
2.55737
2.55402
2.5504
2.54666
2.54268
2.53859
2.53428
2.52977
2.52497
2.51988
2.51444
2.50869
2.50263
2.4963
2.48977
2.48292
2.47636
1.35066
2.41164
2.65466
2.64873
2.6268
2.59623
2.58546
2.58572
2.58751
2.58944
2.58978
2.58955
2.58909
2.58832
2.58781
2.58729
2.58683
2.58622
2.58555
2.58476
2.58387
2.58285
2.5817
2.58038
2.57889
2.57705
2.57495
2.57255
2.56991
2.56702
2.56402
2.56082
2.55749
2.55397
2.55029
2.54643
2.54241
2.5382
2.53382
2.52927
2.52454
2.51963
2.51463
2.50951
2.50416
2.49867
2.4929
2.48695
2.4807
2.47473
1.77134
2.37193
2.63806
2.61725
2.61089
2.59557
2.59284
2.59358
2.5947
2.59598
2.59573
2.59525
2.5949
2.59425
2.59369
2.59312
2.59255
2.59188
2.59117
2.59036
2.58948
2.5885
2.58742
2.5862
2.58488
2.58337
2.58172
2.57983
2.57776
2.57535
2.57262
2.56958
2.56625
2.56265
2.55878
2.55467
2.55032
2.54576
2.54099
2.53605
2.53086
2.52549
2.51983
2.514
2.50801
2.50188
2.49567
2.48936
2.48293
2.4768
1.79793
2.35485
2.62605
2.60556
2.60237
2.59243
2.58904
2.58925
2.5895
2.59005
2.58979
2.58916
2.58853
2.58749
2.58647
2.58534
2.58417
2.58283
2.58144
2.5799
2.57832
2.57661
2.57493
2.57315
2.5714
2.56957
2.56776
2.56586
2.56395
2.56201
2.56014
2.55812
2.55615
2.55397
2.55176
2.54927
2.54669
2.54374
2.54042
2.53674
2.53284
2.52866
2.52426
2.51955
2.51461
2.50937
2.50383
2.498
2.49189
2.48599
1.76273
2.38135
2.64973
2.61898
2.6132
2.59904
2.59586
2.59797
2.59944
2.60027
2.6
2.59951
2.59845
2.59725
2.59596
2.59464
2.5932
2.59169
2.59004
2.58834
2.58653
2.58469
2.58259
2.58039
2.57794
2.57541
2.57264
2.56982
2.56677
2.5637
2.56042
2.55717
2.55371
2.5502
2.5465
2.54277
2.53884
2.53495
2.53107
2.52716
2.52309
2.51892
2.51456
2.51016
2.50557
2.50091
2.49605
2.49109
2.48585
2.48093
1.28612
2.49418
2.64454
2.64188
2.61663
2.5839
2.57183
2.57227
2.57491
2.5773
2.57856
2.57878
2.57902
2.57899
2.57893
2.57885
2.57869
2.57838
2.57792
2.57726
2.57642
2.57537
2.57422
2.57285
2.57138
2.56967
2.56794
2.56579
2.56353
2.56113
2.5585
2.55572
2.5526
2.54941
2.5459
2.54232
2.53846
2.53454
2.53035
2.52614
2.5217
2.51725
2.51275
2.50802
2.50316
2.49808
2.4929
2.4875
2.482
2.47674
1.77198
2.36693
2.63912
2.61666
2.61034
2.59491
2.58996
2.59087
2.59129
2.59288
2.59251
2.59194
2.59149
2.59071
2.58997
2.58911
2.58835
2.58739
2.58646
2.58532
2.58422
2.58288
2.58158
2.58002
2.57849
2.57668
2.57489
2.57278
2.57046
2.56785
2.56505
2.56197
2.55889
2.55557
2.55225
2.54864
2.545
2.54105
2.53708
2.53275
2.52842
2.52371
2.51885
2.51378
2.50862
2.50327
2.49783
2.49221
2.48648
2.48101
1.77338
2.36513
2.63703
2.61473
2.60847
2.59316
2.58819
2.58929
2.59035
2.59144
2.59197
2.59147
2.59104
2.59024
2.58939
2.58845
2.58746
2.58632
2.58508
2.5837
2.58223
2.58063
2.57895
2.57716
2.57528
2.57332
2.57124
2.56914
2.56708
2.56493
2.56276
2.56044
2.55793
2.55524
2.55233
2.54928
2.54606
2.54269
2.53912
2.53543
2.53152
2.52749
2.52325
2.51888
2.51429
2.50958
2.50466
2.49963
2.49437
2.48928
1.28552
2.49058
2.64186
2.63921
2.61348
2.57882
2.56587
2.56537
2.5679
2.56996
2.57092
2.57086
2.57072
2.57034
2.57003
2.56956
2.56927
2.56864
2.5682
2.56729
2.56666
2.56548
2.56461
2.56316
2.56204
2.56041
2.55876
2.55699
2.55508
2.55307
2.55093
2.54873
2.5464
2.54399
2.54145
2.53879
2.53598
2.53303
2.52993
2.52666
2.52324
2.51964
2.5159
2.51197
2.50792
2.50367
2.49931
2.49475
2.49009
2.48554
1.76694
2.37257
2.64024
2.60955
2.60312
2.58714
2.58408
2.58625
2.58715
2.58928
2.58904
2.5885
2.58804
2.58721
2.58642
2.58554
2.58468
2.58365
2.58259
2.58138
2.58013
2.57874
2.57729
2.57573
2.57406
2.5723
2.57041
2.56843
2.5663
2.56407
2.56168
2.55907
2.55632
2.55335
2.55026
2.54697
2.54357
2.53997
2.53628
2.53248
2.52858
2.52456
2.52042
2.51615
2.51175
2.50722
2.50256
2.49777
2.49284
2.48811
1.79488
2.35564
2.62363
2.59554
2.59153
2.57983
2.57655
2.57774
2.57805
2.57876
2.57858
2.57817
2.57771
2.57697
2.57625
2.5755
2.57469
2.57379
2.5728
2.57172
2.57054
2.56929
2.56793
2.56649
2.56495
2.56333
2.5616
2.5598
2.55789
2.55591
2.55382
2.55179
2.54961
2.54747
2.54516
2.54285
2.54034
2.53776
2.53494
2.53199
2.52879
2.5255
2.52201
2.51842
2.51463
2.51075
2.50665
2.50247
2.49806
2.49389
1.79948
2.35042
2.61861
2.59239
2.58875
2.5775
2.57367
2.57434
2.57452
2.5749
2.57476
2.57435
2.57384
2.57309
2.57231
2.57153
2.57066
2.56974
2.56868
2.56757
2.56632
2.56501
2.56356
2.56205
2.56038
2.55865
2.55677
2.55481
2.5527
2.55052
2.54819
2.54578
2.54322
2.54059
2.53781
2.53497
2.53198
2.52899
2.52588
2.52273
2.51947
2.51613
2.51265
2.50909
2.50538
2.50158
2.49764
2.49359
2.48938
2.48539
1.77998
2.35566
2.61611
2.60269
2.59325
2.57681
2.57177
2.57224
2.57285
2.57346
2.57345
2.57298
2.57244
2.57162
2.5708
2.57003
2.56916
2.56827
2.56723
2.56616
2.56494
2.56368
2.56228
2.56083
2.55922
2.55756
2.55574
2.55387
2.55183
2.54972
2.54745
2.5451
2.54259
2.53999
2.53723
2.53438
2.53137
2.52826
2.52501
2.52165
2.51816
2.51456
2.51084
2.507
2.50305
2.49897
2.49478
2.49047
2.48603
2.48179
1.34473
2.37955
2.6377
2.63722
2.61501
2.58153
2.56731
2.56493
2.56623
2.56735
2.5673
2.56704
2.56635
2.56536
2.56444
2.56367
2.56282
2.56196
2.56094
2.55989
2.55869
2.55744
2.55604
2.5546
2.55298
2.55132
2.54948
2.54759
2.54552
2.54339
2.54108
2.5387
2.53615
2.53352
2.53071
2.52782
2.52475
2.5216
2.51827
2.51485
2.51126
2.50757
2.50372
2.49977
2.49566
2.49146
2.4871
2.48268
2.47808
2.47369
1.34597
2.38707
2.65261
2.6569
2.63084
2.59231
2.57476
2.5724
2.57404
2.57532
2.57578
2.57543
2.57461
2.57362
2.57256
2.57169
2.57081
2.56991
2.56888
2.5678
2.56658
2.56534
2.56396
2.56254
2.56099
2.55939
2.55765
2.55586
2.55392
2.55193
2.54979
2.54758
2.54523
2.5428
2.54022
2.53756
2.53474
2.53184
2.52878
2.52563
2.52231
2.5189
2.51533
2.51166
2.50783
2.5039
2.49981
2.49562
2.49128
2.4871
1.34508
2.37902
2.63608
2.63617
2.61325
2.57991
2.56473
2.56273
2.5641
2.56501
2.56543
2.565
2.5643
2.56327
2.56234
2.56151
2.56072
2.55984
2.5589
2.55785
2.55675
2.55555
2.55429
2.55293
2.55151
2.54998
2.54838
2.54666
2.54488
2.54297
2.54099
2.53889
2.53671
2.53439
2.53201
2.52948
2.52687
2.52412
2.5213
2.51832
2.51526
2.51205
2.50876
2.5053
2.50177
2.49808
2.49431
2.49037
2.48635
2.48243
1.78125
2.35396
2.6136
2.5994
2.58966
2.57178
2.56669
2.56705
2.56763
2.56867
2.56851
2.56795
2.56748
2.56658
2.56584
2.56501
2.56425
2.56331
2.56239
2.5613
2.56022
2.55897
2.55773
2.55631
2.55491
2.55331
2.55173
2.54995
2.54818
2.54621
2.54425
2.54208
2.53991
2.53754
2.53516
2.53258
2.52998
2.52718
2.52435
2.52133
2.51828
2.51502
2.51174
2.50825
2.50473
2.501
2.49723
2.49326
2.48923
2.48529
1.80157
2.34688
2.61419
2.58701
2.58347
2.57221
2.5687
2.56977
2.57007
2.5705
2.57035
2.56981
2.5693
2.56836
2.56757
2.56665
2.5658
2.56474
2.56372
2.5625
2.56131
2.55992
2.55856
2.55699
2.55544
2.55369
2.55194
2.54999
2.54804
2.54589
2.54372
2.54136
2.53898
2.5364
2.53379
2.531
2.52816
2.52514
2.52206
2.51881
2.5155
2.51202
2.50847
2.50476
2.50097
2.49702
2.493
2.48882
2.48455
2.48042
1.78849
2.36053
2.62664
2.59503
2.58842
2.57431
2.57182
2.57384
2.57533
2.57625
2.57623
2.57568
2.57519
2.57431
2.57359
2.57272
2.57191
2.5709
2.56992
2.56874
2.56759
2.56625
2.56493
2.56342
2.56191
2.56022
2.55852
2.55664
2.55474
2.55266
2.55055
2.54827
2.54595
2.54346
2.54091
2.53821
2.53543
2.5325
2.52949
2.52633
2.52309
2.5197
2.51622
2.51258
2.50887
2.505
2.50104
2.49694
2.49274
2.48868
2.17194
2.34408
2.76373
2.85899
2.8898
2.83943
2.83615
2.83492
2.82728
2.82593
2.82839
2.82999
2.83079
2.83158
2.83276
2.834
2.83551
2.83713
2.83811
2.8388
2.83898
2.83862
2.83728
2.83618
2.83267
2.83032
2.82593
2.82193
2.81673
2.8116
2.80559
2.79958
2.79277
2.78611
2.779
2.77202
2.76459
2.7568
2.74838
2.74029
2.73189
2.72374
2.71526
2.70706
2.69859
2.69043
2.68207
2.67405
2.66588
2.65809
2.65021
2.64274
2.63524
2.62819
2.62117
2.61463
2.6082
2.60229
2.59656
2.5914
2.58649
2.5822
2.57823
2.57495
2.57203
2.56983
2.56805
2.56698
2.56632
2.56627
2.56637
2.56667
2.56739
2.56874
2.57083
2.573
2.57536
2.57758
2.57994
2.58209
2.58427
2.58614
2.58794
2.58937
2.59069
2.59163
2.59244
2.59289
2.59324
2.59331
2.59324
2.59309
2.59278
2.59214
2.59139
2.59043
2.58959
2.58855
2.58768
2.58477
2.18004
2.25969
2.44971
2.62818
2.69595
2.73942
2.77061
2.79753
2.81359
2.82667
2.83511
2.84523
2.85136
2.85093
2.84705
2.84095
2.83302
2.82468
2.81474
2.8048
2.79385
2.78319
2.77201
2.76123
2.74979
2.73867
2.72694
2.71572
2.70402
2.69288
2.68133
2.67032
2.65892
2.64809
2.6371
2.62682
2.61624
2.60564
2.59459
2.58399
2.57355
2.56343
2.55335
2.54356
2.53383
2.52444
2.5151
2.50614
2.49725
2.48875
2.48037
2.47238
2.46455
2.45712
2.44989
2.44309
2.43654
2.43047
2.42469
2.41944
2.41453
2.4102
2.40625
2.40294
2.40006
2.39784
2.3961
2.39502
2.39441
2.39435
2.39454
2.39497
2.39594
2.39741
2.39976
2.40225
2.40501
2.40762
2.41037
2.41285
2.41536
2.41749
2.41952
2.4211
2.42253
2.4235
2.4243
2.42466
2.42487
2.42479
2.42464
2.42431
2.42392
2.42313
2.42231
2.42121
2.42033
2.4192
2.41845
2.41567
2.22658
2.21221
2.27118
2.3572
2.41108
2.45929
2.49319
2.52097
2.54275
2.55904
2.5713
2.58043
2.58739
2.58961
2.58877
2.58683
2.58255
2.57761
2.57176
2.56537
2.55836
2.55117
2.54358
2.53607
2.5281
2.52022
2.51189
2.50379
2.49532
2.48714
2.47863
2.47043
2.46192
2.45374
2.44549
2.43779
2.42994
2.42188
2.41334
2.40497
2.39685
2.38887
2.38098
2.37318
2.36547
2.35788
2.3504
2.34307
2.33586
2.32883
2.32196
2.31528
2.3088
2.30253
2.29651
2.29073
2.28525
2.28004
2.27518
2.27063
2.26649
2.26269
2.25937
2.25643
2.25402
2.25201
2.25058
2.24957
2.24915
2.24904
2.24925
2.24963
2.25048
2.25174
2.25386
2.25608
2.25859
2.26093
2.26341
2.26563
2.26786
2.26973
2.27152
2.27289
2.27413
2.27493
2.2756
2.27585
2.276
2.27586
2.27572
2.27542
2.27507
2.27434
2.27362
2.27264
2.27188
2.27091
2.27044
2.26813
2.2594
2.21979
2.21536
2.2402
2.27105
2.2935
2.30875
2.3205
2.33103
2.34023
2.34786
2.35389
2.35855
2.36211
2.36366
2.36385
2.36378
2.36362
2.36345
2.36312
2.36269
2.36202
2.36139
2.3601
2.35872
2.35691
2.35478
2.35228
2.34948
2.34637
2.34298
2.33933
2.33537
2.33123
2.32702
2.32293
2.3187
2.31395
2.30864
2.30311
2.29765
2.29218
2.28669
2.28113
2.27552
2.26989
2.26424
2.25862
2.25299
2.24746
2.24194
2.23657
2.23124
2.22611
2.22106
2.21625
2.21158
2.2072
2.20299
2.19913
2.19551
2.19228
2.18935
2.18686
2.18471
2.18305
2.18178
2.18101
2.1807
2.18078
2.18104
2.18144
2.1823
2.18356
2.18556
2.18767
2.19009
2.19236
2.19475
2.19687
2.19898
2.20074
2.20242
2.20369
2.20483
2.20556
2.20614
2.20636
2.20647
2.20633
2.20621
2.20594
2.20562
2.20494
2.20433
2.20342
2.20278
2.20193
2.20167
2.19963
2.27472
2.24067
2.21881
2.21121
2.21824
2.22292
2.22495
2.22559
2.22651
2.22837
2.23109
2.23342
2.23538
2.23724
2.23992
2.24226
2.24443
2.24692
2.24955
2.25244
2.2553
2.25813
2.26072
2.26301
2.26493
2.26633
2.26727
2.26778
2.26751
2.26696
2.26586
2.2644
2.26239
2.26012
2.25759
2.25513
2.25234
2.24904
2.24499
2.24065
2.23614
2.23161
2.22694
2.22223
2.21736
2.21247
2.20745
2.20245
2.19738
2.19238
2.18734
2.18242
2.1775
2.17275
2.16806
2.16359
2.15921
2.15511
2.15116
2.14754
2.14412
2.14109
2.13831
2.13598
2.13395
2.13241
2.13122
2.13057
2.13035
2.13047
2.13073
2.13116
2.13203
2.13334
2.13518
2.13724
2.13952
2.14179
2.14408
2.14619
2.1482
2.14993
2.15149
2.15274
2.15377
2.15447
2.15498
2.15519
2.15524
2.1551
2.15497
2.15466
2.15432
2.15359
2.15305
2.15211
2.15153
2.15067
2.15051
2.14848
2.29829
2.25439
2.23019
2.21029
2.20044
2.1936
2.18783
2.18176
2.17689
2.17308
2.17131
2.17079
2.17136
2.17172
2.17281
2.17503
2.1776
2.18079
2.18374
2.18736
2.19075
2.19462
2.19796
2.20149
2.20426
2.20699
2.20879
2.21045
2.21116
2.21175
2.21153
2.21088
2.20972
2.20821
2.20649
2.20475
2.20267
2.20006
2.19673
2.19304
2.1891
2.18506
2.18088
2.17663
2.17226
2.16782
2.16326
2.15869
2.15403
2.1494
2.14474
2.14015
2.13558
2.13113
2.12674
2.12253
2.11843
2.11456
2.11085
2.10742
2.10422
2.10135
2.09876
2.09656
2.09469
2.09324
2.09219
2.09165
2.09153
2.09168
2.09195
2.09246
2.09335
2.09472
2.09645
2.09844
2.10061
2.10284
2.10506
2.10714
2.10908
2.11077
2.11226
2.11346
2.11443
2.11513
2.1156
2.11579
2.1158
2.11569
2.11555
2.11521
2.11488
2.11414
2.11365
2.11272
2.1122
2.11137
2.11128
2.10931
2.32191
2.28188
2.24816
2.22336
2.20289
2.18792
2.17553
2.16504
2.15554
2.14804
2.14216
2.13862
2.13649
2.13607
2.13612
2.13667
2.13853
2.14137
2.14459
2.14798
2.15163
2.15542
2.15919
2.16291
2.16633
2.16947
2.17207
2.17426
2.1758
2.17694
2.17739
2.17751
2.17692
2.176
2.17493
2.17377
2.17226
2.17019
2.16747
2.16433
2.1609
2.15728
2.15351
2.14964
2.14566
2.14157
2.1374
2.13315
2.12884
2.1245
2.12015
2.11581
2.11151
2.10728
2.10314
2.09912
2.09524
2.09153
2.08802
2.08474
2.08171
2.07896
2.07652
2.07441
2.07266
2.07132
2.07039
2.06995
2.0699
2.07005
2.07033
2.0709
2.07184
2.07324
2.07492
2.07685
2.07893
2.08109
2.08323
2.08527
2.08715
2.08882
2.09026
2.09146
2.0924
2.0931
2.09355
2.09374
2.09374
2.09364
2.09351
2.09317
2.09284
2.0921
2.09163
2.09073
2.09025
2.08947
2.08943
2.08751
2.33789
2.30392
2.27082
2.24228
2.21813
2.19904
2.18155
2.1666
2.15365
2.14312
2.13424
2.12799
2.12337
2.12103
2.11965
2.11963
2.11975
2.12096
2.1233
2.12642
2.12997
2.1334
2.13706
2.14056
2.14408
2.14722
2.15011
2.15246
2.1544
2.15574
2.15661
2.15691
2.15669
2.15603
2.15528
2.15438
2.15313
2.15131
2.14888
2.14602
2.14287
2.13946
2.1359
2.13219
2.1284
2.12449
2.1205
2.11643
2.11231
2.10814
2.10395
2.09978
2.09564
2.09156
2.08757
2.08369
2.07995
2.07639
2.07301
2.06987
2.06696
2.06434
2.06202
2.06005
2.05843
2.05721
2.05638
2.05606
2.05606
2.05622
2.05652
2.05715
2.05816
2.05958
2.06125
2.06311
2.06511
2.06718
2.06924
2.07121
2.07304
2.07467
2.07608
2.07725
2.07817
2.07884
2.07927
2.07943
2.07941
2.07932
2.07917
2.0788
2.07846
2.0777
2.07724
2.07634
2.07588
2.07512
2.07511
2.07321
2.35171
2.32017
2.2895
2.25963
2.23385
2.21058
2.19168
2.17506
2.16054
2.14753
2.13687
2.12788
2.12147
2.11659
2.11389
2.11205
2.11154
2.11122
2.11185
2.11345
2.11636
2.11935
2.12271
2.12579
2.12905
2.13186
2.1347
2.1369
2.13895
2.14025
2.14131
2.14159
2.14153
2.141
2.14038
2.13961
2.13845
2.13671
2.13442
2.13171
2.12871
2.12543
2.12199
2.11837
2.11468
2.11085
2.10699
2.10302
2.09903
2.09497
2.09093
2.08687
2.08287
2.07891
2.07507
2.07132
2.06773
2.06429
2.06106
2.05804
2.05529
2.0528
2.05063
2.04878
2.04729
2.04618
2.04548
2.04524
2.04531
2.04546
2.0458
2.04648
2.04757
2.049
2.05063
2.05243
2.05434
2.0563
2.05826
2.06013
2.06188
2.06345
2.06481
2.06594
2.06684
2.06748
2.0679
2.06803
2.068
2.0679
2.06774
2.06736
2.067
2.06623
2.06577
2.06487
2.06442
2.06369
2.06372
2.06181
2.36756
2.3384
2.30909
2.27992
2.25286
2.22847
2.20685
2.188
2.17133
2.15688
2.14442
2.13402
2.12546
2.11892
2.11408
2.1109
2.10882
2.10794
2.10753
2.10768
2.10861
2.11023
2.11289
2.11565
2.11848
2.12105
2.12354
2.12562
2.12749
2.1288
2.12979
2.13016
2.1301
2.12969
2.12918
2.12849
2.1274
2.12579
2.12366
2.12119
2.11843
2.11542
2.11221
2.10883
2.10534
2.10173
2.09804
2.09428
2.09047
2.08661
2.08275
2.07888
2.07505
2.07127
2.06758
2.06398
2.06054
2.05725
2.05416
2.05129
2.04868
2.04634
2.0443
2.04258
2.04122
2.04023
2.03965
2.0395
2.03957
2.03975
2.04015
2.0409
2.04204
2.04347
2.04506
2.04681
2.04862
2.05049
2.05233
2.05412
2.05579
2.05732
2.05865
2.05978
2.06066
2.06133
2.06174
2.06189
2.06187
2.06179
2.06165
2.06127
2.06092
2.06018
2.05971
2.05885
2.05841
2.05772
2.05778
2.05586
2.38268
2.3548
2.32638
2.29773
2.27055
2.24538
2.22282
2.20254
2.1847
2.16878
2.15498
2.1429
2.13285
2.12444
2.118
2.11299
2.10953
2.10705
2.10577
2.10511
2.1052
2.10576
2.10706
2.10908
2.11138
2.11374
2.11599
2.11805
2.11988
2.12135
2.12252
2.12318
2.12349
2.12343
2.1233
2.12295
2.1222
2.12088
2.1191
2.11697
2.11454
2.11183
2.10889
2.10574
2.10244
2.09901
2.09547
2.09186
2.08819
2.08448
2.08076
2.07703
2.07333
2.06969
2.06613
2.06267
2.05936
2.05622
2.05328
2.05056
2.04809
2.04589
2.044
2.04243
2.0412
2.04034
2.0399
2.03982
2.0399
2.04012
2.04056
2.0414
2.04257
2.04399
2.04553
2.0472
2.04889
2.05064
2.05234
2.05403
2.05558
2.05705
2.05831
2.05942
2.06028
2.06094
2.06135
2.06153
2.06151
2.06144
2.06131
2.06095
2.06061
2.05989
2.05943
2.05859
2.05816
2.0575
2.05759
2.05567
2.40564
2.37765
2.34878
2.3195
2.29131
2.265
2.24098
2.21938
2.2
2.18282
2.16752
2.1542
2.14259
2.13285
2.12468
2.11829
2.11327
2.10966
2.10707
2.10552
2.10477
2.1048
2.10527
2.1065
2.10819
2.11051
2.11294
2.11529
2.11732
2.11912
2.12048
2.12152
2.12203
2.12242
2.12253
2.12235
2.1218
2.12067
2.1191
2.11722
2.11503
2.11256
2.10983
2.10688
2.10376
2.10047
2.09709
2.0936
2.09007
2.08648
2.08289
2.07928
2.07573
2.0722
2.06877
2.06544
2.06227
2.05926
2.05645
2.05385
2.05151
2.04944
2.04767
2.04622
2.04511
2.04437
2.04404
2.044
2.04409
2.04433
2.04482
2.04573
2.04691
2.04832
2.04978
2.05137
2.05295
2.05458
2.05615
2.05773
2.05918
2.06058
2.06179
2.06288
2.06372
2.0644
2.06481
2.06502
2.06502
2.06497
2.06486
2.06454
2.06421
2.06352
2.06308
2.06226
2.06185
2.06122
2.06133
2.05939
2.4315
2.40533
2.37728
2.34827
2.31959
2.29246
2.26719
2.24426
2.22342
2.20484
2.18813
2.17346
2.16047
2.14937
2.1398
2.13207
2.12575
2.12099
2.11734
2.11494
2.11337
2.11277
2.11295
2.11351
2.11465
2.11642
2.11845
2.12079
2.12306
2.12497
2.12665
2.12783
2.12872
2.12929
2.12992
2.12986
2.1295
2.1287
2.1274
2.12586
2.12392
2.12176
2.11924
2.11655
2.11356
2.11049
2.10719
2.10388
2.10041
2.09699
2.09345
2.09002
2.08651
2.08316
2.0798
2.07665
2.07354
2.07069
2.06794
2.06552
2.06325
2.06135
2.05966
2.05839
2.05736
2.0568
2.05651
2.05652
2.05662
2.05688
2.05749
2.0584
2.05963
2.06091
2.06236
2.06376
2.06528
2.06672
2.06823
2.06963
2.07104
2.0723
2.07351
2.0745
2.07538
2.07601
2.0765
2.07668
2.07676
2.07672
2.07662
2.07635
2.07605
2.0754
2.07498
2.07419
2.0738
2.0732
2.07334
2.07137
2.45185
2.42928
2.40402
2.3771
2.34967
2.32308
2.29776
2.27432
2.2527
2.23312
2.21536
2.19954
2.1854
2.17306
2.16226
2.15323
2.14568
2.13969
2.13494
2.13148
2.12898
2.12752
2.12677
2.12693
2.1274
2.12848
2.13003
2.13185
2.13385
2.13597
2.13757
2.139
2.13978
2.14061
2.14101
2.14083
2.14033
2.13931
2.13792
2.13624
2.13423
2.13195
2.12937
2.12659
2.12357
2.12043
2.11713
2.11379
2.11036
2.10695
2.1035
2.10012
2.09675
2.09352
2.09033
2.08733
2.08442
2.08175
2.07923
2.07701
2.07499
2.0733
2.07185
2.07077
2.06998
2.06958
2.06944
2.06949
2.06964
2.06999
2.07069
2.07165
2.07282
2.07401
2.07531
2.07657
2.0779
2.07918
2.08049
2.08173
2.08297
2.08409
2.08515
2.08605
2.08684
2.08743
2.08787
2.08806
2.08812
2.08808
2.08799
2.08773
2.08744
2.08682
2.08642
2.08566
2.08529
2.08471
2.08488
2.08288
2.46348
2.445
2.42361
2.40016
2.37563
2.3512
2.32743
2.30484
2.28365
2.26402
2.24599
2.22957
2.21473
2.20145
2.18969
2.17941
2.17062
2.16326
2.1572
2.15235
2.14856
2.14575
2.14376
2.14258
2.142
2.14208
2.14235
2.14296
2.14377
2.14447
2.14531
2.1457
2.14596
2.14596
2.14574
2.14517
2.14414
2.14281
2.1412
2.1393
2.13714
2.13472
2.13208
2.12923
2.12621
2.12304
2.11978
2.11645
2.1131
2.10974
2.10642
2.10314
2.09995
2.09686
2.09389
2.09106
2.08842
2.08595
2.08373
2.08171
2.07999
2.07851
2.07736
2.07648
2.07595
2.07571
2.07572
2.0758
2.07602
2.07648
2.07727
2.07823
2.07929
2.08035
2.08145
2.08254
2.08366
2.08474
2.08584
2.08689
2.08791
2.08886
2.08974
2.09051
2.09118
2.0917
2.09207
2.09226
2.0923
2.09226
2.09217
2.09194
2.09168
2.0911
2.09072
2.09001
2.08967
2.08914
2.08935
2.08733
2.46553
2.44986
2.43168
2.41132
2.38985
2.36799
2.34646
2.32552
2.30559
2.28671
2.26911
2.25271
2.23765
2.22382
2.21132
2.20001
2.19006
2.18131
2.17382
2.16741
2.16208
2.15765
2.15413
2.15131
2.14921
2.14767
2.14663
2.14592
2.1456
2.14547
2.14554
2.14553
2.14544
2.14513
2.14458
2.14374
2.1426
2.14118
2.13948
2.13754
2.13533
2.13292
2.13028
2.12748
2.12451
2.12143
2.11826
2.11504
2.1118
2.10858
2.10539
2.10229
2.09927
2.09638
2.09362
2.09102
2.0886
2.08639
2.08439
2.08266
2.08117
2.07997
2.07905
2.07843
2.07809
2.07803
2.07808
2.07822
2.07859
2.07916
2.07999
2.08086
2.08178
2.08268
2.08359
2.08449
2.08541
2.0863
2.08719
2.08805
2.08888
2.08966
2.09038
2.09103
2.09159
2.09204
2.09237
2.09256
2.0926
2.09256
2.09249
2.09229
2.09206
2.09154
2.0912
2.09054
2.09023
2.08976
2.09001
2.08797
2.46628
2.45225
2.43593
2.41755
2.39801
2.37797
2.35797
2.33836
2.31939
2.30125
2.28401
2.26779
2.25258
2.23845
2.22536
2.21333
2.2024
2.1926
2.18388
2.17623
2.16958
2.1639
2.1591
2.15508
2.15176
2.14902
2.14691
2.14531
2.14411
2.14323
2.14258
2.14202
2.14146
2.14078
2.13996
2.13891
2.13765
2.13612
2.13437
2.13236
2.13016
2.12774
2.12516
2.1224
2.11954
2.11654
2.1135
2.1104
2.10732
2.10424
2.10125
2.09832
2.09553
2.09285
2.09035
2.08801
2.08588
2.08394
2.08226
2.0808
2.07962
2.07868
2.07804
2.07763
2.07753
2.07756
2.07767
2.07792
2.07841
2.07911
2.07989
2.08064
2.08141
2.08215
2.08289
2.08362
2.08435
2.08506
2.08576
2.08644
2.08708
2.08769
2.08825
2.08877
2.08922
2.08961
2.08989
2.09007
2.09011
2.09008
2.09002
2.08986
2.08967
2.08921
2.08891
2.08833
2.08807
2.08767
2.08798
2.08592
2.4649
2.45224
2.43753
2.42089
2.40314
2.38482
2.36629
2.34793
2.32994
2.31252
2.29575
2.27976
2.26457
2.25025
2.23678
2.22421
2.21256
2.20189
2.19216
2.18341
2.17556
2.16862
2.16244
2.15714
2.15256
2.14876
2.14557
2.14297
2.14082
2.13912
2.13771
2.13653
2.13545
2.13439
2.13325
2.13199
2.13056
2.12894
2.12711
2.1251
2.12288
2.12051
2.11797
2.11532
2.11254
2.10969
2.10677
2.10385
2.10092
2.09805
2.09524
2.09255
2.08996
2.08755
2.08527
2.08322
2.08133
2.0797
2.07827
2.07713
2.07621
2.07559
2.07517
2.07506
2.07509
2.0752
2.07543
2.07589
2.07652
2.07721
2.07788
2.07852
2.07913
2.07972
2.08029
2.08085
2.08139
2.08192
2.08243
2.08291
2.08337
2.0838
2.08421
2.08459
2.08493
2.08524
2.08548
2.08563
2.08568
2.08564
2.0856
2.08547
2.08532
2.08495
2.08469
2.08418
2.08397
2.08365
2.08403
2.08194
2.45825
2.44734
2.43431
2.4193
2.40298
2.38597
2.36872
2.35147
2.33445
2.31776
2.30156
2.2859
2.27088
2.2565
2.24283
2.22988
2.21769
2.2063
2.19578
2.18608
2.17725
2.16923
2.16206
2.15569
2.15009
2.1452
2.141
2.13742
2.1344
2.13186
2.12973
2.12793
2.12635
2.1249
2.12348
2.12203
2.12049
2.11882
2.11699
2.11501
2.11286
2.11057
2.10816
2.10562
2.103
2.1003
2.09758
2.09483
2.09212
2.08944
2.08687
2.08439
2.08206
2.07987
2.07788
2.07606
2.07448
2.0731
2.072
2.0711
2.07049
2.07009
2.06996
2.06999
2.0701
2.07034
2.07078
2.07139
2.07203
2.07264
2.07319
2.0737
2.07416
2.07459
2.07499
2.07539
2.07575
2.0761
2.07641
2.0767
2.07697
2.07723
2.07748
2.07774
2.07797
2.07821
2.07838
2.07852
2.07856
2.07854
2.0785
2.07841
2.07829
2.078
2.07779
2.07737
2.07721
2.07697
2.07741
2.0753
2.45825
2.44671
2.43354
2.41882
2.40309
2.38678
2.37013
2.35348
2.33697
2.32074
2.30486
2.28943
2.27448
2.26007
2.24624
2.23301
2.22042
2.20853
2.19738
2.187
2.1774
2.1686
2.16061
2.15335
2.14686
2.14108
2.13601
2.1316
2.1278
2.12456
2.12188
2.1196
2.1177
2.116
2.11446
2.11294
2.11143
2.10982
2.10812
2.10627
2.1043
2.10218
2.09995
2.0976
2.09519
2.09269
2.09018
2.08765
2.08516
2.08271
2.08036
2.0781
2.076
2.07405
2.07228
2.07071
2.06937
2.06825
2.06738
2.06674
2.06635
2.06619
2.06621
2.06631
2.06654
2.06699
2.06759
2.06821
2.06877
2.06928
2.06972
2.07011
2.07045
2.07077
2.07105
2.07131
2.07155
2.07175
2.07191
2.07205
2.07218
2.07232
2.07246
2.07262
2.0728
2.07297
2.07313
2.07324
2.07329
2.07329
2.07327
2.07321
2.07313
2.07292
2.07276
2.07242
2.07234
2.07215
2.07263
2.07052
2.46145
2.44966
2.43615
2.42126
2.40545
2.38923
2.37288
2.35647
2.34019
2.32409
2.30833
2.29291
2.27795
2.26342
2.24944
2.23596
2.22308
2.21078
2.19922
2.18831
2.17819
2.16877
2.16016
2.15228
2.14523
2.13888
2.13334
2.12845
2.1243
2.1207
2.11765
2.1151
2.11288
2.11097
2.10926
2.10769
2.10616
2.10461
2.10299
2.10128
2.09945
2.09751
2.09545
2.0933
2.09108
2.0888
2.0865
2.08419
2.08192
2.0797
2.07758
2.07557
2.07371
2.07199
2.07048
2.06915
2.06806
2.0672
2.0666
2.06621
2.06607
2.06609
2.06619
2.0665
2.06693
2.06756
2.06817
2.06873
2.0692
2.06962
2.06995
2.07023
2.07044
2.07064
2.07079
2.07092
2.071
2.07103
2.07103
2.07101
2.07101
2.07102
2.07104
2.07112
2.07119
2.07132
2.07141
2.07151
2.07155
2.07157
2.07155
2.07152
2.07147
2.07133
2.07122
2.07099
2.07095
2.07083
2.07133
2.06922
2.46508
2.45434
2.44183
2.42764
2.41234
2.39643
2.38027
2.36405
2.34789
2.33191
2.31617
2.30075
2.2857
2.27107
2.25688
2.2432
2.23003
2.21745
2.20547
2.19417
2.18353
2.17362
2.16441
2.15596
2.14822
2.14125
2.13496
2.12943
2.12448
2.12021
2.11646
2.11326
2.11053
2.10824
2.1062
2.10438
2.10266
2.10101
2.09934
2.09765
2.09586
2.09403
2.09208
2.09009
2.08802
2.08595
2.08384
2.08178
2.07973
2.07779
2.07591
2.07419
2.07257
2.07116
2.0699
2.0689
2.06808
2.06754
2.0672
2.06711
2.06715
2.06731
2.06768
2.06821
2.06888
2.06953
2.07011
2.07061
2.07102
2.07134
2.07157
2.07173
2.07184
2.0719
2.07191
2.07188
2.0718
2.07164
2.07144
2.07124
2.07109
2.07096
2.07087
2.07082
2.07081
2.07081
2.07083
2.07088
2.0709
2.07093
2.07092
2.0709
2.07087
2.0708
2.07074
2.07062
2.07062
2.07057
2.0711
2.06903
2.4643
2.45445
2.4428
2.42956
2.41533
2.40043
2.38521
2.36978
2.35433
2.33889
2.32361
2.3085
2.29367
2.27913
2.26496
2.25117
2.23783
2.22494
2.2126
2.20082
2.18966
2.17911
2.16924
2.16
2.1515
2.14364
2.13653
2.13005
2.12435
2.11921
2.11477
2.11082
2.1075
2.1045
2.10201
2.09974
2.0978
2.09593
2.09424
2.09249
2.09081
2.08901
2.08725
2.08536
2.08353
2.0816
2.07976
2.07789
2.07615
2.07442
2.07287
2.07137
2.0701
2.06893
2.06804
2.0673
2.06688
2.06661
2.06662
2.0667
2.06694
2.06745
2.06815
2.06889
2.06959
2.07024
2.07079
2.07125
2.07159
2.07183
2.07196
2.07202
2.07202
2.07198
2.07189
2.07169
2.07139
2.07106
2.07071
2.0704
2.07011
2.06987
2.06966
2.06951
2.06939
2.06932
2.06928
2.06928
2.06928
2.06929
2.06929
2.06929
2.06929
2.06928
2.06925
2.06925
2.06928
2.0693
2.06989
2.06789
2.46633
2.45623
2.44475
2.43178
2.41784
2.40332
2.38845
2.3734
2.35823
2.34311
2.328
2.31309
2.29831
2.28385
2.2696
2.25578
2.24223
2.22919
2.21652
2.20446
2.19284
2.1819
2.17148
2.1618
2.15269
2.14437
2.13666
2.12977
2.12352
2.11806
2.11316
2.10893
2.1052
2.10204
2.09925
2.09688
2.09474
2.09284
2.09104
2.08936
2.08769
2.08605
2.08438
2.08272
2.08105
2.07939
2.07776
2.07619
2.07468
2.07326
2.07195
2.07077
2.06975
2.06892
2.06829
2.06788
2.0677
2.06772
2.06783
2.06819
2.06876
2.06954
2.07036
2.07112
2.07184
2.07245
2.07298
2.07337
2.07364
2.07377
2.07382
2.0738
2.07375
2.07361
2.07336
2.07296
2.07253
2.07208
2.07164
2.0712
2.07081
2.07045
2.07015
2.06989
2.06969
2.06954
2.06944
2.06938
2.06936
2.06936
2.06937
2.06938
2.0694
2.06941
2.06945
2.06949
2.06962
2.06971
2.07038
2.06848
2.47578
2.46588
2.45436
2.44151
2.42763
2.41328
2.39851
2.38363
2.36857
2.35356
2.33852
2.32366
2.30888
2.29438
2.28007
2.26611
2.25243
2.23917
2.2263
2.214
2.20215
2.19093
2.1802
2.17016
2.16065
2.15185
2.14358
2.13601
2.12898
2.12266
2.11688
2.11185
2.10732
2.10349
2.10003
2.09716
2.09454
2.09236
2.09027
2.08848
2.08669
2.0851
2.08344
2.08195
2.08037
2.07898
2.07752
2.07628
2.07499
2.07394
2.07286
2.07206
2.07127
2.07083
2.07046
2.07045
2.0705
2.07072
2.07127
2.07204
2.07294
2.07387
2.07477
2.07561
2.07636
2.077
2.0775
2.07784
2.07801
2.07806
2.07803
2.07796
2.07778
2.07746
2.07697
2.07641
2.07582
2.07521
2.07461
2.07402
2.07346
2.07295
2.0725
2.07211
2.07178
2.07152
2.07132
2.07119
2.07111
2.07108
2.07108
2.07109
2.07111
2.07115
2.07125
2.07134
2.07154
2.07171
2.07247
2.07064
2.47195
2.46387
2.45378
2.44216
2.42953
2.41636
2.40273
2.38886
2.37472
2.3605
2.34614
2.33182
2.31749
2.30328
2.28918
2.27529
2.26159
2.24819
2.23507
2.22231
2.20993
2.19801
2.18653
2.17559
2.16517
2.15536
2.14613
2.13757
2.12962
2.12237
2.11572
2.10977
2.10439
2.09968
2.09546
2.09185
2.0886
2.08587
2.08336
2.08124
2.07922
2.07751
2.07582
2.07438
2.07294
2.07174
2.07053
2.06957
2.06861
2.06791
2.06722
2.06681
2.06647
2.06648
2.06661
2.06681
2.06736
2.06814
2.06918
2.07026
2.07138
2.07244
2.07348
2.0744
2.07523
2.07586
2.07635
2.07662
2.07672
2.07669
2.07662
2.07646
2.07612
2.0756
2.07494
2.07423
2.07347
2.0727
2.07193
2.07118
2.07046
2.06979
2.06918
2.06864
2.06817
2.06778
2.06748
2.06725
2.0671
2.06702
2.06701
2.06701
2.06703
2.0671
2.06724
2.06738
2.06769
2.06792
2.06879
2.06705
2.46756
2.45885
2.44889
2.43774
2.4257
2.41309
2.40009
2.38676
2.37321
2.35945
2.34558
2.33159
2.31761
2.3036
2.2897
2.27586
2.26223
2.24873
2.23551
2.2225
2.20988
2.19757
2.18575
2.17432
2.16345
2.15304
2.14326
2.134
2.12543
2.11742
2.11014
2.10345
2.09747
2.09206
2.08734
2.08314
2.07954
2.07638
2.07373
2.07141
2.06946
2.06772
2.06625
2.0649
2.06376
2.06273
2.06188
2.06112
2.06052
2.05999
2.05965
2.05944
2.05948
2.05958
2.05989
2.06058
2.06154
2.06262
2.06381
2.06502
2.06624
2.0674
2.0685
2.06947
2.07028
2.0709
2.07131
2.07149
2.07152
2.07146
2.07134
2.07106
2.07061
2.06996
2.06923
2.06842
2.0676
2.06674
2.0659
2.06506
2.06428
2.06352
2.06285
2.06223
2.06171
2.06125
2.06091
2.06063
2.06047
2.06036
2.06036
2.06037
2.06041
2.06049
2.06068
2.06085
2.06123
2.06151
2.06243
2.06075
2.47165
2.4623
2.45165
2.43988
2.42741
2.41446
2.40127
2.38779
2.37419
2.36038
2.34653
2.33254
2.31859
2.30459
2.29071
2.27686
2.26319
2.24963
2.23631
2.22319
2.21042
2.19794
2.18591
2.17424
2.1631
2.15241
2.14232
2.13276
2.12387
2.11555
2.10793
2.10092
2.09462
2.08894
2.084
2.07965
2.07597
2.07275
2.07008
2.06774
2.06584
2.06417
2.06285
2.06167
2.06078
2.06
2.05945
2.05895
2.05863
2.05836
2.05832
2.05836
2.05856
2.05908
2.05986
2.06092
2.06206
2.06333
2.0646
2.06593
2.06719
2.06842
2.0695
2.07046
2.07119
2.07175
2.07204
2.07215
2.07211
2.07202
2.07183
2.07143
2.07084
2.07008
2.06928
2.06837
2.06747
2.06651
2.06559
2.06466
2.0638
2.06296
2.06221
2.06151
2.06093
2.0604
2.06001
2.05968
2.05948
2.05935
2.05936
2.05937
2.05942
2.05952
2.05975
2.05996
2.0604
2.06072
2.06169
2.06005
2.48034
2.47128
2.46079
2.44899
2.43639
2.42321
2.40974
2.39599
2.38209
2.36803
2.35391
2.33972
2.32556
2.31141
2.29735
2.28339
2.26958
2.25594
2.2425
2.22929
2.21635
2.20374
2.19149
2.17963
2.16822
2.15729
2.14686
2.13699
2.12769
2.11899
2.11094
2.10353
2.0968
2.09076
2.08536
2.0806
2.07645
2.07289
2.06987
2.06736
2.06528
2.06361
2.06227
2.06124
2.06048
2.05998
2.05965
2.05946
2.05938
2.05942
2.05957
2.05998
2.06061
2.06161
2.06272
2.06401
2.06536
2.06681
2.06826
2.06972
2.07108
2.07235
2.07345
2.07437
2.07507
2.07555
2.07575
2.07578
2.07572
2.07558
2.0753
2.07478
2.07409
2.07324
2.07236
2.07137
2.07039
2.06935
2.06836
2.06735
2.06642
2.0655
2.06469
2.06392
2.06327
2.06269
2.06224
2.06186
2.06164
2.06149
2.06149
2.06152
2.06157
2.06168
2.06195
2.06219
2.0627
2.06305
2.06408
2.06249
2.47768
2.46969
2.46045
2.44977
2.4382
2.426
2.41339
2.40042
2.38717
2.37369
2.36003
2.34623
2.33235
2.31843
2.30451
2.29064
2.27684
2.26317
2.24964
2.23632
2.22321
2.2104
2.19789
2.18577
2.17403
2.16276
2.15195
2.14167
2.13193
2.1228
2.11427
2.10639
2.09916
2.09261
2.08673
2.08154
2.077
2.07312
2.06983
2.06712
2.0649
2.06318
2.06186
2.06094
2.06036
2.06011
2.06002
2.06006
2.06019
2.06049
2.0611
2.06201
2.06319
2.0645
2.066
2.06757
2.06926
2.07094
2.07265
2.07424
2.07575
2.07707
2.07823
2.07912
2.07981
2.08022
2.08037
2.08034
2.08026
2.08008
2.07971
2.07908
2.0783
2.07737
2.07641
2.07534
2.07428
2.07316
2.07209
2.07099
2.06998
2.06897
2.06808
2.06722
2.0665
2.06583
2.06532
2.06488
2.06461
2.06441
2.0644
2.06442
2.06447
2.06458
2.06487
2.06514
2.0657
2.0661
2.06719
2.06565
2.47997
2.47179
2.46221
2.45158
2.44014
2.42819
2.41582
2.40316
2.39018
2.37701
2.36359
2.35006
2.33634
2.3226
2.30876
2.29499
2.28119
2.26754
2.25395
2.24059
2.22742
2.21457
2.20198
2.1898
2.17797
2.16659
2.15564
2.14521
2.13526
2.1259
2.11709
2.10892
2.10135
2.09444
2.08817
2.08259
2.07766
2.0734
2.06978
2.06678
2.06436
2.0625
2.06115
2.06028
2.05988
2.05981
2.05989
2.06007
2.06052
2.06123
2.06236
2.06368
2.06522
2.06687
2.0687
2.07058
2.07254
2.07445
2.07633
2.07805
2.07965
2.08101
2.08217
2.08306
2.0837
2.08404
2.08414
2.08408
2.08397
2.08371
2.08327
2.08254
2.0817
2.08071
2.07968
2.07855
2.07743
2.07624
2.07511
2.07394
2.07286
2.07178
2.07083
2.0699
2.06911
2.06838
2.06781
2.06732
2.067
2.06677
2.06674
2.06676
2.06681
2.06693
2.06723
2.06752
2.06814
2.06857
2.06972
2.06823
2.48628
2.47894
2.47005
2.45995
2.44895
2.43743
2.4254
2.41303
2.4003
2.38732
2.37408
2.36066
2.3471
2.33343
2.31969
2.30592
2.29216
2.27845
2.26482
2.25134
2.23801
2.22491
2.21204
2.19949
2.18724
2.17539
2.16392
2.15294
2.1424
2.13243
2.12297
2.11416
2.10591
2.09838
2.09146
2.08531
2.0798
2.07508
2.07098
2.06765
2.06491
2.0629
2.06141
2.06061
2.06029
2.06037
2.06053
2.06091
2.06169
2.06289
2.06445
2.06617
2.06815
2.07022
2.07244
2.07466
2.07692
2.07907
2.08114
2.083
2.08469
2.0861
2.08729
2.08816
2.08877
2.08905
2.08911
2.08904
2.08889
2.08857
2.08801
2.0872
2.08625
2.08519
2.08405
2.08284
2.0816
2.08033
2.07907
2.07781
2.0766
2.07543
2.07434
2.07332
2.07242
2.0716
2.07093
2.07037
2.06997
2.06969
2.06961
2.06963
2.06968
2.06979
2.07009
2.07041
2.07107
2.07155
2.07276
2.07133
2.47811
2.47128
2.4631
2.4538
2.44368
2.433
2.42184
2.41027
2.39828
2.38592
2.37324
2.36028
2.34711
2.33374
2.32027
2.30668
2.29307
2.27941
2.26581
2.25224
2.23877
2.22544
2.21229
2.19937
2.18672
2.17438
2.16239
2.15081
2.13967
2.12903
2.1189
2.10937
2.10043
2.09217
2.08456
2.07772
2.07157
2.06623
2.0616
2.0578
2.05468
2.05238
2.05073
2.04991
2.04963
2.04975
2.05003
2.0507
2.05181
2.05353
2.05547
2.05774
2.0601
2.06268
2.06522
2.06786
2.07034
2.07281
2.07499
2.07707
2.07879
2.08033
2.08148
2.08242
2.08295
2.08325
2.08325
2.08318
2.08301
2.08263
2.08198
2.08109
2.08007
2.07894
2.07771
2.07643
2.07508
2.07373
2.07235
2.07101
2.06967
2.06842
2.06721
2.06611
2.06508
2.06419
2.06341
2.06279
2.0623
2.06198
2.06184
2.06185
2.06189
2.06199
2.06229
2.06262
2.06333
2.06385
2.06512
2.06375
2.4742
2.46677
2.45813
2.44839
2.43794
2.42695
2.41559
2.40384
2.39183
2.3795
2.36694
2.3541
2.34109
2.32786
2.31451
2.30102
2.28749
2.27389
2.26031
2.24669
2.23319
2.21976
2.20653
2.19345
2.18066
2.16811
2.15594
2.1441
2.13273
2.12178
2.11138
2.1015
2.09227
2.08364
2.07573
2.0685
2.06206
2.05636
2.05148
2.04739
2.04411
2.04164
2.03996
2.03916
2.039
2.03915
2.03953
2.04039
2.04175
2.04376
2.04596
2.04852
2.05111
2.05392
2.05663
2.05943
2.062
2.06453
2.06674
2.06881
2.07049
2.07199
2.07308
2.07396
2.07441
2.07465
2.07461
2.07452
2.07431
2.07388
2.07314
2.07223
2.07116
2.07001
2.06874
2.06744
2.06605
2.06467
2.06325
2.06188
2.06051
2.05922
2.05797
2.05684
2.05577
2.05485
2.05404
2.05338
2.05287
2.05253
2.05238
2.0524
2.05244
2.05255
2.05286
2.0532
2.05393
2.05446
2.05575
2.0544
2.46613
2.45829
2.44918
2.43918
2.42832
2.41714
2.40551
2.39372
2.38153
2.36923
2.35656
2.3438
2.33072
2.31761
2.30423
2.29087
2.27731
2.26383
2.25021
2.23674
2.22325
2.20998
2.19678
2.18388
2.17115
2.1588
2.14672
2.1351
2.12385
2.11313
2.10287
2.09323
2.08414
2.07573
2.06796
2.06094
2.05463
2.0491
2.04434
2.04039
2.03722
2.03489
2.03336
2.03275
2.03278
2.03299
2.03348
2.03453
2.03614
2.03837
2.04083
2.04359
2.04641
2.04936
2.05224
2.0551
2.05776
2.06027
2.0625
2.06449
2.06616
2.06754
2.06859
2.06934
2.06975
2.06987
2.06982
2.0697
2.06941
2.06893
2.06815
2.06723
2.06616
2.065
2.06374
2.06244
2.06107
2.05971
2.05832
2.05696
2.05563
2.05435
2.05314
2.05201
2.05099
2.05007
2.04928
2.04864
2.04815
2.04782
2.04769
2.04773
2.04777
2.04789
2.04823
2.04858
2.04932
2.04987
2.05116
2.04982
2.47993
2.47242
2.46369
2.45389
2.44323
2.43204
2.42033
2.40831
2.39588
2.38322
2.37024
2.3571
2.34372
2.33026
2.31663
2.303
2.28929
2.27565
2.262
2.2485
2.23504
2.22181
2.20869
2.19588
2.18326
2.17102
2.15904
2.14752
2.13634
2.12568
2.11544
2.10581
2.09667
2.08822
2.08033
2.07322
2.06673
2.06109
2.05614
2.0521
2.04878
2.04641
2.0448
2.0443
2.04437
2.04464
2.04524
2.04648
2.04843
2.05093
2.05376
2.0568
2.05995
2.06313
2.06625
2.06923
2.07204
2.07458
2.07686
2.07882
2.08048
2.08179
2.08282
2.08347
2.08385
2.08388
2.08382
2.08367
2.08332
2.08279
2.08196
2.08101
2.07989
2.07871
2.0774
2.07607
2.07467
2.07328
2.07185
2.07046
2.06909
2.06778
2.06653
2.06537
2.0643
2.06336
2.06253
2.06185
2.06133
2.06098
2.06084
2.06086
2.06091
2.06103
2.06137
2.06174
2.0625
2.06307
2.06438
2.06305
2.47567
2.4688
2.46083
2.45164
2.44173
2.43116
2.42023
2.40882
2.39714
2.38501
2.37267
2.35996
2.3471
2.33393
2.32068
2.30719
2.29371
2.28006
2.26651
2.25291
2.23949
2.22608
2.21293
2.19987
2.18715
2.1746
2.16248
2.15059
2.13921
2.12814
2.11767
2.10759
2.09818
2.08925
2.08108
2.07348
2.06673
2.06063
2.05545
2.05099
2.04751
2.04482
2.04317
2.04249
2.04262
2.04291
2.04358
2.04497
2.04717
2.04999
2.05314
2.05655
2.06005
2.06357
2.06698
2.07024
2.07326
2.07599
2.07841
2.08049
2.08222
2.08361
2.08465
2.08535
2.08569
2.08576
2.08569
2.08553
2.08517
2.0846
2.08372
2.08275
2.08157
2.08036
2.07899
2.07763
2.07616
2.07472
2.07322
2.07178
2.07032
2.06897
2.06763
2.06642
2.06526
2.06427
2.06337
2.06265
2.06206
2.06168
2.06148
2.06149
2.06152
2.06164
2.06197
2.06234
2.06313
2.06371
2.06508
2.0638
2.47826
2.47141
2.46347
2.45428
2.44446
2.43397
2.42318
2.41189
2.40037
2.3884
2.37623
2.36366
2.35094
2.33789
2.32475
2.31136
2.29795
2.28437
2.27085
2.2572
2.24368
2.23014
2.21682
2.20354
2.19057
2.17773
2.16529
2.15305
2.14131
2.12986
2.119
2.10851
2.09872
2.08938
2.08084
2.07284
2.06574
2.05926
2.05378
2.04899
2.04529
2.04237
2.04061
2.03981
2.03993
2.04022
2.04091
2.04236
2.04467
2.04769
2.05103
2.05466
2.05834
2.06208
2.06563
2.06905
2.07213
2.07498
2.07741
2.07956
2.08128
2.08271
2.08372
2.08445
2.08474
2.08484
2.08476
2.08459
2.08424
2.08362
2.08273
2.0817
2.08052
2.07925
2.07788
2.07646
2.07496
2.07347
2.07193
2.07044
2.06894
2.06753
2.06614
2.06488
2.06368
2.06264
2.06169
2.06094
2.0603
2.0599
2.05966
2.05966
2.05969
2.0598
2.06011
2.06048
2.06128
2.06187
2.06327
2.062
2.47311
2.46578
2.45733
2.44776
2.43753
2.42676
2.41563
2.40412
2.39231
2.38018
2.36776
2.3551
2.3422
2.32911
2.31585
2.30247
2.28898
2.27544
2.26186
2.24831
2.23478
2.22134
2.20801
2.19485
2.18188
2.16916
2.15672
2.1446
2.13286
2.12152
2.11066
2.10028
2.09047
2.08122
2.07266
2.06474
2.0576
2.05119
2.04567
2.04094
2.0372
2.03434
2.03255
2.03184
2.03194
2.03225
2.03296
2.03443
2.0368
2.03986
2.04326
2.04692
2.05064
2.05436
2.05792
2.06128
2.06435
2.06712
2.06952
2.07159
2.07327
2.07463
2.07561
2.07628
2.07655
2.07662
2.07654
2.07636
2.076
2.07538
2.07449
2.07347
2.07229
2.07104
2.06967
2.06829
2.0668
2.06534
2.06381
2.06235
2.06085
2.05947
2.05809
2.05685
2.05565
2.05464
2.05369
2.05296
2.05233
2.05194
2.05171
2.05172
2.05176
2.05187
2.05219
2.05256
2.05336
2.05395
2.05532
2.05405
2.48157
2.47433
2.46592
2.45643
2.44621
2.43548
2.42433
2.41284
2.40098
2.38883
2.37636
2.36366
2.35069
2.33757
2.32423
2.31081
2.29725
2.28367
2.27002
2.25642
2.24283
2.22935
2.21597
2.20277
2.18975
2.17698
2.1645
2.15234
2.14055
2.12916
2.11825
2.10782
2.09796
2.08865
2.08003
2.07205
2.06486
2.05839
2.05282
2.04805
2.04427
2.04137
2.03957
2.03885
2.03896
2.03928
2.04001
2.04154
2.04397
2.04712
2.05061
2.05436
2.05815
2.06195
2.06555
2.06898
2.07206
2.07487
2.07727
2.07936
2.08102
2.08239
2.08335
2.08402
2.08428
2.08433
2.08425
2.08407
2.08369
2.08307
2.08216
2.08114
2.07994
2.0787
2.07732
2.07593
2.07443
2.07297
2.07143
2.06997
2.06847
2.06709
2.06569
2.06446
2.06325
2.06223
2.06128
2.06054
2.05991
2.05952
2.05928
2.05929
2.05933
2.05944
2.05977
2.06014
2.06095
2.06154
2.06291
2.06163
)
;

boundaryField
{
    inlet
    {
        type            fixedValue;
        value           uniform 1;
    }
    outlet
    {
        type            zeroGradient;
    }
    bottom
    {
        type            symmetryPlane;
    }
    top
    {
        type            symmetryPlane;
    }
    obstacle
    {
        type            zeroGradient;
    }
    defaultFaces
    {
        type            empty;
    }
}


// ************************************************************************* //
