/*--------------------------------*- C++ -*----------------------------------*\
| =========                 |                                                 |
| \\      /  F ield         | OpenFOAM: The Open Source CFD Toolbox           |
|  \\    /   O peration     | Version:  2412                                  |
|   \\  /    A nd           | Website:  www.openfoam.com                      |
|    \\/     M anipulation  |                                                 |
\*---------------------------------------------------------------------------*/
FoamFile
{
    version     2.0;
    format      ascii;
    arch        "LSB;label=32;scalar=64";
    class       volScalarField;
    location    "15.5";
    object      T;
}
// * * * * * * * * * * * * * * * * * * * * * * * * * * * * * * * * * * * * * //

dimensions      [0 0 0 1 0 0 0];

internalField   nonuniform List<scalar> 
7000
(
1.31911
2.65686
2.71979
2.66987
2.6647
2.64802
2.64461
2.64732
2.64944
2.65156
2.65289
2.65385
2.65498
2.65643
2.65777
2.65963
2.66109
2.66324
2.66493
2.66727
2.66933
2.67175
2.67422
2.67673
2.67957
2.68223
2.68535
2.68825
2.69152
2.69473
2.69808
2.7016
2.70498
2.7087
2.71213
2.7159
2.71941
2.72305
2.72661
2.72993
2.73345
2.73631
2.73956
2.74195
2.74457
2.74666
2.74849
2.75039
2.75103
2.75264
1.31918
2.65708
2.72004
2.66997
2.66483
2.64814
2.64474
2.64744
2.64957
2.65167
2.653
2.65397
2.65509
2.65654
2.65787
2.65974
2.66119
2.66334
2.66503
2.66736
2.66942
2.67184
2.67431
2.67681
2.67965
2.68231
2.68542
2.68831
2.69158
2.69479
2.69814
2.70164
2.70502
2.70873
2.71215
2.71591
2.71941
2.72304
2.72659
2.7299
2.7334
2.73625
2.73949
2.74184
2.74447
2.7465
2.74834
2.75017
2.75074
2.7522
1.31915
2.65699
2.71993
2.66995
2.66479
2.64808
2.64468
2.64738
2.64949
2.65161
2.65292
2.6539
2.655
2.65646
2.65778
2.65965
2.66108
2.66325
2.66491
2.66727
2.66929
2.67173
2.67417
2.67669
2.6795
2.68217
2.68525
2.68817
2.6914
2.69463
2.69794
2.70146
2.70481
2.70853
2.71194
2.7157
2.7192
2.72283
2.72639
2.72968
2.73321
2.73602
2.73928
2.74162
2.74423
2.74632
2.74805
2.74993
2.75052
2.75197
1.31913
2.65681
2.71975
2.66995
2.66474
2.64797
2.64458
2.64722
2.64943
2.65144
2.65283
2.65372
2.65489
2.65627
2.65766
2.65945
2.66096
2.66302
2.66479
2.66701
2.66915
2.67146
2.67401
2.6764
2.67932
2.68185
2.68505
2.68781
2.69119
2.69423
2.6977
2.70103
2.70453
2.70807
2.71161
2.71522
2.71881
2.72235
2.72593
2.72924
2.73269
2.73564
2.73875
2.74124
2.7437
2.74584
2.74769
2.74934
2.75003
2.75143
1.31909
2.65659
2.71952
2.66997
2.66469
2.64786
2.64445
2.64713
2.64924
2.65133
2.65262
2.6536
2.65467
2.65612
2.65742
2.65928
2.66071
2.66283
2.66451
2.66679
2.66885
2.67121
2.67369
2.67612
2.67896
2.68156
2.68463
2.68752
2.69067
2.69395
2.6971
2.70072
2.70386
2.70773
2.71086
2.71484
2.718
2.72187
2.7251
2.72862
2.73192
2.73486
2.73814
2.74038
2.74318
2.74494
2.74697
2.74878
2.74915
2.75078
1.31905
2.6563
2.71923
2.67001
2.66464
2.64772
2.64427
2.64704
2.64897
2.65123
2.65231
2.65348
2.65432
2.65599
2.65704
2.65913
2.6603
2.66266
2.66405
2.6666
2.66834
2.671
2.67312
2.67586
2.67834
2.68123
2.68398
2.68709
2.69005
2.69337
2.69652
2.70002
2.70329
2.70693
2.71029
2.71394
2.71746
2.72086
2.72457
2.72747
2.73129
2.73365
2.73718
2.73941
2.74204
2.74425
2.7457
2.74775
2.74842
2.74953
1.319
2.65594
2.71886
2.67007
2.66458
2.6475
2.64409
2.64666
2.64891
2.65082
2.65222
2.65304
2.65421
2.65552
2.65691
2.65861
2.66014
2.66209
2.66388
2.66598
2.66813
2.67032
2.67288
2.67512
2.67807
2.6804
2.68366
2.68616
2.68962
2.69239
2.69592
2.69903
2.70252
2.70588
2.7094
2.71279
2.71644
2.7197
2.72337
2.72651
2.72984
2.73292
2.73551
2.73832
2.74058
2.74274
2.74478
2.74621
2.74668
2.74853
1.31894
2.6555
2.71843
2.67013
2.6645
2.64727
2.64383
2.64641
2.6486
2.65056
2.65185
2.65277
2.65379
2.6552
2.65647
2.65823
2.6597
2.66165
2.66341
2.66549
2.66761
2.66979
2.67226
2.67458
2.67733
2.67988
2.68279
2.68565
2.68859
2.69186
2.69474
2.69839
2.70124
2.70509
2.70801
2.7119
2.71486
2.71868
2.72168
2.72521
2.72831
2.73117
2.7345
2.73629
2.73936
2.74099
2.74268
2.74492
2.7455
2.74639
1.31887
2.65498
2.7179
2.67022
2.66441
2.647
2.64351
2.64615
2.64821
2.65024
2.65143
2.65239
2.65332
2.6548
2.65593
2.6578
2.65908
2.66118
2.66274
2.66494
2.66689
2.66915
2.67149
2.67382
2.67649
2.67899
2.68191
2.6846
2.68769
2.69061
2.69385
2.69693
2.7003
2.7035
2.70694
2.71013
2.71374
2.71671
2.72042
2.7231
2.72678
2.72913
2.73244
2.73471
2.73669
2.73939
2.74093
2.74226
2.74274
2.74481
1.31879
2.65438
2.71729
2.67032
2.66431
2.64664
2.64317
2.64568
2.64786
2.64976
2.651
2.65191
2.65281
2.65428
2.65537
2.65722
2.65847
2.66051
2.66208
2.66418
2.66617
2.66829
2.6707
2.67286
2.6756
2.67792
2.68085
2.68347
2.68646
2.68942
2.6924
2.69565
2.69865
2.70206
2.70511
2.70859
2.71163
2.71512
2.71806
2.72139
2.7242
2.72716
2.72981
2.73232
2.73478
2.73599
2.73835
2.74037
2.74093
2.74145
1.31869
2.65367
2.71659
2.67044
2.66419
2.64628
2.64272
2.64534
2.64728
2.64935
2.65037
2.6514
2.65217
2.65367
2.65471
2.6565
2.65777
2.65971
2.66129
2.66335
2.66525
2.66741
2.66963
2.67193
2.67437
2.67688
2.67948
2.68226
2.68497
2.68799
2.6908
2.694
2.69688
2.70022
2.70315
2.70647
2.70955
2.71263
2.71594
2.71852
2.72205
2.72402
2.72736
2.72902
2.73164
2.73385
2.73467
2.73618
2.73668
2.73903
1.31859
2.65286
2.71578
2.67057
2.66405
2.64583
2.64223
2.64477
2.64679
2.6487
2.64981
2.65069
2.65154
2.6529
2.65397
2.65569
2.65693
2.65882
2.66038
2.66232
2.66429
2.66623
2.66861
2.67058
2.67327
2.67535
2.67824
2.68055
2.68351
2.68615
2.68906
2.69202
2.69488
2.69799
2.7009
2.704
2.707
2.70992
2.713
2.71569
2.71851
2.72121
2.72345
2.72596
2.72752
2.72924
2.73157
2.73331
2.73385
2.73384
1.31846
2.65195
2.71486
2.67072
2.66388
2.64531
2.64167
2.64416
2.64612
2.64807
2.64903
2.65003
2.6507
2.65215
2.65305
2.65481
2.65595
2.65784
2.65929
2.66126
2.66304
2.66509
2.66717
2.66934
2.67164
2.674
2.67639
2.67902
2.68146
2.68434
2.68685
2.6899
2.69246
2.69556
2.69823
2.70123
2.70401
2.70687
2.7096
2.71225
2.71501
2.71694
2.71985
2.72124
2.72379
2.72505
2.72556
2.72684
2.72731
2.73002
1.31833
2.65094
2.71379
2.67108
2.66351
2.64476
2.64101
2.64349
2.64536
2.64729
2.6482
2.64915
2.64982
2.65113
2.65215
2.65367
2.65498
2.65655
2.65821
2.65984
2.66182
2.66353
2.66578
2.66764
2.67007
2.6721
2.67467
2.67686
2.67952
2.68192
2.68461
2.68722
2.68987
2.69262
2.6952
2.69797
2.70054
2.70313
2.7058
2.70789
2.71067
2.7125
2.71447
2.71639
2.71736
2.71945
2.72111
2.72234
2.72263
2.72181
1.3182
2.64987
2.7125
2.67182
2.66279
2.64413
2.64026
2.6427
2.64452
2.64637
2.64729
2.64813
2.64877
2.65007
2.65097
2.65248
2.65368
2.65525
2.65681
2.6584
2.66028
2.66194
2.66406
2.66585
2.66813
2.67014
2.67246
2.67475
2.67699
2.67957
2.68172
2.68453
2.68667
2.68949
2.69173
2.69431
2.69671
2.69891
2.70137
2.70329
2.70532
2.70721
2.70893
2.71012
2.71159
2.71144
2.71176
2.71232
2.71286
2.71537
1.31805
2.64865
2.71115
2.67238
2.66216
2.64342
2.63941
2.64185
2.64348
2.64543
2.64614
2.64705
2.64764
2.64889
2.64965
2.65121
2.65219
2.65385
2.65517
2.65684
2.65849
2.66022
2.66206
2.66394
2.66587
2.668
2.66994
2.67228
2.67422
2.6767
2.67869
2.68116
2.68328
2.68561
2.68782
2.68996
2.69214
2.69411
2.69605
2.69778
2.6994
2.70041
2.70181
2.70246
2.70296
2.70442
2.70407
2.70438
2.70318
2.7015
1.31788
2.64731
2.7097
2.67293
2.66147
2.64262
2.63844
2.64095
2.64233
2.6443
2.64496
2.64577
2.64631
2.6475
2.64824
2.64972
2.65067
2.65215
2.6535
2.65499
2.65659
2.65819
2.65993
2.66171
2.66353
2.66546
2.66735
2.66939
2.67137
2.67343
2.67546
2.67751
2.67952
2.68154
2.68341
2.6853
2.68699
2.68863
2.69019
2.6913
2.69273
2.69316
2.69369
2.69365
2.69288
2.69094
2.69031
2.68836
2.68773
2.68846
1.3177
2.64585
2.70813
2.67351
2.66072
2.64171
2.63737
2.63981
2.64112
2.64299
2.64361
2.64435
2.64485
2.64592
2.64671
2.64789
2.64905
2.65019
2.65171
2.65284
2.6546
2.65581
2.65773
2.65906
2.66102
2.66251
2.66446
2.66613
2.66799
2.66986
2.67155
2.67353
2.67505
2.67698
2.6784
2.67997
2.68133
2.68227
2.68345
2.68369
2.68441
2.68423
2.68383
2.6828
2.68161
2.67991
2.67561
2.67237
2.66665
2.66127
1.31751
2.64431
2.70648
2.6741
2.6599
2.6407
2.63617
2.63851
2.63974
2.64154
2.64211
2.64276
2.64323
2.64423
2.64494
2.64605
2.6471
2.64822
2.64956
2.65069
2.65225
2.65348
2.65507
2.65649
2.65802
2.65969
2.66105
2.66293
2.66413
2.6661
2.66725
2.66908
2.67029
2.67171
2.67302
2.67391
2.67512
2.67544
2.67612
2.67597
2.67513
2.67434
2.67182
2.66963
2.6648
2.65944
2.65417
2.6447
2.63505
2.62325
1.3173
2.64271
2.7048
2.67466
2.65896
2.63959
2.63479
2.63712
2.6382
2.63988
2.64042
2.641
2.64141
2.64234
2.64294
2.64407
2.64499
2.64603
2.64721
2.64834
2.64961
2.65089
2.65216
2.65366
2.65482
2.65649
2.65757
2.65924
2.66032
2.6618
2.66294
2.66406
2.66523
2.66591
2.66687
2.66712
2.66767
2.66752
2.66713
2.66622
2.66516
2.66252
2.66031
2.655
2.6503
2.6402
2.62726
2.6107
2.58183
2.51148
1.31729
2.64182
2.70033
2.67517
2.6575
2.63781
2.63266
2.63488
2.63581
2.63734
2.63792
2.63827
2.63879
2.63928
2.64021
2.6408
2.64197
2.64261
2.64388
2.64462
2.64594
2.64686
2.6481
2.64921
2.65037
2.65155
2.65266
2.65377
2.65484
2.65575
2.65671
2.65737
2.65803
2.65837
2.65861
2.6583
2.65768
2.65675
2.6548
2.65271
2.64849
2.64488
2.63715
2.63107
2.618
2.60587
2.58273
2.54685
2.48917
2.36415
1.31727
2.64083
2.69559
2.67535
2.65559
2.63542
2.62979
2.63192
2.6327
2.63419
2.63474
2.63504
2.63546
2.63591
2.63665
2.63725
2.63814
2.63882
2.63971
2.64055
2.64139
2.64235
2.64313
2.64416
2.64486
2.64587
2.64648
2.64739
2.64786
2.64857
2.64879
2.6493
2.64925
2.64909
2.64863
2.64807
2.64658
2.64532
2.64222
2.63978
2.63475
2.62867
2.62113
2.60754
2.59459
2.56828
2.5413
2.49123
2.41663
2.31746
1.31725
2.64016
2.69309
2.67519
2.65401
2.63312
2.62686
2.62873
2.62946
2.63089
2.63148
2.63166
2.632
2.63238
2.63297
2.63351
2.63424
2.63487
2.63561
2.63633
2.63704
2.63781
2.6385
2.63924
2.63986
2.6405
2.64099
2.64142
2.64169
2.64184
2.64168
2.64129
2.64075
2.63954
2.63835
2.63597
2.63394
2.63
2.62689
2.62055
2.61593
2.60586
2.59836
2.58331
2.5662
2.54267
2.50601
2.46356
2.39157
2.31781
1.31713
2.63901
2.69226
2.67399
2.65206
2.6303
2.6236
2.62554
2.62637
2.62787
2.62839
2.62844
2.62853
2.62878
2.62901
2.62945
2.62973
2.63021
2.63052
2.63105
2.63137
2.6319
2.63225
2.63276
2.6331
2.63355
2.63383
2.63421
2.6343
2.63437
2.63425
2.63391
2.63333
2.63205
2.63081
2.62802
2.62573
2.62094
2.61648
2.60941
2.60106
2.59123
2.57705
2.5631
2.54088
2.51783
2.48417
2.44331
2.39053
2.32814
1.31688
2.64013
2.70389
2.67066
2.65208
2.62871
2.6215
2.62423
2.62519
2.62703
2.6275
2.62745
2.6274
2.62743
2.62751
2.62759
2.62765
2.62766
2.62764
2.62758
2.62748
2.62729
2.62711
2.62674
2.62645
2.62593
2.62554
2.62468
2.62418
2.62303
2.62236
2.62084
2.61995
2.61789
2.61656
2.61388
2.61103
2.60752
2.60213
2.59675
2.58767
2.57842
2.56446
2.54844
2.52829
2.50221
2.47323
2.4343
2.39162
2.34434
1.30177
2.58651
2.69842
2.67713
2.65963
2.6361
2.62921
2.63211
2.63317
2.63469
2.63456
2.63412
2.63345
2.6329
2.63231
2.63177
2.63114
2.63056
2.6299
2.62934
2.62865
2.62811
2.62737
2.62685
2.62596
2.6254
2.62413
2.6232
2.62132
2.61998
2.61726
2.61547
2.61187
2.60961
2.60505
2.60227
2.59655
2.59289
2.58593
2.58011
2.5715
2.56186
2.55026
2.5347
2.51767
2.49417
2.46858
2.43559
2.3979
2.35775
1.72058
2.46881
2.72863
2.70676
2.68427
2.67394
2.67445
2.67598
2.67737
2.67763
2.67641
2.67498
2.6733
2.67155
2.66953
2.66737
2.66491
2.66234
2.65947
2.65655
2.6533
2.65011
2.64653
2.64312
2.63911
2.63521
2.63079
2.62766
2.62382
2.6212
2.61758
2.61473
2.61058
2.60672
2.60169
2.59638
2.59044
2.58318
2.57641
2.56679
2.55868
2.54625
2.53568
2.51967
2.50479
2.48391
2.46253
2.43515
2.40545
2.3727
1.7325
2.46186
2.72311
2.70199
2.67732
2.66831
2.67218
2.67388
2.67654
2.67737
2.67754
2.67739
2.67711
2.6768
2.67609
2.67546
2.67411
2.67314
2.67108
2.66975
2.66702
2.66523
2.66189
2.6595
2.6557
2.65295
2.64872
2.64443
2.63903
2.63344
2.62708
2.62074
2.6147
2.60853
2.60293
2.59579
2.58983
2.581
2.57348
2.56265
2.55293
2.53983
2.5272
2.51152
2.49518
2.47627
2.45547
2.43246
2.40711
2.38103
1.72925
2.46739
2.72506
2.70227
2.67373
2.66423
2.66905
2.67148
2.67463
2.67575
2.67607
2.67621
2.67634
2.67631
2.6762
2.67593
2.67531
2.67489
2.67395
2.67321
2.6717
2.67043
2.6684
2.6664
2.66378
2.66087
2.65768
2.65381
2.64988
2.64479
2.64025
2.63362
2.62774
2.61869
2.61155
2.60139
2.59346
2.58316
2.57456
2.56331
2.55297
2.54006
2.52705
2.51176
2.49564
2.47728
2.45748
2.43567
2.41208
2.38914
1.73198
2.46064
2.7205
2.69674
2.67065
2.66096
2.66552
2.66774
2.67092
2.67215
2.67256
2.67282
2.67315
2.67343
2.67369
2.6737
2.6736
2.67332
2.67289
2.67214
2.67147
2.67012
2.66913
2.66709
2.66576
2.66302
2.66122
2.65748
2.65509
2.65014
2.64704
2.64078
2.6365
2.629
2.62289
2.61374
2.60525
2.59392
2.58316
2.57037
2.55783
2.54404
2.53012
2.51478
2.49866
2.48103
2.46277
2.44272
2.42159
2.40086
1.74119
2.44243
2.70891
2.68435
2.66688
2.65748
2.66042
2.6621
2.6652
2.66624
2.6669
2.66697
2.66718
2.66729
2.6674
2.66739
2.66733
2.66713
2.66694
2.66645
2.6661
2.66529
2.6647
2.66341
2.66246
2.66038
2.65898
2.65598
2.65403
2.64998
2.64708
2.6421
2.638
2.63198
2.62632
2.61899
2.6116
2.60256
2.59294
2.58172
2.56963
2.55578
2.54116
2.52514
2.5088
2.4911
2.47284
2.45354
2.43348
2.41395
1.73617
2.43595
2.70551
2.67673
2.66904
2.65576
2.65586
2.65786
2.66084
2.66195
2.663
2.6631
2.66336
2.66353
2.66369
2.66374
2.66371
2.66359
2.66343
2.66306
2.66276
2.66207
2.66155
2.66043
2.65964
2.65791
2.65672
2.6542
2.65246
2.64913
2.64641
2.6422
2.6382
2.63305
2.62786
2.62144
2.6148
2.60689
2.59859
2.58898
2.57874
2.56705
2.55452
2.54042
2.52536
2.50893
2.49172
2.4734
2.45431
2.43569
1.3569
2.46689
2.67907
2.66841
2.64643
2.62379
2.61673
2.62077
2.62274
2.62561
2.62704
2.62805
2.62885
2.62983
2.63053
2.63158
2.63222
2.63315
2.63363
2.6344
2.63469
2.63537
2.63548
2.63559
2.63557
2.63543
2.63517
2.63454
2.63395
2.63268
2.63158
2.6296
2.62766
2.62463
2.62143
2.61686
2.61184
2.60547
2.59855
2.59031
2.58159
2.57151
2.56086
2.54903
2.53631
2.52242
2.50762
2.49178
2.47501
2.45856
1.36029
2.47631
2.68621
2.67703
2.65244
2.62344
2.61381
2.61463
2.61662
2.61859
2.61941
2.61951
2.61972
2.61976
2.62002
2.62036
2.62073
2.62105
2.62138
2.6216
2.62186
2.62193
2.62206
2.62195
2.62176
2.62132
2.6209
2.61997
2.61922
2.61775
2.6164
2.61426
2.61215
2.60927
2.60626
2.60276
2.59896
2.59455
2.58951
2.58391
2.57723
2.56968
2.56072
2.5508
2.53998
2.52831
2.51596
2.50276
2.4887
2.47491
1.34956
2.41209
2.66902
2.66945
2.65002
2.62361
2.61384
2.6139
2.6146
2.61517
2.61484
2.61397
2.61323
2.6122
2.61154
2.61085
2.61036
2.60971
2.60924
2.60859
2.60813
2.60749
2.60701
2.60632
2.60577
2.60497
2.60428
2.60341
2.60255
2.6014
2.60005
2.59841
2.59643
2.59413
2.59137
2.58825
2.58461
2.58056
2.57595
2.57069
2.56492
2.55869
2.55199
2.54462
2.53657
2.52726
2.51673
2.50565
2.49386
2.4825
1.74187
2.39621
2.67439
2.66105
2.65209
2.6382
2.63303
2.63327
2.63303
2.63274
2.63196
2.6307
2.62933
2.62763
2.62606
2.62444
2.62281
2.62105
2.61926
2.61735
2.61543
2.61341
2.61135
2.60922
2.60704
2.60485
2.60257
2.6004
2.59801
2.59552
2.59304
2.59036
2.58761
2.58453
2.58137
2.57771
2.57396
2.56955
2.56503
2.55972
2.55426
2.54794
2.54147
2.53412
2.52642
2.51831
2.51012
2.50107
2.49129
2.48168
1.34691
2.39491
2.65976
2.66565
2.64932
2.62402
2.61541
2.61404
2.61531
2.61556
2.61528
2.61492
2.61404
2.61306
2.61245
2.61153
2.61083
2.60971
2.60878
2.6074
2.6063
2.60488
2.60374
2.60222
2.60096
2.59908
2.59747
2.59497
2.59295
2.59025
2.58788
2.58484
2.58201
2.5785
2.57525
2.57137
2.56763
2.56327
2.55891
2.55395
2.54877
2.54299
2.53683
2.53016
2.52294
2.5153
2.50711
2.49862
2.48962
2.48094
1.34822
2.4057
2.66688
2.67112
2.65079
2.62203
2.61075
2.61056
2.61153
2.61225
2.61212
2.61143
2.61067
2.60968
2.60908
2.60834
2.60773
2.60684
2.60601
2.60487
2.6037
2.60203
2.60031
2.59814
2.59593
2.59344
2.59087
2.58809
2.58513
2.58204
2.57871
2.57533
2.57174
2.56819
2.56422
2.56031
2.5559
2.55162
2.54676
2.54206
2.53674
2.5316
2.52577
2.52005
2.51362
2.50721
2.50005
2.49273
2.48493
2.47753
1.34764
2.40132
2.6641
2.66916
2.64818
2.61872
2.60668
2.60653
2.60734
2.60826
2.60797
2.60714
2.6063
2.60522
2.60448
2.60376
2.60311
2.60233
2.60155
2.60063
2.59964
2.5985
2.59719
2.59571
2.59397
2.59206
2.58981
2.58744
2.58465
2.58177
2.57844
2.57503
2.57118
2.5673
2.56299
2.55859
2.55374
2.54877
2.54341
2.53789
2.53207
2.52605
2.51979
2.51327
2.5066
2.49961
2.49257
2.48509
2.47752
2.47017
1.3448
2.37824
2.64684
2.66132
2.64215
2.61429
2.60245
2.60101
2.60131
2.60155
2.60089
2.60014
2.59879
2.59771
2.59662
2.59577
2.59472
2.59381
2.59265
2.59163
2.59036
2.58925
2.58787
2.58663
2.58512
2.58369
2.58196
2.58023
2.57817
2.57606
2.5736
2.57098
2.56798
2.56472
2.56107
2.55715
2.55291
2.54834
2.54347
2.53817
2.53267
2.52671
2.52057
2.51397
2.50723
2.50006
2.49281
2.48529
2.47766
2.47031
1.75164
2.37245
2.64475
2.64104
2.62754
2.61346
2.60857
2.60882
2.6088
2.60869
2.60812
2.60747
2.60626
2.60513
2.60386
2.60276
2.6014
2.6001
2.59853
2.59701
2.59523
2.59348
2.59151
2.58954
2.58737
2.58518
2.5828
2.58035
2.57774
2.57503
2.57224
2.56929
2.56624
2.56292
2.55949
2.5557
2.55178
2.54744
2.54288
2.53792
2.53268
2.52709
2.52127
2.51515
2.50881
2.50217
2.49527
2.48811
2.48059
2.47345
1.34689
2.38781
2.65197
2.65957
2.63902
2.60862
2.59727
2.59588
2.59752
2.59884
2.59868
2.59816
2.59757
2.59629
2.59559
2.59438
2.59361
2.59213
2.59114
2.58942
2.58783
2.586
2.58414
2.58201
2.57991
2.5777
2.5756
2.57333
2.57116
2.56871
2.56615
2.56327
2.5603
2.55704
2.55369
2.55009
2.54634
2.54238
2.53829
2.53398
2.52947
2.52468
2.51959
2.51415
2.50841
2.50234
2.49602
2.48948
2.48264
2.47606
1.35057
2.41097
2.65438
2.64851
2.62661
2.59602
2.58522
2.58549
2.58728
2.58921
2.58957
2.58934
2.58888
2.58812
2.58762
2.58711
2.58664
2.58604
2.58537
2.58459
2.58369
2.58268
2.58151
2.5802
2.57869
2.57684
2.57473
2.57232
2.56967
2.56677
2.56377
2.56056
2.55722
2.55369
2.55002
2.54615
2.54213
2.53791
2.53354
2.52898
2.52425
2.51934
2.51434
2.50921
2.50386
2.49836
2.49261
2.48664
2.4804
2.47442
1.77161
2.37147
2.63734
2.61675
2.61034
2.59496
2.59226
2.59297
2.59413
2.59542
2.59518
2.59472
2.5944
2.59376
2.59323
2.59268
2.59213
2.59148
2.59079
2.59
2.58914
2.58817
2.58711
2.5859
2.58459
2.58309
2.58144
2.57956
2.57749
2.57508
2.57235
2.56931
2.56598
2.56237
2.5585
2.55439
2.55004
2.54548
2.54072
2.53576
2.53059
2.52522
2.51956
2.51374
2.50775
2.50161
2.4954
2.48909
2.48265
2.47652
1.79832
2.35428
2.62528
2.60499
2.60176
2.59179
2.58841
2.58862
2.58887
2.58943
2.58917
2.58854
2.58793
2.58688
2.58589
2.58475
2.58361
2.58226
2.58091
2.57936
2.57783
2.57611
2.57447
2.57268
2.57098
2.56914
2.56738
2.56546
2.5636
2.56165
2.55981
2.55779
2.55584
2.55366
2.55146
2.54897
2.54639
2.54344
2.54012
2.53645
2.53254
2.52837
2.52396
2.51926
2.51432
2.50908
2.50355
2.49773
2.49162
2.48572
1.76309
2.38077
2.64905
2.61839
2.6126
2.59844
2.59523
2.59734
2.59881
2.59965
2.59939
2.59889
2.59784
2.59664
2.59536
2.59405
2.59261
2.5911
2.58947
2.58778
2.58597
2.58415
2.58205
2.57988
2.57742
2.57493
2.57215
2.56937
2.56631
2.56329
2.56
2.55679
2.55333
2.54986
2.54615
2.54246
2.53853
2.53466
2.53077
2.52688
2.52281
2.51865
2.51429
2.50989
2.5053
2.50063
2.49576
2.49079
2.48556
2.48063
1.28599
2.49343
2.64417
2.64157
2.61634
2.58358
2.57149
2.57193
2.57458
2.57697
2.57825
2.57848
2.57872
2.5787
2.57864
2.57857
2.57841
2.5781
2.57762
2.57697
2.57612
2.57507
2.5739
2.57254
2.57106
2.56935
2.56762
2.56545
2.56322
2.5608
2.55819
2.55539
2.5523
2.54909
2.5456
2.54202
2.53818
2.53425
2.53009
2.52587
2.52145
2.51699
2.51251
2.50777
2.50293
2.49785
2.49268
2.48728
2.48178
2.47651
1.77235
2.36631
2.63828
2.61607
2.6097
2.59423
2.58929
2.59021
2.59064
2.59224
2.59188
2.59133
2.5909
2.59014
2.58943
2.58859
2.58785
2.5869
2.58601
2.58488
2.58379
2.58247
2.58118
2.57964
2.57812
2.57632
2.57454
2.57243
2.57012
2.5675
2.56472
2.56163
2.55858
2.55525
2.55195
2.54833
2.54472
2.54075
2.53681
2.53248
2.52818
2.52346
2.51863
2.51355
2.50841
2.50306
2.49763
2.49201
2.48629
2.48082
1.77377
2.36449
2.63615
2.61412
2.6078
2.59244
2.58748
2.58857
2.58965
2.59074
2.5913
2.59081
2.59037
2.5896
2.58876
2.58784
2.58687
2.58575
2.58452
2.58316
2.58171
2.58014
2.57847
2.57671
2.57485
2.5729
2.57084
2.56876
2.56672
2.56459
2.56243
2.56012
2.55762
2.55493
2.55203
2.549
2.54576
2.54242
2.53884
2.53518
2.53125
2.52726
2.52299
2.51866
2.51404
2.50938
2.50442
2.49944
2.49415
2.4891
1.28539
2.48975
2.64143
2.63885
2.61316
2.57843
2.56547
2.56494
2.5675
2.56955
2.57053
2.57048
2.57035
2.56997
2.56967
2.5692
2.56891
2.56829
2.56785
2.56695
2.56631
2.56514
2.56426
2.56281
2.56171
2.56007
2.55843
2.55667
2.55476
2.55276
2.55063
2.54844
2.54611
2.54372
2.54117
2.53854
2.5357
2.53279
2.52966
2.52643
2.52297
2.51941
2.51564
2.51176
2.50767
2.50346
2.49907
2.49455
2.48985
2.48534
1.76744
2.37185
2.63935
2.60878
2.60236
2.58635
2.5833
2.58545
2.58636
2.58853
2.5883
2.58779
2.58735
2.58655
2.58579
2.58492
2.5841
2.58308
2.58206
2.58086
2.57964
2.57827
2.57684
2.57529
2.57365
2.57191
2.57003
2.56807
2.56594
2.56374
2.56134
2.55876
2.556
2.55306
2.54996
2.5467
2.54328
2.53971
2.53601
2.53225
2.52833
2.52434
2.52018
2.51594
2.51152
2.50702
2.50234
2.49758
2.49263
2.48792
1.79555
2.3548
2.62266
2.59459
2.59065
2.57897
2.57569
2.57688
2.57719
2.57793
2.57775
2.57736
2.57693
2.57621
2.57552
2.57478
2.57401
2.57313
2.57218
2.57112
2.56999
2.56875
2.56742
2.56601
2.5645
2.56291
2.5612
2.55943
2.55753
2.55558
2.5535
2.55149
2.54932
2.5472
2.54489
2.5426
2.54009
2.53753
2.53469
2.53176
2.52855
2.52528
2.52178
2.51821
2.51441
2.51054
2.50644
2.50227
2.49785
2.49368
1.80017
2.34958
2.6176
2.59148
2.58785
2.5766
2.57278
2.57344
2.57362
2.57403
2.5739
2.5735
2.57303
2.57229
2.57154
2.57077
2.56994
2.56903
2.56802
2.56693
2.56572
2.56444
2.56301
2.56153
2.5599
2.55821
2.55634
2.55443
2.55233
2.55019
2.54786
2.5455
2.54294
2.54035
2.53757
2.53476
2.53177
2.52881
2.52569
2.52257
2.51929
2.51599
2.51248
2.50894
2.5052
2.50143
2.49746
2.49344
2.4892
2.48523
1.78048
2.3549
2.615
2.60194
2.59234
2.57589
2.57086
2.57132
2.57193
2.57257
2.57257
2.5721
2.5716
2.57079
2.57001
2.56925
2.56843
2.56755
2.56655
2.56551
2.56432
2.5631
2.56172
2.56032
2.55872
2.55712
2.55531
2.55349
2.55145
2.54941
2.54712
2.54484
2.54231
2.53978
2.537
2.53421
2.53117
2.52813
2.52484
2.52155
2.51801
2.51448
2.5107
2.50693
2.50292
2.4989
2.49466
2.4904
2.48591
2.48172
1.34466
2.37875
2.63694
2.63679
2.61454
2.58102
2.56676
2.56436
2.56566
2.56679
2.56675
2.56649
2.5658
2.56484
2.56391
2.56317
2.5623
2.56148
2.56044
2.55943
2.55819
2.557
2.55557
2.55417
2.55253
2.55092
2.54906
2.54722
2.54513
2.54305
2.54072
2.5384
2.53582
2.53324
2.53042
2.52758
2.52449
2.52139
2.51805
2.51468
2.51106
2.50743
2.50355
2.49964
2.49552
2.49135
2.48698
2.48258
2.47797
2.4736
1.34582
2.38605
2.6519
2.6566
2.6305
2.5919
2.57428
2.5719
2.57355
2.57483
2.5753
2.57496
2.57414
2.57317
2.5721
2.57125
2.57037
2.56949
2.56845
2.56739
2.56617
2.56495
2.56356
2.56216
2.5606
2.55902
2.55728
2.55551
2.55358
2.5516
2.54946
2.54726
2.54491
2.54249
2.53992
2.53727
2.53447
2.53157
2.52852
2.52537
2.52207
2.51866
2.5151
2.51143
2.50761
2.50367
2.4996
2.49541
2.49108
2.4869
1.34501
2.37818
2.63532
2.63572
2.61277
2.57938
2.56416
2.56215
2.56352
2.56443
2.56488
2.56445
2.56376
2.56275
2.56183
2.56101
2.56023
2.55937
2.55844
2.55741
2.55631
2.55512
2.55388
2.55252
2.55112
2.54959
2.54801
2.5463
2.54453
2.54263
2.54067
2.53856
2.5364
2.53408
2.53172
2.52918
2.52661
2.52384
2.52104
2.51805
2.51501
2.51178
2.50851
2.50504
2.50154
2.49782
2.49408
2.49012
2.48612
2.48218
1.78186
2.35311
2.61241
2.5986
2.58869
2.57079
2.56569
2.56606
2.56663
2.56772
2.56757
2.56705
2.56658
2.56572
2.565
2.56421
2.56348
2.56258
2.56171
2.56064
2.55961
2.55838
2.55719
2.5558
2.55445
2.55287
2.55134
2.54957
2.54785
2.54589
2.54397
2.5418
2.53968
2.5373
2.53496
2.53236
2.5298
2.52698
2.5242
2.52115
2.51814
2.51485
2.5116
2.50807
2.50459
2.50082
2.4971
2.49309
2.48909
2.48511
1.8024
2.34588
2.61307
2.58602
2.58251
2.57125
2.56771
2.56878
2.56906
2.56954
2.56941
2.5689
2.5684
2.56749
2.56672
2.56581
2.565
2.56397
2.56303
2.56181
2.56069
2.55928
2.558
2.55643
2.55497
2.55321
2.55156
2.54958
2.54771
2.54554
2.54346
2.54109
2.53879
2.53619
2.53365
2.53082
2.52804
2.52499
2.52198
2.51869
2.51544
2.51192
2.50843
2.50466
2.50093
2.49692
2.49296
2.48872
2.48451
2.48032
1.78918
2.35961
2.62562
2.59405
2.58748
2.57339
2.57089
2.57292
2.57439
2.57535
2.57534
2.57481
2.57436
2.57348
2.57281
2.57192
2.57119
2.57015
2.56927
2.56805
2.56702
2.56562
2.56441
2.56285
2.56146
2.55972
2.55814
2.55622
2.55442
2.55231
2.55028
2.54797
2.54574
2.54322
2.54075
2.53801
2.5353
2.53234
2.52939
2.52619
2.52301
2.51957
2.51615
2.51247
2.50881
2.50488
2.50099
2.49682
2.49268
2.48856
2.17227
2.34397
2.76494
2.85889
2.90924
2.8538
2.84956
2.84789
2.83997
2.83845
2.84051
2.84202
2.8427
2.8432
2.8442
2.84515
2.84646
2.84781
2.84853
2.84894
2.84899
2.84813
2.84658
2.84535
2.84211
2.83881
2.83506
2.83021
2.82489
2.81963
2.81338
2.80729
2.8005
2.79368
2.78654
2.77936
2.77189
2.76398
2.75548
2.74727
2.73873
2.73049
2.72186
2.71357
2.70495
2.69671
2.6882
2.68011
2.67183
2.66396
2.65601
2.64843
2.64087
2.63371
2.62661
2.61997
2.61343
2.60743
2.60156
2.59631
2.59126
2.58685
2.58276
2.57931
2.57629
2.5739
2.572
2.57074
2.56996
2.56976
2.5698
2.57001
2.57054
2.57188
2.57352
2.57588
2.57795
2.58038
2.58245
2.58483
2.58676
2.58891
2.59053
2.59229
2.59348
2.59476
2.5955
2.59627
2.59656
2.59693
2.59692
2.59686
2.59666
2.59622
2.59555
2.59476
2.594
2.59314
2.59237
2.58969
2.18014
2.25969
2.44965
2.62861
2.69581
2.74395
2.77772
2.8062
2.82328
2.83674
2.84553
2.85567
2.86233
2.86195
2.8579
2.85196
2.84341
2.83454
2.82403
2.81331
2.80205
2.79065
2.77885
2.76743
2.75552
2.74377
2.73187
2.72009
2.7083
2.69682
2.68508
2.67379
2.66226
2.65106
2.64
2.62934
2.61868
2.60773
2.59656
2.58571
2.57509
2.56477
2.55447
2.54452
2.53461
2.5251
2.51562
2.50657
2.49757
2.48894
2.48046
2.47228
2.46437
2.45672
2.44946
2.44243
2.43588
2.42959
2.42382
2.41837
2.41347
2.40896
2.40501
2.40156
2.39866
2.39634
2.39455
2.39339
2.39271
2.39261
2.39274
2.39311
2.39384
2.39531
2.39729
2.39981
2.40235
2.40492
2.40745
2.40986
2.41215
2.41419
2.41601
2.41751
2.41874
2.41965
2.42027
2.42063
2.42067
2.4206
2.4204
2.42004
2.41967
2.41888
2.41814
2.41705
2.41623
2.41513
2.41443
2.41165
2.22653
2.21197
2.27134
2.35672
2.41153
2.45889
2.49291
2.52104
2.54324
2.55977
2.57222
2.58138
2.58844
2.59054
2.58963
2.58755
2.5831
2.57782
2.57188
2.56518
2.55811
2.55064
2.54305
2.53533
2.52738
2.51937
2.51106
2.50287
2.49439
2.48617
2.47757
2.4694
2.46075
2.45263
2.44423
2.4366
2.42861
2.42058
2.41192
2.40356
2.39535
2.38736
2.37938
2.37157
2.36376
2.35614
2.34857
2.3412
2.3339
2.32685
2.3199
2.31321
2.30665
2.30039
2.29428
2.28851
2.28293
2.27774
2.27276
2.26823
2.26396
2.26019
2.25672
2.25381
2.25124
2.24926
2.24768
2.24669
2.24612
2.24606
2.24622
2.24659
2.24737
2.24858
2.25058
2.2528
2.25531
2.2577
2.26021
2.26248
2.26477
2.26671
2.2686
2.27006
2.27143
2.27232
2.27313
2.27346
2.27376
2.27371
2.27362
2.27343
2.27314
2.27252
2.27186
2.27096
2.27026
2.26938
2.26896
2.26676
2.25906
2.21953
2.21506
2.23984
2.27087
2.29333
2.3086
2.32032
2.33084
2.34001
2.34763
2.35361
2.35821
2.36174
2.3633
2.36345
2.36336
2.36318
2.36298
2.36266
2.36223
2.36157
2.36096
2.3597
2.35834
2.35657
2.35447
2.352
2.34923
2.34615
2.34279
2.33916
2.33523
2.33112
2.32693
2.32288
2.31866
2.31393
2.30862
2.3031
2.29766
2.29218
2.28672
2.28113
2.27556
2.26989
2.26427
2.25861
2.25303
2.24746
2.24198
2.23658
2.23129
2.22613
2.22111
2.21628
2.21162
2.20721
2.20301
2.19911
2.19549
2.1922
2.18925
2.18668
2.18451
2.18275
2.18145
2.18057
2.18023
2.18023
2.18046
2.18084
2.18161
2.18279
2.18467
2.18673
2.18911
2.19137
2.19378
2.19587
2.19804
2.19978
2.20154
2.2028
2.20405
2.20478
2.2055
2.20573
2.20597
2.20588
2.2058
2.20563
2.20537
2.2048
2.20426
2.20342
2.20284
2.20207
2.20184
2.19987
2.27433
2.24034
2.21847
2.21089
2.21793
2.22263
2.22469
2.22532
2.22622
2.22808
2.2307
2.23308
2.23494
2.23685
2.23942
2.24184
2.24393
2.24648
2.24904
2.25199
2.25481
2.2577
2.26026
2.26261
2.26451
2.26596
2.26689
2.26744
2.26718
2.26659
2.26562
2.26406
2.26217
2.25979
2.25738
2.25482
2.25212
2.24872
2.24475
2.24031
2.23587
2.23126
2.22664
2.22185
2.21701
2.21203
2.20703
2.20194
2.19688
2.19177
2.18673
2.18169
2.17676
2.17188
2.16717
2.16255
2.15814
2.1539
2.1499
2.14613
2.14264
2.13947
2.13659
2.13412
2.13198
2.13031
2.12898
2.12819
2.12783
2.12788
2.12806
2.12841
2.12918
2.13028
2.13208
2.13398
2.13627
2.13843
2.14077
2.14283
2.14491
2.14663
2.14827
2.14953
2.15065
2.15138
2.15197
2.1522
2.1523
2.15216
2.15204
2.15176
2.15144
2.15076
2.15019
2.1493
2.14871
2.14792
2.14777
2.14586
2.29806
2.2541
2.22982
2.20994
2.20004
2.19325
2.18745
2.18145
2.17652
2.17275
2.17091
2.17042
2.17096
2.17131
2.17241
2.17463
2.17722
2.18041
2.18337
2.18701
2.19041
2.19429
2.19766
2.20121
2.20399
2.20674
2.20856
2.21024
2.21096
2.21157
2.21137
2.21069
2.20961
2.20803
2.20639
2.2046
2.20258
2.19991
2.19664
2.19288
2.18901
2.1849
2.18077
2.17648
2.17213
2.16765
2.16312
2.1585
2.15385
2.14919
2.14452
2.1399
2.13531
2.13083
2.1264
2.12215
2.11799
2.11408
2.1103
2.10683
2.10353
2.10061
2.0979
2.09564
2.09362
2.0921
2.09089
2.09026
2.08999
2.09008
2.09028
2.09067
2.09141
2.09263
2.09423
2.0961
2.09817
2.10032
2.10247
2.1045
2.10642
2.10808
2.10957
2.11076
2.11174
2.11242
2.1129
2.1131
2.1131
2.11296
2.11281
2.11246
2.11212
2.11138
2.11083
2.10991
2.10935
2.10854
2.10844
2.10651
2.32169
2.28165
2.24788
2.22304
2.20253
2.18756
2.17516
2.16465
2.15515
2.14763
2.14173
2.13817
2.13603
2.13559
2.13566
2.13619
2.13801
2.14089
2.14406
2.14751
2.15112
2.15495
2.1587
2.16245
2.16585
2.16903
2.17161
2.17383
2.17537
2.17652
2.17698
2.17711
2.17654
2.17559
2.17457
2.17338
2.17192
2.16981
2.16713
2.16395
2.16056
2.1569
2.15317
2.14925
2.1453
2.14118
2.13703
2.13274
2.12844
2.12407
2.11971
2.11534
2.11102
2.10676
2.10258
2.09853
2.0946
2.09086
2.08728
2.08396
2.08085
2.07806
2.07552
2.07336
2.07151
2.0701
2.06905
2.06852
2.06837
2.0685
2.06873
2.0692
2.07003
2.07132
2.07291
2.07474
2.07675
2.07886
2.08096
2.08298
2.08484
2.08652
2.08797
2.08917
2.09014
2.09083
2.09132
2.0915
2.09152
2.0914
2.09127
2.09093
2.09059
2.08985
2.08935
2.08843
2.08792
2.08713
2.08706
2.08512
2.33758
2.30364
2.27051
2.24196
2.21777
2.19866
2.18114
2.16619
2.1532
2.14267
2.13374
2.1275
2.12282
2.12048
2.11906
2.11906
2.11917
2.12034
2.12271
2.12581
2.12938
2.1328
2.13648
2.14
2.14353
2.14669
2.14959
2.15197
2.15391
2.15529
2.15616
2.15649
2.15628
2.15561
2.15494
2.154
2.15281
2.15095
2.14858
2.14568
2.14257
2.13913
2.1356
2.13186
2.12808
2.12413
2.12015
2.11604
2.11191
2.10771
2.1035
2.09929
2.09512
2.091
2.08696
2.08305
2.07925
2.07564
2.0722
2.069
2.06601
2.06333
2.06092
2.05888
2.05715
2.05584
2.0549
2.05447
2.05438
2.05451
2.05476
2.0553
2.05617
2.05751
2.05905
2.06084
2.06276
2.06478
2.06679
2.06874
2.07056
2.07219
2.07361
2.07478
2.07573
2.0764
2.07686
2.07702
2.07701
2.07689
2.07674
2.07637
2.07602
2.07527
2.07478
2.07388
2.07339
2.07264
2.07262
2.07073
2.35133
2.31985
2.28915
2.25933
2.23351
2.21025
2.19131
2.17469
2.16012
2.14712
2.1364
2.12741
2.12095
2.11607
2.11332
2.1115
2.11095
2.11066
2.11126
2.11287
2.11577
2.11878
2.12215
2.12526
2.12853
2.13138
2.13423
2.13647
2.13853
2.13987
2.14095
2.14126
2.14122
2.1407
2.1401
2.13935
2.1382
2.13648
2.13419
2.13149
2.12849
2.1252
2.12175
2.11811
2.1144
2.11054
2.10665
2.10264
2.09862
2.09452
2.09043
2.08633
2.08227
2.07827
2.07435
2.07055
2.06688
2.06339
2.06008
2.057
2.05416
2.05159
2.04933
2.04738
2.0458
2.04457
2.04377
2.0434
2.0434
2.04352
2.04379
2.04437
2.0453
2.04666
2.04818
2.04992
2.05175
2.05367
2.05558
2.05744
2.05919
2.06076
2.06215
2.06328
2.06422
2.06487
2.06532
2.06547
2.06545
2.06533
2.06518
2.0648
2.06445
2.06369
2.06321
2.06232
2.06185
2.06112
2.06113
2.05927
2.36716
2.33799
2.30865
2.27948
2.25242
2.22802
2.20642
2.18754
2.1709
2.15642
2.14398
2.13353
2.12498
2.11838
2.11356
2.11033
2.10828
2.10737
2.10701
2.10715
2.10809
2.10972
2.1124
2.1152
2.11805
2.12066
2.12318
2.1253
2.12719
2.12854
2.12955
2.12995
2.12989
2.12952
2.12898
2.12834
2.12722
2.12563
2.12347
2.12101
2.11821
2.1152
2.11194
2.10856
2.10502
2.10139
2.09767
2.09387
2.09002
2.08612
2.08222
2.07829
2.07443
2.07058
2.06685
2.06318
2.05969
2.05631
2.05318
2.05022
2.04755
2.0451
2.043
2.04116
2.03973
2.0386
2.03794
2.03766
2.03771
2.03785
2.03817
2.03877
2.03984
2.04114
2.04271
2.04436
2.04616
2.04795
2.04981
2.05156
2.05327
2.05479
2.05618
2.05732
2.05827
2.05895
2.05941
2.05961
2.05961
2.05953
2.05939
2.05904
2.0587
2.05798
2.0575
2.05666
2.05621
2.05553
2.05558
2.05372
2.38251
2.35455
2.32607
2.29737
2.27015
2.24495
2.22236
2.20209
2.18422
2.1683
2.15447
2.14241
2.13233
2.12394
2.11746
2.11248
2.10898
2.10655
2.10524
2.10463
2.10472
2.1053
2.10663
2.10867
2.11099
2.11339
2.11566
2.11773
2.11958
2.12106
2.12224
2.1229
2.12322
2.12316
2.12303
2.12267
2.1219
2.12062
2.11879
2.11669
2.11421
2.11151
2.10852
2.10538
2.10203
2.09859
2.09502
2.09139
2.08768
2.08394
2.08018
2.07641
2.07268
2.06898
2.06538
2.06186
2.05851
2.0553
2.05231
2.0495
2.04697
2.04468
2.04272
2.04104
2.03974
2.03876
2.03823
2.03804
2.03811
2.03827
2.03869
2.0393
2.04048
2.04173
2.04329
2.04483
2.04657
2.04822
2.04998
2.0516
2.05324
2.05468
2.05603
2.05714
2.05809
2.05877
2.05926
2.05947
2.0595
2.05944
2.05932
2.059
2.05868
2.05799
2.05753
2.05672
2.05628
2.05565
2.05573
2.05387
2.40554
2.37754
2.34864
2.31933
2.29109
2.26474
2.24069
2.21906
2.19966
2.18245
2.16715
2.15381
2.14219
2.13244
2.12426
2.11785
2.11284
2.10922
2.10664
2.1051
2.10436
2.1044
2.10487
2.10611
2.10782
2.11014
2.1126
2.11496
2.117
2.1188
2.12018
2.12121
2.12174
2.12211
2.12222
2.12204
2.12149
2.12038
2.11876
2.1169
2.11466
2.1122
2.10943
2.10648
2.10331
2.10002
2.09659
2.0931
2.08952
2.08591
2.08227
2.07864
2.07503
2.07147
2.06799
2.06462
2.06139
2.05831
2.05545
2.05277
2.05037
2.0482
2.04636
2.0448
2.04362
2.04275
2.04235
2.04221
2.04228
2.04247
2.04295
2.04361
2.04484
2.04605
2.04759
2.04903
2.05069
2.05221
2.05388
2.05538
2.05695
2.0583
2.05964
2.06071
2.06169
2.06237
2.06292
2.06314
2.06325
2.06321
2.06311
2.06286
2.06256
2.06193
2.0615
2.06073
2.06032
2.05972
2.05984
2.05796
2.43132
2.40518
2.37715
2.34813
2.31945
2.29228
2.267
2.24404
2.22318
2.20457
2.18785
2.17316
2.16016
2.14904
2.13946
2.1317
2.12538
2.1206
2.11695
2.11454
2.11297
2.11237
2.11256
2.11312
2.11424
2.11602
2.11808
2.1204
2.1227
2.12459
2.1263
2.12744
2.12836
2.12891
2.12953
2.12946
2.12911
2.12828
2.127
2.12541
2.12348
2.12128
2.11876
2.11602
2.11303
2.10991
2.10662
2.10326
2.09979
2.09631
2.09277
2.08926
2.08576
2.08232
2.07896
2.07571
2.07259
2.06964
2.06687
2.06433
2.06202
2.06002
2.05827
2.05689
2.05578
2.0551
2.05474
2.0547
2.05477
2.05498
2.05553
2.05624
2.05751
2.05866
2.06016
2.06146
2.06305
2.06442
2.06602
2.06738
2.0689
2.07014
2.07148
2.07249
2.07351
2.07418
2.07481
2.07506
2.07525
2.07525
2.07519
2.07502
2.07477
2.07421
2.07381
2.07312
2.07273
2.0722
2.07236
2.07048
2.45155
2.42903
2.40382
2.37694
2.34952
2.32295
2.29763
2.27419
2.25255
2.23297
2.21519
2.19935
2.1852
2.17284
2.16203
2.15298
2.14541
2.13941
2.13464
2.13117
2.12866
2.12719
2.12644
2.12659
2.12707
2.12814
2.1297
2.13152
2.13354
2.13565
2.13727
2.13867
2.13948
2.14028
2.14069
2.14051
2.14002
2.13898
2.13762
2.1359
2.13391
2.13159
2.12902
2.1262
2.12318
2.11999
2.11668
2.1133
2.10984
2.10638
2.10289
2.09946
2.09603
2.09274
2.08948
2.08641
2.08342
2.08068
2.07807
2.07578
2.07365
2.07188
2.07031
2.06916
2.06822
2.06775
2.06749
2.06751
2.06762
2.06789
2.0685
2.06929
2.07047
2.07152
2.07286
2.07401
2.0754
2.0766
2.07798
2.07917
2.08049
2.08159
2.08275
2.08366
2.08457
2.08518
2.08575
2.086
2.08617
2.08615
2.08609
2.08592
2.08568
2.08514
2.08476
2.08406
2.0837
2.08318
2.08336
2.08144
2.46298
2.44455
2.4232
2.39979
2.37531
2.35091
2.32718
2.3046
2.28344
2.2638
2.24579
2.22935
2.21452
2.20122
2.18946
2.17915
2.17035
2.16297
2.15689
2.15203
2.14822
2.14541
2.14341
2.14222
2.14163
2.14171
2.14198
2.14259
2.14339
2.14412
2.14496
2.14538
2.14564
2.14567
2.14546
2.1449
2.14391
2.14254
2.14096
2.13904
2.13691
2.13445
2.13182
2.12893
2.12591
2.1227
2.11942
2.11604
2.11266
2.10925
2.10588
2.10255
2.0993
2.09613
2.09309
2.09019
2.08744
2.08491
2.08256
2.08048
2.07862
2.07708
2.07577
2.07483
2.07412
2.07383
2.0737
2.07375
2.07391
2.07425
2.07495
2.07575
2.0768
2.07774
2.07886
2.07985
2.081
2.082
2.08315
2.08413
2.08522
2.08614
2.08711
2.08787
2.08864
2.08919
2.08967
2.08992
2.09005
2.09003
2.08997
2.08982
2.08961
2.0891
2.08875
2.08809
2.08775
2.08727
2.08748
2.08553
2.46498
2.44929
2.43114
2.41076
2.38934
2.36747
2.34599
2.32505
2.30516
2.28628
2.2687
2.25229
2.23724
2.22341
2.21091
2.19958
2.18962
2.18087
2.17336
2.16694
2.16159
2.15717
2.15363
2.15083
2.14871
2.1472
2.14616
2.14548
2.14516
2.14508
2.14516
2.14518
2.14511
2.14484
2.14431
2.14351
2.14236
2.14097
2.13926
2.13734
2.13513
2.13272
2.13007
2.12726
2.12427
2.12117
2.11796
2.11471
2.11142
2.10815
2.10492
2.10174
2.09866
2.09568
2.09286
2.09015
2.08766
2.08532
2.08326
2.08138
2.07982
2.07846
2.07746
2.07667
2.07626
2.07604
2.07606
2.07614
2.07637
2.0768
2.07754
2.07832
2.07918
2.08
2.08088
2.08171
2.08262
2.08345
2.08437
2.08517
2.08605
2.08679
2.08758
2.08822
2.08887
2.08934
2.08978
2.09002
2.09015
2.09013
2.09008
2.08996
2.08977
2.08933
2.08901
2.08839
2.08809
2.08765
2.0879
2.08591
2.46581
2.45173
2.43539
2.41698
2.39743
2.37739
2.35738
2.33778
2.3188
2.30068
2.28343
2.26723
2.25201
2.23789
2.22479
2.21277
2.20183
2.19203
2.1833
2.17565
2.169
2.16332
2.15853
2.15452
2.1512
2.14849
2.14639
2.14483
2.14363
2.14279
2.14215
2.14164
2.14109
2.14047
2.13965
2.13866
2.13738
2.13591
2.13413
2.13217
2.12994
2.12755
2.12493
2.12221
2.11929
2.11632
2.11321
2.11012
2.10697
2.10388
2.10081
2.09786
2.09498
2.09226
2.08967
2.08726
2.08503
2.08301
2.08122
2.07966
2.07837
2.07733
2.07657
2.07606
2.07584
2.07578
2.07584
2.07601
2.07633
2.07696
2.07759
2.07835
2.07898
2.07973
2.08036
2.0811
2.08173
2.08246
2.0831
2.08378
2.0844
2.08502
2.08559
2.08613
2.08662
2.08703
2.08739
2.08762
2.08774
2.08773
2.08768
2.08757
2.08741
2.08704
2.08676
2.0862
2.08594
2.08555
2.08586
2.08384
2.46453
2.45183
2.43709
2.42041
2.40265
2.38429
2.36575
2.34737
2.32938
2.31194
2.29517
2.27917
2.26398
2.24965
2.23618
2.22361
2.21195
2.20128
2.19155
2.18279
2.17495
2.168
2.16184
2.15652
2.15199
2.14817
2.14503
2.14241
2.14031
2.13859
2.13725
2.13605
2.13503
2.13396
2.13288
2.13162
2.13024
2.12862
2.12683
2.1248
2.12263
2.12023
2.11773
2.11505
2.1123
2.10941
2.10652
2.10355
2.10063
2.09771
2.0949
2.09215
2.08956
2.08707
2.08478
2.08264
2.08073
2.079
2.07754
2.07629
2.07532
2.07458
2.07412
2.07388
2.07386
2.07393
2.07409
2.07446
2.07493
2.07559
2.07616
2.07678
2.0773
2.07787
2.07835
2.07889
2.07936
2.07988
2.08032
2.08079
2.08119
2.08162
2.082
2.08239
2.08273
2.08306
2.08332
2.08352
2.0836
2.0836
2.08354
2.08342
2.08329
2.08297
2.08272
2.08222
2.08201
2.08167
2.08202
2.07995
2.45795
2.447
2.43393
2.41889
2.40254
2.3855
2.36822
2.35096
2.33391
2.31722
2.301
2.28534
2.27028
2.25591
2.24222
2.22928
2.21706
2.20569
2.19514
2.18547
2.1766
2.16861
2.1614
2.15507
2.14943
2.1446
2.14036
2.13683
2.13379
2.1313
2.12916
2.12741
2.12582
2.12443
2.123
2.12161
2.12006
2.11844
2.11661
2.11467
2.11251
2.11026
2.10782
2.10533
2.10268
2.10002
2.09725
2.09454
2.09178
2.08913
2.08649
2.08404
2.08164
2.07946
2.07739
2.07558
2.07391
2.07253
2.07132
2.07041
2.06969
2.06927
2.06903
2.06904
2.06912
2.0693
2.06965
2.07017
2.07073
2.07132
2.0718
2.07227
2.07265
2.07306
2.07338
2.07374
2.07403
2.07434
2.07458
2.07484
2.07504
2.07528
2.07549
2.07574
2.07596
2.07619
2.07638
2.07653
2.07661
2.07661
2.07655
2.07645
2.07635
2.07611
2.07591
2.07549
2.07534
2.07507
2.07548
2.07338
2.45793
2.44639
2.43318
2.41846
2.4027
2.38636
2.36968
2.35301
2.33648
2.32023
2.30433
2.28888
2.27392
2.25949
2.24565
2.23241
2.21981
2.2079
2.19676
2.18636
2.17677
2.16795
2.15997
2.1527
2.14622
2.14043
2.13538
2.13097
2.12719
2.12396
2.1213
2.11902
2.11716
2.11546
2.11396
2.11245
2.11098
2.10937
2.1077
2.10585
2.10391
2.10177
2.09957
2.09721
2.09481
2.09229
2.08979
2.08723
2.08474
2.08225
2.0799
2.0776
2.07549
2.07348
2.07171
2.07007
2.06871
2.06751
2.06662
2.0659
2.06549
2.06523
2.06523
2.0653
2.06548
2.06586
2.06636
2.06693
2.06744
2.06791
2.06829
2.06864
2.06892
2.0692
2.06941
2.06965
2.0698
2.06997
2.07006
2.07018
2.07024
2.07037
2.07046
2.07064
2.07077
2.07099
2.07112
2.0713
2.07138
2.07144
2.0714
2.07136
2.0713
2.07116
2.07103
2.07074
2.07065
2.07048
2.07095
2.06884
2.46116
2.44938
2.43584
2.42094
2.4051
2.38888
2.37249
2.35607
2.33975
2.32365
2.30786
2.29242
2.27744
2.2629
2.24889
2.23541
2.2225
2.21022
2.19863
2.18773
2.17758
2.16817
2.15954
2.15167
2.1446
2.13827
2.13272
2.12785
2.12369
2.12012
2.11706
2.11454
2.11232
2.11045
2.10873
2.1072
2.10565
2.10414
2.10251
2.10083
2.09898
2.09706
2.09498
2.09285
2.0906
2.08833
2.08599
2.08369
2.08138
2.07916
2.07699
2.07497
2.07305
2.07133
2.06975
2.0684
2.06724
2.06636
2.06567
2.06526
2.06503
2.06503
2.06511
2.06533
2.06572
2.06631
2.06687
2.06738
2.06784
2.06818
2.0685
2.0687
2.06891
2.06903
2.06917
2.06923
2.06928
2.06924
2.06919
2.06915
2.06909
2.06909
2.06911
2.06913
2.06922
2.06936
2.06946
2.06961
2.06968
2.06977
2.06977
2.06975
2.06973
2.06967
2.0696
2.06943
2.06941
2.06932
2.06982
2.06774
2.4648
2.45403
2.44154
2.42733
2.41206
2.39613
2.37998
2.36373
2.34758
2.33157
2.31583
2.30038
2.28533
2.27067
2.25648
2.24278
2.2296
2.217
2.20502
2.19369
2.18305
2.17312
2.1639
2.15544
2.14769
2.14071
2.13441
2.12886
2.12392
2.11963
2.11591
2.11269
2.10998
2.10767
2.10567
2.10384
2.10214
2.10048
2.09884
2.09713
2.09537
2.09351
2.09158
2.08956
2.0875
2.0854
2.08329
2.08119
2.07914
2.07716
2.07526
2.0735
2.07186
2.07041
2.06912
2.06806
2.06721
2.06661
2.06622
2.06609
2.06611
2.06622
2.06653
2.06701
2.06763
2.06827
2.0688
2.06929
2.06964
2.06994
2.07011
2.07026
2.07031
2.07035
2.07032
2.07025
2.07011
2.06989
2.06965
2.06941
2.06922
2.06905
2.06895
2.06887
2.06886
2.06887
2.06889
2.06895
2.06905
2.06909
2.06915
2.06915
2.06915
2.06914
2.06912
2.06909
2.06912
2.0691
2.06966
2.06763
2.464
2.45414
2.44249
2.42924
2.415
2.4001
2.38487
2.36944
2.35397
2.33853
2.32323
2.30812
2.29327
2.27873
2.26454
2.25074
2.23738
2.22449
2.21213
2.20034
2.18915
2.17859
2.1687
2.15946
2.15094
2.14308
2.13595
2.12948
2.12375
2.11863
2.11417
2.11024
2.1069
2.10393
2.10142
2.09918
2.09723
2.09539
2.09369
2.09195
2.09027
2.08848
2.08671
2.08482
2.08298
2.08103
2.07919
2.07729
2.07554
2.07378
2.07221
2.07067
2.06938
2.06816
2.06725
2.06646
2.066
2.06567
2.06566
2.06572
2.06592
2.06639
2.067
2.06774
2.06841
2.06905
2.06956
2.07001
2.0703
2.07051
2.07059
2.07063
2.0706
2.07053
2.07038
2.07012
2.06977
2.06937
2.06899
2.06862
2.0683
2.068
2.06777
2.06757
2.06745
2.06736
2.06733
2.06734
2.06735
2.0674
2.06743
2.06747
2.0675
2.06751
2.06754
2.06757
2.06766
2.06773
2.06839
2.06647
2.46605
2.45595
2.44445
2.43148
2.41753
2.40301
2.38811
2.37306
2.35787
2.34275
2.32762
2.31271
2.29791
2.28345
2.26918
2.25535
2.24178
2.22873
2.21604
2.20397
2.19233
2.18139
2.17095
2.16127
2.15215
2.14381
2.1361
2.12921
2.12295
2.11749
2.11258
2.10835
2.1046
2.10146
2.09866
2.0963
2.09414
2.09226
2.09045
2.08879
2.08709
2.08547
2.08377
2.08213
2.08042
2.07877
2.07709
2.07552
2.07396
2.07254
2.07117
2.06999
2.06891
2.06807
2.06737
2.06695
2.0667
2.06671
2.06679
2.06708
2.06761
2.06838
2.06915
2.06991
2.0706
2.07121
2.07171
2.07208
2.07232
2.07241
2.07244
2.0724
2.07232
2.07213
2.07182
2.07138
2.07089
2.07039
2.06989
2.06942
2.06898
2.06859
2.06823
2.06795
2.06773
2.06757
2.06747
2.06742
2.06743
2.06746
2.06749
2.06753
2.06762
2.06766
2.06776
2.06783
2.06802
2.06818
2.06891
2.06706
2.47552
2.46563
2.4541
2.44126
2.42738
2.41303
2.39826
2.38337
2.3683
2.35329
2.33824
2.32337
2.30858
2.29407
2.27975
2.26577
2.25208
2.23881
2.22593
2.21361
2.20176
2.19051
2.17978
2.1697
2.16019
2.15136
2.14308
2.13547
2.12843
2.12208
2.11631
2.11125
2.10673
2.10287
2.09943
2.09654
2.09394
2.09173
2.08967
2.08786
2.08608
2.08447
2.08283
2.08131
2.07974
2.07832
2.07686
2.07558
2.07429
2.07319
2.0721
2.07125
2.07045
2.06996
2.06956
2.0695
2.06954
2.06972
2.07021
2.07093
2.0718
2.07273
2.0736
2.07443
2.07515
2.07578
2.07625
2.07657
2.07671
2.07674
2.07669
2.07659
2.07637
2.076
2.07546
2.07486
2.0742
2.07355
2.07288
2.07225
2.07163
2.07108
2.07057
2.07014
2.06977
2.0695
2.06928
2.06915
2.06907
2.06907
2.06908
2.0691
2.06918
2.06925
2.0694
2.06951
2.06977
2.06998
2.07079
2.069
2.47164
2.46354
2.45347
2.44183
2.42921
2.41603
2.40239
2.38851
2.37437
2.36014
2.34577
2.33144
2.3171
2.30289
2.28877
2.27487
2.26116
2.24774
2.23461
2.22183
2.20944
2.19749
2.186
2.17503
2.1646
2.15476
2.14553
2.13693
2.12898
2.1217
2.11506
2.10907
2.1037
2.09897
2.09476
2.09113
2.08791
2.08516
2.08268
2.08055
2.07856
2.07685
2.07517
2.07374
2.0723
2.0711
2.06989
2.06894
2.06797
2.06727
2.06656
2.06616
2.06579
2.06579
2.06592
2.0661
2.06655
2.06736
2.06836
2.06943
2.07052
2.07158
2.07259
2.0735
2.07429
2.07492
2.07537
2.07561
2.07567
2.07562
2.07552
2.07531
2.07491
2.07431
2.07359
2.07281
2.07197
2.07114
2.07026
2.06945
2.06863
2.0679
2.0672
2.06659
2.06606
2.06562
2.06526
2.065
2.06482
2.06473
2.06469
2.06469
2.06472
2.06479
2.06497
2.06512
2.06545
2.0657
2.06659
2.06488
2.46735
2.4586
2.44861
2.43745
2.42538
2.41276
2.39973
2.38638
2.37282
2.35903
2.34515
2.33113
2.31714
2.3031
2.28921
2.27533
2.2617
2.24816
2.23494
2.22189
2.20928
2.19693
2.18511
2.17364
2.16277
2.15233
2.14254
2.13326
2.12468
2.11665
2.10936
2.10265
2.09667
2.09124
2.08652
2.0823
2.07871
2.07552
2.07289
2.07055
2.06862
2.06686
2.06539
2.06402
2.06289
2.06184
2.06099
2.06021
2.0596
2.05906
2.05871
2.05848
2.05852
2.05862
2.0589
2.05958
2.06047
2.06158
2.06274
2.06399
2.06518
2.06638
2.06744
2.06844
2.06921
2.06985
2.07021
2.0704
2.07038
2.07031
2.07015
2.06987
2.06931
2.06864
2.06782
2.06698
2.06606
2.06516
2.06423
2.06335
2.06247
2.06167
2.06092
2.06026
2.05968
2.05918
2.05881
2.0585
2.05832
2.05821
2.05821
2.05823
2.05827
2.05837
2.0586
2.05879
2.0592
2.0595
2.06044
2.05876
2.47146
2.46212
2.45145
2.43968
2.42717
2.41422
2.40098
2.38749
2.37385
2.36001
2.34614
2.33211
2.31815
2.30411
2.29023
2.27633
2.26267
2.24906
2.23575
2.22258
2.20982
2.19729
2.18527
2.17355
2.16242
2.15169
2.14161
2.13201
2.12312
2.11477
2.10715
2.10011
2.0938
2.08809
2.08314
2.07877
2.07507
2.07185
2.06915
2.0668
2.06488
2.06319
2.06184
2.06065
2.05973
2.05893
2.05836
2.05783
2.0575
2.05721
2.05715
2.05718
2.05735
2.05786
2.05856
2.05964
2.06075
2.06204
2.06329
2.06465
2.06589
2.06715
2.0682
2.06919
2.0699
2.07048
2.07074
2.07086
2.0708
2.0707
2.07047
2.0701
2.06942
2.06867
2.06778
2.06687
2.06589
2.06491
2.06392
2.06297
2.06204
2.06116
2.06037
2.05963
2.05901
2.05845
2.05803
2.05769
2.05748
2.05736
2.05737
2.0574
2.05747
2.05758
2.05785
2.05808
2.05857
2.05891
2.05991
2.05828
2.48011
2.47114
2.4606
2.44886
2.43621
2.42307
2.40957
2.39581
2.38189
2.36781
2.35367
2.33946
2.32527
2.3111
2.29701
2.28303
2.26919
2.25553
2.24207
2.22882
2.21588
2.20323
2.19097
2.17907
2.16765
2.15666
2.14624
2.1363
2.127
2.11824
2.11019
2.10271
2.09598
2.08987
2.08447
2.07964
2.07548
2.07186
2.06884
2.06626
2.06418
2.06244
2.06109
2.06001
2.05924
2.05868
2.05834
2.05811
2.05802
2.05803
2.05815
2.05851
2.05914
2.06007
2.0612
2.06244
2.06381
2.06522
2.0667
2.06812
2.06953
2.07077
2.07193
2.07282
2.07357
2.07401
2.07427
2.07428
2.07422
2.07409
2.0738
2.07332
2.07257
2.07176
2.07082
2.06985
2.06882
2.06778
2.06675
2.06574
2.06477
2.06384
2.063
2.06221
2.06155
2.06095
2.0605
2.06012
2.05989
2.05976
2.05978
2.05985
2.05992
2.06004
2.06035
2.06062
2.06117
2.06156
2.06262
2.06104
2.47744
2.46949
2.46022
2.44958
2.43799
2.4258
2.41317
2.40019
2.38694
2.37343
2.35976
2.34594
2.33204
2.31809
2.30416
2.29025
2.27645
2.26274
2.2492
2.23583
2.22272
2.20986
2.19735
2.18518
2.17343
2.16211
2.15129
2.14096
2.13122
2.12203
2.11349
2.10556
2.09833
2.09172
2.08583
2.08058
2.07605
2.07211
2.06882
2.06605
2.06383
2.06205
2.06073
2.05976
2.05917
2.05887
2.05878
2.05881
2.05891
2.05917
2.05978
2.06061
2.06183
2.06307
2.06462
2.06612
2.06786
2.06948
2.07125
2.0728
2.07439
2.07567
2.0769
2.07776
2.07852
2.07887
2.07909
2.07905
2.07897
2.07879
2.07844
2.07778
2.07701
2.07605
2.07507
2.07397
2.07289
2.07174
2.07063
2.06951
2.06844
2.06741
2.06646
2.06558
2.0648
2.06411
2.06356
2.06308
2.06279
2.06257
2.06255
2.0626
2.06265
2.06275
2.06305
2.06333
2.06391
2.06434
2.06545
2.06391
2.47976
2.4716
2.46202
2.45139
2.43994
2.42799
2.4156
2.40294
2.38994
2.37676
2.36332
2.34977
2.33604
2.32228
2.30842
2.29462
2.2808
2.26713
2.25352
2.24015
2.22695
2.21408
2.20147
2.18927
2.1774
2.16602
2.15502
2.14458
2.13458
2.12522
2.11635
2.10817
2.10054
2.09363
2.0873
2.08171
2.07671
2.07244
2.06876
2.06575
2.06327
2.0614
2.06
2.05911
2.05866
2.05858
2.05863
2.05879
2.05924
2.05986
2.06102
2.06226
2.06384
2.06542
2.0673
2.06911
2.07114
2.07299
2.07494
2.07662
2.0783
2.07962
2.08086
2.08171
2.08242
2.08271
2.08288
2.08281
2.0827
2.08244
2.08203
2.08125
2.08044
2.0794
2.07838
2.07721
2.07607
2.07485
2.07368
2.07249
2.07135
2.07026
2.06923
2.06829
2.06743
2.06668
2.06605
2.06553
2.06517
2.06491
2.06486
2.06489
2.06494
2.06505
2.06534
2.06564
2.06627
2.06672
2.06788
2.06639
2.48607
2.47875
2.46984
2.45977
2.44874
2.43725
2.42519
2.41284
2.40009
2.38711
2.37385
2.36043
2.34684
2.33315
2.3194
2.30561
2.29185
2.27809
2.26448
2.25094
2.23763
2.22446
2.21161
2.19897
2.18675
2.17482
2.16337
2.1523
2.14178
2.13171
2.12228
2.11337
2.10514
2.09751
2.09062
2.08437
2.07887
2.07406
2.06998
2.06657
2.06384
2.06176
2.06027
2.05941
2.0591
2.05915
2.0593
2.05965
2.06043
2.06158
2.06315
2.06484
2.06683
2.06888
2.07111
2.07333
2.07561
2.07777
2.07987
2.08175
2.08346
2.0849
2.0861
2.087
2.08762
2.08791
2.08799
2.08792
2.08778
2.08743
2.08694
2.08604
2.08515
2.08399
2.0829
2.0816
2.08037
2.07901
2.07774
2.0764
2.07516
2.07391
2.07277
2.07168
2.07071
2.06984
2.06908
2.06847
2.06798
2.06768
2.06751
2.06752
2.06756
2.06766
2.06793
2.06823
2.06888
2.06936
2.07057
2.06912
2.4779
2.47112
2.46287
2.45362
2.44343
2.43279
2.42155
2.41001
2.39796
2.38563
2.37289
2.35995
2.34673
2.33336
2.31985
2.30624
2.29261
2.27891
2.2653
2.25168
2.23822
2.22481
2.21168
2.19867
2.18604
2.1736
2.16164
2.14995
2.13884
2.12808
2.11799
2.10833
2.09944
2.09105
2.0835
2.07653
2.07043
2.06498
2.0604
2.0565
2.05344
2.05105
2.04946
2.04856
2.04834
2.04845
2.04874
2.04941
2.05056
2.05228
2.05426
2.05654
2.05894
2.06155
2.06413
2.06683
2.06934
2.07188
2.07409
2.07624
2.07796
2.07959
2.08073
2.08175
2.08225
2.08262
2.0826
2.08253
2.08237
2.08193
2.08137
2.08033
2.07939
2.0781
2.07694
2.07548
2.07417
2.07263
2.07127
2.06974
2.0684
2.06695
2.06571
2.06441
2.06334
2.06226
2.06141
2.06061
2.06005
2.05957
2.05935
2.05924
2.05925
2.05931
2.05951
2.0598
2.06044
2.06093
2.06215
2.06074
2.47405
2.46671
2.45798
2.44831
2.43778
2.42684
2.41539
2.40367
2.39157
2.37924
2.3666
2.35375
2.34067
2.3274
2.314
2.30045
2.28688
2.27321
2.25961
2.2459
2.23238
2.21885
2.20561
2.19244
2.17963
2.16699
2.15481
2.14287
2.13149
2.12044
2.11005
2.10007
2.09085
2.08211
2.07424
2.06689
2.0605
2.05468
2.04986
2.04565
2.04243
2.03986
2.03825
2.03737
2.03727
2.03741
2.0378
2.03867
2.04008
2.04208
2.04434
2.04692
2.04957
2.05244
2.05521
2.0581
2.06072
2.06337
2.06561
2.06781
2.06951
2.07116
2.07223
2.07326
2.07368
2.07406
2.07402
2.07396
2.07378
2.07331
2.07269
2.07166
2.0707
2.06941
2.06822
2.06675
2.06542
2.06386
2.06247
2.06091
2.05954
2.05806
2.05678
2.05544
2.05433
2.05321
2.05232
2.05148
2.05087
2.05036
2.05011
2.04998
2.04998
2.05003
2.0502
2.05048
2.0511
2.05159
2.05278
2.05136
2.46604
2.4582
2.4491
2.4391
2.42824
2.41703
2.4054
2.39357
2.38138
2.36904
2.35634
2.34355
2.33043
2.31729
2.30386
2.29047
2.27685
2.26334
2.24966
2.23616
2.22261
2.2093
2.19604
2.1831
2.17032
2.15793
2.14579
2.13413
2.12282
2.11206
2.10175
2.09206
2.08292
2.07446
2.06664
2.05956
2.05321
2.04762
2.04282
2.03881
2.03562
2.03322
2.03166
2.03098
2.031
2.03119
2.03166
2.03269
2.03424
2.0365
2.0389
2.04172
2.04448
2.04754
2.05036
2.05336
2.05597
2.05865
2.06082
2.06299
2.06459
2.06617
2.06715
2.06809
2.06843
2.06874
2.06869
2.06861
2.0684
2.06791
2.06725
2.0663
2.06533
2.06413
2.06295
2.06159
2.06028
2.05885
2.0575
2.05607
2.05474
2.05339
2.05215
2.05094
2.04985
2.04886
2.04798
2.04726
2.04665
2.04625
2.04599
2.04595
2.04597
2.04603
2.04624
2.04654
2.04719
2.04769
2.04889
2.04746
2.47975
2.47222
2.46352
2.4537
2.44307
2.43188
2.42018
2.40817
2.39574
2.38309
2.3701
2.35697
2.34357
2.33011
2.31646
2.30284
2.2891
2.27545
2.26177
2.24826
2.23477
2.22152
2.20837
2.19553
2.18287
2.1706
2.15859
2.14703
2.13581
2.12511
2.11484
2.10516
2.09599
2.08749
2.07957
2.0724
2.06587
2.06017
2.05518
2.05107
2.04771
2.04528
2.04363
2.04305
2.04309
2.04334
2.0439
2.04514
2.04693
2.0495
2.05218
2.05531
2.05833
2.06161
2.0646
2.0677
2.07038
2.07305
2.07522
2.0773
2.07886
2.0803
2.08123
2.08202
2.0823
2.08245
2.08238
2.08224
2.08196
2.08141
2.08065
2.07969
2.07863
2.07744
2.07618
2.07484
2.07347
2.07206
2.07065
2.06924
2.06786
2.06653
2.06524
2.06406
2.06293
2.06196
2.06105
2.06035
2.05972
2.05935
2.05907
2.05908
2.05912
2.05921
2.05946
2.0598
2.06052
2.06107
2.06235
2.06097
2.47544
2.46854
2.4606
2.45139
2.44149
2.43091
2.41998
2.40857
2.39688
2.38477
2.3724
2.35971
2.34681
2.33367
2.32038
2.30693
2.29339
2.27979
2.26618
2.25263
2.23914
2.22578
2.21256
2.19955
2.18675
2.17425
2.16204
2.15019
2.13873
2.1277
2.11714
2.10708
2.09759
2.08867
2.08043
2.07282
2.06601
2.05989
2.05465
2.05017
2.04664
2.04393
2.04223
2.04152
2.04164
2.04191
2.04255
2.04394
2.04606
2.04891
2.05201
2.05547
2.05891
2.0625
2.06587
2.0692
2.07216
2.07498
2.07734
2.0795
2.08118
2.08263
2.08362
2.08438
2.08466
2.08477
2.08469
2.0845
2.08419
2.08354
2.08272
2.08166
2.08052
2.07922
2.07789
2.07643
2.07497
2.07344
2.07193
2.07041
2.06893
2.06748
2.06609
2.06478
2.06356
2.06248
2.06149
2.06068
2.05998
2.05952
2.05919
2.05914
2.05916
2.05924
2.05946
2.0598
2.06054
2.06111
2.06245
2.06113
2.47813
2.4712
2.46334
2.45406
2.44432
2.43375
2.42302
2.41165
2.40018
2.38814
2.376
2.36338
2.35066
2.33758
2.32442
2.31102
2.29757
2.28399
2.2704
2.25677
2.24317
2.22965
2.21623
2.20299
2.18991
2.17711
2.16455
2.15236
2.1405
2.1291
2.11811
2.10767
2.09776
2.08846
2.0798
2.07184
2.06462
2.05818
2.05259
2.04784
2.04404
2.04115
2.0393
2.03854
2.03863
2.03892
2.03959
2.04104
2.04338
2.04638
2.04977
2.05342
2.05716
2.06091
2.06453
2.06797
2.07114
2.07398
2.07652
2.07864
2.08048
2.08186
2.08299
2.08365
2.08406
2.08411
2.08405
2.0839
2.08359
2.0829
2.08211
2.08096
2.07985
2.07846
2.07713
2.07558
2.07411
2.07247
2.07093
2.06929
2.06777
2.06618
2.06475
2.0633
2.06204
2.0608
2.05977
2.05881
2.0581
2.05748
2.05715
2.05696
2.05698
2.05703
2.0572
2.05751
2.05821
2.05877
2.0601
2.05879
2.47311
2.46565
2.45732
2.44762
2.43751
2.42662
2.4156
2.40399
2.39224
2.38002
2.36763
2.35491
2.34198
2.32886
2.31553
2.30215
2.28855
2.27503
2.26131
2.24779
2.23409
2.2207
2.20719
2.19407
2.18092
2.16825
2.15563
2.14356
2.13164
2.12035
2.10931
2.09898
2.089
2.07981
2.07108
2.0632
2.05591
2.04954
2.04387
2.03918
2.03532
2.03248
2.03059
2.02991
2.02998
2.03027
2.03097
2.03243
2.03483
2.03786
2.04135
2.045
2.04884
2.05254
2.05626
2.05961
2.06286
2.0656
2.06821
2.07024
2.07215
2.07345
2.07467
2.07527
2.07579
2.07583
2.07582
2.07573
2.07547
2.07484
2.07415
2.07302
2.07201
2.07065
2.06942
2.0679
2.06651
2.0649
2.06343
2.06179
2.06032
2.05874
2.05735
2.05589
2.05465
2.05338
2.05238
2.05136
2.05067
2.04999
2.04967
2.04943
2.04943
2.04947
2.0496
2.04988
2.05052
2.05106
2.05231
2.05096
2.48155
2.47416
2.4659
2.45626
2.44618
2.43533
2.42429
2.4127
2.4009
2.38869
2.37623
2.36351
2.3505
2.33737
2.32395
2.31055
2.29686
2.28331
2.26951
2.25595
2.2422
2.22876
2.2152
2.20204
2.18884
2.17612
2.16344
2.15133
2.13936
2.12802
2.11692
2.10654
2.0965
2.08724
2.07845
2.07051
2.06317
2.05673
2.05102
2.04626
2.04237
2.03948
2.03759
2.03687
2.03696
2.03726
2.03797
2.03947
2.04195
2.04503
2.04865
2.05232
2.05629
2.06
2.06383
2.06716
2.07049
2.0732
2.07587
2.07787
2.07981
2.08108
2.08232
2.0829
2.08342
2.08346
2.08345
2.08336
2.08311
2.08249
2.08178
2.08067
2.07966
2.07833
2.07709
2.0756
2.07421
2.07262
2.07115
2.06953
2.06806
2.06648
2.06509
2.06362
2.06239
2.06111
2.06011
2.05909
2.05838
2.0577
2.05734
2.05712
2.05708
2.05711
2.05724
2.05751
2.05813
2.05866
2.0599
2.05852
)
;

boundaryField
{
    inlet
    {
        type            fixedValue;
        value           uniform 1;
    }
    outlet
    {
        type            zeroGradient;
    }
    bottom
    {
        type            symmetryPlane;
    }
    top
    {
        type            symmetryPlane;
    }
    obstacle
    {
        type            zeroGradient;
    }
    defaultFaces
    {
        type            empty;
    }
}


// ************************************************************************* //
