/*--------------------------------*- C++ -*----------------------------------*\
| =========                 |                                                 |
| \\      /  F ield         | OpenFOAM: The Open Source CFD Toolbox           |
|  \\    /   O peration     | Version:  2412                                  |
|   \\  /    A nd           | Website:  www.openfoam.com                      |
|    \\/     M anipulation  |                                                 |
\*---------------------------------------------------------------------------*/
FoamFile
{
    version     2.0;
    format      ascii;
    arch        "LSB;label=32;scalar=64";
    class       volScalarField;
    location    "9.5";
    object      Ma;
}
// * * * * * * * * * * * * * * * * * * * * * * * * * * * * * * * * * * * * * //

dimensions      [0 0 0 0 0 0 0];

internalField   nonuniform List<scalar> 
7000
(
2.8211
2.37431
1.49411
0.733605
0.308159
0.379173
0.455325
0.484613
0.486429
0.481433
0.476753
0.474461
0.473204
0.471789
0.469751
0.466566
0.462124
0.456858
0.450966
0.444804
0.438522
0.431833
0.424226
0.415973
0.40768
0.399406
0.39096
0.38207
0.372903
0.363093
0.352231
0.340622
0.326754
0.310854
0.295221
0.279503
0.263527
0.24727
0.230274
0.211716
0.192299
0.173206
0.154572
0.136249
0.116905
0.0962871
0.0739092
0.0510604
0.0290996
0.0102657
2.82094
2.37413
1.49527
0.733877
0.307234
0.378228
0.454557
0.483854
0.485557
0.480401
0.475594
0.4733
0.472151
0.470909
0.469082
0.466113
0.461871
0.456776
0.451012
0.44494
0.438715
0.432059
0.424465
0.416202
0.40789
0.399602
0.391161
0.382307
0.373223
0.363566
0.35293
0.341639
0.328225
0.312721
0.297439
0.282052
0.266299
0.250131
0.233004
0.214114
0.194084
0.174206
0.154798
0.135906
0.116417
0.0962118
0.0749603
0.054115
0.034923
0.0188565
2.81887
2.37444
1.48873
0.723851
0.298478
0.374484
0.452819
0.482992
0.485175
0.480237
0.475547
0.473289
0.472118
0.470839
0.46898
0.46599
0.461741
0.456649
0.45089
0.444825
0.438607
0.431953
0.424374
0.416165
0.40792
0.399708
0.391344
0.382562
0.373531
0.363907
0.353282
0.341978
0.328539
0.313061
0.297823
0.282494
0.266818
0.250746
0.23376
0.215062
0.195324
0.175736
0.15666
0.138082
0.11905
0.0996253
0.0797213
0.0609506
0.0443308
0.0307639
2.82026
2.37755
1.49625
0.734432
0.307941
0.37877
0.454797
0.484004
0.485562
0.480342
0.475503
0.473188
0.472018
0.470772
0.468977
0.466071
0.461915
0.456906
0.451217
0.445207
0.439028
0.432399
0.424844
0.416656
0.408426
0.400231
0.391901
0.383159
0.374167
0.36459
0.354011
0.342744
0.329337
0.313915
0.298752
0.283509
0.267955
0.252062
0.235338
0.216995
0.197717
0.178638
0.160124
0.14215
0.123819
0.10534
0.0868548
0.0700007
0.0554832
0.0437639
2.82086
2.37584
1.49763
0.734392
0.308276
0.379415
0.455305
0.484528
0.486063
0.480849
0.476032
0.473703
0.47249
0.471181
0.469317
0.466344
0.462129
0.457096
0.45141
0.445412
0.439258
0.432663
0.425148
0.41701
0.408828
0.400676
0.39239
0.383705
0.374769
0.365271
0.354812
0.343683
0.330426
0.315224
0.30031
0.28532
0.270047
0.254478
0.238126
0.220223
0.201449
0.18294
0.165047
0.147786
0.130281
0.112863
0.095821
0.0807102
0.0679467
0.0577169
2.82042
2.37248
1.49974
0.73331
0.304811
0.377243
0.454045
0.483951
0.485814
0.480774
0.476013
0.473711
0.472501
0.471174
0.46928
0.466268
0.462019
0.45693
0.451196
0.445194
0.439067
0.432523
0.42511
0.417131
0.409113
0.401127
0.392997
0.384465
0.375679
0.366327
0.356045
0.34512
0.332093
0.317194
0.302627
0.287993
0.273125
0.258025
0.24215
0.224764
0.206491
0.18858
0.171345
0.154871
0.138286
0.122012
0.106419
0.0929139
0.0816798
0.0727188
2.8222
2.37334
1.5022
0.734798
0.307396
0.379141
0.455207
0.485077
0.48693
0.481911
0.477228
0.474989
0.473818
0.472506
0.470616
0.467605
0.463348
0.458253
0.452521
0.446517
0.440391
0.433851
0.426463
0.418534
0.410564
0.402625
0.394554
0.386093
0.377379
0.368133
0.357999
0.347263
0.334488
0.319907
0.305702
0.291474
0.277075
0.262521
0.247214
0.230453
0.212754
0.195508
0.178989
0.163376
0.147794
0.132726
0.118555
0.106524
0.096657
0.0887818
2.82264
2.37413
1.50756
0.73807
0.309465
0.380344
0.456037
0.486022
0.487848
0.48274
0.477936
0.475622
0.474422
0.473125
0.471292
0.468376
0.464227
0.459227
0.453587
0.447674
0.441632
0.435171
0.427876
0.420064
0.4122
0.404363
0.396404
0.388062
0.379462
0.370367
0.360429
0.34993
0.337479
0.323298
0.309534
0.295791
0.281933
0.267986
0.253319
0.237251
0.220228
0.203737
0.188023
0.173325
0.158814
0.144976
0.13218
0.121512
0.112861
0.105956
2.82105
2.37417
1.51209
0.738481
0.306972
0.379007
0.455399
0.485857
0.487902
0.482847
0.478003
0.475697
0.474552
0.473359
0.471675
0.468936
0.464963
0.46008
0.454538
0.448711
0.44274
0.436345
0.429149
0.421488
0.413771
0.406079
0.398282
0.390119
0.381689
0.37281
0.36315
0.35298
0.340947
0.327253
0.314012
0.300842
0.287629
0.274432
0.260521
0.245273
0.228978
0.213319
0.19848
0.184764
0.171398
0.158798
0.147323
0.13792
0.130382
0.124294
2.82133
2.37735
1.5105
0.737736
0.308037
0.37952
0.455167
0.485663
0.487704
0.482625
0.477781
0.475537
0.474507
0.473486
0.472021
0.469537
0.465832
0.461096
0.455671
0.449942
0.444041
0.437688
0.430576
0.423083
0.415529
0.408004
0.400389
0.392431
0.384203
0.375564
0.366227
0.356433
0.344869
0.331764
0.319147
0.306642
0.294163
0.281821
0.268767
0.254466
0.239061
0.224327
0.210411
0.19776
0.185624
0.174272
0.164057
0.155819
0.14931
0.144008
2.8201
2.37986
1.51948
0.746882
0.310642
0.380358
0.455632
0.486295
0.488506
0.483493
0.478642
0.476338
0.475258
0.474223
0.472795
0.47041
0.466845
0.462222
0.456917
0.451305
0.445515
0.439262
0.432293
0.425007
0.417637
0.410286
0.402861
0.39512
0.387107
0.378739
0.369754
0.360368
0.349319
0.33683
0.324873
0.31309
0.301413
0.290016
0.277914
0.264679
0.25035
0.23669
0.223842
0.212322
0.201457
0.191407
0.182474
0.175392
0.169839
0.165236
2.82181
2.38283
1.52845
0.749583
0.311271
0.380885
0.456027
0.487009
0.489467
0.484464
0.479599
0.477254
0.476154
0.475132
0.473757
0.47148
0.468054
0.463536
0.458343
0.452846
0.447167
0.441025
0.434216
0.427148
0.419981
0.412832
0.405627
0.398139
0.390387
0.38233
0.373746
0.364819
0.35435
0.342569
0.331343
0.320345
0.309517
0.2991
0.288025
0.27596
0.262864
0.250423
0.238817
0.228596
0.219123
0.210426
0.202807
0.196887
0.192332
0.188424
2.82409
2.38177
1.5361
0.751002
0.311151
0.380883
0.456116
0.487835
0.49062
0.485605
0.480781
0.478477
0.477452
0.476545
0.475318
0.473225
0.469967
0.465508
0.460372
0.454921
0.449275
0.443199
0.436517
0.429679
0.422723
0.415749
0.408738
0.401511
0.394044
0.38632
0.378187
0.369773
0.359941
0.348954
0.33856
0.328441
0.318549
0.309184
0.299231
0.288447
0.276697
0.265589
0.255376
0.246625
0.238713
0.231507
0.225259
0.220576
0.217051
0.21384
2.82109
2.37426
1.53534
0.749572
0.310428
0.381177
0.456341
0.488802
0.49186
0.486931
0.482129
0.479798
0.478781
0.477917
0.476773
0.474839
0.471791
0.467475
0.462479
0.457153
0.451616
0.445658
0.439189
0.432597
0.425927
0.419201
0.412426
0.405488
0.398341
0.390966
0.383304
0.37543
0.366289
0.356139
0.346605
0.337425
0.328539
0.320284
0.311542
0.302145
0.291913
0.282332
0.273694
0.266585
0.260464
0.254961
0.250334
0.247058
0.244764
0.242399
2.79394
2.37379
1.53665
0.756689
0.312294
0.381782
0.456776
0.489625
0.492973
0.488063
0.483223
0.480827
0.4798
0.478979
0.477939
0.476213
0.473426
0.46928
0.464463
0.459302
0.453914
0.448118
0.441943
0.435661
0.429337
0.42294
0.416484
0.409917
0.403183
0.396261
0.389141
0.381878
0.373512
0.364312
0.355765
0.347631
0.33984
0.332765
0.325342
0.317443
0.308819
0.300849
0.29396
0.288752
0.284637
0.281102
0.278376
0.276934
0.276186
0.274784
2.79483
2.37608
1.54316
0.761313
0.313502
0.382451
0.457282
0.490698
0.494341
0.489466
0.484585
0.482118
0.481093
0.480333
0.479408
0.477901
0.475338
0.471332
0.466656
0.461616
0.456333
0.450686
0.444792
0.438808
0.432822
0.426788
0.420695
0.414549
0.408318
0.401963
0.395498
0.388989
0.381546
0.373319
0.365796
0.358807
0.352235
0.346513
0.340592
0.334371
0.327522
0.321307
0.316365
0.313239
0.311648
0.310582
0.310338
0.311223
0.312675
0.313111
2.82187
2.3913
1.54957
0.763698
0.312261
0.381984
0.457158
0.491497
0.495686
0.491104
0.486393
0.483998
0.483062
0.482405
0.481603
0.480285
0.477898
0.474044
0.46947
0.464513
0.459271
0.453747
0.448114
0.442426
0.436779
0.431118
0.425391
0.419646
0.413916
0.408173
0.40241
0.396716
0.390305
0.383221
0.376855
0.371126
0.365848
0.361558
0.357335
0.35297
0.348137
0.343868
0.341132
0.340458
0.341704
0.343864
0.347011
0.351527
0.356681
0.359701
2.82093
2.39375
1.55373
0.76927
0.313236
0.382381
0.457427
0.492535
0.497266
0.493023
0.488469
0.486081
0.485159
0.484533
0.483794
0.482593
0.480364
0.476694
0.47226
0.467435
0.462327
0.457037
0.451712
0.446365
0.44108
0.435827
0.430533
0.425255
0.420074
0.414981
0.409965
0.405139
0.399806
0.39391
0.38879
0.384423
0.38055
0.377856
0.375524
0.373171
0.370544
0.368418
0.368258
0.370478
0.375478
0.381765
0.389628
0.399676
0.411247
0.421196
2.81925
2.38524
1.56012
0.769122
0.311885
0.382062
0.457482
0.493468
0.498812
0.494898
0.490493
0.488113
0.487213
0.486649
0.486021
0.484979
0.482906
0.479472
0.475232
0.470578
0.465697
0.460735
0.455794
0.450835
0.445932
0.4411
0.436276
0.431524
0.426945
0.422546
0.418326
0.414409
0.410218
0.405534
0.401637
0.398654
0.396219
0.395164
0.394926
0.39469
0.394592
0.395195
0.398105
0.403547
0.412877
0.424947
0.43983
0.458983
0.482588
0.509356
2.8195
2.3954
1.56226
0.774618
0.312342
0.38221
0.457707
0.494707
0.500703
0.497195
0.493055
0.49082
0.490136
0.48988
0.489605
0.488917
0.487229
0.484137
0.480119
0.47558
0.47076
0.465873
0.461095
0.456381
0.451754
0.447229
0.442759
0.438439
0.434404
0.430677
0.427245
0.424227
0.421137
0.417757
0.415242
0.413694
0.412798
0.413408
0.415304
0.417468
0.420134
0.423568
0.429646
0.4389
0.453318
0.473129
0.497858
0.532175
0.582731
0.674719
2.7938
2.38408
1.56697
0.775015
0.310857
0.381795
0.457853
0.496421
0.503523
0.500797
0.497189
0.495104
0.494524
0.494454
0.494357
0.493779
0.4923
0.489554
0.485808
0.481515
0.476994
0.472429
0.468004
0.463688
0.459507
0.455525
0.451699
0.448088
0.444851
0.442062
0.439724
0.437925
0.436312
0.43457
0.433664
0.434023
0.435278
0.438184
0.443154
0.448565
0.454996
0.462779
0.473342
0.488177
0.509533
0.540592
0.582134
0.64134
0.73794
0.887996
2.8157
2.39376
1.57286
0.781732
0.30964
0.381116
0.457998
0.498916
0.507795
0.50643
0.503847
0.501957
0.501293
0.50121
0.501124
0.500477
0.499039
0.496456
0.492839
0.488705
0.484356
0.479993
0.475787
0.47175
0.467917
0.46437
0.46111
0.458197
0.455763
0.453884
0.452573
0.451851
0.451554
0.451557
0.452537
0.454775
0.457948
0.462776
0.470147
0.478828
0.488755
0.500547
0.515563
0.535685
0.562598
0.60137
0.655
0.727962
0.83655
0.968686
2.79138
2.3884
1.57639
0.784119
0.31202
0.384092
0.462702
0.508002
0.519726
0.520001
0.518244
0.515932
0.514391
0.513164
0.511988
0.510405
0.508265
0.505245
0.501353
0.49713
0.492834
0.488619
0.48461
0.480851
0.477323
0.474128
0.471325
0.469027
0.467328
0.466235
0.465734
0.465896
0.467069
0.468801
0.471287
0.475101
0.480054
0.486704
0.496177
0.507696
0.520637
0.535722
0.554316
0.57803
0.608515
0.648716
0.704324
0.774173
0.870818
0.967757
2.81286
2.38761
1.56125
0.783584
0.324091
0.397467
0.478635
0.52908
0.543496
0.544064
0.542019
0.539543
0.537464
0.5351
0.532457
0.529443
0.525877
0.521555
0.516489
0.511089
0.505855
0.50098
0.496372
0.492196
0.488542
0.485336
0.482569
0.480475
0.479111
0.47838
0.478432
0.479728
0.482038
0.484824
0.488547
0.493732
0.500198
0.508347
0.519373
0.533035
0.548397
0.565843
0.586454
0.611744
0.642991
0.681249
0.731098
0.79087
0.870846
0.947778
2.79777
2.39141
1.56827
0.804231
0.382908
0.428429
0.494498
0.541209
0.553094
0.55014
0.545777
0.542451
0.541488
0.541486
0.540599
0.538487
0.53572
0.532219
0.527856
0.522838
0.517674
0.512836
0.508098
0.503724
0.499858
0.496542
0.493894
0.491969
0.490676
0.490108
0.49082
0.49283
0.49564
0.499206
0.504129
0.510442
0.51811
0.527487
0.539605
0.554467
0.571298
0.590026
0.611421
0.636597
0.666714
0.702012
0.744642
0.795523
0.856914
0.920499
2.78957
2.29493
1.34222
0.713768
0.410763
0.436102
0.484929
0.521685
0.53137
0.529159
0.525704
0.523107
0.523062
0.524763
0.527073
0.528938
0.529328
0.52889
0.527513
0.525161
0.52226
0.518827
0.515251
0.512063
0.508907
0.506088
0.503851
0.502144
0.501031
0.500829
0.502115
0.504482
0.507521
0.511718
0.517461
0.524594
0.533177
0.543375
0.556094
0.57158
0.589109
0.60846
0.629851
0.654059
0.682049
0.714009
0.750839
0.793056
0.842237
0.891481
2.74261
2.06676
1.29377
0.518974
0.353782
0.387855
0.428115
0.446169
0.450352
0.449863
0.447811
0.447375
0.449593
0.453589
0.459156
0.465815
0.472843
0.478894
0.483161
0.486841
0.490144
0.492938
0.495143
0.496711
0.498078
0.499481
0.500701
0.501794
0.502905
0.504786
0.507682
0.511308
0.515441
0.520554
0.527181
0.535138
0.544484
0.555354
0.568567
0.584298
0.60198
0.621548
0.642806
0.66586
0.691615
0.720503
0.752677
0.788409
0.828093
0.867558
2.70995
2.06432
1.28278
0.524105
0.381236
0.412675
0.447638
0.460113
0.460319
0.456694
0.451568
0.447786
0.445206
0.443325
0.442184
0.44225
0.443723
0.446369
0.450158
0.454334
0.45839
0.462688
0.46724
0.472039
0.477018
0.481852
0.486627
0.491181
0.495675
0.500707
0.506249
0.511971
0.518139
0.525115
0.533077
0.542127
0.552417
0.564232
0.578063
0.593772
0.611151
0.630333
0.651181
0.673799
0.697636
0.723841
0.752529
0.782865
0.816261
0.848478
2.69028
2.04431
1.27228
0.529711
0.393305
0.428745
0.466616
0.478211
0.475494
0.468859
0.461685
0.456747
0.452909
0.449148
0.445229
0.441492
0.438431
0.436831
0.436838
0.438107
0.440683
0.444429
0.448795
0.453918
0.459865
0.465993
0.472217
0.478671
0.485644
0.493138
0.500842
0.508739
0.517025
0.525908
0.535817
0.546839
0.558698
0.571706
0.585947
0.601522
0.618429
0.636937
0.656835
0.678219
0.701107
0.725294
0.751213
0.778246
0.807065
0.834119
2.69253
2.04552
1.27491
0.52848
0.394824
0.430923
0.469244
0.481084
0.478899
0.472641
0.465818
0.461188
0.457447
0.453545
0.449366
0.44516
0.44129
0.438474
0.436984
0.436722
0.437704
0.439929
0.443442
0.448126
0.453849
0.460313
0.467192
0.474442
0.481831
0.489636
0.498
0.507034
0.516671
0.526891
0.538204
0.550735
0.563837
0.577603
0.592125
0.607627
0.624061
0.641572
0.660381
0.680318
0.701866
0.72433
0.74785
0.772316
0.797967
0.82268
2.73995
2.06014
1.29372
0.517385
0.384143
0.415991
0.450559
0.462217
0.462508
0.458781
0.454042
0.450781
0.448416
0.446353
0.444464
0.442766
0.441463
0.44119
0.441958
0.443365
0.445429
0.448306
0.452013
0.456566
0.46192
0.468014
0.474762
0.48216
0.489976
0.497967
0.505961
0.514212
0.523272
0.533402
0.544264
0.555944
0.568758
0.58252
0.596985
0.612227
0.628185
0.644947
0.662901
0.681719
0.701856
0.722558
0.744097
0.7664
0.789382
0.811614
2.81985
2.07425
1.30609
0.499315
0.35365
0.386912
0.425701
0.440932
0.443765
0.442173
0.438594
0.43661
0.436208
0.436953
0.43827
0.440128
0.442643
0.446108
0.450313
0.454785
0.459518
0.464584
0.469816
0.475223
0.480962
0.48693
0.493282
0.500122
0.507201
0.514445
0.521978
0.529882
0.537684
0.545582
0.554681
0.565041
0.576321
0.588791
0.602442
0.61695
0.632257
0.648175
0.665057
0.682538
0.70098
0.720129
0.739665
0.760412
0.781112
0.801216
2.79768
2.32646
1.41158
0.758521
0.447013
0.462809
0.505728
0.536761
0.541416
0.532522
0.521325
0.511539
0.50508
0.500576
0.496663
0.493844
0.492359
0.491822
0.49229
0.493699
0.495537
0.497936
0.500609
0.503638
0.507292
0.511515
0.516181
0.521363
0.52745
0.533976
0.540437
0.54704
0.554016
0.560829
0.567976
0.576294
0.585699
0.596165
0.607613
0.620341
0.634523
0.649339
0.665134
0.68129
0.698315
0.716319
0.734394
0.75352
0.77254
0.790694
2.82004
2.414
1.6133
0.839239
0.40055
0.44879
0.515674
0.567755
0.580687
0.575785
0.56685
0.557592
0.551529
0.54677
0.541825
0.537179
0.533275
0.529977
0.527166
0.524778
0.523332
0.522804
0.52284
0.523687
0.525281
0.527534
0.530536
0.534353
0.538923
0.544225
0.550254
0.556753
0.563482
0.570407
0.577151
0.584175
0.592533
0.601971
0.612187
0.623248
0.63563
0.649385
0.66426
0.679814
0.69585
0.712823
0.729738
0.747568
0.765199
0.781834
2.79127
2.42288
1.6448
0.866444
0.406733
0.444592
0.503382
0.550981
0.563761
0.562367
0.557343
0.552238
0.549621
0.54797
0.546127
0.544234
0.542243
0.539907
0.537206
0.534235
0.531821
0.530588
0.529641
0.529096
0.52917
0.530124
0.53216
0.535284
0.53921
0.54404
0.549587
0.555861
0.562778
0.570107
0.577739
0.585938
0.594826
0.60425
0.614294
0.625031
0.636914
0.649912
0.663825
0.678548
0.693601
0.709607
0.725481
0.742165
0.758848
0.774481
2.838
2.12629
1.37995
0.523378
0.297365
0.346735
0.398915
0.42579
0.438442
0.446879
0.45393
0.462406
0.472795
0.483657
0.493578
0.502016
0.509163
0.515119
0.519561
0.522329
0.523973
0.525443
0.526712
0.527608
0.528405
0.52958
0.531292
0.533725
0.537316
0.541563
0.546171
0.552028
0.558899
0.566487
0.574728
0.583668
0.593136
0.602968
0.613374
0.624703
0.637115
0.650182
0.663763
0.678037
0.692529
0.707704
0.722843
0.73834
0.753987
0.76858
2.79236
2.44039
1.6694
0.888634
0.416583
0.430867
0.478485
0.516553
0.525587
0.521225
0.515161
0.510112
0.507968
0.508117
0.509913
0.512768
0.516066
0.519381
0.522322
0.524631
0.526245
0.527258
0.528364
0.529361
0.529914
0.530844
0.532408
0.534453
0.537314
0.54126
0.546162
0.551692
0.55812
0.565559
0.573796
0.582853
0.592651
0.602907
0.613691
0.625236
0.637463
0.650213
0.663305
0.677002
0.690904
0.70525
0.719622
0.734176
0.748876
0.762595
2.78892
2.45413
1.69613
0.909801
0.383054
0.415667
0.476715
0.527223
0.540697
0.537797
0.531688
0.525236
0.521714
0.520051
0.519222
0.519087
0.519808
0.521129
0.522603
0.524027
0.525215
0.526158
0.527101
0.528132
0.529132
0.530318
0.532034
0.534533
0.537985
0.542308
0.547378
0.553425
0.560438
0.568243
0.576808
0.586044
0.595762
0.605855
0.616427
0.627363
0.638625
0.65043
0.662691
0.675584
0.688728
0.702224
0.715879
0.729675
0.743655
0.756735
2.81417
2.46576
1.70582
0.915923
0.379895
0.410161
0.472116
0.523441
0.537178
0.53426
0.528114
0.521582
0.517766
0.515506
0.513739
0.512412
0.512019
0.512523
0.513462
0.514937
0.516773
0.518867
0.521091
0.523528
0.526078
0.528896
0.532212
0.535955
0.540265
0.545434
0.551492
0.558148
0.56547
0.573477
0.582039
0.591084
0.600531
0.610348
0.620431
0.630763
0.641382
0.65227
0.663446
0.674938
0.686611
0.698533
0.710806
0.723484
0.736453
0.748778
2.813
2.48074
1.72186
0.937321
0.409028
0.417239
0.472469
0.517745
0.529254
0.525835
0.519317
0.512871
0.508587
0.505664
0.503711
0.502634
0.502377
0.502951
0.504497
0.506795
0.509648
0.512988
0.516826
0.521203
0.525729
0.530268
0.535311
0.540692
0.546283
0.552258
0.558668
0.565489
0.572894
0.580709
0.588926
0.597533
0.606535
0.615806
0.625224
0.6349
0.644761
0.654889
0.66516
0.675631
0.686316
0.697137
0.708346
0.719654
0.731667
0.74295
2.91536
2.22902
1.50329
0.604014
0.307399
0.350757
0.408479
0.445765
0.464263
0.47357
0.479705
0.485286
0.491219
0.496815
0.501256
0.50453
0.507204
0.509571
0.512084
0.514982
0.518298
0.522001
0.526015
0.530367
0.535113
0.540068
0.545268
0.550795
0.55643
0.562203
0.568142
0.574184
0.580531
0.587322
0.594586
0.602216
0.610193
0.618635
0.627494
0.636781
0.646225
0.655958
0.665834
0.675805
0.68585
0.695948
0.706285
0.71688
0.727876
0.738441
2.78855
2.47642
1.72369
0.936097
0.408311
0.4156
0.465976
0.505569
0.513778
0.508118
0.502173
0.498307
0.497294
0.498279
0.500348
0.50308
0.505844
0.508947
0.512687
0.516795
0.521457
0.526655
0.532045
0.537666
0.543428
0.549082
0.554546
0.559874
0.565223
0.570657
0.576096
0.581418
0.586756
0.592475
0.598669
0.605287
0.612336
0.619713
0.627397
0.635601
0.644573
0.654073
0.663916
0.673886
0.684038
0.694142
0.704398
0.714652
0.725227
0.735254
2.80914
2.485
1.71412
0.921399
0.389722
0.406656
0.460828
0.502372
0.509498
0.500653
0.491743
0.485565
0.482828
0.482769
0.484763
0.488445
0.493412
0.499024
0.505421
0.512451
0.519833
0.527419
0.534844
0.542038
0.548855
0.555356
0.561602
0.567505
0.573068
0.578167
0.58289
0.587519
0.592189
0.597087
0.60229
0.607801
0.613649
0.619983
0.626784
0.633976
0.641909
0.650842
0.660403
0.670377
0.680731
0.691287
0.70192
0.712678
0.72345
0.73363
2.77579
2.39047
1.63744
0.662631
0.335731
0.374623
0.431341
0.474589
0.491288
0.495359
0.496491
0.49701
0.498913
0.50123
0.503807
0.506979
0.510844
0.515209
0.520259
0.526003
0.532214
0.538579
0.544887
0.551121
0.557102
0.562674
0.567745
0.5724
0.576712
0.580807
0.584791
0.588846
0.593082
0.597532
0.602313
0.607622
0.613471
0.619629
0.625976
0.632674
0.639931
0.648028
0.657112
0.666717
0.676802
0.687287
0.697957
0.708842
0.719803
0.730214
2.78517
2.43367
1.70711
0.712231
0.365239
0.38139
0.434725
0.482403
0.50571
0.516502
0.522921
0.527247
0.530484
0.531802
0.532509
0.533546
0.534641
0.53558
0.536758
0.538972
0.541848
0.545022
0.548421
0.551901
0.555402
0.558954
0.56263
0.566375
0.570154
0.574103
0.578176
0.582418
0.586979
0.59197
0.597534
0.603592
0.610193
0.617101
0.624208
0.631639
0.639375
0.647551
0.656228
0.665372
0.674961
0.684929
0.695223
0.705853
0.716721
0.727043
2.78812
2.44574
1.71888
0.731843
0.379692
0.389098
0.446529
0.4981
0.521982
0.531107
0.535524
0.53792
0.537939
0.537282
0.537807
0.53892
0.539349
0.53902
0.539255
0.54037
0.541691
0.543202
0.544866
0.546903
0.549194
0.551805
0.554834
0.558362
0.562321
0.566802
0.571613
0.576454
0.581648
0.587389
0.593481
0.599942
0.606959
0.614333
0.62192
0.629823
0.637981
0.646511
0.655356
0.664549
0.674027
0.683754
0.693712
0.703794
0.714084
0.723851
2.78894
2.51337
1.76672
0.958318
0.399942
0.382438
0.42845
0.467978
0.477372
0.473288
0.470091
0.471274
0.475733
0.482595
0.491486
0.500719
0.5091
0.516293
0.52232
0.527566
0.532524
0.536933
0.540807
0.544418
0.547836
0.551219
0.554837
0.558781
0.563089
0.567795
0.572866
0.578282
0.584069
0.590016
0.595801
0.601628
0.607884
0.614615
0.621733
0.629098
0.636736
0.644815
0.653367
0.662331
0.671576
0.681049
0.690808
0.700759
0.711066
0.720899
2.76184
2.49159
1.74961
0.788441
0.40213
0.38087
0.436665
0.486471
0.505591
0.509033
0.507105
0.504349
0.503589
0.505619
0.509367
0.513909
0.518407
0.522401
0.526077
0.529613
0.533086
0.536501
0.539982
0.543629
0.547459
0.551463
0.555671
0.56025
0.565273
0.570629
0.576147
0.5818
0.587618
0.593561
0.5997
0.605785
0.611584
0.617714
0.624284
0.631248
0.63852
0.645987
0.653668
0.661748
0.670439
0.67953
0.688957
0.698629
0.708584
0.718083
2.75613
2.53321
1.78902
0.838348
0.438362
0.393461
0.448213
0.501285
0.525771
0.532643
0.530502
0.525833
0.52271
0.521713
0.521814
0.522754
0.524759
0.526531
0.528385
0.530303
0.5323
0.534743
0.537799
0.541457
0.545622
0.550235
0.555295
0.560713
0.566336
0.57207
0.57792
0.583861
0.58986
0.595893
0.601985
0.608106
0.614219
0.620544
0.627114
0.633865
0.640919
0.648265
0.655785
0.663603
0.671752
0.680255
0.689046
0.698119
0.707438
0.716339
2.80344
2.52932
1.76174
0.96918
0.38919
0.359515
0.404086
0.445084
0.456865
0.4561
0.456235
0.459753
0.466403
0.475672
0.4862
0.496133
0.504654
0.512023
0.518705
0.524705
0.530211
0.535481
0.540645
0.545772
0.550926
0.556159
0.561437
0.566682
0.57191
0.577125
0.582323
0.587558
0.59275
0.597843
0.603206
0.608931
0.614932
0.621147
0.627613
0.63445
0.641645
0.649024
0.656598
0.664483
0.672615
0.681014
0.689609
0.698375
0.707298
0.715751
2.8131
2.49778
1.85426
0.847948
0.441629
0.384707
0.43457
0.482637
0.503086
0.506671
0.503715
0.50203
0.502242
0.504525
0.509071
0.513691
0.517351
0.520628
0.524067
0.527901
0.532192
0.536889
0.541857
0.547011
0.552368
0.557889
0.563413
0.56883
0.574087
0.57916
0.584087
0.588991
0.593898
0.598806
0.604071
0.609662
0.615524
0.621723
0.628326
0.635208
0.642405
0.64986
0.65752
0.665364
0.67331
0.681459
0.689704
0.698132
0.706716
0.714855
2.80218
2.49941
1.8317
0.838147
0.437639
0.381581
0.442192
0.502109
0.528575
0.530651
0.523783
0.518071
0.514372
0.51248
0.513275
0.51493
0.516308
0.518092
0.520722
0.524135
0.528433
0.533562
0.53938
0.545709
0.552354
0.559086
0.56567
0.571916
0.577818
0.58333
0.588378
0.593351
0.598351
0.603337
0.608465
0.613964
0.619808
0.625913
0.632266
0.638857
0.645661
0.652643
0.659759
0.666995
0.674363
0.681882
0.689592
0.697463
0.705537
0.7132
2.7953
2.51081
1.82253
0.821157
0.433979
0.383906
0.442437
0.501069
0.525506
0.525894
0.518584
0.512004
0.507305
0.504612
0.504663
0.505953
0.507637
0.510255
0.513833
0.518329
0.523934
0.530591
0.538086
0.546103
0.554328
0.562391
0.569736
0.576251
0.582215
0.587693
0.592884
0.597934
0.6028
0.607482
0.612435
0.617885
0.623322
0.628826
0.6344
0.64017
0.646147
0.652334
0.658765
0.665418
0.672317
0.679427
0.686764
0.694323
0.702182
0.709757
2.78762
2.47999
1.79548
0.785462
0.405158
0.387337
0.444654
0.497404
0.519532
0.520206
0.512874
0.506292
0.501481
0.499515
0.501348
0.504083
0.506572
0.509432
0.513026
0.517635
0.52343
0.530301
0.538024
0.546197
0.553908
0.560603
0.566783
0.572565
0.578125
0.583623
0.589084
0.594284
0.599328
0.604847
0.610647
0.616216
0.621582
0.626937
0.632215
0.637665
0.643326
0.64933
0.655686
0.662324
0.669215
0.676337
0.683656
0.691266
0.69912
0.706703
2.79142
2.4828
1.74397
0.929168
0.352764
0.35258
0.401775
0.442382
0.452743
0.451938
0.45129
0.454003
0.460741
0.470509
0.481685
0.492587
0.502466
0.511238
0.518813
0.525312
0.530953
0.53598
0.54087
0.545945
0.5507
0.555038
0.559213
0.563522
0.567877
0.572477
0.577603
0.583136
0.588898
0.595034
0.601683
0.608416
0.615157
0.621932
0.628731
0.635579
0.642446
0.649333
0.656333
0.663449
0.670672
0.678138
0.685667
0.693489
0.701488
0.709159
2.79727
2.49353
1.77125
0.953224
0.356938
0.352329
0.397483
0.432507
0.440203
0.439603
0.442682
0.450933
0.46301
0.476337
0.489631
0.502265
0.513513
0.522608
0.529706
0.535345
0.53841
0.539713
0.540595
0.54165
0.543078
0.545247
0.548175
0.55172
0.556056
0.561302
0.567549
0.574554
0.582048
0.590089
0.598457
0.606841
0.615237
0.623637
0.632025
0.640182
0.64827
0.656303
0.664203
0.672047
0.679736
0.687449
0.695114
0.702858
0.710681
0.718062
2.78277
2.47655
1.71532
0.911442
0.336878
0.347291
0.397574
0.438675
0.450887
0.451819
0.454777
0.462701
0.474784
0.488531
0.501289
0.512805
0.522577
0.529926
0.534743
0.537594
0.538617
0.538751
0.539175
0.53995
0.541038
0.542745
0.545225
0.548395
0.55247
0.557702
0.564187
0.571696
0.580086
0.58923
0.598821
0.608551
0.618242
0.62771
0.636741
0.645359
0.653709
0.661808
0.669761
0.677665
0.685451
0.693162
0.700862
0.708722
0.717004
0.724794
2.761
2.48784
1.7185
0.760713
0.399336
0.386582
0.443618
0.494879
0.511941
0.507272
0.499761
0.494427
0.493711
0.497531
0.501513
0.504078
0.506108
0.508382
0.511167
0.514473
0.518289
0.522832
0.528021
0.533782
0.539806
0.546045
0.55229
0.558311
0.564387
0.570529
0.576745
0.582943
0.589125
0.596134
0.604061
0.61183
0.619368
0.626639
0.63366
0.640525
0.647362
0.654281
0.661319
0.668542
0.675978
0.683593
0.69139
0.699486
0.70812
0.716316
2.8162
2.51059
1.81234
0.795949
0.413243
0.378713
0.43486
0.488592
0.507657
0.506479
0.499706
0.494261
0.493473
0.495233
0.497008
0.49811
0.499643
0.502121
0.505771
0.51084
0.517286
0.524611
0.531772
0.538955
0.54652
0.554138
0.561602
0.568719
0.575268
0.581083
0.586218
0.590861
0.59532
0.59992
0.604768
0.60988
0.61515
0.620569
0.626106
0.631809
0.637763
0.644009
0.650661
0.65775
0.665259
0.673229
0.68159
0.690304
0.699481
0.708262
2.78388
2.49457
1.80234
0.775494
0.396267
0.365044
0.418962
0.472112
0.49301
0.495383
0.492527
0.490567
0.493032
0.497772
0.502261
0.505355
0.508156
0.511349
0.51543
0.520595
0.527004
0.53371
0.539804
0.546432
0.553581
0.560863
0.56803
0.57474
0.580751
0.586482
0.591625
0.595722
0.599203
0.602701
0.606467
0.610772
0.615407
0.620426
0.625613
0.631049
0.636751
0.642759
0.649268
0.656212
0.663679
0.67174
0.680244
0.689255
0.698745
0.7079
1.18597
0.973558
0.447923
0.182891
0.0315453
0.130501
0.163689
0.200923
0.214682
0.213176
0.197992
0.185868
0.173866
0.161339
0.146392
0.129049
0.109076
0.0868925
0.0633199
0.0394169
0.0190451
0.0213446
0.044797
0.0693833
0.0938593
0.117892
0.141467
0.1646
0.187224
0.209327
0.230859
0.251684
0.271433
0.290653
0.310527
0.330743
0.350165
0.368728
0.386674
0.404087
0.421026
0.437507
0.453548
0.469186
0.484455
0.499384
0.514032
0.528405
0.542533
0.556431
0.57007
0.58348
0.596616
0.609407
0.62188
0.633952
0.645628
0.656828
0.66753
0.677623
0.687147
0.695946
0.703985
0.71123
0.717535
0.722979
0.727441
0.731016
0.733599
0.735323
0.736034
0.7363
0.735961
0.735508
0.734278
0.732026
0.729162
0.726197
0.72348
0.72083
0.718557
0.716718
0.715234
0.714385
0.714008
0.714203
0.714675
0.715537
0.71669
0.718355
0.720513
0.723083
0.725876
0.728764
0.731621
0.734473
0.737161
0.739692
0.741776
0.746282
1.11127
0.988511
0.749262
0.506957
0.4773
0.409053
0.362851
0.327577
0.306667
0.286892
0.257621
0.232719
0.224042
0.227604
0.237345
0.250711
0.267336
0.284668
0.302207
0.319684
0.336648
0.353176
0.370124
0.387295
0.404543
0.421886
0.439356
0.456868
0.474277
0.491578
0.50866
0.525235
0.540791
0.555515
0.57041
0.585983
0.601402
0.615998
0.629979
0.643511
0.656637
0.669353
0.681667
0.693611
0.705207
0.716482
0.72747
0.738198
0.748731
0.75911
0.769376
0.779579
0.789758
0.799797
0.80962
0.81926
0.828571
0.837547
0.846177
0.85439
0.862103
0.869392
0.876146
0.882348
0.887983
0.892857
0.897098
0.900593
0.903268
0.905331
0.906507
0.907299
0.90771
0.90794
0.90773
0.906698
0.905054
0.903306
0.901722
0.900391
0.899331
0.898563
0.898226
0.898274
0.898899
0.899897
0.901139
0.902616
0.904378
0.906475
0.908942
0.911704
0.91464
0.91762
0.920521
0.923247
0.925834
0.928063
0.929878
0.933059
1.06278
1.0428
0.960662
0.852008
0.790587
0.74843
0.717353
0.692296
0.674964
0.663521
0.650974
0.641914
0.637434
0.636594
0.638211
0.640651
0.643544
0.646563
0.649912
0.65364
0.657971
0.663015
0.668933
0.675789
0.683456
0.69202
0.701532
0.711922
0.722946
0.734173
0.745182
0.75582
0.765924
0.775604
0.785631
0.796455
0.807808
0.818908
0.829735
0.840396
0.85091
0.861304
0.87163
0.881921
0.892167
0.902326
0.912338
0.922137
0.931669
0.940891
0.94974
0.958222
0.966439
0.974071
0.980782
0.987097
0.993101
0.998755
1.004
1.00883
1.01324
1.01728
1.02094
1.02423
1.02718
1.02961
1.03161
1.0331
1.03433
1.03502
1.03499
1.03476
1.03436
1.03392
1.03307
1.03167
1.02971
1.02787
1.02609
1.02472
1.02355
1.02288
1.02253
1.02267
1.02348
1.02442
1.02592
1.02736
1.0292
1.03125
1.03356
1.03635
1.03901
1.04217
1.04493
1.04803
1.05063
1.0535
1.05533
1.05942
1.03462
1.05707
1.04269
1.00452
0.96525
0.940108
0.924263
0.912831
0.903623
0.897543
0.893748
0.889718
0.885138
0.883256
0.883017
0.883625
0.884155
0.884385
0.884509
0.884751
0.885331
0.886319
0.887807
0.889917
0.892559
0.895676
0.899262
0.903154
0.90711
0.911126
0.915207
0.919699
0.924239
0.928531
0.933201
0.939223
0.946141
0.953177
0.960167
0.967352
0.974757
0.98229
0.989933
0.997758
1.00585
1.01425
1.02295
1.03188
1.04093
1.05
1.05901
1.06794
1.07683
1.08565
1.09434
1.1028
1.11093
1.11873
1.12612
1.13286
1.13889
1.14438
1.14933
1.15345
1.15701
1.15948
1.1608
1.16137
1.16044
1.15872
1.15619
1.15277
1.14916
1.14543
1.14148
1.13716
1.13262
1.12827
1.12438
1.12117
1.11844
1.11612
1.11445
1.11382
1.11347
1.11412
1.11462
1.11587
1.11705
1.11887
1.12073
1.12315
1.12536
1.12798
1.13016
1.13254
1.13438
1.13644
1.1374
1.14046
1.00475
1.04299
1.05875
1.05567
1.04629
1.03944
1.03636
1.03507
1.03376
1.0321
1.03099
1.0311
1.02999
1.02775
1.0261
1.02485
1.02378
1.02241
1.02076
1.01902
1.01721
1.01568
1.01454
1.01382
1.01391
1.01437
1.0152
1.01667
1.01855
1.0208
1.02352
1.02669
1.02986
1.03258
1.03566
1.03967
1.04452
1.04966
1.05467
1.05977
1.0651
1.07062
1.07629
1.08211
1.08814
1.09438
1.10082
1.10744
1.11429
1.12138
1.12869
1.13625
1.14405
1.15205
1.16011
1.16817
1.17614
1.1838
1.19109
1.19808
1.20464
1.21045
1.2156
1.22029
1.22421
1.2275
1.22984
1.23149
1.23251
1.23241
1.23173
1.23056
1.2288
1.22664
1.22408
1.22085
1.2171
1.2131
1.20906
1.20517
1.20156
1.19826
1.19529
1.19286
1.19118
1.18992
1.18891
1.18828
1.18809
1.18841
1.1892
1.1903
1.19187
1.19383
1.1955
1.19773
1.19913
1.20132
1.20193
1.2051
0.968093
1.01598
1.04623
1.06431
1.07458
1.08191
1.08859
1.0949
1.10018
1.10368
1.10545
1.10656
1.10736
1.10729
1.10536
1.10295
1.10081
1.09879
1.09657
1.09417
1.09166
1.08921
1.0871
1.08545
1.08439
1.08379
1.08382
1.08438
1.08517
1.0863
1.08779
1.08951
1.09121
1.09273
1.09462
1.09739
1.10096
1.10486
1.10872
1.1127
1.11691
1.12139
1.1261
1.1311
1.13644
1.14217
1.14824
1.1546
1.16123
1.16817
1.17539
1.18286
1.19043
1.19803
1.20549
1.21275
1.21983
1.22655
1.23294
1.23904
1.24466
1.24992
1.25482
1.25918
1.26309
1.26627
1.2691
1.27118
1.27269
1.27355
1.27375
1.27343
1.27273
1.27172
1.2699
1.26744
1.26438
1.2609
1.25724
1.25353
1.24988
1.24642
1.24332
1.24062
1.23823
1.23638
1.23493
1.23386
1.23301
1.23248
1.23233
1.23291
1.23336
1.23468
1.23545
1.23723
1.23819
1.24035
1.24069
1.24403
0.930606
0.980291
1.02092
1.05073
1.07298
1.09038
1.10502
1.1175
1.12796
1.13612
1.14191
1.14523
1.14719
1.14855
1.14866
1.14754
1.14473
1.142
1.13919
1.13617
1.13328
1.13045
1.12778
1.12565
1.12398
1.12289
1.12235
1.12246
1.12304
1.12393
1.12519
1.12654
1.12789
1.129
1.1305
1.13279
1.13576
1.13896
1.14217
1.14549
1.14904
1.1529
1.1571
1.16166
1.16659
1.17195
1.17775
1.184
1.19064
1.1976
1.20475
1.21195
1.21907
1.22597
1.2326
1.23893
1.24501
1.25086
1.25648
1.26181
1.26695
1.27183
1.27629
1.28037
1.28404
1.28725
1.28991
1.29209
1.29385
1.29494
1.2957
1.29606
1.29592
1.29576
1.29504
1.2936
1.29173
1.28939
1.2867
1.28379
1.28077
1.27771
1.27479
1.27219
1.26988
1.26799
1.26643
1.2653
1.26445
1.26389
1.2636
1.26385
1.26407
1.26479
1.26507
1.26581
1.26605
1.26696
1.26677
1.26909
0.900704
0.944157
0.986388
1.02444
1.05523
1.07978
1.10011
1.1174
1.13224
1.14412
1.15339
1.16005
1.16409
1.16659
1.16805
1.16864
1.16811
1.16573
1.16282
1.15979
1.15682
1.15399
1.15121
1.14885
1.14685
1.14542
1.14452
1.14411
1.14446
1.14509
1.14616
1.14736
1.14865
1.14967
1.15122
1.15339
1.15606
1.15877
1.16153
1.16447
1.16772
1.17137
1.17547
1.18007
1.18519
1.19087
1.19708
1.20372
1.21065
1.21765
1.2245
1.23105
1.23727
1.24317
1.24893
1.25454
1.25988
1.26506
1.27016
1.27502
1.2796
1.28395
1.28809
1.29189
1.29532
1.29839
1.3011
1.30331
1.30501
1.3063
1.30721
1.30787
1.30829
1.30844
1.30822
1.30753
1.30635
1.30476
1.30281
1.30052
1.29799
1.29535
1.2927
1.29014
1.28774
1.28572
1.28408
1.2829
1.28213
1.28161
1.28146
1.28193
1.2825
1.28332
1.28388
1.28465
1.28493
1.2855
1.28512
1.28661
0.878059
0.915243
0.954242
0.992239
1.02683
1.05728
1.083
1.10455
1.1227
1.13793
1.1501
1.15955
1.16659
1.17114
1.17422
1.17609
1.17734
1.17727
1.1764
1.17374
1.17118
1.16847
1.16588
1.16336
1.1611
1.15927
1.15786
1.15697
1.15689
1.1573
1.15806
1.15899
1.16004
1.16099
1.16259
1.16481
1.16741
1.17003
1.1728
1.17589
1.17942
1.18346
1.18806
1.1933
1.19918
1.20558
1.21225
1.21891
1.22535
1.23147
1.23729
1.24286
1.24824
1.25332
1.25826
1.26309
1.26746
1.27154
1.27563
1.2797
1.28371
1.28766
1.29153
1.29527
1.29883
1.30208
1.30508
1.30767
1.30978
1.31132
1.31241
1.31334
1.31429
1.315
1.31513
1.31478
1.31404
1.31305
1.31177
1.31008
1.30794
1.30563
1.30319
1.3007
1.2983
1.29614
1.29437
1.29314
1.29244
1.29202
1.29202
1.29271
1.29376
1.29491
1.29605
1.29709
1.29782
1.29838
1.29801
1.29919
0.860902
0.893141
0.927909
0.963921
0.998507
1.0297
1.05763
1.08217
1.10355
1.12178
1.13712
1.1497
1.15943
1.16702
1.17271
1.17654
1.17908
1.18076
1.18163
1.18114
1.1795
1.17662
1.17382
1.17113
1.1687
1.16664
1.16497
1.16382
1.16343
1.16365
1.16415
1.16485
1.16578
1.16693
1.1689
1.17148
1.17428
1.17716
1.18032
1.18402
1.18845
1.19366
1.19949
1.20563
1.2118
1.21776
1.22347
1.22894
1.23425
1.23943
1.24437
1.24905
1.25365
1.25788
1.26156
1.2654
1.26944
1.27359
1.27776
1.28188
1.28595
1.28997
1.29384
1.29757
1.30114
1.3044
1.30729
1.30977
1.31193
1.31345
1.31463
1.31572
1.31658
1.31716
1.31738
1.31712
1.31648
1.3156
1.3145
1.31307
1.31123
1.30919
1.30699
1.30467
1.30244
1.30041
1.29881
1.29781
1.2973
1.29704
1.29731
1.29846
1.30002
1.30171
1.30326
1.30476
1.30578
1.30649
1.30634
1.30751
0.846207
0.875182
0.90633
0.93984
0.973078
1.00446
1.0333
1.059
1.08211
1.10226
1.11971
1.13496
1.14751
1.1577
1.16616
1.17242
1.17662
1.17976
1.18153
1.18233
1.18185
1.18008
1.17723
1.17439
1.1718
1.1695
1.16765
1.16652
1.16612
1.1662
1.16651
1.16718
1.16806
1.17004
1.17267
1.17563
1.17871
1.1823
1.1867
1.19184
1.19742
1.20309
1.2086
1.21391
1.21908
1.22413
1.22909
1.23389
1.23841
1.24271
1.24695
1.25082
1.25458
1.25862
1.26281
1.26708
1.27139
1.27569
1.27996
1.28417
1.28834
1.29266
1.29688
1.30083
1.30425
1.30734
1.30993
1.31203
1.31362
1.31464
1.31535
1.31592
1.31622
1.31623
1.31605
1.31567
1.31511
1.3143
1.31314
1.31171
1.31011
1.30834
1.30642
1.3044
1.30246
1.30084
1.29975
1.29919
1.29892
1.29898
1.2998
1.30162
1.30352
1.30557
1.30733
1.30894
1.31001
1.31063
1.31058
1.31159
0.833041
0.859492
0.887731
0.917907
0.94935
0.980122
1.00941
1.0363
1.06108
1.08315
1.10274
1.11995
1.13445
1.14675
1.15706
1.16478
1.17047
1.17489
1.1778
1.17875
1.17879
1.17761
1.17624
1.17441
1.17192
1.16983
1.16815
1.16717
1.16678
1.16675
1.16706
1.16812
1.17003
1.17273
1.17599
1.17972
1.18397
1.18863
1.19346
1.19833
1.20318
1.20804
1.21291
1.21775
1.22249
1.22694
1.23107
1.23504
1.23887
1.2425
1.24654
1.25087
1.25528
1.25975
1.26424
1.26887
1.2738
1.27894
1.28405
1.28895
1.29377
1.29817
1.30218
1.3057
1.30879
1.31139
1.31331
1.31471
1.31572
1.31626
1.31633
1.3162
1.31579
1.31512
1.31439
1.3136
1.31266
1.31149
1.31015
1.30873
1.30722
1.30559
1.30391
1.30233
1.30106
1.30023
1.29982
1.2997
1.29984
1.30075
1.30255
1.3046
1.3066
1.30854
1.31015
1.31155
1.31235
1.31275
1.31268
1.31323
0.819816
0.84436
0.870578
0.898368
0.927702
0.957489
0.986675
1.01436
1.03996
1.06335
1.08433
1.10265
1.11878
1.13221
1.14346
1.15283
1.16001
1.16574
1.16995
1.1725
1.1742
1.17501
1.17455
1.17389
1.1726
1.17098
1.16971
1.16895
1.16866
1.16873
1.16953
1.17111
1.17374
1.17705
1.18067
1.18436
1.18818
1.19224
1.19658
1.20106
1.20565
1.21023
1.21455
1.2185
1.22218
1.22576
1.22938
1.23329
1.23741
1.24191
1.24667
1.25163
1.2569
1.26244
1.26809
1.27374
1.27929
1.28461
1.28957
1.29413
1.29835
1.30222
1.3056
1.3085
1.31104
1.31321
1.31484
1.316
1.31685
1.31732
1.31735
1.31711
1.31656
1.31569
1.31461
1.31338
1.31205
1.3106
1.30907
1.30747
1.30581
1.30424
1.30294
1.30201
1.30148
1.30133
1.3014
1.30177
1.30283
1.30438
1.30599
1.30762
1.30914
1.31057
1.3117
1.31266
1.31319
1.31351
1.31286
1.31305
0.808599
0.831557
0.856228
0.882586
0.910525
0.939182
0.967593
0.994887
1.02039
1.04368
1.06464
1.0834
1.10015
1.11476
1.12772
1.13875
1.14812
1.15567
1.16175
1.1666
1.16995
1.17211
1.17337
1.17386
1.17379
1.17333
1.17291
1.17261
1.17265
1.17317
1.17457
1.17636
1.17833
1.18055
1.18331
1.18659
1.19014
1.19383
1.19759
1.20121
1.20455
1.20779
1.21103
1.21455
1.21827
1.22248
1.22736
1.23247
1.23786
1.24362
1.24964
1.25568
1.26158
1.26724
1.27261
1.27766
1.28239
1.28681
1.29091
1.29466
1.29806
1.30117
1.30397
1.30636
1.3083
1.30999
1.31149
1.31264
1.31341
1.31392
1.31419
1.31424
1.31406
1.31369
1.31316
1.31244
1.31157
1.31057
1.30946
1.30821
1.30696
1.30583
1.30489
1.30422
1.30388
1.30388
1.30414
1.30457
1.30525
1.30631
1.3075
1.30872
1.30988
1.31098
1.31185
1.31268
1.31311
1.31325
1.31232
1.31325
0.799711
0.821698
0.845447
0.870673
0.897416
0.925033
0.952425
0.978761
1.00341
1.02613
1.04694
1.06582
1.08296
1.09856
1.11241
1.12492
1.1359
1.1453
1.15349
1.16011
1.1654
1.16961
1.17273
1.17491
1.17615
1.17699
1.17759
1.17786
1.17814
1.17853
1.17903
1.17984
1.18114
1.18282
1.18471
1.18683
1.18897
1.19086
1.19297
1.19571
1.19891
1.20243
1.20668
1.21182
1.21724
1.22303
1.22919
1.23553
1.24178
1.24779
1.25354
1.25903
1.26424
1.26917
1.27383
1.27821
1.28232
1.28615
1.28972
1.29301
1.29598
1.29863
1.30101
1.30313
1.3049
1.30629
1.30747
1.30852
1.30939
1.30999
1.31035
1.31058
1.31069
1.31072
1.31059
1.31027
1.30985
1.30931
1.30865
1.30791
1.30713
1.30636
1.30565
1.30507
1.30471
1.30464
1.30484
1.30527
1.3059
1.30664
1.30751
1.30848
1.3095
1.31054
1.3115
1.3124
1.31318
1.3138
1.3136
1.3152
0.792293
0.813651
0.83681
0.861514
0.887155
0.913162
0.939058
0.964007
0.98739
1.00932
1.02977
1.04872
1.0664
1.08277
1.0977
1.11148
1.12399
1.13504
1.14475
1.1532
1.16039
1.16609
1.17048
1.17406
1.17675
1.17835
1.17939
1.18029
1.18095
1.18144
1.18206
1.18267
1.18314
1.18355
1.18411
1.18504
1.18667
1.18905
1.19193
1.19502
1.19851
1.20284
1.20823
1.21415
1.22038
1.22667
1.23285
1.23887
1.24465
1.25014
1.2553
1.26015
1.2647
1.26898
1.27304
1.27688
1.28049
1.2839
1.28712
1.29014
1.29291
1.29537
1.29759
1.29957
1.30127
1.30265
1.30377
1.30476
1.30564
1.30638
1.30692
1.3073
1.30757
1.30778
1.30798
1.30814
1.30818
1.30801
1.30768
1.30721
1.30669
1.30615
1.30561
1.30507
1.30457
1.30422
1.30409
1.30424
1.30466
1.30533
1.30617
1.30716
1.30846
1.31011
1.31177
1.31339
1.3149
1.31607
1.31636
1.31831
0.784988
0.805354
0.82761
0.851596
0.8765
0.901392
0.925611
0.949085
0.971744
0.993435
1.0139
1.03295
1.05083
1.06782
1.0837
1.09843
1.11214
1.12474
1.13593
1.14585
1.15442
1.16135
1.16707
1.17183
1.17554
1.17819
1.18021
1.18193
1.18331
1.1841
1.18444
1.18487
1.18537
1.1859
1.18667
1.18791
1.1898
1.19228
1.19509
1.19812
1.20194
1.20707
1.21272
1.21839
1.22406
1.22972
1.23531
1.24063
1.24554
1.25001
1.25413
1.25799
1.26165
1.26517
1.26864
1.27209
1.27555
1.27901
1.28242
1.2857
1.28878
1.2916
1.29415
1.29643
1.29838
1.29998
1.30127
1.30235
1.30328
1.30406
1.30469
1.30519
1.30559
1.30595
1.30629
1.30662
1.3069
1.30695
1.30666
1.30621
1.30561
1.30485
1.30397
1.30311
1.30241
1.30201
1.30199
1.30236
1.30302
1.30386
1.30498
1.30675
1.30906
1.31147
1.31381
1.31597
1.31787
1.31912
1.31949
1.32138
0.778074
0.797575
0.818983
0.842135
0.865958
0.889571
0.912873
0.935749
0.958019
0.97946
0.999938
1.01944
1.03778
1.05497
1.07116
1.08635
1.1006
1.1139
1.12595
1.13662
1.14599
1.15404
1.1607
1.16626
1.171
1.17487
1.17791
1.18043
1.1826
1.18455
1.18636
1.1879
1.18914
1.19036
1.19179
1.19361
1.19587
1.1984
1.2012
1.2047
1.20904
1.21365
1.21831
1.22289
1.22734
1.23163
1.23565
1.23942
1.24304
1.24663
1.25028
1.25404
1.2579
1.26183
1.26575
1.26963
1.27343
1.27712
1.28065
1.28395
1.28703
1.28989
1.29251
1.29483
1.29685
1.29865
1.30029
1.30175
1.303
1.30398
1.30473
1.30534
1.30585
1.30631
1.30674
1.3071
1.30719
1.30693
1.30649
1.30588
1.30509
1.30416
1.30321
1.30241
1.30189
1.30171
1.30192
1.30252
1.30333
1.30442
1.30625
1.30889
1.31159
1.31428
1.31674
1.3189
1.32066
1.32167
1.322
1.32361
0.769494
0.78907
0.810432
0.833159
0.856244
0.879165
0.901797
0.924167
0.946163
0.96761
0.988295
1.00804
1.02684
1.04465
1.06149
1.07727
1.09179
1.10505
1.117
1.12762
1.13702
1.1453
1.15259
1.15909
1.16491
1.17013
1.17482
1.17913
1.18309
1.18657
1.18947
1.19196
1.19422
1.1964
1.19857
1.20085
1.2035
1.20651
1.20976
1.21316
1.21654
1.21979
1.22293
1.22608
1.22931
1.23258
1.23585
1.23914
1.24255
1.24616
1.24994
1.25386
1.25786
1.26191
1.2659
1.26978
1.27349
1.27702
1.28032
1.2834
1.28625
1.28888
1.29129
1.29343
1.29535
1.29711
1.29878
1.3004
1.30194
1.30331
1.30449
1.30549
1.30636
1.30715
1.30783
1.30844
1.30901
1.30928
1.30898
1.30825
1.30727
1.30619
1.30515
1.30434
1.30387
1.30379
1.30412
1.30485
1.30578
1.3071
1.30916
1.31165
1.31416
1.31664
1.3189
1.32089
1.32245
1.32332
1.32364
1.32511
0.761903
0.780931
0.802063
0.824442
0.84717
0.869921
0.892562
0.915043
0.937187
0.958863
0.979759
0.999741
1.01879
1.03683
1.05395
1.07002
1.08493
1.09863
1.11109
1.1223
1.13242
1.14154
1.14975
1.15719
1.16393
1.17004
1.17568
1.18083
1.18544
1.18954
1.19318
1.19644
1.19951
1.20251
1.20541
1.20812
1.21068
1.2132
1.21571
1.21826
1.22087
1.22334
1.22563
1.2281
1.23086
1.23379
1.23676
1.23979
1.24301
1.24669
1.25076
1.255
1.25934
1.26369
1.26796
1.27204
1.27584
1.27928
1.28232
1.28491
1.28713
1.28906
1.29082
1.29245
1.29396
1.29538
1.29678
1.29825
1.29977
1.30129
1.30273
1.30406
1.30531
1.30648
1.30755
1.3085
1.3093
1.31003
1.31056
1.31058
1.31018
1.30959
1.30893
1.30833
1.3079
1.30776
1.30795
1.30851
1.30935
1.31036
1.31169
1.31362
1.31581
1.31799
1.32002
1.32185
1.32337
1.32427
1.3246
1.32636
0.756335
0.773941
0.793972
0.816002
0.83871
0.861325
0.8838
0.906212
0.928358
0.950114
0.971243
0.99162
1.01118
1.02985
1.04756
1.06423
1.07973
1.09404
1.10716
1.11912
1.12993
1.13977
1.14866
1.15667
1.16403
1.17092
1.17721
1.18302
1.18838
1.19314
1.19731
1.20117
1.20487
1.20824
1.21112
1.21359
1.21588
1.21817
1.22048
1.22257
1.22426
1.22586
1.2276
1.22968
1.23215
1.23483
1.23755
1.2404
1.24376
1.24795
1.25244
1.25703
1.2616
1.26603
1.27017
1.27394
1.27727
1.28017
1.28269
1.28485
1.28665
1.28815
1.28946
1.29064
1.29173
1.29277
1.29386
1.29507
1.29647
1.29803
1.29968
1.30136
1.303
1.30457
1.30607
1.30748
1.30873
1.30978
1.31068
1.31148
1.31196
1.31187
1.31149
1.31106
1.31068
1.31049
1.31056
1.31091
1.3115
1.31231
1.31331
1.31445
1.31594
1.3179
1.31998
1.32187
1.32372
1.32517
1.32565
1.32786
0.752223
0.769037
0.788259
0.809276
0.831379
0.853968
0.876581
0.899053
0.921276
0.943099
0.964431
0.985125
1.00506
1.0241
1.04212
1.059
1.07471
1.08919
1.10244
1.11463
1.12589
1.13623
1.14582
1.15489
1.1634
1.17123
1.17851
1.18532
1.1915
1.19695
1.20182
1.20628
1.21028
1.21363
1.21633
1.21865
1.22088
1.22304
1.22487
1.22628
1.22757
1.22894
1.23062
1.23268
1.23504
1.23748
1.24003
1.24313
1.24708
1.2513
1.25562
1.25988
1.26395
1.26771
1.27112
1.2742
1.2769
1.27925
1.28129
1.28303
1.28446
1.28569
1.28684
1.28789
1.28886
1.28981
1.29081
1.29185
1.2929
1.29396
1.29515
1.29662
1.2983
1.30001
1.30175
1.3035
1.30522
1.30687
1.30836
1.30964
1.31067
1.31159
1.31224
1.31235
1.3122
1.31212
1.3122
1.3125
1.31303
1.31378
1.31473
1.3158
1.31718
1.31907
1.32121
1.32318
1.3251
1.32667
1.32719
1.32948
0.750556
0.766625
0.784955
0.805474
0.827193
0.849356
0.871552
0.893634
0.915565
0.937301
0.958713
0.97962
0.999767
1.01893
1.03696
1.05371
1.06924
1.08359
1.09691
1.10938
1.12113
1.13222
1.1427
1.1526
1.16195
1.17076
1.17898
1.18658
1.19353
1.19963
1.20502
1.20988
1.21417
1.21771
1.22053
1.22296
1.22527
1.22726
1.22878
1.23017
1.23158
1.23315
1.23501
1.2371
1.23925
1.2415
1.24422
1.24772
1.25156
1.25544
1.25918
1.26266
1.26588
1.26886
1.27152
1.27374
1.27551
1.27692
1.27816
1.27923
1.28
1.28072
1.28155
1.28255
1.28371
1.28493
1.28632
1.28788
1.28945
1.29098
1.29245
1.29389
1.29532
1.29675
1.29816
1.29956
1.30094
1.30234
1.30375
1.30512
1.30637
1.30748
1.30848
1.30944
1.31032
1.31118
1.31207
1.313
1.31396
1.31498
1.31622
1.31784
1.31969
1.32163
1.32357
1.32537
1.32697
1.32801
1.32828
1.33018
0.747683
0.764148
0.782726
0.803271
0.824897
0.846915
0.868982
0.890949
0.912757
0.934316
0.955496
0.976086
0.995847
1.01456
1.03211
1.04846
1.06375
1.07806
1.09158
1.10435
1.11646
1.128
1.13906
1.14963
1.15975
1.16939
1.17843
1.18682
1.19447
1.20126
1.20725
1.21258
1.2172
1.2209
1.22383
1.22645
1.22876
1.23065
1.23224
1.23371
1.23526
1.23697
1.23881
1.24068
1.24274
1.24541
1.24858
1.25176
1.25488
1.25793
1.2609
1.26368
1.26615
1.26822
1.26985
1.27117
1.27233
1.27329
1.27394
1.27451
1.27511
1.27578
1.27657
1.27754
1.27867
1.27989
1.28128
1.28302
1.28496
1.2869
1.28879
1.29065
1.29245
1.29415
1.29571
1.29717
1.29852
1.29979
1.301
1.30219
1.30339
1.30459
1.30582
1.30711
1.30847
1.30997
1.31161
1.31341
1.31534
1.31737
1.31948
1.32159
1.32356
1.32531
1.32674
1.32788
1.32873
1.32929
1.32913
1.33016
0.744531
0.761135
0.779861
0.800276
0.82149
0.843026
0.864687
0.886344
0.907841
0.928982
0.949559
0.969432
0.988494
1.0067
1.02404
1.04045
1.05596
1.07067
1.08465
1.09802
1.11085
1.12321
1.13517
1.14669
1.15774
1.16825
1.17804
1.18702
1.19526
1.20269
1.20923
1.21472
1.21938
1.22351
1.22699
1.22986
1.23236
1.23446
1.23621
1.23788
1.23955
1.24118
1.24292
1.24504
1.24742
1.24985
1.25232
1.25477
1.25708
1.25912
1.26086
1.26233
1.26356
1.26466
1.26563
1.26648
1.26732
1.2682
1.26911
1.2701
1.27119
1.2723
1.27337
1.27446
1.27566
1.277
1.27852
1.28021
1.28199
1.28381
1.28566
1.28755
1.28942
1.29119
1.2928
1.29428
1.29568
1.29702
1.29833
1.29963
1.30094
1.30228
1.30378
1.30562
1.30777
1.31011
1.31261
1.31519
1.31778
1.32029
1.3226
1.32463
1.3263
1.32767
1.32881
1.32984
1.33029
1.33043
1.3296
1.33037
0.740729
0.756953
0.77522
0.794962
0.815365
0.836024
0.856811
0.877617
0.89828
0.918617
0.938482
0.957793
0.976521
0.99465
1.01215
1.02904
1.04528
1.06091
1.07592
1.09035
1.10424
1.11764
1.1306
1.14307
1.15504
1.16641
1.17692
1.18662
1.19538
1.20307
1.20984
1.21594
1.22147
1.22645
1.23083
1.23456
1.23769
1.24039
1.24279
1.24494
1.24699
1.24904
1.2511
1.25304
1.25471
1.25609
1.25726
1.25834
1.25924
1.25974
1.25998
1.26023
1.26053
1.26092
1.26144
1.26208
1.26278
1.26369
1.26506
1.26665
1.26828
1.26984
1.27131
1.27272
1.27413
1.27552
1.27695
1.27842
1.27992
1.28149
1.28315
1.28489
1.28666
1.2884
1.29007
1.29171
1.29334
1.29495
1.29652
1.29807
1.29969
1.30148
1.30352
1.30577
1.30818
1.3107
1.31326
1.31585
1.31839
1.32079
1.32292
1.32475
1.32629
1.32768
1.32888
1.32968
1.32988
1.33017
1.32941
1.33079
0.737529
0.753539
0.771194
0.790048
0.809455
0.829084
0.848766
0.868473
0.888116
0.907584
0.926783
0.945666
0.964189
0.982362
1.00015
1.01756
1.03451
1.05094
1.06688
1.08233
1.09735
1.11187
1.12589
1.13923
1.15162
1.16309
1.17363
1.18324
1.19221
1.20069
1.20864
1.21616
1.22312
1.2293
1.23479
1.23979
1.24416
1.24774
1.2507
1.25334
1.2557
1.25761
1.25904
1.26007
1.26092
1.26168
1.26213
1.26204
1.26166
1.26118
1.26071
1.26032
1.26007
1.26001
1.26019
1.26058
1.26103
1.26172
1.26288
1.26421
1.26557
1.26685
1.26807
1.26926
1.27048
1.27173
1.27297
1.27424
1.27559
1.27705
1.2786
1.28024
1.28196
1.28374
1.28559
1.28749
1.28941
1.29138
1.29342
1.29555
1.29778
1.30012
1.30254
1.30502
1.30755
1.31013
1.3127
1.31521
1.31752
1.31957
1.32138
1.32307
1.32462
1.32592
1.32692
1.32781
1.32851
1.32902
1.32879
1.33086
0.734021
0.749525
0.76651
0.784726
0.803532
0.82255
0.84163
0.860648
0.879554
0.898345
0.917048
0.935685
0.954248
0.972704
0.990969
1.00898
1.02665
1.04392
1.06072
1.077
1.09267
1.10759
1.12173
1.13508
1.14766
1.15956
1.17082
1.1815
1.19164
1.20123
1.21017
1.2185
1.22624
1.23324
1.23942
1.24489
1.24959
1.25339
1.25644
1.25906
1.26126
1.26289
1.26394
1.2646
1.26513
1.26546
1.26534
1.26478
1.26407
1.26318
1.26225
1.26139
1.26071
1.26023
1.25994
1.25986
1.25994
1.26019
1.26073
1.26166
1.26255
1.26353
1.26441
1.26525
1.26619
1.26723
1.26832
1.26941
1.27052
1.2717
1.27298
1.27441
1.27601
1.27778
1.27974
1.28186
1.28415
1.28658
1.28915
1.29184
1.29462
1.29745
1.3003
1.30314
1.30595
1.30871
1.31136
1.31383
1.31606
1.31808
1.32
1.3218
1.32337
1.32477
1.32602
1.32716
1.32816
1.32884
1.32898
1.33129
0.731271
0.745722
0.76156
0.778731
0.796696
0.815079
0.833697
0.852417
0.871174
0.88997
0.908838
0.927795
0.946818
0.965827
0.984705
1.00336
1.02167
1.03955
1.05688
1.07358
1.0896
1.10484
1.11932
1.13304
1.14614
1.1587
1.17071
1.18213
1.19297
1.20321
1.21281
1.22174
1.22996
1.23739
1.24392
1.24955
1.25436
1.25832
1.26143
1.26395
1.26606
1.26766
1.26862
1.26909
1.26936
1.26939
1.26898
1.26809
1.26701
1.26572
1.26426
1.26289
1.26162
1.26054
1.25975
1.25928
1.25901
1.25887
1.25905
1.25952
1.2601
1.26054
1.26111
1.26148
1.26192
1.2626
1.26339
1.26418
1.26497
1.26573
1.26658
1.26773
1.26906
1.27057
1.27227
1.27423
1.27651
1.27912
1.28205
1.28523
1.28862
1.29213
1.2957
1.29926
1.30275
1.30613
1.30937
1.31247
1.31538
1.31803
1.32038
1.32246
1.32442
1.3262
1.3277
1.32899
1.32988
1.33061
1.33045
1.33229
0.729919
0.743578
0.758634
0.775061
0.792433
0.810416
0.82876
0.847316
0.866032
0.884899
0.903922
0.923078
0.942329
0.961597
0.980784
0.999742
1.01833
1.03637
1.05377
1.07043
1.08643
1.1018
1.11667
1.13099
1.14475
1.15796
1.17059
1.18272
1.19424
1.20507
1.21529
1.22469
1.23317
1.24085
1.24764
1.25337
1.25822
1.26237
1.26565
1.26812
1.27015
1.27189
1.27304
1.27349
1.27356
1.27342
1.27309
1.27236
1.27123
1.26964
1.26783
1.26582
1.26392
1.26223
1.26087
1.25981
1.25902
1.25845
1.25801
1.25772
1.25762
1.2576
1.25754
1.25751
1.25743
1.25759
1.25803
1.2587
1.25949
1.26042
1.26151
1.26282
1.26434
1.26606
1.26795
1.27003
1.27235
1.27496
1.2779
1.28115
1.28467
1.2884
1.29226
1.29619
1.3001
1.30395
1.3077
1.31133
1.3148
1.31803
1.32091
1.32341
1.3256
1.32764
1.32941
1.3308
1.33158
1.33215
1.33201
1.33337
0.72871
0.742014
0.756701
0.772913
0.790297
0.808418
0.826927
0.845636
0.864452
0.88337
0.902395
0.921528
0.940727
0.959894
0.97887
0.997503
1.01568
1.03336
1.05054
1.06723
1.0835
1.09928
1.1146
1.12945
1.14381
1.15769
1.17101
1.18368
1.19567
1.20688
1.21731
1.22691
1.23557
1.24333
1.25021
1.25612
1.26117
1.26556
1.26916
1.27191
1.27412
1.27608
1.27748
1.27801
1.27792
1.27768
1.27728
1.27641
1.27465
1.27243
1.26984
1.26722
1.26468
1.26242
1.26059
1.25915
1.25806
1.25722
1.25656
1.25618
1.25596
1.25579
1.25558
1.25535
1.25511
1.25472
1.25469
1.2551
1.25571
1.25652
1.25759
1.25904
1.26081
1.26286
1.26515
1.26768
1.27041
1.27336
1.27653
1.27992
1.28351
1.28727
1.29115
1.29508
1.29903
1.30295
1.3068
1.31057
1.31418
1.31754
1.32053
1.32317
1.32556
1.32777
1.32965
1.33107
1.33209
1.33275
1.33271
1.33434
0.726395
0.739488
0.754528
0.771289
0.789125
0.807584
0.826426
0.845481
0.864632
0.88382
0.903053
0.922323
0.941566
0.960634
0.979368
0.997654
1.01543
1.03277
1.04968
1.0663
1.08262
1.09862
1.11424
1.12941
1.14406
1.15815
1.17165
1.18452
1.1967
1.20816
1.21877
1.2285
1.23743
1.2455
1.25262
1.25895
1.26465
1.26954
1.27345
1.27669
1.27961
1.28203
1.28337
1.28363
1.28341
1.28295
1.28219
1.2804
1.27758
1.27411
1.27047
1.26688
1.26357
1.26086
1.25894
1.25758
1.25654
1.25627
1.25665
1.25692
1.25703
1.25699
1.25672
1.25629
1.25565
1.25454
1.25319
1.25266
1.2526
1.2531
1.25395
1.25507
1.25667
1.25892
1.26162
1.26465
1.26794
1.27144
1.27511
1.27891
1.2828
1.28674
1.29071
1.29468
1.29863
1.30255
1.30639
1.31008
1.31352
1.31665
1.31948
1.32218
1.32468
1.32685
1.32875
1.33033
1.33178
1.3326
1.33289
1.33527
0.723075
0.736521
0.752186
0.769809
0.788612
0.807932
0.82735
0.846722
0.866087
0.885534
0.905106
0.924736
0.944236
0.96338
0.981984
0.999971
1.01739
1.03434
1.05098
1.06736
1.08352
1.09941
1.11494
1.12999
1.14449
1.15842
1.1718
1.18465
1.19693
1.20849
1.21938
1.22968
1.23929
1.24805
1.25599
1.26332
1.26988
1.27538
1.28
1.28398
1.28704
1.28872
1.28938
1.28933
1.28869
1.28731
1.28578
1.28307
1.27952
1.27535
1.27105
1.26686
1.2631
1.26013
1.2581
1.25656
1.25554
1.25553
1.25584
1.25596
1.25589
1.25568
1.25527
1.25471
1.25375
1.25211
1.25015
1.24903
1.24863
1.24894
1.24977
1.2509
1.25253
1.25497
1.25812
1.26161
1.26536
1.26929
1.27334
1.27746
1.28163
1.2858
1.28997
1.2941
1.29817
1.30216
1.30598
1.30956
1.31285
1.31592
1.31886
1.32161
1.32403
1.32629
1.32832
1.33014
1.33184
1.3328
1.33358
1.33642
0.720249
0.733966
0.750108
0.768278
0.78756
0.807373
0.827399
0.847399
0.867259
0.887021
0.90673
0.926303
0.945527
0.96415
0.982049
0.99928
1.01601
1.03251
1.04891
1.06526
1.08141
1.09728
1.1127
1.12766
1.14219
1.15627
1.16992
1.18316
1.19611
1.20867
1.22059
1.23176
1.2421
1.2514
1.25977
1.26738
1.274
1.27952
1.28424
1.28817
1.29081
1.29222
1.29285
1.29256
1.29134
1.28969
1.28772
1.28469
1.28091
1.27667
1.27227
1.26794
1.26399
1.26079
1.25843
1.2566
1.25506
1.25401
1.25328
1.25252
1.2517
1.25086
1.25002
1.2486
1.24662
1.24496
1.24363
1.2434
1.2438
1.24452
1.24562
1.24747
1.2502
1.25338
1.25689
1.26061
1.26447
1.2684
1.27235
1.2763
1.28027
1.28426
1.2882
1.29207
1.29584
1.29947
1.30293
1.30623
1.30944
1.31254
1.31545
1.3182
1.3208
1.32336
1.32577
1.32816
1.33032
1.33211
1.33358
1.3375
0.722774
0.736121
0.75143
0.768522
0.786785
0.805754
0.825084
0.844511
0.863799
0.882828
0.901618
0.920115
0.938096
0.955431
0.972198
0.988677
1.00513
1.0218
1.03861
1.05557
1.07238
1.089
1.1052
1.12101
1.13648
1.15159
1.16649
1.18101
1.19499
1.2084
1.22116
1.23304
1.24415
1.25417
1.26312
1.27112
1.27784
1.28327
1.28742
1.2903
1.29233
1.29353
1.29372
1.29336
1.29225
1.29126
1.28992
1.28794
1.28527
1.28223
1.27904
1.2757
1.27219
1.26853
1.26471
1.26077
1.25679
1.25299
1.24959
1.24669
1.24433
1.24243
1.24094
1.23984
1.23909
1.23872
1.23867
1.23906
1.23998
1.24167
1.24398
1.24666
1.24964
1.25283
1.25615
1.25954
1.26292
1.26626
1.2695
1.27262
1.27566
1.27872
1.28176
1.28478
1.28791
1.29113
1.29439
1.29769
1.30098
1.30434
1.30791
1.3118
1.31542
1.31949
1.32296
1.327
1.33005
1.33331
1.33522
1.34021
0.730654
0.742328
0.755234
0.769524
0.785046
0.801652
0.818962
0.836533
0.854077
0.871484
0.888717
0.905712
0.92247
0.939111
0.955837
0.972853
0.990297
1.00812
1.02618
1.04429
1.06233
1.08014
1.09769
1.11494
1.13184
1.14835
1.16439
1.17987
1.1947
1.20873
1.22181
1.23384
1.24479
1.25454
1.26311
1.27023
1.27636
1.28125
1.28543
1.28853
1.29114
1.29292
1.29456
1.29474
1.29473
1.29494
1.29506
1.29417
1.29186
1.28867
1.2853
1.28175
1.27775
1.27292
1.2676
1.26205
1.25647
1.25119
1.24651
1.2427
1.23994
1.23829
1.2375
1.23707
1.23699
1.23753
1.23798
1.23881
1.23974
1.24082
1.24208
1.24358
1.24543
1.24769
1.25037
1.2534
1.25666
1.26006
1.26344
1.26689
1.2703
1.27378
1.27718
1.28063
1.28402
1.28752
1.29101
1.29468
1.29852
1.3026
1.30682
1.31113
1.31551
1.31991
1.32407
1.32825
1.33168
1.3348
1.33665
1.34109
0.737531
0.749248
0.76142
0.774088
0.787275
0.801122
0.815702
0.830904
0.846526
0.862409
0.878472
0.894743
0.911295
0.928195
0.945526
0.963314
0.981557
1.00016
1.01903
1.03799
1.05691
1.07567
1.09418
1.11235
1.13012
1.14737
1.16398
1.1798
1.1947
1.20861
1.22143
1.23327
1.24395
1.25381
1.26243
1.2704
1.27711
1.28314
1.28825
1.29218
1.29573
1.29822
1.30042
1.30077
1.30094
1.30113
1.30074
1.29876
1.29535
1.29143
1.28726
1.28262
1.27746
1.27205
1.26644
1.26075
1.25519
1.2501
1.24581
1.24252
1.24028
1.23891
1.23806
1.23772
1.23789
1.23822
1.23848
1.23891
1.2393
1.2395
1.23951
1.24017
1.24145
1.24307
1.24505
1.2476
1.25109
1.25512
1.25942
1.26395
1.26829
1.27293
1.27706
1.2815
1.28545
1.28967
1.29345
1.29755
1.30125
1.30527
1.30894
1.31285
1.31655
1.32032
1.32385
1.32725
1.33022
1.33255
1.33424
1.33809
0.730115
0.743093
0.756936
0.771536
0.78669
0.802378
0.818513
0.834797
0.850998
0.867086
0.883203
0.899598
0.916434
0.933615
0.951204
0.969076
0.98717
1.00532
1.0236
1.04182
1.06006
1.0782
1.09623
1.11395
1.13139
1.14824
1.16449
1.17992
1.19445
1.20804
1.22059
1.23219
1.24289
1.25263
1.26165
1.26978
1.27707
1.28356
1.28943
1.29435
1.29834
1.30148
1.30405
1.30435
1.30354
1.30235
1.30047
1.29716
1.29233
1.28665
1.28081
1.27502
1.26956
1.26464
1.26017
1.25629
1.25293
1.2498
1.24713
1.24476
1.24253
1.24074
1.23926
1.23801
1.23693
1.23614
1.23571
1.23556
1.23563
1.23594
1.23659
1.23762
1.23911
1.24097
1.24323
1.24587
1.24904
1.25248
1.25639
1.26038
1.26469
1.26895
1.27334
1.27761
1.28188
1.28608
1.29008
1.2941
1.29792
1.30173
1.30537
1.30903
1.31252
1.31605
1.31937
1.32277
1.32568
1.32827
1.33041
1.33507
0.723752
0.738482
0.754738
0.772324
0.790631
0.809078
0.827273
0.845031
0.862323
0.879195
0.895621
0.911564
0.927282
0.943384
0.960331
0.977898
0.995665
1.01332
1.03067
1.0477
1.06447
1.08105
1.09749
1.11381
1.12992
1.14579
1.16129
1.17629
1.19068
1.20438
1.21725
1.22928
1.24054
1.25096
1.26049
1.26927
1.27737
1.28449
1.29036
1.29541
1.29981
1.30268
1.30406
1.3043
1.30345
1.30231
1.30001
1.29614
1.29107
1.28535
1.2794
1.27372
1.26864
1.26426
1.2605
1.25727
1.25448
1.25195
1.24966
1.24747
1.24499
1.24192
1.23904
1.23678
1.23512
1.23401
1.23339
1.2335
1.23449
1.23613
1.23805
1.24012
1.24228
1.24441
1.24645
1.24852
1.2507
1.253
1.25562
1.25852
1.26167
1.26507
1.26881
1.27302
1.27744
1.28219
1.28684
1.29162
1.29626
1.30083
1.30528
1.30959
1.31382
1.31783
1.32187
1.32549
1.32897
1.33162
1.33407
1.33834
0.724365
0.740064
0.75754
0.776423
0.795968
0.815462
0.834337
0.852337
0.869512
0.886026
0.901945
0.91733
0.932385
0.947622
0.964022
0.981359
0.998845
1.01613
1.03302
1.04949
1.06561
1.0815
1.09725
1.11291
1.12845
1.14386
1.15904
1.17386
1.18824
1.20205
1.21515
1.22748
1.23908
1.24984
1.25969
1.26879
1.27718
1.28451
1.29062
1.29598
1.30049
1.30342
1.30515
1.30568
1.30523
1.30384
1.30229
1.29865
1.29389
1.28841
1.28261
1.27693
1.27178
1.26732
1.26348
1.2602
1.2574
1.25486
1.25258
1.25043
1.2482
1.24544
1.24227
1.2396
1.23752
1.2361
1.23521
1.23492
1.23558
1.23695
1.23886
1.24095
1.24311
1.24523
1.24724
1.24922
1.25129
1.25349
1.25596
1.25872
1.26172
1.26501
1.26877
1.27329
1.27833
1.28365
1.28915
1.29469
1.3002
1.30559
1.31084
1.31586
1.32054
1.32475
1.32865
1.33223
1.33529
1.33713
1.33925
1.3415
)
;

boundaryField
{
    inlet
    {
        type            calculated;
        value           uniform 3.00001;
    }
    outlet
    {
        type            calculated;
        value           nonuniform List<scalar> 
40
(
0.746282
0.933059
1.05942
1.14046
1.2051
1.24403
1.26909
1.28661
1.29919
1.30751
1.31159
1.31323
1.31305
1.31325
1.3152
1.31831
1.32138
1.32361
1.32511
1.32636
1.32786
1.32948
1.33018
1.33016
1.33037
1.33079
1.33086
1.33129
1.33229
1.33337
1.33434
1.33527
1.33642
1.3375
1.34021
1.34109
1.33809
1.33507
1.33834
1.3415
)
;
    }
    bottom
    {
        type            symmetryPlane;
    }
    top
    {
        type            symmetryPlane;
    }
    obstacle
    {
        type            calculated;
        value           uniform 0;
    }
    defaultFaces
    {
        type            empty;
    }
}


// ************************************************************************* //
