/*--------------------------------*- C++ -*----------------------------------*\
| =========                 |                                                 |
| \\      /  F ield         | OpenFOAM: The Open Source CFD Toolbox           |
|  \\    /   O peration     | Version:  2412                                  |
|   \\  /    A nd           | Website:  www.openfoam.com                      |
|    \\/     M anipulation  |                                                 |
\*---------------------------------------------------------------------------*/
FoamFile
{
    version     2.0;
    format      ascii;
    arch        "LSB;label=32;scalar=64";
    class       volScalarField;
    location    "20";
    object      Ma;
}
// * * * * * * * * * * * * * * * * * * * * * * * * * * * * * * * * * * * * * //

dimensions      [0 0 0 0 0 0 0];

internalField   nonuniform List<scalar> 
7000
(
2.25609
0.99436
0.300651
0.338441
0.401069
0.442407
0.450618
0.446148
0.439793
0.434883
0.432037
0.429764
0.427165
0.424077
0.420606
0.416831
0.412764
0.408385
0.403674
0.398613
0.393192
0.387394
0.381208
0.374615
0.367602
0.360148
0.352239
0.343852
0.334971
0.325572
0.315638
0.305145
0.294075
0.282405
0.270119
0.257195
0.24362
0.229382
0.214473
0.19889
0.18264
0.165733
0.148195
0.130059
0.111372
0.0921962
0.0725936
0.0528489
0.0319247
0.0155254
2.25614
0.994421
0.300448
0.338275
0.400914
0.442259
0.45047
0.446004
0.439655
0.434751
0.43191
0.429641
0.427045
0.423962
0.420495
0.416725
0.412664
0.408291
0.403586
0.398532
0.393117
0.387328
0.38115
0.374567
0.367564
0.360123
0.352226
0.343853
0.334987
0.325605
0.315689
0.305217
0.294169
0.282523
0.270262
0.257368
0.243826
0.229623
0.214754
0.199216
0.183017
0.166171
0.148707
0.130665
0.112107
0.0931207
0.0738217
0.0546575
0.0351589
0.0220583
2.25627
0.994618
0.300581
0.33831
0.400944
0.442292
0.450504
0.446044
0.439713
0.43482
0.431992
0.429727
0.427143
0.424065
0.420612
0.41685
0.412804
0.408441
0.403754
0.398711
0.393318
0.387543
0.381389
0.374825
0.367851
0.360433
0.35257
0.344227
0.335401
0.326058
0.31619
0.305765
0.294775
0.28319
0.271
0.258182
0.244727
0.230623
0.215866
0.200458
0.18441
0.167747
0.150505
0.13275
0.114569
0.09612
0.0776364
0.0598415
0.0430425
0.0335736
2.25645
0.994924
0.300852
0.338388
0.401025
0.442391
0.450607
0.446161
0.439843
0.434979
0.432161
0.429916
0.427338
0.424283
0.42084
0.417104
0.413071
0.408737
0.404065
0.399057
0.393683
0.387948
0.381819
0.375302
0.368358
0.360996
0.353171
0.344894
0.336118
0.326852
0.317047
0.306716
0.295806
0.284332
0.272246
0.259563
0.246242
0.232305
0.217725
0.202531
0.186726
0.170353
0.153467
0.136153
0.118559
0.100899
0.0835531
0.0674593
0.0533046
0.0461821
2.25669
0.995354
0.301201
0.338457
0.40111
0.442513
0.450736
0.446311
0.440005
0.435182
0.432376
0.430163
0.427594
0.424573
0.421145
0.417447
0.413434
0.409142
0.404496
0.399534
0.394193
0.38851
0.382425
0.375966
0.369079
0.361784
0.354032
0.345832
0.337147
0.327972
0.318282
0.308059
0.297291
0.285949
0.274039
0.26152
0.248418
0.234691
0.220387
0.205472
0.190023
0.174044
0.157645
0.140926
0.124076
0.107412
0.0913744
0.0770313
0.0651104
0.0594962
2.25702
0.995927
0.301645
0.338529
0.401206
0.442658
0.450906
0.446482
0.440235
0.435418
0.432671
0.430456
0.427944
0.424924
0.42156
0.417867
0.413924
0.409642
0.405073
0.400129
0.394875
0.389219
0.383232
0.376814
0.370038
0.362799
0.355173
0.347052
0.338509
0.329441
0.319913
0.309831
0.29925
0.288093
0.2764
0.264121
0.251279
0.237861
0.223878
0.209367
0.194339
0.1789
0.163093
0.147121
0.131169
0.115616
0.100987
0.0882996
0.0781901
0.0736219
2.25744
0.996653
0.302188
0.338604
0.401313
0.442836
0.45111
0.446714
0.440497
0.435729
0.433011
0.43084
0.428354
0.425383
0.422048
0.418415
0.414505
0.410292
0.405762
0.4009
0.395693
0.390136
0.384205
0.377905
0.371198
0.364101
0.356562
0.34861
0.340178
0.331311
0.321926
0.312081
0.301686
0.290807
0.279357
0.267405
0.254882
0.241854
0.228289
0.214254
0.199779
0.184945
0.169893
0.154756
0.139837
0.125483
0.112237
0.10108
0.0924471
0.0886276
2.25796
0.997545
0.30284
0.338685
0.401433
0.443046
0.451357
0.446995
0.440815
0.436104
0.433425
0.431304
0.428855
0.425938
0.422649
0.419076
0.415223
0.411077
0.406616
0.401832
0.396709
0.391241
0.385416
0.37922
0.372644
0.365669
0.358291
0.350484
0.342253
0.333558
0.32442
0.314785
0.304694
0.294077
0.282997
0.271377
0.2593
0.246701
0.233674
0.220199
0.206382
0.192289
0.178054
0.163901
0.150058
0.136961
0.125078
0.115266
0.107846
0.104625
2.25857
0.998614
0.303609
0.338773
0.401569
0.443292
0.451654
0.447324
0.441205
0.436545
0.433925
0.431849
0.42946
0.426594
0.423373
0.419861
0.416084
0.412012
0.407639
0.402942
0.397923
0.392563
0.38686
0.380796
0.374366
0.367554
0.36035
0.352744
0.34472
0.336273
0.327384
0.318057
0.308263
0.298027
0.287307
0.27616
0.264529
0.25251
0.240049
0.227283
0.214195
0.200963
0.187676
0.174552
0.1619
0.150032
0.139456
0.130892
0.124496
0.121719
2.25929
0.999874
0.304506
0.338871
0.401723
0.443581
0.452002
0.447725
0.441658
0.437077
0.434505
0.432503
0.430164
0.427378
0.424218
0.420795
0.417091
0.41312
0.408836
0.404257
0.399346
0.394124
0.388555
0.382654
0.376388
0.369771
0.36277
0.355397
0.347623
0.339457
0.330876
0.321888
0.312476
0.302648
0.292403
0.281747
0.270706
0.259284
0.247553
0.23552
0.223328
0.211007
0.198791
0.186799
0.175342
0.164788
0.155443
0.147994
0.142493
0.140148
2.26013
1.00134
0.305539
0.33898
0.401899
0.443913
0.452413
0.448181
0.442207
0.437684
0.435201
0.433252
0.431003
0.428279
0.425219
0.421871
0.41828
0.414398
0.410243
0.405774
0.401014
0.395928
0.390535
0.384803
0.378746
0.372337
0.365586
0.358469
0.350995
0.343145
0.334925
0.326326
0.317351
0.308004
0.298289
0.288226
0.277826
0.267136
0.256181
0.245046
0.233788
0.222552
0.211444
0.200709
0.190522
0.181227
0.173168
0.166811
0.162138
0.160102
2.26109
1.00301
0.306716
0.339104
0.4021
0.4443
0.452889
0.448733
0.442829
0.438412
0.43599
0.434142
0.431957
0.429343
0.426359
0.423134
0.419633
0.415892
0.411848
0.407541
0.402917
0.39802
0.392796
0.387287
0.38144
0.375296
0.368803
0.362004
0.354849
0.34738
0.339555
0.331414
0.322926
0.314133
0.305019
0.295625
0.285967
0.276082
0.266036
0.255866
0.245705
0.235605
0.225777
0.216333
0.207545
0.199613
0.192767
0.187493
0.183635
0.182028
2.26218
1.00491
0.308046
0.339247
0.40233
0.44474
0.453442
0.449359
0.443572
0.43924
0.436922
0.435151
0.433076
0.430549
0.427689
0.424564
0.421204
0.417582
0.413701
0.409538
0.405107
0.400386
0.395391
0.390097
0.384522
0.378642
0.372477
0.366001
0.35924
0.352169
0.344818
0.337166
0.329253
0.32106
0.312642
0.303986
0.295168
0.28619
0.27715
0.268085
0.259104
0.250323
0.241837
0.233871
0.22652
0.22007
0.21465
0.210549
0.207573
0.20627
2.26339
1.00702
0.309529
0.3394
0.402603
0.445236
0.454076
0.450089
0.444421
0.440204
0.437983
0.436319
0.434345
0.431938
0.429192
0.426205
0.422976
0.419515
0.415788
0.411815
0.40757
0.403076
0.398304
0.393283
0.387981
0.382429
0.376595
0.370515
0.364159
0.357565
0.350712
0.343638
0.336335
0.328841
0.321172
0.313364
0.305459
0.297508
0.289574
0.28174
0.274085
0.266737
0.259811
0.253429
0.247786
0.242935
0.239028
0.236293
0.234371
0.233718
2.26472
1.00936
0.311167
0.33956
0.402929
0.445795
0.454805
0.450931
0.445398
0.441313
0.439197
0.437652
0.43579
0.433515
0.430898
0.428059
0.424981
0.421689
0.418144
0.41437
0.410344
0.406085
0.401581
0.39684
0.391863
0.386647
0.38121
0.375535
0.369663
0.363561
0.357294
0.350821
0.344228
0.337474
0.330662
0.323766
0.316895
0.310064
0.303374
0.296894
0.290726
0.284978
0.279772
0.275243
0.271485
0.268674
0.266701
0.265728
0.265196
0.265162
2.26618
1.01193
0.312971
0.339758
0.403293
0.446441
0.455649
0.451903
0.446548
0.442584
0.440603
0.439166
0.437449
0.435297
0.432842
0.430142
0.42725
0.424123
0.420794
0.41722
0.413449
0.409434
0.405234
0.400792
0.396176
0.391329
0.386321
0.381101
0.375739
0.370199
0.364544
0.358765
0.352907
0.347007
0.341087
0.335234
0.329459
0.323891
0.318553
0.313594
0.309084
0.305162
0.301935
0.29953
0.298088
0.297588
0.298085
0.299514
0.301158
0.302683
2.26776
1.01473
0.314932
0.339987
0.403713
0.447194
0.456632
0.453037
0.447884
0.444054
0.442215
0.440898
0.439331
0.437317
0.43503
0.432491
0.429788
0.426853
0.423744
0.420405
0.416892
0.413165
0.409269
0.405179
0.400927
0.396507
0.391938
0.387236
0.382408
0.377494
0.372492
0.367466
0.362417
0.357422
0.352505
0.347743
0.34321
0.338969
0.33516
0.33184
0.329188
0.327323
0.326401
0.326525
0.327925
0.330665
0.33453
0.339635
0.344735
0.348734
2.26944
1.01772
0.317034
0.340252
0.404202
0.44808
0.457783
0.454383
0.449429
0.445777
0.444057
0.442896
0.441459
0.439622
0.437482
0.435142
0.432611
0.429909
0.427008
0.423942
0.420686
0.417282
0.413702
0.409995
0.406133
0.402168
0.398078
0.393918
0.389679
0.385413
0.381137
0.376892
0.372732
0.368691
0.364862
0.361282
0.358076
0.35532
0.353133
0.351698
0.351073
0.351519
0.353211
0.356421
0.361339
0.368079
0.37691
0.387643
0.399379
0.409983
2.27121
1.02087
0.319257
0.340568
0.404783
0.449126
0.45914
0.455961
0.451239
0.447762
0.446174
0.445161
0.443876
0.442211
0.440248
0.438101
0.435779
0.4333
0.430651
0.427849
0.424898
0.421808
0.418598
0.415267
0.411851
0.40834
0.404788
0.401179
0.397587
0.393995
0.390494
0.387079
0.38385
0.380837
0.378135
0.375833
0.374011
0.372857
0.372435
0.372936
0.3746
0.377717
0.382639
0.389507
0.398934
0.411262
0.426959
0.447118
0.471002
0.49861
2.27303
1.02411
0.321536
0.340949
0.405493
0.450387
0.460785
0.457849
0.453414
0.450081
0.44864
0.447745
0.44663
0.445112
0.443347
0.441372
0.439279
0.437014
0.434637
0.432101
0.429474
0.426714
0.423889
0.420964
0.418004
0.414991
0.411981
0.408979
0.406034
0.403182
0.40046
0.397946
0.395666
0.393747
0.39222
0.391258
0.390898
0.391327
0.392712
0.395398
0.399603
0.405699
0.413905
0.425066
0.439632
0.459171
0.485096
0.520609
0.571943
0.664922
2.2751
1.02784
0.324056
0.341213
0.406286
0.45198
0.462931
0.460367
0.456281
0.453176
0.451894
0.451221
0.450322
0.44908
0.447562
0.4459
0.444095
0.442196
0.440167
0.438065
0.435857
0.433612
0.431294
0.42898
0.426635
0.424346
0.422081
0.41994
0.4179
0.416071
0.414453
0.413159
0.412231
0.411789
0.411931
0.412703
0.414265
0.41703
0.421221
0.426912
0.434604
0.444574
0.457846
0.474832
0.497619
0.527626
0.569611
0.631167
0.729848
0.881512
2.27731
1.03181
0.327065
0.342166
0.408017
0.454849
0.46652
0.464336
0.460569
0.457521
0.456281
0.455698
0.45496
0.453894
0.452595
0.45116
0.449636
0.448033
0.446364
0.444637
0.442877
0.441093
0.439319
0.437562
0.435872
0.434252
0.432769
0.43143
0.430322
0.429454
0.428947
0.428816
0.42918
0.430062
0.431699
0.434287
0.438001
0.442919
0.449484
0.457809
0.468607
0.482322
0.499828
0.522641
0.551811
0.591375
0.643934
0.71806
0.829012
0.967186
2.27859
1.03412
0.328936
0.343226
0.410181
0.458595
0.471246
0.46956
0.46612
0.463094
0.461889
0.461424
0.460851
0.459964
0.458853
0.457624
0.456334
0.454997
0.453628
0.452238
0.450853
0.449489
0.44818
0.446944
0.445822
0.444841
0.444049
0.443488
0.443218
0.443307
0.443765
0.444669
0.446254
0.44866
0.451881
0.45617
0.461604
0.468596
0.477211
0.488179
0.501513
0.518511
0.539231
0.565788
0.599067
0.641736
0.697398
0.767788
0.864207
0.96754
2.27975
1.03623
0.332249
0.346925
0.415046
0.465011
0.478258
0.476443
0.472653
0.469279
0.468
0.467639
0.467228
0.466517
0.465612
0.464613
0.463608
0.462582
0.46157
0.460558
0.459594
0.458674
0.457851
0.457128
0.456562
0.456173
0.456027
0.45614
0.456558
0.457367
0.458741
0.460723
0.463372
0.466861
0.471255
0.476857
0.483696
0.492285
0.502636
0.515422
0.530905
0.549736
0.572859
0.600722
0.635346
0.677126
0.728954
0.790991
0.86891
0.949981
2.27619
1.02984
0.334398
0.356836
0.427475
0.479844
0.49335
0.490553
0.485553
0.481304
0.479645
0.479089
0.478516
0.477646
0.476585
0.475492
0.474427
0.473403
0.472426
0.471514
0.470687
0.469977
0.469398
0.468999
0.468802
0.46884
0.469111
0.469779
0.470858
0.472461
0.474555
0.477343
0.480791
0.485188
0.490499
0.497093
0.504995
0.514573
0.526103
0.53981
0.556374
0.575934
0.5995
0.627392
0.660614
0.700086
0.746365
0.800744
0.864253
0.928843
2.28211
1.02268
0.358854
0.382382
0.4485
0.498398
0.510315
0.506566
0.500825
0.496441
0.494739
0.494049
0.493349
0.492399
0.491333
0.490256
0.489223
0.488226
0.487288
0.486406
0.485629
0.484955
0.484441
0.484057
0.483926
0.48408
0.484625
0.48549
0.48688
0.488726
0.491278
0.494422
0.498507
0.50337
0.509482
0.516607
0.525376
0.535481
0.547727
0.561848
0.578664
0.598201
0.62108
0.647816
0.678673
0.714624
0.755596
0.802476
0.855676
0.909244
1.87636
0.772075
0.27336
0.344128
0.417728
0.441221
0.441141
0.437162
0.433518
0.433422
0.435597
0.438485
0.441486
0.44453
0.44767
0.450918
0.454238
0.457581
0.46092
0.464237
0.467513
0.470693
0.473836
0.476977
0.48017
0.483351
0.486642
0.489963
0.493586
0.497395
0.501697
0.506389
0.511821
0.517922
0.525041
0.53318
0.542627
0.55357
0.566105
0.58075
0.597322
0.616716
0.638484
0.663815
0.692094
0.72457
0.760561
0.801039
0.845853
0.890604
1.86892
0.771458
0.282255
0.355364
0.428316
0.447785
0.443326
0.435972
0.430312
0.428414
0.428324
0.428727
0.429327
0.430231
0.431579
0.43336
0.435619
0.438226
0.441303
0.44473
0.448615
0.452684
0.457161
0.461808
0.466841
0.471997
0.477535
0.483266
0.489357
0.495685
0.502415
0.50949
0.517048
0.525188
0.533982
0.543734
0.554333
0.566358
0.579549
0.594622
0.611269
0.630252
0.651293
0.675054
0.701393
0.730705
0.76302
0.79815
0.836557
0.874239
1.86796
0.770146
0.284388
0.365079
0.443606
0.463693
0.457519
0.448151
0.441142
0.438406
0.437505
0.436906
0.436318
0.435915
0.435827
0.436097
0.436726
0.437729
0.439261
0.441245
0.443733
0.446651
0.450168
0.454175
0.458804
0.463952
0.469676
0.475933
0.482722
0.490097
0.49797
0.506562
0.515649
0.525606
0.536023
0.547471
0.559527
0.572802
0.58697
0.602648
0.619574
0.638309
0.658727
0.681229
0.705766
0.732578
0.761623
0.792829
0.826448
0.858982
1.86945
0.773424
0.29018
0.367295
0.443678
0.464289
0.45908
0.450567
0.443986
0.441619
0.441142
0.440963
0.440746
0.440635
0.440719
0.441025
0.441612
0.442519
0.443707
0.445189
0.446992
0.449227
0.451868
0.455079
0.458764
0.463145
0.468058
0.473779
0.480052
0.487251
0.494996
0.503758
0.513063
0.523437
0.534448
0.546584
0.559493
0.573595
0.588592
0.604849
0.622212
0.640953
0.66104
0.682691
0.705876
0.730727
0.757178
0.785276
0.815069
0.843722
1.87255
0.780099
0.297857
0.36125
0.42905
0.450297
0.448024
0.441963
0.436353
0.434476
0.434511
0.435042
0.435629
0.436343
0.437236
0.438407
0.439867
0.441552
0.443422
0.44553
0.447874
0.450537
0.453495
0.456866
0.460603
0.46488
0.469596
0.475006
0.480933
0.487706
0.495085
0.50341
0.512448
0.522496
0.533365
0.545279
0.558104
0.572023
0.586963
0.603066
0.620293
0.638779
0.658425
0.67937
0.701493
0.724969
0.749581
0.775308
0.802327
0.828169
1.88113
0.78668
0.300109
0.349035
0.412176
0.441233
0.444213
0.43953
0.434378
0.432093
0.431847
0.432369
0.433088
0.434007
0.435104
0.436436
0.438032
0.439888
0.442001
0.444398
0.447073
0.45008
0.45339
0.45709
0.461128
0.465645
0.470552
0.476053
0.482014
0.488689
0.495934
0.503993
0.51276
0.522419
0.532906
0.544374
0.556752
0.570172
0.584568
0.600061
0.616578
0.634228
0.652929
0.672782
0.693684
0.715671
0.738597
0.762424
0.787245
0.810898
2.26316
1.10615
0.407305
0.399213
0.459387
0.508089
0.519385
0.514495
0.507573
0.501522
0.498004
0.495531
0.493419
0.491399
0.48937
0.487397
0.485671
0.484181
0.483032
0.482183
0.481754
0.481703
0.482156
0.483088
0.484568
0.486632
0.489316
0.492676
0.496716
0.501526
0.507083
0.513498
0.520741
0.528935
0.53803
0.548157
0.559247
0.571416
0.584592
0.598877
0.614169
0.630566
0.647944
0.666355
0.685712
0.706005
0.727133
0.749015
0.771731
0.793342
2.27258
1.12805
0.391779
0.377152
0.450014
0.510739
0.529145
0.528265
0.524043
0.520239
0.518796
0.51842
0.518404
0.518364
0.517948
0.517318
0.516645
0.516015
0.515447
0.514971
0.514603
0.514407
0.514404
0.514675
0.515257
0.516227
0.517622
0.519553
0.522016
0.525166
0.528953
0.533566
0.538925
0.545208
0.552349
0.560479
0.569575
0.579729
0.590927
0.6032
0.616574
0.630997
0.646496
0.662975
0.680406
0.69872
0.717823
0.737622
0.758182
0.77775
2.2975
1.17677
0.434357
0.384017
0.447109
0.503407
0.521891
0.522921
0.521097
0.519912
0.520331
0.521563
0.523358
0.525159
0.526567
0.527767
0.528891
0.530038
0.531187
0.532367
0.533553
0.534797
0.536089
0.537491
0.539004
0.540701
0.542598
0.544769
0.54726
0.550138
0.55347
0.557307
0.561748
0.566821
0.572648
0.579238
0.586709
0.595049
0.604354
0.614602
0.625835
0.638027
0.651203
0.66535
0.680438
0.69644
0.713255
0.730731
0.748956
0.766341
1.90077
0.805059
0.305863
0.316886
0.373999
0.414884
0.429168
0.432997
0.435822
0.439475
0.444408
0.450156
0.456595
0.463092
0.46927
0.475269
0.481236
0.4872
0.493146
0.499032
0.504856
0.510596
0.516271
0.521859
0.527397
0.53286
0.538317
0.543737
0.549215
0.55474
0.560384
0.566192
0.572228
0.578559
0.585237
0.592363
0.599961
0.608152
0.616925
0.626415
0.636578
0.647553
0.65925
0.671774
0.685013
0.698981
0.713616
0.728943
0.744959
0.760277
2.30601
1.19391
0.4497
0.386664
0.44068
0.492257
0.509262
0.509325
0.506178
0.503701
0.502443
0.502258
0.502712
0.503108
0.503431
0.503935
0.504759
0.506035
0.50773
0.509888
0.512461
0.515502
0.518964
0.522891
0.527204
0.531963
0.537048
0.542551
0.548312
0.554449
0.560834
0.567575
0.574555
0.581895
0.589487
0.597471
0.605761
0.614488
0.623594
0.633192
0.64325
0.653852
0.664983
0.676674
0.688935
0.701748
0.715122
0.728966
0.74337
0.757091
2.31125
1.20388
0.432997
0.369749
0.438389
0.500655
0.522114
0.523529
0.521309
0.519839
0.519966
0.521097
0.522827
0.524331
0.525356
0.526203
0.527037
0.527985
0.529059
0.530347
0.531855
0.533669
0.535776
0.53826
0.541108
0.544384
0.548078
0.552232
0.556845
0.561929
0.567485
0.573499
0.579979
0.586899
0.594292
0.602096
0.610367
0.619025
0.628152
0.637653
0.64763
0.657976
0.668813
0.680016
0.691708
0.703762
0.716275
0.729109
0.742392
0.754996
2.31397
1.20971
0.437172
0.371791
0.441516
0.505378
0.52776
0.529444
0.52728
0.525932
0.526404
0.527921
0.530191
0.532385
0.534104
0.535632
0.537159
0.53879
0.540522
0.542383
0.544371
0.546517
0.548838
0.551367
0.554135
0.557168
0.560509
0.56417
0.568206
0.572615
0.577454
0.58271
0.588441
0.594614
0.601284
0.60841
0.616036
0.624119
0.632689
0.641707
0.651186
0.661103
0.671444
0.682201
0.693335
0.704856
0.716698
0.728875
0.741379
0.75327
2.31695
1.21742
0.463545
0.387857
0.447116
0.506247
0.528811
0.532045
0.531168
0.530797
0.53169
0.533618
0.536157
0.538455
0.540482
0.542385
0.544343
0.546384
0.548562
0.550843
0.553274
0.555824
0.55855
0.561421
0.564499
0.567757
0.57126
0.574986
0.578999
0.583284
0.587902
0.592847
0.598167
0.603865
0.609969
0.616487
0.623433
0.630824
0.638654
0.646944
0.655662
0.664838
0.674422
0.68444
0.694828
0.705606
0.716699
0.728108
0.739853
0.751031
1.90564
0.813604
0.324755
0.323677
0.376475
0.414368
0.427256
0.430299
0.43259
0.435931
0.440702
0.446614
0.453342
0.460161
0.466871
0.473533
0.480268
0.487064
0.49393
0.50081
0.507709
0.514589
0.521467
0.528317
0.535163
0.541993
0.548832
0.55568
0.562559
0.569481
0.576464
0.583536
0.590711
0.59803
0.605498
0.613169
0.621037
0.629158
0.637523
0.646172
0.655097
0.664324
0.673838
0.683663
0.693774
0.70418
0.714857
0.725794
0.737041
0.747718
2.31205
1.20873
0.465058
0.403531
0.466229
0.527419
0.549352
0.550282
0.546139
0.542307
0.5401
0.538727
0.538132
0.537735
0.537001
0.536278
0.535711
0.535557
0.535744
0.536431
0.537543
0.539155
0.541236
0.543824
0.546883
0.550439
0.554452
0.558947
0.563868
0.569237
0.574998
0.581159
0.587668
0.594535
0.60172
0.60923
0.617035
0.625138
0.633518
0.642184
0.651122
0.660336
0.669818
0.679566
0.689563
0.699799
0.710262
0.720926
0.731855
0.742219
2.29409
1.16969
0.460153
0.422727
0.485828
0.546228
0.566118
0.566159
0.562439
0.559202
0.558445
0.558848
0.559934
0.561198
0.56207
0.562709
0.5633
0.563958
0.564693
0.565516
0.566437
0.5675
0.568751
0.570235
0.571983
0.57404
0.576423
0.579166
0.582283
0.585798
0.589713
0.594051
0.598814
0.604013
0.609642
0.615701
0.622179
0.629068
0.636356
0.644025
0.652059
0.660439
0.669143
0.678156
0.687473
0.69706
0.706917
0.717005
0.727376
0.73723
1.88784
0.805087
0.340822
0.355375
0.406347
0.443125
0.452859
0.452687
0.451751
0.452603
0.455916
0.46054
0.46608
0.472147
0.478237
0.48436
0.490577
0.496899
0.503276
0.509665
0.516029
0.522356
0.528634
0.534865
0.541042
0.547177
0.553278
0.559371
0.565473
0.571618
0.57783
0.584131
0.590551
0.597113
0.603842
0.610757
0.61788
0.625223
0.632801
0.640619
0.648694
0.657022
0.665614
0.674452
0.683533
0.692848
0.702381
0.712122
0.722111
0.731605
1.87402
0.796333
0.339557
0.35667
0.398324
0.426962
0.434876
0.434831
0.433824
0.433312
0.434044
0.435678
0.438234
0.441441
0.444933
0.448765
0.453021
0.457739
0.4629
0.468483
0.474448
0.480772
0.48741
0.49434
0.501516
0.508915
0.516495
0.524235
0.532101
0.54008
0.548144
0.556307
0.564538
0.57286
0.581249
0.589737
0.598304
0.606983
0.615769
0.624668
0.633677
0.642814
0.652079
0.661487
0.671033
0.680727
0.690564
0.700539
0.710693
0.720306
1.88891
0.806061
0.345067
0.373666
0.430946
0.466905
0.473636
0.469582
0.464499
0.461395
0.460443
0.460413
0.461004
0.461968
0.463006
0.464179
0.46561
0.467371
0.469496
0.471998
0.474899
0.47821
0.481959
0.486141
0.490772
0.495838
0.501347
0.50727
0.513608
0.520324
0.527421
0.534852
0.542617
0.55067
0.559004
0.567573
0.576376
0.585369
0.594546
0.603894
0.61341
0.623068
0.63287
0.642787
0.652828
0.662969
0.673217
0.68355
0.694036
0.703931
2.34077
1.12437
0.469107
0.447606
0.513168
0.574913
0.595537
0.59493
0.589632
0.584328
0.581317
0.579407
0.577842
0.57647
0.574916
0.573183
0.571409
0.569696
0.568085
0.566606
0.565282
0.564149
0.563234
0.562584
0.562227
0.562215
0.562565
0.563336
0.564521
0.566158
0.568278
0.570886
0.57401
0.577629
0.581771
0.586405
0.591547
0.597162
0.603259
0.60979
0.616757
0.624113
0.631843
0.639937
0.648352
0.657072
0.666057
0.675295
0.684793
0.693852
1.88937
0.80725
0.346198
0.363485
0.415829
0.456089
0.468561
0.469566
0.469017
0.468995
0.471283
0.4748
0.479007
0.483742
0.488566
0.493379
0.49822
0.503149
0.508125
0.513137
0.518128
0.523105
0.528031
0.53293
0.537773
0.542597
0.547377
0.552155
0.556933
0.561741
0.566586
0.571501
0.576486
0.581594
0.586822
0.592223
0.597787
0.603569
0.60955
0.615786
0.622248
0.628985
0.635971
0.643217
0.65071
0.658462
0.666454
0.674684
0.683167
0.691273
1.8891
0.807397
0.347508
0.364552
0.416102
0.454593
0.465043
0.463979
0.461104
0.458545
0.458078
0.458918
0.460503
0.462709
0.465128
0.467718
0.470586
0.473814
0.477407
0.48135
0.485616
0.490187
0.495043
0.500165
0.505532
0.511118
0.516903
0.522863
0.52898
0.535252
0.541656
0.54819
0.554843
0.561604
0.56847
0.575436
0.582504
0.589675
0.596952
0.604337
0.611839
0.619453
0.627193
0.635053
0.64305
0.651175
0.659441
0.667833
0.676399
0.684534
2.34279
1.12805
0.472786
0.44967
0.516421
0.580664
0.603119
0.603224
0.598145
0.593076
0.590293
0.588738
0.58761
0.586759
0.585756
0.584591
0.583366
0.582241
0.581203
0.580345
0.579605
0.579094
0.578748
0.578688
0.578844
0.579325
0.580088
0.581175
0.582601
0.584375
0.586504
0.588987
0.591826
0.595018
0.598563
0.602459
0.6067
0.611278
0.616183
0.62141
0.626941
0.632771
0.638882
0.645267
0.651908
0.658799
0.665919
0.673263
0.680833
0.688074
1.88982
0.80879
0.35347
0.38143
0.439693
0.479645
0.489605
0.487925
0.484879
0.483493
0.484918
0.487593
0.490941
0.494776
0.498676
0.502626
0.506689
0.510918
0.515281
0.519764
0.524327
0.52896
0.533644
0.538375
0.543146
0.54795
0.552792
0.55767
0.562595
0.56757
0.572604
0.577711
0.582891
0.588168
0.593539
0.599026
0.604626
0.610357
0.616217
0.622219
0.628369
0.634675
0.641139
0.647765
0.654554
0.661509
0.668628
0.675901
0.683356
0.690455
1.87525
0.799754
0.35119
0.378117
0.427538
0.459451
0.4671
0.465972
0.464291
0.463576
0.464102
0.465301
0.4672
0.469485
0.471836
0.474317
0.477024
0.480007
0.483275
0.486824
0.490645
0.494732
0.499074
0.503666
0.508497
0.513555
0.518828
0.524303
0.529967
0.535807
0.541811
0.547961
0.554264
0.560697
0.567267
0.573954
0.58077
0.587697
0.594747
0.601903
0.609175
0.616546
0.624028
0.631608
0.639298
0.647084
0.654978
0.662967
0.6711
0.678801
1.87423
0.799384
0.351711
0.375363
0.422435
0.454103
0.462318
0.461857
0.460741
0.460121
0.46039
0.461215
0.462697
0.464532
0.46638
0.468281
0.470337
0.472592
0.475065
0.477754
0.480671
0.483817
0.487205
0.490832
0.494708
0.49883
0.503202
0.50782
0.512687
0.517795
0.523147
0.528734
0.534553
0.540594
0.546851
0.553312
0.559973
0.566816
0.573844
0.58104
0.588405
0.595928
0.603606
0.611424
0.619377
0.627453
0.635661
0.643993
0.65248
0.660539
1.88906
0.809126
0.354895
0.362673
0.413304
0.452102
0.463045
0.462632
0.460843
0.459597
0.459632
0.460442
0.461981
0.463884
0.465711
0.467517
0.469434
0.471526
0.47381
0.476284
0.47895
0.481808
0.484864
0.488119
0.491578
0.495243
0.499119
0.503205
0.507506
0.512021
0.516755
0.521706
0.526876
0.532263
0.537868
0.543687
0.54972
0.555962
0.562411
0.569062
0.575908
0.582943
0.59016
0.597555
0.605127
0.612871
0.620774
0.628828
0.637053
0.644877
2.31236
1.20474
0.485483
0.431503
0.492596
0.55683
0.582824
0.58632
0.583657
0.580925
0.579637
0.579322
0.579811
0.580641
0.581179
0.58147
0.581702
0.581985
0.582361
0.582829
0.583394
0.584058
0.584834
0.585729
0.586759
0.587927
0.58925
0.590731
0.592385
0.594216
0.596238
0.598453
0.600877
0.603508
0.606362
0.609436
0.612743
0.61628
0.620059
0.624073
0.628334
0.632832
0.637576
0.642557
0.647782
0.653236
0.65892
0.664813
0.670944
0.676838
2.32258
1.22885
0.466165
0.405388
0.481462
0.557529
0.588701
0.593383
0.590751
0.587888
0.5869
0.587353
0.588642
0.590457
0.59214
0.593537
0.594868
0.596281
0.597834
0.599514
0.601318
0.603229
0.605258
0.607397
0.60966
0.612037
0.61454
0.617162
0.619914
0.622789
0.625799
0.628938
0.632217
0.635631
0.639191
0.642892
0.646746
0.650746
0.654906
0.659217
0.663693
0.668327
0.673131
0.678098
0.683236
0.688536
0.694003
0.699623
0.705422
0.71096
2.31275
1.20624
0.486717
0.432565
0.49437
0.559833
0.586898
0.591051
0.588999
0.586887
0.586318
0.586974
0.588483
0.590472
0.592272
0.593865
0.595439
0.597122
0.598951
0.600926
0.603035
0.60528
0.607657
0.610175
0.612831
0.615633
0.618576
0.621666
0.6249
0.628284
0.631813
0.635494
0.63932
0.643299
0.647424
0.651703
0.656128
0.660708
0.665433
0.670312
0.675336
0.680514
0.685836
0.691311
0.696927
0.702694
0.708599
0.71465
0.720858
0.726797
1.88896
0.809184
0.356096
0.364318
0.416394
0.457012
0.469111
0.469129
0.467543
0.466529
0.467173
0.468798
0.47128
0.474236
0.477169
0.480135
0.483243
0.486571
0.490114
0.493875
0.49783
0.501984
0.506319
0.510846
0.515545
0.520427
0.525471
0.530689
0.53606
0.541595
0.547274
0.553109
0.559078
0.565195
0.571439
0.577823
0.584327
0.590963
0.597713
0.60459
0.611573
0.618679
0.625886
0.633209
0.640627
0.648156
0.655778
0.663513
0.671377
0.678865
1.87421
0.80002
0.355321
0.380486
0.42859
0.460136
0.467657
0.46649
0.464749
0.463867
0.464084
0.464935
0.466476
0.468357
0.470189
0.472039
0.474003
0.476142
0.478453
0.480946
0.483611
0.486461
0.489488
0.492707
0.49611
0.49971
0.503499
0.507489
0.511669
0.516052
0.520626
0.525403
0.53037
0.535536
0.540891
0.546441
0.552175
0.5581
0.564203
0.57049
0.576947
0.583581
0.590378
0.597342
0.604458
0.611733
0.619151
0.626718
0.634445
0.641807
1.87704
0.80311
0.359402
0.395161
0.451565
0.48457
0.490493
0.486962
0.482778
0.48083
0.480819
0.481614
0.483025
0.484689
0.486287
0.487908
0.489652
0.491564
0.493639
0.495876
0.498268
0.500821
0.503533
0.506412
0.509455
0.512669
0.51605
0.519607
0.523335
0.527241
0.53132
0.535579
0.540014
0.544629
0.54942
0.554392
0.559539
0.564866
0.570366
0.576044
0.581892
0.587914
0.594103
0.600461
0.606979
0.61366
0.620494
0.627481
0.634626
0.641438
1.19164
1.0492
0.497832
0.190612
0.0104402
0.108669
0.159976
0.208357
0.229992
0.234393
0.222759
0.211324
0.201019
0.191482
0.179445
0.164989
0.147655
0.127724
0.105899
0.0827612
0.0589344
0.0352313
0.0158462
0.0232911
0.0470537
0.0713318
0.0955035
0.119207
0.142539
0.165444
0.187958
0.210037
0.231684
0.25283
0.272852
0.291957
0.311506
0.331883
0.35186
0.371031
0.389557
0.407559
0.425092
0.442151
0.45874
0.474844
0.490469
0.5056
0.52024
0.534375
0.548004
0.561109
0.573685
0.585707
0.597166
0.608032
0.618289
0.627905
0.636856
0.645106
0.65263
0.659388
0.665355
0.670497
0.674791
0.678217
0.680771
0.68246
0.683305
0.683517
0.683372
0.682867
0.681623
0.679214
0.67589
0.672333
0.668697
0.665021
0.661367
0.657821
0.654481
0.651424
0.648717
0.646397
0.644495
0.643014
0.641953
0.641286
0.640998
0.641007
0.641199
0.641571
0.642244
0.643374
0.644798
0.646345
0.64792
0.649608
0.651258
0.656031
1.12203
1.03621
0.806423
0.549472
0.502543
0.431439
0.381409
0.340612
0.310278
0.291717
0.260447
0.230239
0.210679
0.208953
0.216087
0.226648
0.23911
0.253041
0.268176
0.284048
0.300432
0.316921
0.333253
0.349444
0.366185
0.383184
0.400357
0.417469
0.434576
0.451518
0.46838
0.485019
0.501526
0.517768
0.533437
0.548359
0.563368
0.579093
0.594971
0.610203
0.624935
0.639314
0.653409
0.667192
0.680664
0.693789
0.706578
0.719001
0.73107
0.742753
0.754059
0.764955
0.775444
0.785489
0.795092
0.804208
0.812835
0.820926
0.828473
0.835427
0.841778
0.847474
0.852506
0.856824
0.860425
0.86327
0.865371
0.866708
0.867328
0.867379
0.867115
0.866499
0.865229
0.862939
0.859785
0.856364
0.852854
0.849331
0.845849
0.842493
0.839341
0.836473
0.833943
0.831795
0.830044
0.828703
0.827758
0.827194
0.826999
0.827061
0.827268
0.827639
0.828241
0.829246
0.83049
0.831862
0.83321
0.834644
0.835846
0.83965
1.07472
1.07565
1.00823
0.899911
0.831325
0.781138
0.745191
0.715091
0.690267
0.672185
0.657135
0.642833
0.63283
0.627723
0.626214
0.62649
0.628025
0.630461
0.633869
0.638161
0.643295
0.649086
0.655459
0.662304
0.669864
0.678032
0.686802
0.695961
0.70553
0.715335
0.725443
0.735693
0.746179
0.756726
0.767107
0.777051
0.78712
0.797901
0.809264
0.820361
0.831169
0.84179
0.852308
0.862708
0.872988
0.883104
0.893052
0.902796
0.912339
0.921644
0.930713
0.939508
0.948028
0.956231
0.964114
0.971632
0.978778
0.985506
0.991804
0.997623
1.00295
1.00774
1.01197
1.01561
1.01863
1.02101
1.02274
1.0238
1.02421
1.02413
1.0238
1.02316
1.02192
1.0198
1.0169
1.01371
1.0104
1.0071
1.00385
1.00075
0.997842
0.99522
0.992915
0.990977
0.989408
0.988227
0.987409
0.986958
0.986829
0.986916
0.987105
0.987439
0.987969
0.988849
0.989915
0.991108
0.992239
0.993428
0.994219
0.997287
1.04744
1.08432
1.08332
1.04994
1.00829
0.97957
0.9612
0.947436
0.935198
0.924109
0.915239
0.907551
0.900638
0.895473
0.892881
0.891602
0.890599
0.88957
0.888588
0.887801
0.887347
0.88729
0.887647
0.888566
0.890084
0.892237
0.895072
0.898483
0.902464
0.906915
0.911857
0.917199
0.922989
0.929079
0.935215
0.941191
0.947392
0.954311
0.962015
0.96988
0.977668
0.985384
0.993128
1.00089
1.00869
1.01646
1.02422
1.03191
1.03953
1.04703
1.05441
1.06163
1.06869
1.07553
1.08215
1.0885
1.09458
1.10032
1.10573
1.11074
1.11536
1.11951
1.1232
1.12636
1.129
1.13106
1.13255
1.13343
1.13367
1.1335
1.13315
1.13249
1.13126
1.12928
1.12664
1.12368
1.12056
1.11744
1.11438
1.11148
1.10879
1.10638
1.10426
1.10251
1.10108
1.10004
1.09931
1.09895
1.09885
1.09895
1.09911
1.09941
1.09989
1.10068
1.1016
1.10265
1.10361
1.10461
1.10511
1.10774
1.02112
1.069
1.09389
1.09735
1.08827
1.08062
1.07685
1.07526
1.07361
1.0709
1.06723
1.06427
1.0621
1.05919
1.05569
1.05285
1.05012
1.04717
1.04397
1.04061
1.03725
1.03406
1.03119
1.02875
1.02684
1.02558
1.02498
1.02506
1.02582
1.02715
1.02909
1.03156
1.03461
1.03808
1.04169
1.04531
1.04924
1.05391
1.05943
1.06534
1.07136
1.07743
1.08358
1.08982
1.09616
1.10258
1.10905
1.11554
1.12204
1.12849
1.1349
1.14121
1.14742
1.15348
1.15937
1.16505
1.17052
1.1757
1.1806
1.18515
1.18935
1.19314
1.19651
1.1994
1.2018
1.20367
1.20501
1.20572
1.20586
1.20567
1.20531
1.20463
1.20337
1.20148
1.19907
1.19632
1.19337
1.19039
1.18747
1.18472
1.18218
1.17993
1.17796
1.17634
1.17503
1.17408
1.17345
1.17314
1.17308
1.17318
1.17334
1.17364
1.17413
1.17489
1.1757
1.17668
1.17754
1.17843
1.17878
1.18123
0.990747
1.04439
1.08056
1.10372
1.11586
1.12362
1.13051
1.13745
1.14339
1.14769
1.14989
1.15022
1.14975
1.14935
1.14797
1.14524
1.14191
1.1383
1.13459
1.13046
1.12622
1.12181
1.11762
1.11361
1.11014
1.10712
1.10484
1.10314
1.10221
1.10184
1.10218
1.10312
1.1047
1.10673
1.10893
1.11123
1.1139
1.11732
1.12158
1.1263
1.13129
1.13643
1.14171
1.14709
1.1526
1.15821
1.16392
1.1697
1.17552
1.18136
1.18717
1.19294
1.19864
1.20423
1.20968
1.21495
1.22003
1.22487
1.22944
1.23371
1.23764
1.24119
1.24435
1.24705
1.24929
1.25103
1.25221
1.25278
1.25283
1.25265
1.25227
1.25155
1.25026
1.24841
1.24612
1.24353
1.24071
1.23784
1.23503
1.23237
1.22993
1.22777
1.22591
1.22437
1.22315
1.22227
1.22167
1.22141
1.22138
1.22147
1.22163
1.22197
1.22246
1.22321
1.22397
1.22491
1.22571
1.22652
1.22679
1.22914
0.961157
1.01303
1.05604
1.08912
1.11396
1.13246
1.14767
1.16089
1.1725
1.18191
1.18901
1.19354
1.19599
1.19669
1.1968
1.19615
1.19391
1.19052
1.18671
1.18254
1.17807
1.17343
1.16877
1.16423
1.15998
1.15616
1.15292
1.15029
1.14835
1.14705
1.14645
1.14645
1.14717
1.14834
1.14968
1.15117
1.15308
1.15574
1.15919
1.16314
1.16746
1.17202
1.17675
1.18161
1.18661
1.19172
1.19694
1.20226
1.20764
1.21307
1.21851
1.22392
1.22928
1.23455
1.2397
1.2447
1.24952
1.25412
1.25846
1.26252
1.26625
1.26963
1.27261
1.27518
1.27728
1.27887
1.27993
1.28036
1.28035
1.28017
1.27977
1.27899
1.27765
1.27579
1.27356
1.27106
1.26837
1.2656
1.26288
1.2603
1.25794
1.25585
1.25405
1.25256
1.25139
1.25053
1.24997
1.24974
1.24973
1.24982
1.24999
1.25035
1.25086
1.25161
1.25236
1.25327
1.25403
1.25479
1.25501
1.25731
0.935075
0.982784
1.02664
1.06461
1.09603
1.12143
1.1429
1.16123
1.17708
1.19039
1.20123
1.20924
1.21478
1.21791
1.21936
1.21968
1.2195
1.218
1.21504
1.21116
1.20688
1.20251
1.19798
1.19349
1.18911
1.18508
1.18146
1.17843
1.17598
1.1742
1.17307
1.17261
1.17284
1.17355
1.17439
1.17544
1.17695
1.1792
1.18218
1.18569
1.18959
1.19379
1.19819
1.20277
1.20747
1.2123
1.21724
1.22228
1.2274
1.23257
1.23776
1.24294
1.24807
1.25313
1.25808
1.26289
1.26751
1.27193
1.27609
1.27998
1.28355
1.28678
1.2896
1.29201
1.29395
1.2954
1.29632
1.29664
1.29657
1.29637
1.29595
1.29508
1.29365
1.29178
1.2896
1.28718
1.2846
1.28194
1.27931
1.27681
1.2745
1.27245
1.27069
1.26922
1.26807
1.26723
1.26669
1.26648
1.26649
1.26658
1.26676
1.26714
1.26767
1.26843
1.26917
1.27006
1.2708
1.27153
1.27171
1.27398
0.911789
0.955415
0.997714
1.03728
1.07199
1.10195
1.12721
1.14904
1.16796
1.18434
1.19797
1.20901
1.21725
1.22311
1.22668
1.22867
1.22937
1.22947
1.22858
1.22625
1.22269
1.21881
1.21464
1.2105
1.20637
1.20252
1.19892
1.19583
1.1932
1.19124
1.18984
1.18917
1.18915
1.1896
1.19016
1.19096
1.19227
1.19431
1.19704
1.20027
1.2039
1.20784
1.21204
1.21642
1.22095
1.22561
1.23037
1.23523
1.24017
1.24515
1.25016
1.25516
1.26012
1.265
1.26978
1.27441
1.27887
1.28311
1.28711
1.29083
1.29423
1.29728
1.29994
1.30218
1.30397
1.30528
1.30605
1.30626
1.30617
1.30594
1.30544
1.30446
1.30296
1.3011
1.29896
1.29662
1.29414
1.2916
1.28909
1.28668
1.28445
1.28245
1.28073
1.27929
1.27816
1.27733
1.2768
1.2766
1.27662
1.27671
1.27689
1.27728
1.27783
1.27859
1.27933
1.28022
1.28093
1.28162
1.28178
1.28405
0.890223
0.929853
0.969906
1.009
1.04506
1.0772
1.10538
1.12994
1.15142
1.17003
1.18599
1.1993
1.21008
1.21835
1.2243
1.22826
1.23072
1.23176
1.23198
1.2316
1.23013
1.22746
1.22389
1.22017
1.21646
1.21293
1.2096
1.20665
1.2041
1.20211
1.20066
1.19988
1.19974
1.20001
1.20041
1.20109
1.20229
1.20421
1.20675
1.20975
1.21314
1.21686
1.22085
1.22504
1.22941
1.2339
1.23851
1.2432
1.24797
1.25278
1.25762
1.26244
1.26723
1.27194
1.27654
1.281
1.28529
1.28936
1.29319
1.29672
1.29995
1.30282
1.30531
1.30738
1.30901
1.31015
1.31076
1.31088
1.31077
1.31051
1.30992
1.30885
1.3073
1.30544
1.30334
1.30108
1.29873
1.29633
1.29396
1.29168
1.28955
1.28762
1.28594
1.28453
1.28341
1.28258
1.28206
1.28186
1.28188
1.28196
1.28214
1.28253
1.28307
1.28384
1.28457
1.28544
1.28614
1.2868
1.28692
1.28919
0.870087
0.90651
0.944273
0.982221
1.01831
1.05142
1.08109
1.10746
1.1307
1.15118
1.16898
1.18432
1.19715
1.20767
1.2158
1.22191
1.2262
1.22904
1.23056
1.23113
1.23094
1.23009
1.22812
1.22524
1.2221
1.21892
1.21591
1.21316
1.21077
1.20882
1.20737
1.2065
1.20621
1.2063
1.20653
1.20706
1.20815
1.20995
1.21231
1.2151
1.21827
1.22176
1.22555
1.22957
1.23379
1.23815
1.24264
1.2472
1.25183
1.2565
1.26119
1.26585
1.27048
1.27502
1.27946
1.28375
1.28786
1.29174
1.29538
1.29872
1.30176
1.30443
1.30674
1.30862
1.31007
1.31105
1.31148
1.31152
1.31139
1.31109
1.31042
1.30926
1.30767
1.30582
1.30379
1.30165
1.29945
1.29722
1.29503
1.2929
1.2909
1.28906
1.28745
1.28608
1.28498
1.28417
1.28364
1.28344
1.28346
1.28353
1.2837
1.28408
1.28461
1.28536
1.28608
1.28693
1.28761
1.28823
1.28834
1.29061
0.849355
0.88337
0.919241
0.955986
0.99169
1.02512
1.05568
1.08323
1.10787
1.12978
1.14917
1.16611
1.18074
1.19308
1.20331
1.21138
1.21761
1.22217
1.22536
1.22734
1.22825
1.22833
1.22785
1.22657
1.22446
1.22178
1.21903
1.21643
1.21418
1.2123
1.2109
1.20999
1.20966
1.20957
1.20971
1.21019
1.21125
1.21299
1.21524
1.21785
1.22085
1.22415
1.22778
1.23164
1.23573
1.23996
1.24433
1.24877
1.25328
1.25781
1.26236
1.26686
1.27133
1.2757
1.27997
1.28407
1.288
1.29168
1.29513
1.29827
1.30111
1.30359
1.3057
1.30738
1.30865
1.30944
1.30973
1.3097
1.30956
1.3092
1.30844
1.30719
1.30559
1.3038
1.30187
1.29988
1.29784
1.2958
1.29378
1.29182
1.28996
1.28825
1.28671
1.2854
1.28433
1.28353
1.283
1.28279
1.28278
1.28285
1.28301
1.28336
1.28387
1.28459
1.28529
1.28612
1.28677
1.28736
1.28745
1.28973
0.828698
0.860422
0.894405
0.929726
0.964639
0.997857
1.02875
1.05699
1.08262
1.10567
1.12633
1.14465
1.1608
1.17479
1.18678
1.19667
1.2047
1.21098
1.21578
1.21923
1.22154
1.22283
1.22318
1.22291
1.22216
1.22068
1.21866
1.21642
1.21432
1.21257
1.21121
1.21036
1.20994
1.20979
1.20979
1.21027
1.21133
1.21298
1.21509
1.21752
1.22033
1.22346
1.22691
1.23062
1.23456
1.23866
1.24291
1.24723
1.25162
1.25601
1.26042
1.26476
1.26908
1.27327
1.27735
1.28125
1.28498
1.28846
1.29171
1.29464
1.29727
1.29952
1.30142
1.30289
1.30396
1.30454
1.30472
1.30466
1.30447
1.30402
1.30314
1.30184
1.30028
1.29859
1.2968
1.29497
1.29311
1.29127
1.28943
1.28766
1.28595
1.28437
1.28293
1.28169
1.28066
1.27989
1.27935
1.27912
1.27908
1.27914
1.27928
1.2796
1.28007
1.28076
1.28143
1.28223
1.28285
1.28341
1.28347
1.28577
0.810061
0.839405
0.871295
0.90486
0.938502
0.970971
1.00162
1.03005
1.05618
1.08
1.1016
1.12104
1.13843
1.15382
1.16732
1.17885
1.18854
1.19648
1.20288
1.20786
1.2116
1.21422
1.21588
1.21666
1.21676
1.21628
1.21542
1.21406
1.21242
1.21082
1.20961
1.2088
1.20847
1.20825
1.20835
1.20896
1.21013
1.21182
1.21388
1.21628
1.21902
1.22209
1.22546
1.2291
1.23296
1.23698
1.24114
1.24537
1.24965
1.25393
1.2582
1.2624
1.26653
1.27054
1.27441
1.2781
1.2816
1.28484
1.28784
1.29052
1.29288
1.29489
1.29652
1.29776
1.29859
1.29896
1.29902
1.29893
1.29867
1.29811
1.29712
1.2958
1.29432
1.29275
1.29114
1.2895
1.28785
1.28621
1.28459
1.28301
1.28148
1.28006
1.27875
1.27762
1.27666
1.27592
1.2754
1.27515
1.27509
1.27514
1.27526
1.27554
1.27597
1.27661
1.27724
1.27799
1.27857
1.27909
1.27912
1.28143
0.795379
0.822103
0.851576
0.882995
0.914874
0.946056
0.975874
1.00393
1.03006
1.05419
1.07633
1.09654
1.11486
1.13135
1.14605
1.15904
1.17026
1.1798
1.18778
1.19433
1.19959
1.20368
1.20673
1.20886
1.21017
1.21079
1.2109
1.2106
1.21007
1.20936
1.20857
1.20817
1.20804
1.2081
1.20847
1.20932
1.21068
1.21241
1.21447
1.21688
1.2196
1.22263
1.22594
1.2295
1.23326
1.23719
1.24124
1.24536
1.24951
1.25366
1.25776
1.2618
1.26573
1.26953
1.27317
1.27662
1.27986
1.28285
1.28556
1.28798
1.29006
1.29179
1.29315
1.29413
1.29471
1.2949
1.29487
1.29473
1.29439
1.29368
1.29259
1.29132
1.28996
1.28857
1.28716
1.28573
1.2843
1.28288
1.28148
1.28011
1.27878
1.27754
1.2764
1.27538
1.27452
1.27383
1.27334
1.27307
1.273
1.27304
1.27314
1.27337
1.27374
1.27432
1.27491
1.2756
1.27614
1.2766
1.2766
1.27891
0.786058
0.810119
0.837021
0.866105
0.895952
0.925528
0.954141
0.981424
1.00713
1.03118
1.0535
1.07415
1.09311
1.11045
1.12617
1.14037
1.15293
1.16395
1.17346
1.18159
1.18841
1.19406
1.19861
1.20221
1.20492
1.20688
1.20817
1.20897
1.20935
1.20943
1.20934
1.20931
1.20941
1.20976
1.21041
1.21141
1.21278
1.21449
1.21655
1.21893
1.22162
1.22458
1.22781
1.23125
1.2349
1.2387
1.24261
1.24657
1.25057
1.25454
1.25847
1.2623
1.26602
1.26958
1.27298
1.27617
1.27914
1.28184
1.28428
1.28639
1.28818
1.28962
1.29071
1.29142
1.29176
1.2918
1.29173
1.2915
1.291
1.29015
1.28905
1.28788
1.28669
1.28549
1.28429
1.28308
1.28187
1.28067
1.27948
1.27833
1.27721
1.27615
1.27517
1.27429
1.27353
1.27291
1.27244
1.27216
1.27207
1.2721
1.27218
1.27235
1.27266
1.27318
1.27371
1.27434
1.27482
1.27522
1.27519
1.2775
0.780232
0.801976
0.82654
0.853385
0.881253
0.909162
0.936485
0.962815
0.987928
1.01167
1.03398
1.05483
1.07423
1.09218
1.10873
1.12388
1.1376
1.14988
1.16078
1.17033
1.17861
1.18569
1.19168
1.19664
1.20069
1.20391
1.20637
1.20819
1.20953
1.21045
1.21108
1.21159
1.21212
1.21278
1.21364
1.21477
1.21619
1.21793
1.21998
1.22234
1.22498
1.22787
1.231
1.23433
1.23784
1.24149
1.24523
1.24903
1.25284
1.25662
1.26033
1.26395
1.26742
1.27073
1.27385
1.27676
1.27942
1.28182
1.28392
1.28573
1.28719
1.28833
1.28912
1.28957
1.28969
1.28965
1.2895
1.28913
1.28844
1.2875
1.28648
1.28547
1.28446
1.28345
1.28246
1.28146
1.28047
1.27948
1.27852
1.27757
1.27667
1.27581
1.275
1.27427
1.27361
1.27306
1.27263
1.27235
1.27225
1.27226
1.27231
1.27244
1.27269
1.27312
1.27359
1.27415
1.27456
1.27489
1.27481
1.27713
0.776201
0.796204
0.81886
0.843764
0.869804
0.896097
0.922084
0.94737
0.971734
0.995007
1.01711
1.03799
1.05763
1.07601
1.09316
1.10907
1.12373
1.13709
1.14917
1.15998
1.1696
1.17805
1.18542
1.19172
1.19708
1.20151
1.20516
1.20807
1.2104
1.21218
1.21359
1.21472
1.21574
1.21675
1.21788
1.21916
1.22069
1.22246
1.22452
1.22683
1.22941
1.23221
1.23524
1.23842
1.24179
1.24525
1.24883
1.25241
1.25603
1.25958
1.26307
1.26642
1.26964
1.27266
1.27551
1.2781
1.28047
1.28253
1.28432
1.28578
1.28694
1.28774
1.28825
1.28841
1.2884
1.28828
1.28799
1.28739
1.28654
1.28565
1.28477
1.28392
1.28309
1.28228
1.28149
1.2807
1.27992
1.27916
1.27841
1.27769
1.277
1.27634
1.27571
1.27513
1.27459
1.27412
1.27374
1.27347
1.27335
1.27334
1.27338
1.27347
1.27365
1.27399
1.27439
1.27486
1.27521
1.27546
1.27534
1.27766
0.77319
0.79187
0.813065
0.836441
0.860996
0.885941
0.910727
0.935043
0.958642
0.9814
1.00319
1.02398
1.04371
1.06238
1.07995
1.09645
1.11186
1.12612
1.1392
1.15114
1.16192
1.17161
1.18019
1.18777
1.19433
1.2
1.20479
1.20881
1.21211
1.21484
1.21703
1.21886
1.22042
1.22186
1.22327
1.22476
1.22638
1.22821
1.23024
1.23251
1.23499
1.2377
1.24057
1.24362
1.24679
1.25009
1.25343
1.25681
1.26017
1.26349
1.2667
1.2698
1.27272
1.27547
1.27799
1.28029
1.2823
1.28405
1.28548
1.28662
1.28742
1.28794
1.28813
1.28814
1.28803
1.28775
1.28718
1.28639
1.28557
1.28479
1.28406
1.28337
1.28272
1.2821
1.2815
1.28092
1.28035
1.27981
1.27928
1.27879
1.27832
1.27786
1.27741
1.27696
1.27654
1.27616
1.27584
1.27559
1.27545
1.27542
1.27545
1.27551
1.27563
1.27589
1.2762
1.27659
1.27685
1.27702
1.27686
1.27918
0.769844
0.787626
0.807773
0.829992
0.853373
0.877199
0.901017
0.924492
0.947441
0.969702
0.991198
1.01184
1.03161
1.05045
1.06836
1.08531
1.10133
1.1163
1.13024
1.1431
1.15492
1.16566
1.17538
1.18408
1.19181
1.1986
1.20451
1.20955
1.21387
1.21748
1.22048
1.22296
1.22508
1.22693
1.22866
1.23033
1.23207
1.2339
1.23591
1.23809
1.24046
1.24301
1.24574
1.24859
1.25157
1.25463
1.25775
1.26087
1.26398
1.26702
1.26996
1.27276
1.2754
1.27783
1.28005
1.28201
1.2837
1.2851
1.2862
1.28699
1.28749
1.28768
1.28768
1.28757
1.28726
1.28669
1.28591
1.28512
1.28439
1.28373
1.28314
1.28261
1.28212
1.28167
1.28125
1.28085
1.28048
1.28013
1.27983
1.27954
1.27927
1.27899
1.2787
1.27839
1.27808
1.27778
1.27751
1.27729
1.27715
1.2771
1.27711
1.27714
1.27722
1.27738
1.2776
1.2779
1.27807
1.27817
1.27798
1.2803
0.76571
0.78278
0.802145
0.823503
0.846016
0.868988
0.892002
0.914795
0.937177
0.959026
0.980234
1.00075
1.0205
1.03948
1.05764
1.07497
1.09145
1.10703
1.12164
1.13531
1.14797
1.15965
1.17033
1.18004
1.18876
1.19655
1.2034
1.2094
1.21456
1.21899
1.22273
1.22589
1.22857
1.23088
1.23294
1.23485
1.23671
1.23861
1.24059
1.2427
1.24495
1.24736
1.2499
1.25257
1.25532
1.25816
1.26102
1.26388
1.2667
1.26945
1.27208
1.27458
1.2769
1.27902
1.2809
1.28252
1.28386
1.28491
1.28565
1.28612
1.28628
1.28625
1.28611
1.28574
1.28511
1.28431
1.28351
1.2828
1.28216
1.28162
1.28116
1.28077
1.28044
1.28015
1.2799
1.27969
1.27951
1.27937
1.27929
1.27922
1.27915
1.27904
1.27889
1.27872
1.27853
1.27832
1.27811
1.27793
1.27779
1.27772
1.2777
1.27772
1.27776
1.27784
1.27798
1.27816
1.27825
1.27828
1.27806
1.28036
0.759687
0.776238
0.794989
0.815689
0.837517
0.859837
0.882242
0.904492
0.926421
0.947914
0.968889
0.989272
1.00902
1.02809
1.04646
1.06407
1.08095
1.097
1.11221
1.12652
1.13994
1.15241
1.16396
1.17456
1.18423
1.19295
1.20078
1.2077
1.2138
1.21909
1.22369
1.22759
1.23092
1.23375
1.23624
1.23846
1.24054
1.24254
1.24457
1.24664
1.24881
1.25108
1.25346
1.25593
1.25848
1.26106
1.26366
1.26624
1.26877
1.27119
1.27351
1.27567
1.27766
1.27943
1.28096
1.28222
1.2832
1.28387
1.28427
1.28438
1.28433
1.28412
1.28363
1.28288
1.28203
1.28122
1.28047
1.27982
1.27927
1.27883
1.2785
1.27825
1.27807
1.27794
1.27785
1.27783
1.27785
1.27793
1.27806
1.27821
1.27832
1.27837
1.27837
1.27834
1.27828
1.27817
1.27803
1.2779
1.27778
1.27769
1.27766
1.27765
1.27766
1.27769
1.27773
1.27779
1.2778
1.27778
1.27748
1.27973
0.753951
0.769881
0.788006
0.80804
0.829176
0.850821
0.872592
0.89428
0.915729
0.936845
0.957539
0.977755
0.997434
1.01654
1.03503
1.05288
1.07006
1.08654
1.10225
1.11716
1.13123
1.14447
1.15682
1.16829
1.17886
1.18853
1.19729
1.20519
1.21219
1.21841
1.22382
1.22852
1.23254
1.23602
1.23901
1.24164
1.24398
1.24617
1.24825
1.25033
1.25242
1.25458
1.25678
1.25906
1.26136
1.2637
1.26601
1.2683
1.2705
1.27261
1.27458
1.2764
1.27803
1.27945
1.28061
1.2815
1.28209
1.28239
1.28244
1.28234
1.28204
1.28139
1.28049
1.27957
1.27869
1.27788
1.27718
1.27659
1.27613
1.27579
1.27559
1.27547
1.27543
1.27543
1.27548
1.27563
1.27589
1.27622
1.27655
1.27686
1.27712
1.27732
1.27747
1.27756
1.2776
1.27758
1.27754
1.27748
1.27739
1.2773
1.27723
1.27719
1.27716
1.27715
1.27713
1.27711
1.27703
1.27691
1.27647
1.27861
0.747714
0.763157
0.780735
0.800208
0.820781
0.841866
0.863118
0.884333
0.905392
0.926187
0.946659
0.966726
0.986357
1.00548
1.02409
1.04212
1.05957
1.07639
1.09253
1.10793
1.1226
1.13646
1.14953
1.16173
1.17309
1.18355
1.19315
1.20183
1.20965
1.21659
1.22275
1.22812
1.23279
1.2368
1.24025
1.24325
1.24588
1.24824
1.25043
1.25251
1.25454
1.25657
1.2586
1.26066
1.26272
1.26478
1.2668
1.26876
1.27063
1.27239
1.27401
1.27549
1.27675
1.2778
1.27858
1.2791
1.27931
1.2793
1.27915
1.2787
1.27792
1.27692
1.27589
1.27491
1.27401
1.27321
1.27254
1.27202
1.27165
1.27144
1.27136
1.27135
1.27138
1.27149
1.27174
1.27214
1.27261
1.27311
1.27358
1.27403
1.27443
1.27478
1.27507
1.27529
1.27544
1.27552
1.27555
1.27553
1.27549
1.27544
1.27535
1.27528
1.27521
1.27514
1.27506
1.27497
1.2748
1.27458
1.27404
1.2761
0.736568
0.752108
0.769716
0.78908
0.809457
0.830272
0.851245
0.87218
0.892999
0.913594
0.933928
0.953914
0.97353
0.992706
1.01143
1.02964
1.04733
1.06444
1.08093
1.09673
1.11184
1.1262
1.1398
1.15258
1.16457
1.1757
1.18602
1.19546
1.20408
1.21182
1.21878
1.22491
1.2303
1.23495
1.239
1.24246
1.2455
1.24812
1.25051
1.25266
1.25471
1.25665
1.25856
1.26041
1.26226
1.26402
1.26575
1.26736
1.26891
1.27029
1.27158
1.27266
1.27358
1.27422
1.27462
1.27473
1.27468
1.27441
1.27374
1.27276
1.27166
1.27053
1.26942
1.26839
1.26745
1.26665
1.26601
1.26556
1.26531
1.26523
1.26523
1.26528
1.26542
1.26573
1.26623
1.26683
1.26746
1.26811
1.26874
1.26935
1.2699
1.27041
1.27084
1.2712
1.27147
1.27166
1.27177
1.27182
1.27181
1.27178
1.27172
1.27164
1.27152
1.27141
1.27127
1.27111
1.27085
1.27055
1.26991
1.27191
0.720784
0.736784
0.754794
0.774422
0.79491
0.815737
0.836657
0.857514
0.878244
0.898767
0.919047
0.93902
0.958658
0.977907
0.996746
1.01513
1.03304
1.05044
1.06729
1.08353
1.09914
1.11407
1.1283
1.14178
1.15451
1.16644
1.17757
1.18787
1.19734
1.20595
1.21376
1.22073
1.22693
1.23237
1.23713
1.24123
1.2448
1.24786
1.25057
1.25294
1.2551
1.25706
1.2589
1.2606
1.26223
1.26373
1.26514
1.26641
1.26758
1.2686
1.2695
1.27018
1.27068
1.27087
1.27088
1.27072
1.27021
1.26934
1.26818
1.26692
1.26565
1.2644
1.2632
1.26208
1.26111
1.26032
1.25974
1.25938
1.25925
1.25925
1.25931
1.25945
1.25977
1.2603
1.261
1.26175
1.26256
1.26336
1.26416
1.26493
1.26566
1.26631
1.2669
1.26739
1.2678
1.2681
1.26832
1.26843
1.26848
1.26846
1.26842
1.26836
1.26822
1.26806
1.26784
1.26761
1.26726
1.26689
1.26614
1.26807
0.709522
0.724815
0.742198
0.761287
0.781325
0.801787
0.822399
0.84302
0.86356
0.883959
0.904154
0.924104
0.943754
0.963076
0.982021
1.00057
1.01868
1.03633
1.05351
1.07017
1.08624
1.10172
1.11655
1.13071
1.14415
1.15687
1.16882
1.17999
1.19034
1.19988
1.20858
1.21646
1.22353
1.22981
1.23532
1.24013
1.24427
1.24784
1.2509
1.25353
1.25581
1.2578
1.25956
1.26112
1.26251
1.26373
1.26479
1.26573
1.26653
1.26719
1.2677
1.268
1.26807
1.268
1.26767
1.26691
1.26579
1.26452
1.26314
1.2617
1.26027
1.25888
1.25758
1.25641
1.25544
1.25468
1.25417
1.25393
1.25389
1.25394
1.25406
1.25434
1.25485
1.25557
1.2564
1.25731
1.25824
1.2592
1.26014
1.26105
1.26191
1.26271
1.26343
1.26405
1.26457
1.26499
1.26529
1.26549
1.26557
1.26558
1.26555
1.26549
1.26536
1.26516
1.26488
1.26458
1.26415
1.26372
1.26288
1.26476
0.705319
0.719251
0.735352
0.753275
0.772272
0.791834
0.811675
0.831654
0.851666
0.871648
0.891523
0.911248
0.930755
0.950012
0.968964
0.98759
1.00584
1.02371
1.04116
1.05815
1.07463
1.09057
1.10592
1.12066
1.13474
1.14813
1.16079
1.17271
1.18384
1.19417
1.20367
1.21235
1.22018
1.2272
1.23339
1.2388
1.24348
1.2475
1.2509
1.2538
1.25622
1.25827
1.25997
1.2614
1.26254
1.26348
1.26419
1.26476
1.26518
1.26547
1.26556
1.26551
1.26525
1.26461
1.26357
1.26227
1.26082
1.25926
1.25764
1.25599
1.25438
1.25285
1.25147
1.25028
1.24933
1.24863
1.24821
1.24808
1.2481
1.24819
1.2484
1.24883
1.24953
1.2504
1.25137
1.25241
1.25349
1.25459
1.25567
1.25672
1.25773
1.25866
1.25951
1.26026
1.2609
1.26142
1.26182
1.2621
1.26224
1.26227
1.26225
1.2622
1.26206
1.26185
1.26151
1.26114
1.26063
1.26012
1.2592
1.26102
0.698533
0.712264
0.727981
0.745407
0.763863
0.782882
0.802206
0.821708
0.841303
0.860925
0.880515
0.900013
0.919373
0.93854
0.957479
0.976142
0.994506
1.01253
1.0302
1.04746
1.06429
1.08063
1.09644
1.11168
1.12632
1.14032
1.15364
1.16623
1.17809
1.18915
1.19942
1.20885
1.21744
1.22517
1.23207
1.23815
1.24345
1.24799
1.25183
1.25504
1.25769
1.25983
1.26152
1.26282
1.26377
1.2644
1.26478
1.26499
1.26506
1.265
1.26478
1.26422
1.26327
1.26198
1.26047
1.2588
1.25701
1.25514
1.25323
1.25136
1.24957
1.24793
1.24649
1.2453
1.24437
1.24373
1.24342
1.24336
1.24342
1.24356
1.24389
1.24448
1.24533
1.24632
1.24742
1.24858
1.24979
1.251
1.25221
1.25339
1.25452
1.25557
1.25654
1.25741
1.25816
1.25878
1.25928
1.25963
1.25983
1.25989
1.25987
1.25982
1.25969
1.25947
1.25908
1.25865
1.25805
1.25748
1.25647
1.25823
0.700643
0.713143
0.727652
0.743944
0.761349
0.779401
0.797852
0.81657
0.835478
0.854506
0.873598
0.89269
0.911734
0.930671
0.949463
0.96806
0.986432
1.00453
1.02234
1.03981
1.0569
1.07356
1.08975
1.10541
1.12053
1.13503
1.1489
1.16208
1.17454
1.18624
1.19716
1.20725
1.2165
1.2249
1.23243
1.2391
1.24492
1.24993
1.25416
1.25767
1.26052
1.26276
1.26445
1.26563
1.26636
1.26668
1.26676
1.2667
1.26652
1.26609
1.26525
1.264
1.26248
1.26074
1.25881
1.25675
1.25458
1.25238
1.25021
1.24812
1.24619
1.24447
1.24299
1.2418
1.24091
1.24034
1.24012
1.24012
1.24021
1.24041
1.24085
1.24159
1.24256
1.24366
1.24486
1.24613
1.24744
1.24877
1.25009
1.25138
1.25262
1.25378
1.25486
1.25582
1.25668
1.25739
1.25797
1.25839
1.25866
1.25874
1.25873
1.25869
1.25857
1.25833
1.2579
1.25741
1.25674
1.25609
1.255
1.2567
0.702703
0.714817
0.72887
0.744593
0.761386
0.778811
0.796651
0.814784
0.833156
0.851695
0.870361
0.889084
0.907832
0.926536
0.945167
0.96366
0.981997
1.00011
1.01799
1.03555
1.05277
1.06958
1.08596
1.10184
1.1172
1.13198
1.14616
1.15968
1.17251
1.18461
1.19595
1.20649
1.21621
1.22508
1.23309
1.24022
1.24649
1.25189
1.25648
1.26026
1.2633
1.26564
1.26732
1.26839
1.26888
1.26895
1.26885
1.2686
1.26804
1.26703
1.26558
1.26384
1.26187
1.25969
1.25735
1.2549
1.25241
1.24993
1.24754
1.2453
1.24327
1.2415
1.24002
1.23885
1.23802
1.23754
1.2374
1.23744
1.23756
1.23784
1.2384
1.23925
1.2403
1.24149
1.24277
1.24412
1.24551
1.24692
1.24832
1.24969
1.25102
1.25227
1.25343
1.25448
1.25541
1.2562
1.25684
1.25732
1.25764
1.25776
1.25776
1.25771
1.25759
1.25735
1.2569
1.25636
1.25562
1.25492
1.25376
1.2554
0.692088
0.70504
0.719811
0.736091
0.753282
0.77097
0.788986
0.807228
0.825661
0.844225
0.862896
0.881614
0.900352
0.919053
0.937693
0.956215
0.974597
0.992781
1.01075
1.02841
1.04576
1.06271
1.07926
1.09533
1.11091
1.12593
1.14039
1.15421
1.16739
1.17986
1.19161
1.20256
1.21273
1.22205
1.23052
1.2381
1.24481
1.2506
1.25554
1.25961
1.26287
1.26533
1.26705
1.26801
1.2683
1.26821
1.26799
1.26749
1.26648
1.26493
1.26301
1.26082
1.25839
1.25578
1.25304
1.25025
1.24746
1.24476
1.2422
1.23985
1.23777
1.23598
1.23451
1.23339
1.23262
1.23224
1.23216
1.23222
1.23239
1.23275
1.23342
1.23438
1.23551
1.23677
1.23813
1.23956
1.24104
1.24253
1.24402
1.24548
1.24689
1.24823
1.24947
1.25061
1.25162
1.2525
1.25321
1.25376
1.25413
1.25429
1.25429
1.25425
1.25413
1.25389
1.25343
1.25285
1.25205
1.2513
1.25007
1.25168
0.674539
0.68821
0.703683
0.72059
0.73832
0.756479
0.774903
0.793502
0.812245
0.831085
0.849996
0.86893
0.887861
0.90674
0.92554
0.944215
0.96274
0.981072
0.99919
1.01704
1.03459
1.05177
1.06857
1.08493
1.10085
1.11625
1.13113
1.14541
1.15909
1.17209
1.18441
1.19597
1.20676
1.21672
1.22583
1.23404
1.24136
1.24772
1.25318
1.25769
1.26131
1.26401
1.26587
1.26678
1.26699
1.26683
1.26646
1.26567
1.26423
1.26222
1.25983
1.25717
1.25429
1.25127
1.24816
1.24505
1.24201
1.23911
1.23642
1.23399
1.23186
1.23007
1.22862
1.22755
1.22685
1.22656
1.22654
1.22662
1.22683
1.22728
1.22806
1.22912
1.23034
1.23169
1.23314
1.23467
1.23624
1.23783
1.23942
1.24099
1.2425
1.24395
1.2453
1.24654
1.24765
1.24861
1.24941
1.25003
1.25046
1.25067
1.2507
1.25066
1.25055
1.25031
1.24983
1.24922
1.24837
1.24758
1.24629
1.24785
0.658586
0.672166
0.687582
0.704489
0.722266
0.740524
0.759071
0.777815
0.7967
0.815688
0.834744
0.853827
0.872904
0.891934
0.910887
0.92972
0.948405
0.966898
0.9852
1.00333
1.02121
1.0388
1.05607
1.07297
1.08947
1.10552
1.12108
1.13609
1.15052
1.16432
1.17743
1.18981
1.20141
1.21219
1.22209
1.23109
1.23913
1.2462
1.25226
1.25733
1.26137
1.26441
1.26644
1.26738
1.26752
1.26733
1.26683
1.26575
1.26393
1.26147
1.25864
1.25551
1.2522
1.24877
1.24532
1.24191
1.23864
1.23556
1.23275
1.23024
1.22809
1.22629
1.22489
1.22385
1.22322
1.22299
1.22303
1.22313
1.22339
1.22394
1.22483
1.22598
1.22729
1.22873
1.23028
1.23191
1.23358
1.23529
1.23699
1.23867
1.24029
1.24185
1.24331
1.24466
1.24587
1.24693
1.24782
1.24852
1.24902
1.24928
1.24934
1.24931
1.2492
1.24896
1.24847
1.24783
1.24694
1.2461
1.24476
1.24628
0.687174
0.697671
0.710107
0.724256
0.739604
0.755694
0.772344
0.789401
0.806837
0.824553
0.842542
0.860705
0.879038
0.897443
0.915921
0.934377
0.952821
0.971176
0.989423
1.00751
1.02547
1.0432
1.06068
1.07783
1.09464
1.11101
1.12694
1.14234
1.15719
1.17141
1.18497
1.19779
1.20985
1.22106
1.23141
1.24082
1.24928
1.25672
1.26315
1.2685
1.27279
1.27598
1.27811
1.27899
1.27904
1.2788
1.27816
1.27679
1.27455
1.27163
1.2683
1.26469
1.2609
1.25704
1.25319
1.24946
1.24592
1.24264
1.23967
1.23707
1.23485
1.23304
1.23163
1.23063
1.23004
1.22986
1.2299
1.23003
1.23035
1.23099
1.23195
1.23315
1.23451
1.23601
1.23761
1.23931
1.24103
1.24281
1.24456
1.24631
1.248
1.24962
1.25114
1.25256
1.25383
1.25495
1.25589
1.25664
1.25717
1.25747
1.25754
1.25752
1.25741
1.25716
1.25665
1.25598
1.25504
1.25415
1.25274
1.25421
0.720546
0.730182
0.741546
0.754543
0.768695
0.783612
0.799104
0.815055
0.831432
0.848174
0.865256
0.882613
0.900211
0.917986
0.935902
0.953897
0.971935
0.989951
1.00792
1.02576
1.04345
1.06092
1.07815
1.09507
1.11164
1.1278
1.14353
1.15874
1.17343
1.1875
1.20094
1.21367
1.22567
1.23685
1.2472
1.25662
1.26514
1.27263
1.27913
1.28453
1.28889
1.29209
1.29421
1.29499
1.29494
1.29464
1.29386
1.29224
1.28963
1.28634
1.28259
1.27857
1.27437
1.27014
1.26597
1.26199
1.25824
1.25482
1.25175
1.2491
1.24685
1.24504
1.24365
1.24269
1.24214
1.242
1.24205
1.24221
1.24257
1.24326
1.24426
1.24547
1.24684
1.24836
1.24997
1.25167
1.2534
1.25518
1.25694
1.2587
1.26039
1.26203
1.26356
1.26499
1.26627
1.26741
1.26837
1.26914
1.26969
1.27
1.27008
1.27005
1.26994
1.26968
1.26916
1.26846
1.26749
1.26656
1.2651
1.26651
0.737061
0.747235
0.759047
0.7724
0.786763
0.801804
0.817301
0.83321
0.849458
0.866056
0.882928
0.900082
0.917431
0.934981
0.952638
0.970413
0.988205
1.00603
1.02377
1.04139
1.05879
1.07599
1.09289
1.10951
1.12574
1.14159
1.15697
1.1719
1.18627
1.20009
1.21326
1.2258
1.23759
1.24864
1.25885
1.26822
1.27664
1.28414
1.29059
1.29603
1.30035
1.30359
1.30564
1.30637
1.30623
1.30587
1.30501
1.30322
1.30039
1.29685
1.29284
1.28855
1.2841
1.27966
1.27533
1.27121
1.26738
1.26392
1.26084
1.2582
1.25599
1.25422
1.25288
1.25196
1.25149
1.25138
1.25144
1.25163
1.25202
1.25274
1.25375
1.25497
1.25635
1.25786
1.25946
1.26114
1.26287
1.26463
1.26639
1.26813
1.26982
1.27144
1.27298
1.2744
1.27569
1.27682
1.27779
1.27856
1.27912
1.27944
1.27952
1.27948
1.27937
1.27912
1.2786
1.27789
1.2769
1.27597
1.27448
1.27587
0.69191
0.704684
0.719068
0.734843
0.75141
0.768451
0.785751
0.803292
0.820996
0.838893
0.856908
0.875068
0.893285
0.911584
0.929871
0.948172
0.96639
0.98455
1.00255
1.02045
1.03814
1.05563
1.07281
1.08972
1.10623
1.1224
1.13808
1.15333
1.16801
1.18217
1.19567
1.20855
1.22067
1.23207
1.2426
1.25231
1.26104
1.26885
1.27557
1.28128
1.28581
1.28922
1.29136
1.29215
1.292
1.29161
1.29072
1.28887
1.28592
1.28222
1.27806
1.27362
1.26906
1.26451
1.26012
1.25597
1.25215
1.24871
1.24569
1.24309
1.24095
1.23924
1.23797
1.23712
1.23671
1.23664
1.23672
1.23692
1.23735
1.23812
1.23918
1.24044
1.24186
1.2434
1.24505
1.24677
1.24854
1.25034
1.25215
1.25393
1.25567
1.25734
1.25893
1.26039
1.26173
1.26291
1.26391
1.26472
1.26531
1.26565
1.26575
1.26571
1.26561
1.26537
1.26486
1.26415
1.26316
1.26224
1.26075
1.26217
0.654701
0.667524
0.682135
0.698234
0.715203
0.732682
0.750476
0.768531
0.786784
0.805226
0.8238
0.842494
0.861248
0.880049
0.898837
0.9176
0.936277
0.954859
0.97329
0.991556
1.00962
1.02748
1.04506
1.06236
1.0793
1.09586
1.11198
1.12764
1.14276
1.15733
1.17126
1.18453
1.19707
1.20884
1.21977
1.22982
1.23891
1.24701
1.25404
1.25998
1.26474
1.26829
1.27056
1.27137
1.27125
1.27085
1.26991
1.26797
1.26488
1.261
1.25665
1.25203
1.2473
1.24261
1.23809
1.23385
1.22996
1.22647
1.22342
1.22082
1.21868
1.21698
1.21573
1.2149
1.21451
1.21447
1.21456
1.21477
1.21523
1.21603
1.21713
1.21844
1.2199
1.22149
1.22318
1.22495
1.22677
1.22863
1.23049
1.23233
1.23413
1.23586
1.23749
1.23901
1.24039
1.24162
1.24266
1.2435
1.24412
1.24449
1.2446
1.24457
1.24447
1.24423
1.24372
1.24301
1.242
1.24107
1.23958
1.24101
0.653347
0.665251
0.678963
0.694219
0.710424
0.727214
0.744404
0.761927
0.779729
0.797784
0.816042
0.834476
0.853034
0.871688
0.890383
0.909095
0.927768
0.946379
0.964876
0.983236
1.00141
1.01937
1.03706
1.05446
1.07151
1.08818
1.10441
1.12018
1.13541
1.15009
1.16413
1.17751
1.19016
1.20204
1.21308
1.22323
1.23243
1.24063
1.24775
1.25376
1.25859
1.2622
1.2645
1.26533
1.26521
1.2648
1.26383
1.26182
1.25861
1.25458
1.25007
1.24528
1.24038
1.23554
1.23088
1.22651
1.22251
1.21894
1.21581
1.21316
1.21097
1.20924
1.20796
1.20712
1.20673
1.20668
1.20677
1.20698
1.20745
1.20827
1.20939
1.21071
1.21218
1.21379
1.21549
1.21728
1.21911
1.22099
1.22286
1.22472
1.22653
1.22828
1.22993
1.23147
1.23286
1.23411
1.23516
1.23602
1.23664
1.23702
1.23713
1.2371
1.237
1.23677
1.23625
1.23552
1.23449
1.23353
1.23202
1.23344
)
;

boundaryField
{
    inlet
    {
        type            calculated;
        value           uniform 3.00001;
    }
    outlet
    {
        type            calculated;
        value           nonuniform List<scalar> 
40
(
0.656031
0.83965
0.997287
1.10774
1.18123
1.22914
1.25731
1.27398
1.28405
1.28919
1.29061
1.28973
1.28577
1.28143
1.27891
1.2775
1.27713
1.27766
1.27918
1.2803
1.28036
1.27973
1.27861
1.2761
1.27191
1.26807
1.26476
1.26102
1.25823
1.2567
1.2554
1.25168
1.24785
1.24628
1.25421
1.26651
1.27587
1.26217
1.24101
1.23344
)
;
    }
    bottom
    {
        type            symmetryPlane;
    }
    top
    {
        type            symmetryPlane;
    }
    obstacle
    {
        type            calculated;
        value           uniform 0;
    }
    defaultFaces
    {
        type            empty;
    }
}


// ************************************************************************* //
