/*--------------------------------*- C++ -*----------------------------------*\
| =========                 |                                                 |
| \\      /  F ield         | OpenFOAM: The Open Source CFD Toolbox           |
|  \\    /   O peration     | Version:  2412                                  |
|   \\  /    A nd           | Website:  www.openfoam.com                      |
|    \\/     M anipulation  |                                                 |
\*---------------------------------------------------------------------------*/
FoamFile
{
    version     2.0;
    format      ascii;
    arch        "LSB;label=32;scalar=64";
    class       volScalarField;
    location    "0.5";
    object      Ma;
}
// * * * * * * * * * * * * * * * * * * * * * * * * * * * * * * * * * * * * * //

dimensions      [0 0 0 0 0 0 0];

internalField   nonuniform List<scalar> 
7000
(
3.00001
3.00001
3.00001
3.00001
3.00001
3.00001
3.00001
3.00001
3.00001
3.00001
3.00001
3.00001
3.00001
3.00001
3.00001
3.00001
3.00001
3
3
3
2.99997
3.00005
3.00003
3.00152
3.00087
3.01587
2.97246
3.16928
2.8803
2.51804
1.71806
0.904141
0.269907
0.286558
0.331551
0.350125
0.332398
0.300032
0.270005
0.248372
0.228697
0.204807
0.177314
0.1498
0.123815
0.101523
0.0764008
0.0596478
0.0294654
0.0185121
3.00001
3.00001
3.00001
3.00001
3.00001
3.00001
3.00001
3.00001
3.00001
3.00001
3.00001
3.00001
3.00001
3.00001
3.00001
3.00001
3.00001
3.00001
3
3.00001
3
3.00009
3.00015
3.00149
3.00083
3.0151
2.97375
3.16661
2.87895
2.52292
1.72591
0.910139
0.274788
0.287289
0.327611
0.342018
0.321414
0.289651
0.260165
0.238109
0.217866
0.19434
0.168866
0.143696
0.118967
0.0970029
0.0723279
0.0578391
0.0316316
0.024733
3.00001
3.00001
3.00001
3.00001
3.00001
3.00001
3.00001
3.00001
3.00001
3.00001
3.00001
3.00001
3.00001
3.00001
3.00001
3.00001
3.00001
3
3
3
2.99999
3.00001
3.00015
3.0009
3.00128
3.01464
2.9779
3.16687
2.87437
2.52804
1.73464
0.921269
0.276579
0.282844
0.324607
0.340378
0.320376
0.289071
0.259429
0.236573
0.215617
0.192078
0.167586
0.143828
0.120107
0.0984388
0.0743829
0.0613937
0.0397385
0.0354791
3.00001
3.00001
3.00001
3.00001
3.00001
3.00001
3.00001
3.00001
3.00001
3.00001
3.00001
3.00001
3.00001
3.00001
3.00001
3.00001
3.00001
3
3
3
2.99998
2.99999
3.00007
3.00079
3.00098
3.01363
2.97872
3.1631
2.87524
2.53924
1.74875
0.934608
0.288273
0.285455
0.324739
0.339602
0.319546
0.289022
0.260266
0.238144
0.217927
0.195306
0.171923
0.149418
0.126631
0.105226
0.0815149
0.0689321
0.0505524
0.0474209
3.00001
3.00001
3.00001
3.00001
3.00001
3.00001
3.00001
3.00001
3.00001
3.00001
3.00001
3.00001
3.00001
3.00001
3.00001
3.00001
3.00001
3
3
2.99999
2.99999
3.00002
3.00002
3.00089
3.0005
3.01143
2.97871
3.15041
2.87461
2.55642
1.76705
0.948892
0.294351
0.287034
0.328033
0.343493
0.323225
0.292836
0.264466
0.242978
0.223692
0.202244
0.179894
0.158384
0.136612
0.115586
0.0921089
0.0793884
0.0630507
0.0602497
3.00001
3.00001
3.00001
3.00001
3.00001
3.00001
3.00001
3.00001
3.00001
3.00001
3.00001
3.00001
3.00001
3.00001
3.00001
3.00001
3.00001
3
3
2.99999
2.99999
3
3.00001
3.00078
3.00018
3.01203
2.9763
3.15694
2.88164
2.56984
1.78459
0.968734
0.303016
0.287839
0.332084
0.34974
0.329972
0.299574
0.271183
0.250015
0.231484
0.211155
0.189898
0.169418
0.148651
0.128249
0.105214
0.0922329
0.0770831
0.0742025
3.00001
3.00001
3.00001
3.00001
3.00001
3.00001
3.00001
3.00001
3.00001
3.00001
3.00001
3.00001
3.00001
3.00001
3.00001
3.00001
3.00001
3
3
2.99999
2.99999
2.99994
3.00001
3.00024
3.00034
3.00855
2.98678
3.12942
2.88112
2.61924
1.82951
1.00664
0.321592
0.293297
0.337473
0.356196
0.336895
0.307086
0.279159
0.258522
0.240772
0.221418
0.201163
0.181756
0.162088
0.142608
0.120281
0.107101
0.0926272
0.0894912
3.00001
3.00001
3.00001
3.00001
3.00001
3.00001
3.00001
3.00001
3.00001
3.00001
3.00001
3.00001
3.00001
3.00001
3.00001
3.00001
3.00001
3
3
2.99999
2.99998
2.9999
3
2.99964
3.00067
3.00611
2.99488
3.09388
2.89224
2.67144
1.87634
1.05188
0.343306
0.300046
0.344484
0.36422
0.345178
0.315709
0.288221
0.268193
0.251235
0.232708
0.213352
0.194999
0.176594
0.158299
0.136849
0.123703
0.109745
0.106293
3.00001
3.00001
3.00001
3.00001
3.00001
3.00001
3.00001
3.00001
3.00001
3.00001
3.00001
3.00001
3.00001
3.00001
3.00001
3.00001
3.00001
3
3.00001
2.99998
2.99998
2.99986
2.9999
2.9993
3.00093
3.00499
2.99688
3.04973
2.94264
2.70296
1.9328
1.10707
0.371851
0.305197
0.348994
0.36944
0.350771
0.32256
0.296596
0.278015
0.262346
0.244859
0.226377
0.209084
0.192025
0.175189
0.154994
0.142079
0.128502
0.124747
3.00001
3.00001
3.00001
3.00001
3.00001
3.00001
3.00001
3.00001
3.00001
3.00001
3.00001
3.00001
3.00001
3.00001
3.00001
3.00001
3.00001
3
3
2.99998
2.99996
2.99991
2.99973
2.99952
2.99855
3.00267
2.98295
3.10261
2.89585
2.68497
1.94576
1.14859
0.401928
0.307117
0.353324
0.375551
0.357736
0.331319
0.306968
0.289588
0.274941
0.258278
0.240492
0.224121
0.208446
0.193234
0.17447
0.162123
0.148946
0.144993
3.00001
3.00001
3.00001
3.00001
3.00001
3.00001
3.00001
3.00001
3.00001
3.00001
3.00001
3.00001
3.00001
3.00001
3.00001
3.00001
3.00001
3
3
2.99998
2.99997
2.99984
2.99974
2.99919
2.99812
2.99662
2.98675
3.00468
2.9379
2.77426
2.05164
1.23266
0.443289
0.313348
0.35913
0.382657
0.366933
0.342817
0.32029
0.303752
0.289774
0.273607
0.2562
0.240584
0.226172
0.212546
0.195488
0.184038
0.171354
0.167227
3.00001
3.00001
3.00001
3.00001
3.00001
3.00001
3.00001
3.00001
3.00001
3.00001
3.00001
3.00001
3.00001
3.00001
3.00001
3.00001
3.00001
3
3
2.99998
2.99999
2.99987
2.99978
2.99907
2.99847
2.99388
2.98684
2.98025
2.92988
2.81358
2.13344
1.31968
0.490528
0.32437
0.368597
0.391803
0.378324
0.356734
0.336169
0.320464
0.30715
0.29137
0.274206
0.259093
0.24572
0.233592
0.218216
0.207824
0.195752
0.191658
3.00001
3.00001
3.00001
3.00001
3.00001
3.00001
3.00001
3.00001
3.00001
3.00001
3.00001
3.00001
3.00001
3.00001
3.00001
3.00001
3.00001
3
3
2.99998
2.99997
2.99984
2.99978
2.99893
2.9982
2.99281
2.98779
2.95964
2.93741
2.79288
2.23553
1.42319
0.54887
0.339113
0.379255
0.400634
0.391067
0.372538
0.354053
0.339205
0.326847
0.311795
0.294697
0.279859
0.267368
0.256791
0.243291
0.23398
0.222782
0.218796
3.00001
3.00001
3.00001
3.00001
3.00001
3.00001
3.00001
3.00001
3.00001
3.00001
3.00001
3.00001
3.00001
3.00001
3.00001
3.00001
3.00001
3.00001
3
2.99999
2.99999
2.99991
2.99977
2.99908
2.99867
2.99374
2.99023
2.96396
2.94078
2.71132
2.38502
1.57525
0.623663
0.36672
0.392611
0.409089
0.405397
0.390464
0.374088
0.360101
0.34878
0.334586
0.318102
0.30352
0.291888
0.282566
0.270807
0.263247
0.252796
0.249151
3.00001
3.00001
3.00001
3.00001
3.00001
3.00001
3.00001
3.00001
3.00001
3.00001
3.00001
3.00001
3.00001
3.00001
3.00001
3.00001
3.00001
3.00001
3
2.99999
2.99995
2.99992
2.99979
2.99941
2.99964
2.99508
2.99476
2.966
2.94972
2.74973
2.47113
1.7128
0.715981
0.407109
0.402799
0.415566
0.42092
0.41043
0.395844
0.382653
0.372508
0.35955
0.344042
0.330144
0.319382
0.311808
0.302147
0.296198
0.287195
0.284021
3.00001
3.00001
3.00001
3.00001
3.00001
3.00001
3.00001
3.00001
3.00001
3.00001
3.00001
3.00001
3.00001
3.00001
3.00001
3.00001
3.00001
3.00001
3
2.99999
2.99994
2.99993
2.99964
2.99955
2.99842
2.99685
2.99057
2.97266
2.94952
2.77303
2.5654
1.84981
0.842766
0.469392
0.40923
0.423776
0.438349
0.43243
0.419265
0.4075
0.398548
0.386811
0.372549
0.360255
0.350913
0.345136
0.337641
0.333939
0.326688
0.32495
3.00001
3.00001
3.00001
3.00001
3.00001
3.00001
3.00001
3.00001
3.00001
3.00001
3.00001
3.00001
3.00001
3.00001
3.00001
3.00001
3.00001
3.00001
3
3
2.99994
2.99994
2.99963
2.99959
2.99844
2.99716
2.99196
2.9766
2.96232
2.81441
2.6491
1.98175
1.0057
0.560911
0.418241
0.436043
0.459613
0.456833
0.444541
0.434473
0.426607
0.41615
0.403418
0.392968
0.386125
0.383248
0.378972
0.378511
0.374866
0.375409
3.00001
3.00001
3.00001
3.00001
3.00001
3.00001
3.00001
3.00001
3.00001
3.00001
3.00001
3.00001
3.00001
3.00001
3.00001
3.00001
3.00001
3.00001
3
3
2.99996
2.99995
2.99964
2.99964
2.99771
2.99704
2.98741
2.99111
2.94556
3.03803
2.66419
2.12824
1.17377
0.659363
0.424843
0.451678
0.48322
0.4825
0.472168
0.46389
0.456886
0.447422
0.436863
0.429058
0.425152
0.426407
0.42709
0.432731
0.434216
0.441729
3.00001
3.00001
3.00001
3.00001
3.00001
3.00001
3.00001
3.00001
3.00001
3.00001
3.00001
3.00001
3.00001
3.00001
3.00001
3.00001
3.00001
3.00001
3.00001
3
2.99999
2.99998
2.9998
2.99976
2.99831
2.99772
2.98721
2.99727
2.92196
3.12277
2.76735
2.263
1.37663
0.755249
0.432722
0.470117
0.503485
0.507923
0.500899
0.493977
0.487916
0.479767
0.472159
0.468245
0.468857
0.475769
0.484462
0.499386
0.514021
0.537864
3.00001
3.00001
3.00001
3.00001
3.00001
3.00001
3.00001
3.00001
3.00001
3.00001
3.00001
3.00001
3.00001
3.00001
3.00001
3.00001
3.00001
3.00001
3.00001
3.00001
3.00001
3.00001
2.99997
2.99994
2.9995
2.99954
2.99416
3.00391
2.94235
3.13385
2.83505
2.42537
1.60186
0.870457
0.447006
0.487978
0.518671
0.531867
0.528643
0.524093
0.519577
0.514419
0.509818
0.510574
0.516843
0.531143
0.551427
0.582144
0.621837
0.7138
3.00001
3.00001
3.00001
3.00001
3.00001
3.00001
3.00001
3.00001
3.00001
3.00001
3.00001
3.00001
3.00001
3.00001
3.00001
3.00001
3.00001
3.00001
3.00001
3.00001
3
3.00001
3
3.00006
3.00006
3.00124
3.00024
3.01088
2.96768
3.1465
2.88964
2.57265
1.83652
1.06266
0.521132
0.512668
0.545145
0.566772
0.569651
0.567527
0.565698
0.563022
0.56375
0.571199
0.58603
0.611703
0.649757
0.709312
0.799897
0.954236
3.00001
3.00001
3.00001
3.00001
3.00001
3.00001
3.00001
3.00001
3.00001
3.00001
3.00001
3.00001
3.00001
3.00001
3.00001
3.00001
3.00001
3.00001
3.00001
3
3
2.99999
2.99999
2.99991
2.99989
2.9993
3.00051
2.9959
2.98804
3.02093
2.91587
2.80241
2.12761
1.34981
0.638048
0.550543
0.576881
0.600897
0.608991
0.611083
0.611242
0.612349
0.619217
0.633722
0.656956
0.692655
0.743601
0.820185
0.936656
1.08809
3.00001
3.00001
3.00001
3.00001
3.00001
3.00001
3.00001
3.00001
3.00001
3.00001
3.00001
3.00001
3.00001
3.00001
3.00001
3.00001
3.00001
3.00001
3.00001
3.00001
3
3
2.99995
2.99993
2.99977
2.99942
2.99848
2.99509
2.99116
2.96558
2.94582
2.76238
2.48425
1.78049
0.848992
0.62142
0.620669
0.636711
0.648646
0.654811
0.658925
0.664665
0.676189
0.695196
0.723387
0.764895
0.821209
0.898237
1.01143
1.13748
3.00001
3.00001
3.00001
3.00001
3.00001
3.00001
3.00001
3.00001
3.00001
3.00001
3.00001
3.00001
3.00001
3.00001
3.00001
3.00001
3.00001
3.00001
3.00001
3.00001
3
3
2.99997
2.99997
2.99979
2.99975
2.99801
2.99761
2.98793
2.99215
2.94163
2.94331
2.69643
2.09051
1.19357
0.78514
0.671556
0.670171
0.683807
0.699053
0.708664
0.71632
0.729558
0.750991
0.784463
0.829474
0.885886
0.956112
1.05148
1.15855
3.00001
3.00001
3.00001
3.00001
3.00001
3.00001
3.00001
3.00001
3.00001
3.00001
3.00001
3.00001
3.00001
3.00001
3.00001
3.00001
3.00001
3.00001
3.00001
3.00001
3.00001
3.00001
3
3
2.99997
2.99996
2.99975
2.99996
2.99671
3.00535
2.94895
3.12614
2.85146
2.47964
1.73915
1.05295
0.704592
0.696575
0.717919
0.740473
0.753838
0.765585
0.781202
0.805308
0.840277
0.883519
0.935763
0.998937
1.0783
1.16667
3.00001
3.00001
3.00001
3.00001
3.00001
3.00001
3.00001
3.00001
3.00001
3.00001
3.00001
3.00001
3.00001
3.00001
3.00001
3.00001
3.00001
3.00001
3.00001
3.00001
3.00001
3.00001
3
2.99999
2.99995
2.99996
2.99975
2.99938
2.99863
2.99596
2.98969
2.99085
2.92131
2.78273
2.1719
1.4162
0.846402
0.766024
0.767704
0.783677
0.799653
0.81244
0.829935
0.855591
0.888461
0.928368
0.975576
1.0315
1.1
1.17346
3.00001
3.00001
3.00001
3.00001
3.00001
3.00001
3.00001
3.00001
3.00001
3.00001
3.00001
3.00001
3.00001
3.00001
3.00001
3.00001
3.00001
3.00001
3.00001
3.00001
3.00001
3.00001
3.00001
3
3
2.99995
2.99994
2.99969
2.99959
2.9975
3.00077
2.98251
3.07728
2.8722
2.67492
1.96005
1.21627
0.828263
0.81995
0.832433
0.849487
0.865416
0.881907
0.904409
0.933278
0.968926
1.01038
1.05935
1.11838
1.17991
3.00001
3.00001
3.00001
3.00001
3.00001
3.00001
3.00001
3.00001
3.00001
3.00001
3.00001
3.00001
3.00001
3.00001
3.00001
3.00001
3.00001
3.00001
3.00001
3.00001
3.00001
3.00001
3.00001
3
3
2.99996
2.99995
2.99977
2.99941
2.9987
2.99446
2.99138
2.96575
2.94081
2.79556
2.48501
1.78957
1.03214
0.905516
0.90113
0.905142
0.914498
0.928707
0.94734
0.972772
1.00384
1.03997
1.08171
1.1327
1.18591
3.00001
3.00001
3.00001
3.00001
3.00001
3.00001
3.00001
3.00001
3.00001
3.00001
3.00001
3.00001
3.00001
3.00001
3.00001
3.00001
3.00001
3.00001
3.00001
3.00001
3.00001
3.00001
3.00001
3.00001
3.00001
3
3
2.99997
3.00027
2.99934
2.99887
2.98808
2.99325
2.9273
3.04492
2.78736
2.32244
1.52538
1.08416
0.957712
0.946466
0.954761
0.969442
0.988416
1.01029
1.03685
1.06864
1.10595
1.14972
1.19594
3.00001
3.00001
3.00001
3.00001
3.00001
3.00001
3.00001
3.00001
3.00001
3.00001
3.00001
3.00001
3.00001
3.00001
3.00001
3.00001
3.00001
3.00001
3.00001
3.00001
3.00001
3.00001
3.00001
3.00001
3
3
2.99998
2.99998
2.99985
2.99978
2.9991
2.99823
2.99663
2.98566
2.96278
2.90135
2.74132
2.19872
1.55457
1.0571
0.996118
0.997602
1.0137
1.03153
1.05048
1.07223
1.09941
1.13145
1.1715
1.21369
3.00001
3.00001
3.00001
3.00001
3.00001
3.00001
3.00001
3.00001
3.00001
3.00001
3.00001
3.00001
3.00001
3.00001
3.00001
3.00001
3.00001
3.00001
3.00001
3.00001
3.00001
3.00001
3.00001
3.00001
3.00001
3.00001
3
3
2.99999
2.99996
2.99993
2.99963
2.99891
2.99652
3.00303
2.95568
2.88963
2.70497
2.17145
1.46762
1.14388
1.06782
1.06341
1.07522
1.09309
1.11301
1.13725
1.1646
1.19889
1.23514
3.00001
3.00001
3.00001
3.00001
3.00001
3.00001
3.00001
3.00001
3.00001
3.00001
3.00001
3.00001
3.00001
3.00001
3.00001
3.00001
3.00001
3.00001
3.00001
3.00001
3.00001
3.00001
3.00001
3.00001
3.00001
3.00001
3
3
2.99999
2.99998
2.99989
2.99978
2.99959
2.99816
2.9974
2.98124
3.0329
2.86471
2.69659
2.15236
1.54891
1.18103
1.13619
1.12771
1.13585
1.15286
1.17427
1.19971
1.2321
1.26541
3.00001
3.00001
3.00001
3.00001
3.00001
3.00001
3.00001
3.00001
3.00001
3.00001
3.00001
3.00001
3.00001
3.00001
3.00001
3.00001
3.00001
3.00001
3.00001
3.00001
3.00001
3.00001
3.00001
3.00001
3.00001
3.00001
3.00001
3
3
2.99999
2.99998
2.9999
2.99979
2.99971
2.99783
2.99686
2.98276
2.99136
2.89307
2.77469
2.18177
1.61193
1.23841
1.19227
1.19343
1.20737
1.22366
1.24446
1.26775
1.29651
3.00001
3.00001
3.00001
3.00001
3.00001
3.00001
3.00001
3.00001
3.00001
3.00001
3.00001
3.00001
3.00001
3.00001
3.00001
3.00001
3.00001
3.00001
3.00001
3.00001
3.00001
3.00001
3.00001
3.00001
3.00001
3.00001
3.00001
3.00001
3.00001
3
3
2.99997
2.99994
2.99976
2.9997
2.99892
2.99571
2.99528
2.96578
2.87697
2.75683
2.2832
1.72195
1.37705
1.27101
1.25938
1.26798
1.28337
1.30458
1.32817
3.00001
3.00001
3.00001
3.00001
3.00001
3.00001
3.00001
3.00001
3.00001
3.00001
3.00001
3.00001
3.00001
3.00001
3.00001
3.00001
3.00001
3.00001
3.00001
3.00001
3.00001
3.00001
3.00001
3.00001
3.00001
3.00001
3.00001
3.00001
3.00001
3.00001
3
3
2.99998
2.99991
2.99983
2.99938
2.99867
2.99638
2.99459
2.97714
2.91743
2.80155
2.38879
1.89469
1.46015
1.34424
1.32692
1.33415
1.34876
1.36772
3.00001
3.00001
3.00001
3.00001
3.00001
3.00001
3.00001
3.00001
3.00001
3.00001
3.00001
3.00001
3.00001
3.00001
3.00001
3.00001
3.00001
3.00001
3.00001
3.00001
3.00001
3.00001
3.00001
3.00001
3.00001
3.00001
3.00001
3.00001
3.00001
3.00001
3.00001
3
3
2.99999
2.99991
2.99987
2.99937
2.99907
2.99537
2.99283
2.96899
2.94798
2.76496
2.57199
2.05999
1.605
1.43781
1.41077
1.40879
1.41949
3.00001
3.00001
3.00001
3.00001
3.00001
3.00001
3.00001
3.00001
3.00001
3.00001
3.00001
3.00001
3.00001
3.00001
3.00001
3.00001
3.00001
3.00001
3.00001
3.00001
3.00001
3.00001
3.00001
3.00001
3.00001
3.00001
3.00001
3.00001
3.00001
3.00001
3.00001
3.00001
3.00001
3
2.99999
2.99994
2.9999
2.99951
2.99928
2.99663
2.99544
2.97833
2.96186
2.84651
2.69944
2.294
1.83541
1.57604
1.49348
1.47824
3.00001
3.00001
3.00001
3.00001
3.00001
3.00001
3.00001
3.00001
3.00001
3.00001
3.00001
3.00001
3.00001
3.00001
3.00001
3.00001
3.00001
3.00001
3.00001
3.00001
3.00001
3.00001
3.00001
3.00001
3.00001
3.00001
3.00001
3.00001
3.00001
3.00001
3.00001
3.00001
3.00001
3.00001
3
3
2.99998
2.99989
2.99981
2.99914
2.99884
2.99502
2.99107
2.96869
2.92113
2.8154
2.49584
2.10185
1.74722
1.59375
3.00001
3.00001
3.00001
3.00001
3.00001
3.00001
3.00001
3.00001
3.00001
3.00001
3.00001
3.00001
3.00001
3.00001
3.00001
3.00001
3.00001
3.00001
3.00001
3.00001
3.00001
3.00001
3.00001
3.00001
3.00001
3.00001
3.00001
3.00001
3.00001
3.00001
3.00001
3.00001
3.00001
3.00001
3.00001
3
3
2.99999
2.99995
2.99989
2.99969
2.99939
2.99816
2.99444
2.98674
2.95688
2.89271
2.70281
2.3806
2.00875
3.00001
3.00001
3.00001
3.00001
3.00001
3.00001
3.00001
3.00001
3.00001
3.00001
3.00001
3.00001
3.00001
3.00001
3.00001
3.00001
3.00001
3.00001
3.00001
3.00001
3.00001
3.00001
3.00001
3.00001
3.00001
3.00001
3.00001
3.00001
3.00001
3.00001
3.00001
3.00001
3.00001
3.00001
3.00001
3.00001
3
3
2.99998
2.99997
2.99984
2.99978
2.99887
2.99874
2.99281
2.99477
2.96861
2.95499
2.82075
2.59615
3.00001
3.00001
3.00001
3.00001
3.00001
3.00001
3.00001
3.00001
3.00001
3.00001
3.00001
3.00001
3.00001
3.00001
3.00001
3.00001
3.00001
3.00001
3.00001
3.00001
3.00001
3.00001
3.00001
3.00001
3.00001
3.00001
3.00001
3.00001
3.00001
3.00001
3.00001
3.00001
3.00001
3.00001
3.00001
3.00001
3.00001
3
3
2.99999
2.99998
2.99987
2.99979
2.99906
2.99937
2.99443
3.00849
2.97788
2.94348
2.83362
3.00001
3.00001
3.00001
3.00001
3.00001
3.00001
3.00001
3.00001
3.00001
3.00001
3.00001
3.00001
3.00001
3.00001
3.00001
3.00001
3.00001
3.00001
3.00001
3.00001
3.00001
3.00001
3.00001
3.00001
3.00001
3.00001
3.00001
3.00001
3.00001
3.00001
3.00001
3.00001
3.00001
3.00001
3.00001
3.00001
3.00001
3.00001
3
3
2.99999
2.99998
2.99989
2.99986
2.99928
2.99906
2.99528
2.99491
2.9797
2.96057
3.00001
3.00001
3.00001
3.00001
3.00001
3.00001
3.00001
3.00001
3.00001
3.00001
3.00001
3.00001
3.00001
3.00001
3.00001
3.00001
3.00001
3.00001
3.00001
3.00001
3.00001
3.00001
3.00001
3.00001
3.00001
3.00001
3.00001
3.00001
3.00001
3.00001
3.00001
3.00001
3.00001
3.00001
3.00001
3.00001
3.00001
3.00001
3.00001
3.00001
3
3
2.99997
2.99996
2.99977
2.9997
2.99845
2.99816
2.99282
2.98678
3.00001
3.00001
3.00001
3.00001
3.00001
3.00001
3.00001
3.00001
3.00001
3.00001
3.00001
3.00001
3.00001
3.00001
3.00001
3.00001
3.00001
3.00001
3.00001
3.00001
3.00001
3.00001
3.00001
3.00001
3.00001
3.00001
3.00001
3.00001
3.00001
3.00001
3.00001
3.00001
3.00001
3.00001
3.00001
3.00001
3.00001
3.00001
3.00001
3.00001
3.00001
3.00001
3
3.00003
2.99997
2.99991
2.99969
2.99928
2.99772
2.99339
3.00001
3.00001
3.00001
3.00001
3.00001
3.00001
3.00001
3.00001
3.00001
3.00001
3.00001
3.00001
3.00001
3.00001
3.00001
3.00001
3.00001
3.00001
3.00001
3.00001
3.00001
3.00001
3.00001
3.00001
3.00001
3.00001
3.00001
3.00001
3.00001
3.00001
3.00001
3.00001
3.00001
3.00001
3.00001
3.00001
3.00001
3.00001
3.00001
3.00001
3.00001
3.00001
3.00001
3.00002
3
2.99998
2.99991
2.99978
2.99929
2.99803
3.00001
3.00001
3.00001
3.00001
3.00001
3.00001
3.00001
3.00001
3.00001
3.00001
3.00001
3.00001
3.00001
3.00001
3.00001
3.00001
3.00001
3.00001
3.00001
3.00001
3.00001
3.00001
3.00001
3.00001
3.00001
3.00001
3.00001
3.00001
3.00001
3.00001
3.00001
3.00001
3.00001
3.00001
3.00001
3.00001
3.00001
3.00001
3.00001
3.00001
3.00001
3.00001
3.00001
3.00001
3.00001
3
2.99998
2.99994
2.99978
2.99948
3.00001
3.00001
3.00001
3.00001
3.00001
3.00001
3.00001
3.00001
3.00001
3.00001
3.00001
3.00001
3.00001
3.00001
3.00001
3.00001
3.00001
3.00001
3.00001
3.00001
3.00001
3.00001
3.00001
3.00001
3.00001
3.00001
3.00001
3.00001
3.00001
3.00001
3.00001
3.00001
3.00001
3.00001
3.00001
3.00001
3.00001
3.00001
3.00001
3.00001
3.00001
3.00001
3.00001
3.00001
3.00001
3.00001
3
3
2.99996
2.99992
3.00001
3.00001
3.00001
3.00001
3.00001
3.00001
3.00001
3.00001
3.00001
3.00001
3.00001
3.00001
3.00001
3.00001
3.00001
3.00001
3.00001
3.00001
3.00001
3.00001
3.00001
3.00001
3.00001
3.00001
3.00001
3.00001
3.00001
3.00001
3.00001
3.00001
3.00001
3.00001
3.00001
3.00001
3.00001
3.00001
3.00001
3.00001
3.00001
3.00001
3.00001
3.00001
3.00001
3.00001
3.00001
3.00001
3.00001
3
3
2.99997
3.00001
3.00001
3.00001
3.00001
3.00001
3.00001
3.00001
3.00001
3.00001
3.00001
3.00001
3.00001
3.00001
3.00001
3.00001
3.00001
3.00001
3.00001
3.00001
3.00001
3.00001
3.00001
3.00001
3.00001
3.00001
3.00001
3.00001
3.00001
3.00001
3.00001
3.00001
3.00001
3.00001
3.00001
3.00001
3.00001
3.00001
3.00001
3.00001
3.00001
3.00001
3.00001
3.00001
3.00001
3.00001
3.00001
3.00001
3.00001
3.00001
3
3.00001
3.00001
3.00001
3.00001
3.00001
3.00001
3.00001
3.00001
3.00001
3.00001
3.00001
3.00001
3.00001
3.00001
3.00001
3.00001
3.00001
3.00001
3.00001
3.00001
3.00001
3.00001
3.00001
3.00001
3.00001
3.00001
3.00001
3.00001
3.00001
3.00001
3.00001
3.00001
3.00001
3.00001
3.00001
3.00001
3.00001
3.00001
3.00001
3.00001
3.00001
3.00001
3.00001
3.00001
3.00001
3.00001
3.00001
3.00001
3.00001
3.00001
3.00001
3.00001
3.00001
3.00001
3.00001
3.00001
3.00001
3.00001
3.00001
3.00001
3.00001
3.00001
3.00001
3.00001
3.00001
3.00001
3.00001
3.00001
3.00001
3.00001
3.00001
3.00001
3.00001
3.00001
3.00001
3.00001
3.00001
3.00001
3.00001
3.00001
3.00001
3.00001
3.00001
3.00001
3.00001
3.00001
3.00001
3.00001
3.00001
3.00001
3.00001
3.00001
3.00001
3.00001
3.00001
3.00001
3.00001
3.00001
3.00001
3.00001
3.00001
3.00001
3.00001
3.00001
3.00001
3.00001
3.00001
3.00001
3.00001
3.00001
3.00001
3.00001
3.00001
3.00001
3.00001
3.00001
3.00001
3.00001
3.00001
3.00001
3.00001
3.00001
3.00001
3.00001
3.00001
3.00001
3.00001
3.00001
3.00001
3.00001
3.00001
3.00001
3.00001
3.00001
3.00001
3.00001
3.00001
3.00001
3.00001
3.00001
3.00001
3.00001
3.00001
3.00001
3.00001
3.00001
3.00001
3.00001
3.00001
3.00001
3.00001
3.00001
3.00001
3.00001
3.00001
3.00001
3.00001
3.00001
3.00001
3.00001
3.00001
3.00001
3.00001
3.00001
3.00001
3.00001
3.00001
3.00001
3.00001
3.00001
3.00001
3.00001
3.00001
3.00001
3.00001
3.00001
3.00001
3.00001
3.00001
3.00001
3.00001
3.00001
3.00001
3.00001
3.00001
3.00001
3.00001
3.00001
3.00001
3.00001
3.00001
3.00001
3.00001
3.00001
3.00001
3.00001
3.00001
3.00001
3.00001
3.00001
3.00001
3.00001
3.00001
3.00001
3.00001
3.00001
3.00001
3.00001
3.00001
3.00001
3.00001
3.00001
3.00001
3.00001
3.00001
3.00001
3.00001
3.00001
3.00001
3.00001
3.00001
3.00001
3.00001
3.00001
3.00001
3.00001
3.00001
3.00001
3.00001
3.00001
3.00001
3.00001
3.00001
3.00001
3.00001
3.00001
3.00001
3.00001
3.00001
3.00001
3.00001
3.00001
3.00001
3.00001
3.00001
3.00001
3.00001
3.00001
3.00001
3.00001
3.00001
3.00001
3.00001
3.00001
3.00001
3.00001
3.00001
3.00001
3.00001
3.00001
3.00001
3.00001
3.00001
3.00001
3.00001
3.00001
3.00001
3.00001
3.00001
3.00001
3.00001
3.00001
3.00001
3.00001
3.00001
3.00001
3.00001
3.00001
3.00001
3.00001
3.00001
3.00001
3.00001
3.00001
3.00001
3.00001
3.00001
3.00001
3.00001
3.00001
3.00001
3.00001
3.00001
3.00001
3.00001
3.00001
3.00001
3.00001
3.00001
3.00001
3.00001
3.00001
3.00001
3.00001
3.00001
3.00001
3.00001
3.00001
3.00001
3.00001
3.00001
3.00001
3.00001
3.00001
3.00001
3.00001
3.00001
3.00001
3.00001
3.00001
3.00001
3.00001
3.00001
3.00001
3.00001
3.00001
3.00001
3.00001
3.00001
3.00001
3.00001
3.00001
3.00001
3.00001
3.00001
3.00001
3.00001
3.00001
3.00001
3.00001
3.00001
3.00001
3.00001
3.00001
3.00001
3.00001
3.00001
3.00001
3.00001
3.00001
3.00001
3.00001
3.00001
3.00001
3.00001
3.00001
3.00001
3.00001
3.00001
3.00001
3.00001
3.00001
3.00001
3.00001
3.00001
3.00001
3.00001
3.00001
3.00001
3.00001
3.00001
3.00001
3.00001
3.00001
3.00001
3.00001
3.00001
3.00001
3.00001
3.00001
3.00001
3.00001
3.00001
3.00001
3.00001
3.00001
3.00001
3.00001
3.00001
3.00001
3.00001
3.00001
3.00001
3.00001
3.00001
3.00001
3.00001
3.00001
3.00001
3.00001
3.00001
3.00001
3.00001
3.00001
3.00001
3.00001
3.00001
3.00001
3.00001
3.00001
3.00001
3.00001
3.00001
3.00001
3.00001
3.00001
3.00001
3.00001
3.00001
3.00001
3.00001
3.00001
3.00001
3.00001
3.00001
3.00001
3.00001
3.00001
3.00001
3.00001
3.00001
3.00001
3.00001
3.00001
3.00001
3.00001
3.00001
3.00001
3.00001
3.00001
3.00001
3.00001
3.00001
3.00001
3.00001
3.00001
3.00001
3.00001
3.00001
3.00001
3.00001
3.00001
3.00001
3.00001
3.00001
3.00001
3.00001
3.00001
3.00001
3.00001
3.00001
3.00001
3.00001
3.00001
3.00001
3.00001
3.00001
3.00001
3.00001
3.00001
3.00001
3.00001
3.00001
3.00001
3.00001
3.00001
3.00001
3.00001
3.00001
3.00001
3.00001
3.00001
3.00001
3.00001
3.00001
3.00001
3.00001
3.00001
3.00001
3.00001
3.00001
3.00001
3.00001
3.00001
3.00001
3.00001
3.00001
3.00001
3.00001
3.00001
3.00001
3.00001
3.00001
3.00001
3.00001
3.00001
3.00001
3.00001
3.00001
3.00001
3.00001
3.00001
3.00001
3.00001
3.00001
3.00001
3.00001
3.00001
3.00001
3.00001
3.00001
3.00001
3.00001
3.00001
3.00001
3.00001
3.00001
3.00001
3.00001
3.00001
3.00001
3.00001
3.00001
3.00001
3.00001
3.00001
3.00001
3.00001
3.00001
3.00001
3.00001
3.00001
3.00001
3.00001
3.00001
3.00001
3.00001
3.00001
3.00001
3.00001
1.3605
1.54254
1.59271
1.56104
1.4817
1.4005
1.32137
1.25735
1.23654
1.24199
1.25116
1.26444
1.28112
1.29211
1.29952
1.30639
1.31377
1.32272
1.33356
1.3463
1.36005
1.37431
1.38863
1.40297
1.41741
1.43193
1.4466
1.46159
1.47698
1.49275
1.50894
1.52558
1.54238
1.55856
1.57332
1.58653
1.59837
1.60848
1.61652
1.62302
1.62868
1.63403
1.63979
1.64767
1.66236
1.69023
1.73068
1.78172
1.84196
1.90946
1.982
2.05731
2.13327
2.20815
2.28052
2.34921
2.41335
2.47237
2.526
2.57423
2.61731
2.65565
2.68979
2.72024
2.7475
2.77205
2.79437
2.81484
2.83383
2.85163
2.86842
2.88432
2.89943
2.91375
2.92726
2.93987
2.95131
2.96133
2.96977
2.97678
2.98267
2.98789
2.99269
2.99671
2.99915
3.00136
3.00265
3.00312
3.00307
3.00272
3.00226
3.00178
3.00137
3.00099
3.00067
3.00045
3.00029
3.00018
3.00011
3.00007
1.33173
1.44804
1.50678
1.53973
1.57401
1.61884
1.65721
1.66585
1.66386
1.65421
1.63692
1.62463
1.62188
1.62878
1.63751
1.64876
1.65966
1.6689
1.67711
1.68514
1.69355
1.70264
1.71265
1.72332
1.73442
1.74579
1.75695
1.76775
1.77838
1.78889
1.79943
1.81056
1.82276
1.83564
1.84823
1.86015
1.87121
1.88059
1.88759
1.89261
1.89634
1.89938
1.90212
1.90502
1.90923
1.91732
1.93379
1.96205
1.99844
2.04177
2.09091
2.14476
2.20215
2.26175
2.32222
2.38232
2.44094
2.49722
2.55042
2.60004
2.64575
2.68741
2.72505
2.75882
2.78895
2.81572
2.8394
2.86029
2.87872
2.89504
2.90963
2.9228
2.93485
2.94594
2.95612
2.96533
2.97345
2.98033
2.98591
2.99035
2.99397
2.99715
3.00007
3.00212
3.00419
3.00544
3.00576
3.00547
3.00483
3.00405
3.0033
3.00259
3.0019
3.00136
3.00095
3.00065
3.00043
3.00028
3.00018
3.00012
1.31065
1.40761
1.48995
1.57732
1.66538
1.74903
1.80923
1.83944
1.84121
1.83972
1.83043
1.81386
1.80364
1.79834
1.80329
1.80887
1.81614
1.82505
1.83402
1.84192
1.84946
1.8573
1.86579
1.87477
1.88413
1.89393
1.90382
1.91364
1.92348
1.93317
1.94253
1.95192
1.96192
1.97233
1.98249
1.99225
2.00182
2.01043
2.01706
2.02199
2.02571
2.02873
2.03166
2.03561
2.0432
2.0583
2.08195
2.11225
2.14809
2.18833
2.232
2.27832
2.32673
2.37669
2.42762
2.47883
2.52955
2.57898
2.62641
2.67114
2.71265
2.75054
2.78455
2.81467
2.84105
2.86394
2.88368
2.90061
2.91509
2.92751
2.93825
2.94772
2.95626
2.96414
2.97145
2.9781
2.98393
2.9888
2.99266
2.99567
2.9981
3.00029
3.0023
3.00398
3.00576
3.00651
3.00647
3.00593
3.00513
3.00425
3.00343
3.00263
3.00192
3.00136
3.00095
3.00064
3.00043
3.00028
3.00018
3.00012
1.31259
1.40613
1.49133
1.57371
1.65224
1.72655
1.79112
1.84742
1.89026
1.9168
1.92705
1.92806
1.92711
1.92063
1.9165
1.91243
1.91582
1.91964
1.92449
1.93137
1.94017
1.94936
1.95895
1.96851
1.97808
1.9879
1.99798
2.00809
2.0183
2.02854
2.03838
2.04792
2.05775
2.068
2.07796
2.08748
2.09697
2.10598
2.11339
2.11946
2.12538
2.13274
2.14262
2.15559
2.17265
2.19427
2.22039
2.25061
2.28425
2.32057
2.35892
2.39881
2.43991
2.48192
2.52453
2.56732
2.60975
2.65119
2.69104
2.72874
2.76389
2.7962
2.82548
2.85164
2.87467
2.89467
2.91186
2.92653
2.939
2.9496
2.95867
2.96652
2.97345
2.97971
2.98545
2.99063
2.99507
2.99855
3.00104
3.00274
3.00401
3.00507
3.00621
3.00788
3.00876
3.00877
3.00816
3.0072
3.00609
3.00503
3.00397
3.00297
3.00217
3.00155
3.00109
3.00075
3.0005
3.00033
3.00022
3.00015
1.3072
1.40108
1.48574
1.56587
1.6423
1.71352
1.77993
1.84045
1.89364
1.94195
1.97517
1.99583
2.00447
2.00695
2.00708
2.00433
2.00082
1.99882
2.00045
2.0036
2.00834
2.01585
2.02576
2.03635
2.04748
2.05885
2.0699
2.08026
2.09009
2.09956
2.10873
2.11789
2.12764
2.13791
2.14808
2.15815
2.16864
2.17911
2.18925
2.19983
2.21185
2.22598
2.24228
2.26079
2.2821
2.30623
2.33299
2.36193
2.39262
2.42465
2.45785
2.492
2.52708
2.56294
2.5994
2.63615
2.67282
2.7089
2.74384
2.7771
2.80822
2.83689
2.86291
2.88616
2.90656
2.92411
2.93893
2.95124
2.96135
2.96967
2.97658
2.98243
2.98748
2.99194
2.99593
2.99947
3.00243
3.00461
3.00596
3.00672
3.00707
3.00727
3.00803
3.0094
3.00984
3.0095
3.00863
3.00748
3.00626
3.00511
3.00395
3.00293
3.00213
3.00152
3.00106
3.00073
3.00049
3.00032
3.00021
3.00014
1.29777
1.389
1.47279
1.55098
1.62438
1.6934
1.75818
1.81886
1.87502
1.92558
1.9707
2.01107
2.04075
2.06047
2.07138
2.0748
2.07557
2.07554
2.07449
2.0751
2.07769
2.08227
2.08901
2.09759
2.10842
2.12003
2.13158
2.1423
2.152
2.16111
2.16989
2.17857
2.1879
2.19826
2.20905
2.22048
2.23326
2.24712
2.26166
2.27726
2.29431
2.31292
2.33269
2.35357
2.37607
2.40028
2.42613
2.45336
2.48173
2.51111
2.54142
2.5726
2.60447
2.63677
2.66918
2.7014
2.73314
2.76407
2.79382
2.82203
2.84836
2.87258
2.89456
2.91422
2.93151
2.9464
2.95895
2.96925
2.97757
2.98425
2.9897
2.99424
2.99815
3.00161
3.00466
3.0073
3.00934
3.01065
3.01116
3.01105
3.0108
3.01065
3.01117
3.01187
3.01175
3.01095
3.00971
3.00829
3.00691
3.00552
3.0042
3.00312
3.00227
3.00163
3.00114
3.00078
3.00053
3.00035
3.00023
3.00015
1.287
1.37159
1.45256
1.52952
1.60224
1.67118
1.73665
1.79851
1.85635
1.9095
1.95783
2.00211
2.04101
2.07454
2.0992
2.11554
2.12637
2.13193
2.13506
2.13876
2.14203
2.14481
2.14924
2.15467
2.16068
2.1683
2.1781
2.18829
2.1982
2.2081
2.21812
2.22816
2.23894
2.25124
2.26434
2.27796
2.29321
2.31034
2.32897
2.34886
2.36988
2.39202
2.41482
2.43836
2.46263
2.48753
2.51295
2.53884
2.56515
2.59188
2.6191
2.64684
2.67499
2.70329
2.73138
2.75897
2.78584
2.81183
2.83677
2.86047
2.88266
2.9031
2.92163
2.93822
2.95283
2.96544
2.97604
2.98468
2.9915
2.99682
3.00098
3.00435
3.00721
3.00971
3.01184
3.01349
3.01457
3.01486
3.01453
3.01402
3.01333
3.01271
3.01275
3.01313
3.01262
3.01149
3.01002
3.00846
3.00697
3.00546
3.00412
3.00305
3.00221
3.00157
3.0011
3.00075
3.00051
3.00033
3.00022
3.00015
1.27928
1.35716
1.4344
1.50955
1.5818
1.65076
1.71575
1.77623
1.83258
1.88506
1.93438
1.98002
2.02194
2.05964
2.0933
2.12292
2.14672
2.16473
2.17804
2.18696
2.1926
2.19744
2.20149
2.20555
2.21031
2.21581
2.22181
2.22906
2.23798
2.24835
2.25988
2.27254
2.28622
2.30147
2.3182
2.33534
2.35338
2.37329
2.39494
2.41777
2.44114
2.46525
2.48981
2.51443
2.53907
2.56363
2.58817
2.61272
2.63739
2.66225
2.68734
2.71259
2.73781
2.76273
2.78711
2.81069
2.8333
2.85482
2.8753
2.89471
2.91293
2.92977
2.94499
2.95852
2.9704
2.98063
2.98927
2.99637
3.00198
3.00623
3.00942
3.01194
3.01412
3.01609
3.01775
3.0188
3.01894
3.01851
3.01792
3.01695
3.01591
3.01511
3.0151
3.01485
3.01383
3.01234
3.01062
3.00892
3.00724
3.00558
3.00421
3.00311
3.00226
3.00161
3.00113
3.00077
3.00052
3.00035
3.00023
3.00015
1.27725
1.34844
1.42172
1.49494
1.56523
1.63147
1.69379
1.75231
1.80781
1.85999
1.90954
1.95601
2.00005
2.04072
2.07838
2.11303
2.14465
2.17325
2.19696
2.2151
2.22889
2.23869
2.24599
2.25226
2.25765
2.26302
2.26854
2.27459
2.28161
2.29089
2.30265
2.31724
2.33341
2.35112
2.37035
2.3902
2.41059
2.43238
2.45537
2.47934
2.50386
2.52906
2.55455
2.57979
2.60454
2.62886
2.65309
2.67712
2.70093
2.72468
2.74836
2.77163
2.79418
2.81588
2.83665
2.8564
2.87508
2.89268
2.90923
2.92481
2.9395
2.95309
2.96532
2.97618
2.98568
2.9938
3.0006
3.00615
3.01059
3.01401
3.01655
3.01847
3.02005
3.02139
3.02239
3.02259
3.02233
3.02178
3.02064
3.01908
3.01774
3.01688
3.01664
3.01584
3.01444
3.01268
3.0108
3.00898
3.00714
3.00546
3.00409
3.00301
3.00218
3.00155
3.00108
3.00074
3.0005
3.00033
3.00021
3.00014
1.28677
1.34951
1.41722
1.48561
1.5517
1.61438
1.67363
1.72999
1.78362
1.83484
1.88412
1.93093
1.97551
2.01768
2.05767
2.09515
2.13048
2.16313
2.1931
2.22049
2.24335
2.26164
2.27665
2.28842
2.29771
2.30501
2.3121
2.31946
2.328
2.3382
2.35114
2.36643
2.38351
2.40229
2.42222
2.44306
2.46437
2.48657
2.50986
2.5341
2.55928
2.58519
2.61142
2.63733
2.66255
2.6873
2.71155
2.73539
2.7588
2.78168
2.80392
2.82516
2.84508
2.86367
2.88098
2.89707
2.91196
2.92617
2.93953
2.95192
2.96358
2.97424
2.98345
2.99213
2.99973
3.00584
3.01088
3.01496
3.0182
3.02075
3.02273
3.02422
3.02534
3.02607
3.02607
3.02585
3.02562
3.02464
3.02307
3.02121
3.01967
3.01862
3.0181
3.01692
3.01518
3.01315
3.01111
3.00912
3.00711
3.00542
3.00406
3.00298
3.00215
3.00153
3.00106
3.00073
3.00049
3.00033
3.00021
3.00015
1.30012
1.35867
1.41819
1.47982
1.54058
1.59977
1.65673
1.71144
1.76379
1.8144
1.86278
1.90922
1.95351
1.99581
2.03662
2.07563
2.11303
2.14857
2.18173
2.21235
2.24108
2.26753
2.29075
2.30982
2.32599
2.33933
2.35107
2.36306
2.37587
2.38978
2.40499
2.42156
2.439
2.45695
2.47585
2.49583
2.51649
2.53802
2.56086
2.58522
2.61073
2.63672
2.66273
2.68867
2.71431
2.73931
2.76354
2.78686
2.8095
2.83129
2.85194
2.87102
2.88831
2.90388
2.91753
2.93067
2.94309
2.95458
2.96514
2.97487
2.9839
2.9922
2.99975
3.00644
3.01189
3.01602
3.01968
3.02288
3.02508
3.02691
3.02837
3.02949
3.03014
3.03003
3.02978
3.02951
3.0286
3.02701
3.02496
3.02279
3.02102
3.01991
3.01913
3.01757
3.01552
3.01328
3.01111
3.00894
3.0069
3.00524
3.0039
3.00286
3.00205
3.00145
3.00101
3.00069
3.00046
3.00031
3.0002
3.00014
1.32077
1.37125
1.42388
1.47779
1.53354
1.58915
1.64337
1.69628
1.74755
1.79724
1.84477
1.89067
1.93445
1.97701
2.01775
2.05733
2.09554
2.13182
2.16704
2.20056
2.23227
2.2627
2.29046
2.31652
2.34007
2.36128
2.38119
2.3995
2.41839
2.43682
2.45485
2.47365
2.49252
2.51083
2.5295
2.54927
2.56984
2.59099
2.61331
2.63719
2.662
2.68725
2.71274
2.7383
2.76358
2.78816
2.81153
2.83374
2.855
2.87515
2.89364
2.91001
2.92367
2.93552
2.94706
2.95757
2.96712
2.97597
2.98426
2.99198
2.99911
3.00562
3.0115
3.01674
3.02118
3.02463
3.02714
3.02882
3.03037
3.03181
3.03295
3.03372
3.03401
3.0342
3.03375
3.03264
3.03096
3.02888
3.02645
3.02419
3.0223
3.02127
3.02008
3.0181
3.01574
3.01334
3.01103
3.00872
3.0067
3.00507
3.00376
3.00275
3.00197
3.00139
3.00097
3.00066
3.00044
3.0003
3.00019
3.00013
1.34693
1.38855
1.43435
1.4825
1.53193
1.58334
1.63529
1.68662
1.7365
1.78479
1.83116
1.87586
1.91877
1.96052
2.0009
2.04045
2.07866
2.11618
2.15245
2.18786
2.22257
2.25518
2.28673
2.31678
2.34514
2.37312
2.39998
2.42557
2.44981
2.47335
2.49632
2.51748
2.53884
2.55961
2.57944
2.60033
2.62274
2.64551
2.66869
2.6928
2.71754
2.74205
2.76644
2.79068
2.81464
2.83779
2.85913
2.87877
2.89762
2.91556
2.93118
2.94355
2.95397
2.96394
2.97266
2.98043
2.98746
2.99394
2.99989
3.00546
3.01068
3.01542
3.01974
3.02365
3.02709
3.02992
3.03194
3.03314
3.03391
3.03472
3.03579
3.03685
3.03767
3.03771
3.03676
3.03501
3.03277
3.03008
3.02742
3.02511
3.02342
3.02248
3.02063
3.01823
3.01564
3.01314
3.0107
3.00835
3.00639
3.00481
3.00356
3.00259
3.00185
3.0013
3.0009
3.00061
3.00041
3.00027
3.00018
3.00012
1.37471
1.41206
1.45037
1.49267
1.53792
1.58508
1.63344
1.68227
1.7301
1.77657
1.82138
1.86476
1.9068
1.94782
1.98783
2.02708
2.06552
2.10342
2.1407
2.17753
2.21337
2.24846
2.2824
2.31498
2.34757
2.37829
2.40867
2.43891
2.46818
2.49628
2.52375
2.54995
2.57493
2.59961
2.62402
2.64693
2.67091
2.69579
2.72023
2.74531
2.77142
2.79671
2.82114
2.84463
2.86749
2.88966
2.90906
2.9261
2.94297
2.95871
2.97034
2.97899
2.98712
2.9937
2.99908
3.00361
3.00762
3.01135
3.01489
3.01828
3.02152
3.02461
3.02744
3.02991
3.03205
3.03387
3.03528
3.03612
3.03643
3.03676
3.03761
3.03888
3.03992
3.04004
3.03886
3.03666
3.03391
3.03074
3.02803
3.02597
3.0249
3.02319
3.02081
3.01811
3.01537
3.01279
3.01025
3.00794
3.00605
3.00453
3.00334
3.00242
3.00173
3.00121
3.00084
3.00057
3.00038
3.00026
3.00017
3.00012
1.40654
1.44145
1.47513
1.51009
1.54956
1.59283
1.63794
1.68326
1.72863
1.77313
1.81649
1.85871
1.89987
1.94017
1.97967
2.01861
2.05701
2.09513
2.13291
2.17038
2.20726
2.24361
2.27922
2.31403
2.34768
2.38087
2.41344
2.44499
2.47737
2.50891
2.53991
2.57068
2.60036
2.62873
2.65763
2.68524
2.71225
2.73973
2.76682
2.79214
2.8182
2.84517
2.86947
2.89212
2.91506
2.93693
2.95614
2.97192
2.98756
3.00221
3.01095
3.0179
3.02351
3.02736
3.02988
3.03155
3.0327
3.03354
3.03419
3.03478
3.0354
3.0361
3.03684
3.03756
3.03819
3.03875
3.03923
3.03942
3.03929
3.03912
3.03934
3.04033
3.04156
3.04175
3.04036
3.03775
3.03454
3.03125
3.02865
3.02706
3.02556
3.02334
3.02064
3.01773
3.01491
3.01226
3.00967
3.00744
3.00564
3.00421
3.00309
3.00223
3.00158
3.00111
3.00076
3.00052
3.00035
3.00023
3.00015
3.00011
1.44801
1.47412
1.50216
1.53408
1.56918
1.60775
1.6495
1.69305
1.73601
1.77776
1.81863
1.85906
1.89893
1.93824
1.97698
2.01533
2.05336
2.09134
2.12921
2.16704
2.20452
2.24153
2.27776
2.31319
2.34793
2.38194
2.41561
2.4493
2.4824
2.5159
2.54941
2.58217
2.61597
2.64875
2.6803
2.71209
2.74279
2.77214
2.802
2.83043
2.85699
2.88382
2.90991
2.93309
2.9551
2.97695
2.99547
3.00932
3.02341
3.03727
3.04554
3.05159
3.05628
3.05901
3.06022
3.06029
3.05961
3.05836
3.05671
3.05485
3.05298
3.05123
3.04964
3.04822
3.04699
3.04596
3.04507
3.04427
3.04345
3.04269
3.04223
3.04235
3.04329
3.04334
3.04166
3.03872
3.03524
3.03188
3.02927
3.02762
3.02576
3.0232
3.02022
3.01716
3.01429
3.01156
3.009
3.00689
3.0052
3.00386
3.00282
3.00203
3.00144
3.001
3.00069
3.00047
3.00031
3.00021
3.00014
3.0001
1.49091
1.50862
1.53355
1.56403
1.5975
1.63249
1.66903
1.70724
1.74706
1.78774
1.82792
1.86706
1.90552
1.94338
1.98073
2.01783
2.05485
2.09198
2.12923
2.16659
2.20383
2.24085
2.27733
2.31333
2.34866
2.38365
2.41828
2.45265
2.48715
2.52161
2.55645
2.59153
2.62593
2.66086
2.69568
2.72926
2.76254
2.79458
2.82513
2.85569
2.88448
2.91127
2.9381
2.96242
2.98309
3.00472
3.0244
3.03882
3.05082
3.06435
3.07316
3.07783
3.08161
3.08339
3.08363
3.08291
3.08148
3.07935
3.07655
3.07332
3.06998
3.06663
3.06336
3.06026
3.05739
3.05477
3.05263
3.05086
3.04922
3.04768
3.04634
3.04552
3.04564
3.04517
3.04311
3.03981
3.03605
3.03242
3.02963
3.02786
3.02565
3.02275
3.01953
3.01636
3.01346
3.01069
3.00826
3.00629
3.00472
3.00349
3.00254
3.00182
3.00128
3.00089
3.00061
3.00042
3.00028
3.00019
3.00012
3.00009
1.54895
1.55203
1.56605
1.5906
1.62261
1.65557
1.68894
1.72367
1.76049
1.79881
1.83815
1.87728
1.91506
1.95168
1.98779
2.02361
2.05942
2.09552
2.13204
2.16891
2.2059
2.24283
2.27939
2.31559
2.35125
2.38664
2.42173
2.45703
2.4924
2.52804
2.56379
2.59946
2.63526
2.67029
2.70545
2.7398
2.77358
2.80689
2.83929
2.87013
2.89987
2.92808
2.95403
2.97915
3.00091
3.01971
3.03883
3.05468
3.06545
3.07801
3.08966
3.09441
3.0981
3.10015
3.10057
3.09987
3.09831
3.09578
3.09229
3.0883
3.08422
3.08001
3.07558
3.07127
3.0673
3.06368
3.06048
3.05773
3.05533
3.05307
3.05102
3.04953
3.04867
3.04719
3.04447
3.04073
3.03665
3.03271
3.02979
3.02794
3.02524
3.02195
3.01852
3.01532
3.01242
3.00971
3.00747
3.00566
3.00422
3.0031
3.00225
3.00161
3.00113
3.00079
3.00054
3.00037
3.00024
3.00016
3.00011
3.00008
1.63165
1.5974
1.60689
1.62348
1.64935
1.68062
1.71281
1.74572
1.7797
1.81578
1.85357
1.89202
1.92974
1.96574
1.9998
2.03332
2.06756
2.10259
2.13836
2.17467
2.21123
2.24782
2.28422
2.3204
2.35631
2.3922
2.42809
2.46408
2.49997
2.53597
2.57187
2.60784
2.64351
2.67889
2.71368
2.7478
2.78118
2.81364
2.84559
2.8767
2.90657
2.93488
2.96128
2.98557
3.00719
3.02639
3.04321
3.05925
3.07054
3.07985
3.09217
3.10089
3.10383
3.1064
3.10739
3.10726
3.1063
3.10427
3.10098
3.09714
3.09302
3.08848
3.08367
3.07895
3.07445
3.07033
3.06663
3.06336
3.06041
3.05759
3.05511
3.05324
3.05128
3.0487
3.04513
3.04089
3.03659
3.03257
3.03002
3.02769
3.02434
3.02066
3.01714
3.01401
3.01119
3.00868
3.00663
3.005
3.00371
3.00272
3.00196
3.00139
3.00098
3.00068
3.00047
3.00032
3.00021
3.00014
3.00009
3.00007
1.96594
1.69607
1.66484
1.67473
1.69055
1.7139
1.74177
1.7722
1.80596
1.84121
1.87698
1.9126
1.94797
1.9827
2.01688
2.0504
2.08373
2.11774
2.15259
2.18806
2.2238
2.25956
2.29524
2.33089
2.36656
2.40229
2.43796
2.47364
2.50929
2.54502
2.58069
2.61632
2.65158
2.68641
2.72047
2.75386
2.78641
2.81831
2.84933
2.87923
2.9079
2.9349
2.95989
2.98321
3.00442
3.02266
3.03911
3.05421
3.06617
3.07555
3.08453
3.09491
3.10039
3.10291
3.10481
3.10541
3.10514
3.10399
3.10144
3.09808
3.09442
3.09029
3.08578
3.08133
3.07707
3.07306
3.06938
3.06605
3.06286
3.06002
3.05763
3.0551
3.05222
3.0487
3.0445
3.03988
3.0357
3.03255
3.03024
3.02664
3.02269
3.01888
3.01545
3.01249
3.00988
3.00761
3.00578
3.00433
3.0032
3.00233
3.00168
3.00119
3.00083
3.00058
3.00039
3.00027
3.00018
3.00012
3.00008
3.00006
2.37831
1.98889
1.77165
1.73818
1.74427
1.75931
1.7812
1.8073
1.83657
1.8687
1.90223
1.9358
1.96907
2.00235
2.03602
2.07007
2.10428
2.13869
2.17331
2.20799
2.24256
2.27691
2.31111
2.34531
2.3797
2.41432
2.44916
2.48421
2.51938
2.55462
2.58976
2.62467
2.65907
2.69283
2.72582
2.75816
2.7898
2.82079
2.8508
2.87962
2.90665
2.93188
2.95495
2.97609
2.99529
3.01264
3.02789
3.04203
3.05455
3.06418
3.07278
3.08163
3.08804
3.09199
3.09465
3.09633
3.09684
3.09626
3.09476
3.09218
3.08919
3.08587
3.08216
3.07843
3.07484
3.07141
3.06816
3.06512
3.06249
3.05984
3.05709
3.05413
3.05066
3.04651
3.04212
3.03808
3.03592
3.03263
3.02861
3.02448
3.0205
3.01683
3.0136
3.01088
3.00853
3.00653
3.00493
3.00367
3.0027
3.00196
3.0014
3.00099
3.00069
3.00048
3.00033
3.00022
3.00015
3.0001
3.00007
3.00005
2.78906
2.41518
2.06638
1.8496
1.81446
1.81189
1.8253
1.84474
1.86969
1.89838
1.92845
1.95946
1.99158
2.02439
2.05754
2.09098
2.1247
2.15859
2.19258
2.2265
2.26013
2.29344
2.3266
2.35984
2.39333
2.42715
2.46129
2.49566
2.53015
2.56458
2.59877
2.63251
2.66561
2.69803
2.72978
2.76099
2.79163
2.8215
2.85006
2.87701
2.90204
2.92532
2.94668
2.96632
2.98404
3.00032
3.01468
3.02734
3.03927
3.04897
3.0568
3.06485
3.07112
3.07574
3.07903
3.08123
3.08262
3.08291
3.08222
3.08077
3.07873
3.07627
3.07373
3.07111
3.06843
3.0659
3.06351
3.06115
3.05877
3.05636
3.05363
3.05029
3.0465
3.0428
3.04117
3.03797
3.03407
3.0299
3.02574
3.02172
3.01798
3.01459
3.01163
3.00918
3.00714
3.00543
3.00407
3.00302
3.00221
3.00159
3.00114
3.0008
3.00056
3.00039
3.00026
3.00018
3.00012
3.00008
3.00005
3.00004
2.92934
2.81144
2.52941
2.13932
1.92045
1.88304
1.8776
1.88934
1.9068
1.93154
1.96041
1.98924
2.01788
2.04751
2.07857
2.11084
2.14398
2.17744
2.21082
2.24398
2.27685
2.30942
2.34189
2.37447
2.4073
2.44044
2.47384
2.50735
2.54082
2.57407
2.60693
2.63922
2.67087
2.70188
2.73245
2.76255
2.79184
2.81988
2.84637
2.87125
2.89444
2.91594
2.93577
2.9541
2.97069
2.98585
2.99959
3.01164
3.02255
3.03264
3.04029
3.04725
3.05404
3.05819
3.0617
3.06419
3.06587
3.06702
3.06718
3.06656
3.06553
3.06407
3.06256
3.06091
3.05923
3.05766
3.056
3.05423
3.05238
3.05
3.04725
3.04523
3.04396
3.04131
3.03803
3.03429
3.03029
3.02623
3.02225
3.01852
3.01513
3.01216
3.00959
3.00745
3.00574
3.00436
3.00325
3.00239
3.00174
3.00125
3.00089
3.00063
3.00044
3.0003
3.00021
3.00014
3.0001
3.00007
3.00004
3.00003
2.9754
2.93915
2.84156
2.60178
2.24995
2.00442
1.95154
1.94603
1.95938
1.97481
1.99409
2.01836
2.04373
2.07089
2.10069
2.13232
2.1646
2.19698
2.22916
2.26117
2.29318
2.32515
2.35701
2.38894
2.4211
2.45346
2.4859
2.51825
2.55038
2.58219
2.61357
2.64435
2.67462
2.7045
2.73387
2.76233
2.78961
2.81555
2.84003
2.86297
2.88438
2.9043
2.92282
2.93989
2.95559
2.96994
2.98305
2.99476
3.00507
3.01466
3.02277
3.02895
3.0354
3.04057
3.04364
3.04621
3.04818
3.04964
3.05069
3.05082
3.05064
3.05021
3.04964
3.04899
3.04822
3.04741
3.04639
3.04511
3.04392
3.04378
3.04272
3.04112
3.03899
3.03627
3.03301
3.0294
3.02562
3.02186
3.01829
3.01501
3.01211
3.00961
3.00752
3.00581
3.00441
3.00332
3.00247
3.00182
3.00132
3.00095
3.00067
3.00047
3.00033
3.00023
3.00016
3.00011
3.00007
3.00005
3.00003
3.00003
2.99211
2.9823
2.94768
2.8765
2.66376
2.38631
2.11177
2.02347
2.00867
2.02165
2.03489
2.05139
2.07207
2.09676
2.12456
2.15455
2.18533
2.21614
2.2469
2.27773
2.30879
2.33999
2.3712
2.40241
2.43376
2.46512
2.49631
2.52726
2.55792
2.58826
2.61828
2.64793
2.67713
2.70564
2.73318
2.75953
2.78471
2.80864
2.8312
2.85236
2.87218
2.89073
2.90806
2.92422
2.93917
2.95288
2.96541
2.97671
2.98674
2.99577
3.0039
3.01028
3.01589
3.02164
3.02518
3.02783
3.03007
3.03171
3.03315
3.03425
3.0349
3.03533
3.03568
3.03585
3.03587
3.03617
3.03659
3.03682
3.03693
3.03674
3.03607
3.03474
3.03273
3.03011
3.02705
3.02374
3.02038
3.01715
3.01414
3.01145
3.00913
3.00717
3.00556
3.00426
3.00322
3.00241
3.00178
3.00131
3.00095
3.00068
3.00049
3.00034
3.00024
3.00017
3.00012
3.00008
3.00006
3.00004
3.00003
3.00002
2.99778
2.99508
2.98498
2.9647
2.90523
2.76799
2.49085
2.22979
2.08778
2.07156
2.07903
2.09052
2.1057
2.1255
2.1493
2.17602
2.20464
2.23368
2.26294
2.2925
2.32242
2.35279
2.38324
2.41355
2.44374
2.47392
2.50389
2.53362
2.56314
2.5925
2.62151
2.64997
2.67759
2.70406
2.72942
2.75379
2.77709
2.7992
2.82007
2.83967
2.85814
2.87555
2.89196
2.90736
2.92167
2.93483
2.94686
2.95778
2.96756
2.97632
2.98415
2.99077
2.99626
3.00168
3.00625
3.00882
3.01135
3.01362
3.01562
3.01736
3.01887
3.02022
3.02148
3.02273
3.02402
3.02537
3.02673
3.02796
3.02883
3.0291
3.02866
3.02748
3.02563
3.02327
3.02061
3.01783
3.01508
3.01248
3.01014
3.00811
3.0064
3.00498
3.00384
3.00292
3.0022
3.00165
3.00122
3.00089
3.00065
3.00046
3.00033
3.00024
3.00017
3.00012
3.00008
3.00006
3.00004
3.00003
3.00002
3.00002
2.99951
2.99854
2.99654
2.98974
2.97585
2.93465
2.84317
2.61688
2.38402
2.1763
2.12993
2.12781
2.14308
2.15837
2.1777
2.19944
2.22421
2.25023
2.27706
2.30474
2.33328
2.36248
2.39189
2.42128
2.45059
2.47989
2.50907
2.53787
2.56637
2.59451
2.6221
2.64882
2.67431
2.69876
2.72236
2.74512
2.76683
2.78736
2.80677
2.82507
2.84243
2.85898
2.87469
2.88948
2.90322
2.91589
2.9275
2.93807
2.94765
2.95621
2.96387
2.97053
2.97624
2.98159
2.98644
2.98967
2.9924
2.99536
2.99815
3.00071
3.00308
3.00537
3.00769
3.01011
3.01264
3.01515
3.01745
3.01932
3.02055
3.02104
3.02074
3.01977
3.0183
3.01645
3.01436
3.01219
3.01012
3.00825
3.00662
3.00525
3.00411
3.00319
3.00245
3.00186
3.0014
3.00105
3.00078
3.00057
3.00042
3.0003
3.00022
3.00015
3.00011
3.00008
3.00006
3.00004
3.00003
3.00002
3.00002
3.00001
2.99988
2.9997
2.99906
2.99782
2.99354
2.98495
2.95863
2.90219
2.74701
2.55567
2.30593
2.18734
2.18249
2.19218
2.20914
2.22798
2.24787
2.26884
2.29178
2.31654
2.34266
2.37002
2.39798
2.42624
2.45452
2.48267
2.5107
2.53841
2.56543
2.592
2.61788
2.64282
2.66681
2.68993
2.71218
2.73359
2.75394
2.77317
2.79135
2.80867
2.82526
2.84121
2.85639
2.87063
2.88391
2.89612
2.9074
2.91771
2.92709
2.93559
2.94321
2.94995
2.95597
2.96149
2.96646
2.97024
2.97365
2.97748
2.98117
2.98471
2.98819
2.99171
2.99532
2.99897
3.00254
3.00582
3.00863
3.01076
3.01216
3.01291
3.01309
3.01265
3.01162
3.01023
3.00872
3.00727
3.00596
3.00482
3.00385
3.00304
3.00238
3.00185
3.00142
3.00109
3.00082
3.00062
3.00046
3.00034
3.00025
3.00018
3.00013
3.0001
3.00007
3.00005
3.00004
3.00003
3.00002
3.00002
3.00001
3.00001
2.99998
2.99994
2.99979
2.99953
2.99851
2.99675
2.99048
2.97826
2.94259
2.86491
2.69071
2.48914
2.29537
2.23638
2.24487
2.25587
2.27226
2.29161
2.31191
2.33161
2.35329
2.37727
2.40285
2.42888
2.45513
2.48168
2.50822
2.53444
2.56013
2.58508
2.60962
2.63335
2.65611
2.67804
2.69918
2.71945
2.73872
2.75693
2.77421
2.79084
2.80698
2.82246
2.83715
2.85094
2.86376
2.8757
2.8867
2.89686
2.90617
2.91465
2.92241
2.92944
2.93587
2.9418
2.94704
2.9514
2.95618
2.96115
2.96594
2.97065
2.97539
2.98011
2.98477
2.98927
2.99341
2.99702
3.00013
3.00285
3.00506
3.00641
3.00678
3.00645
3.00579
3.00503
3.00427
3.00356
3.00292
3.00238
3.00192
3.00153
3.00121
3.00095
3.00074
3.00057
3.00044
3.00034
3.00025
3.00019
3.00014
3.0001
3.00008
3.00006
3.00004
3.00003
3.00002
3.00002
3.00002
3.00001
3.00001
3.00001
3
2.99999
2.99996
2.99991
2.9997
2.99934
2.99803
2.99561
2.98778
2.97151
2.92929
2.83492
2.67132
2.4717
2.33402
2.28896
2.30228
2.31482
2.33122
2.35069
2.37057
2.38983
2.41072
2.43379
2.45778
2.48192
2.50615
2.53021
2.55385
2.57703
2.5998
2.62215
2.64365
2.66438
2.68452
2.7038
2.72213
2.73952
2.75617
2.77234
2.78803
2.8031
2.8174
2.83085
2.84343
2.85514
2.86605
2.87621
2.88561
2.89432
2.90241
2.90992
2.917
2.92344
2.92913
2.93518
2.94144
2.9475
2.95342
2.95921
2.96484
2.97037
2.97556
2.98046
2.98526
2.99014
2.99469
2.99809
3.00005
3.00099
3.0014
3.00155
3.00154
3.00145
3.00132
3.00117
3.00102
3.00088
3.00074
3.00062
3.00051
3.00042
3.00034
3.00027
3.00021
3.00016
3.00013
3.0001
3.00008
3.00006
3.00004
3.00003
3.00003
3.00002
3.00002
3.00001
3.00001
3.00001
3.00001
3.00001
3.00001
3
3
2.99999
2.99995
2.99988
2.99963
2.99919
2.99766
2.99479
2.98601
2.96776
2.92092
2.82745
2.68798
2.5035
2.3873
2.34387
2.35728
2.36984
2.38661
2.40598
2.4256
2.44607
2.46586
2.48622
2.50768
2.52925
2.55044
2.57131
2.59193
2.61229
2.6322
2.65147
2.67035
2.68872
2.7061
2.72262
2.73861
2.75426
2.7696
2.78446
2.79853
2.81171
2.82412
2.83583
2.84684
2.85715
2.86691
2.87619
2.88496
2.89326
2.90089
2.90796
2.91548
2.92288
2.93001
2.9368
2.94337
2.94967
2.95574
2.96181
2.96845
2.97574
2.9829
2.98842
2.992
2.9943
2.99593
2.99714
2.99804
2.99871
2.99919
2.99954
2.99978
2.99995
3.00005
3.00011
3.00014
3.00015
3.00015
3.00014
3.00012
3.0001
3.00009
3.00007
3.00006
3.00005
3.00004
3.00003
3.00002
3.00002
3.00002
3.00001
3.00001
3.00001
3.00001
3.00001
3.00001
3.00001
3.00001
3.00001
3.00001
3
3
2.99998
2.99994
2.99986
2.99959
2.99912
2.99756
2.99461
2.98622
2.96862
2.92625
2.84548
2.73014
2.57641
2.46109
2.40266
2.41204
2.42389
2.43939
2.45675
2.47609
2.49562
2.51474
2.53322
2.55143
2.56999
2.58825
2.60641
2.62455
2.64224
2.65969
2.67697
2.69349
2.70908
2.72449
2.73984
2.7549
2.76945
2.78318
2.7961
2.80846
2.82036
2.83164
2.84235
2.85272
2.8627
2.87215
2.8807
2.88894
2.89747
2.90561
2.91331
2.92056
2.92759
2.93455
2.94219
2.95117
2.96137
2.97111
2.97853
2.98353
2.98717
2.99005
2.99237
2.99423
2.9957
2.99685
2.99773
2.9984
2.99889
2.99925
2.99951
2.9997
2.99982
2.99991
2.99996
3
3.00002
3.00003
3.00003
3.00003
3.00003
3.00003
3.00002
3.00002
3.00002
3.00001
3.00001
3.00001
3.00001
3.00001
3.00001
3.00001
3.00001
3.00001
3.00001
3.00001
3.00001
3.00001
3.00001
3.00001
3
3
2.99998
2.99994
2.99986
2.99961
2.99915
2.99777
2.99511
2.9881
2.97368
2.94112
2.88076
2.79113
2.68398
2.5645
2.48997
2.4646
2.47287
2.48712
2.50348
2.5193
2.53677
2.55498
2.57324
2.59021
2.607
2.6239
2.64042
2.65661
2.67282
2.68832
2.70304
2.71756
2.73236
2.74685
2.7608
2.77402
2.78664
2.79892
2.8108
2.82213
2.833
2.84359
2.85369
2.86264
2.87136
2.8802
2.88862
2.89669
2.9047
2.91344
2.9237
2.93623
2.94965
2.96127
2.96978
2.97585
2.98071
2.98475
2.98809
2.99082
2.99301
2.99474
2.99609
2.99713
2.99792
2.99851
2.99895
2.99927
2.9995
2.99966
2.99978
2.99986
2.99992
2.99995
2.99998
2.99999
3
3.00001
3.00001
3.00001
3.00001
3.00001
3.00001
3.00001
3.00001
3.00001
3.00001
3.00001
3.00001
3.00001
3.00001
3.00001
3.00001
3.00001
3.00001
3.00001
3.00001
3.00001
3.00001
3.00001
3
3
2.99998
2.99995
2.99988
2.99967
2.99928
2.99823
2.99618
2.99123
2.98106
2.95946
2.92102
2.86028
2.79117
2.7033
2.61581
2.55476
2.53151
2.53224
2.54493
2.56133
2.57726
2.59312
2.60898
2.62535
2.64109
2.65669
2.6722
2.68678
2.70061
2.71453
2.72849
2.74245
2.75552
2.76801
2.78018
2.79211
2.80366
2.81468
2.82529
2.83556
2.8449
2.85392
2.86341
2.87317
2.884
2.89687
2.91221
2.92869
2.94366
2.95527
2.96373
2.97057
2.97635
2.98124
2.9853
2.98861
2.99126
2.99337
2.99501
2.99628
2.99725
2.99798
2.99853
2.99894
2.99925
2.99947
2.99963
2.99975
2.99983
2.99989
2.99993
2.99996
2.99998
2.99999
3
3
3
3.00001
3.00001
3.00001
3.00001
3.00001
3.00001
3.00001
3.00001
3.00001
3.00001
3.00001
3.00001
3.00001
3.00001
3.00001
3.00001
3.00001
3.00001
3.00001
3.00001
3.00001
3.00001
3.00001
3
3
2.99999
2.99996
2.9999
2.99976
2.99944
2.9988
2.99733
2.99437
2.98814
2.97618
2.95514
2.92343
2.8798
2.83209
2.77655
2.71353
2.65814
2.62618
2.61079
2.60913
2.61669
2.62921
2.64291
2.65684
2.67138
2.68534
2.6983
2.71173
2.72514
2.73802
2.75061
2.76221
2.77402
2.7859
2.79746
2.80872
2.82014
2.83202
2.84575
2.86143
2.87924
2.89813
2.91629
2.93217
2.94473
2.95435
2.96255
2.9696
2.97562
2.98067
2.98484
2.98823
2.99093
2.99307
2.99474
2.99604
2.99704
2.9978
2.99837
2.9988
2.99913
2.99937
2.99955
2.99968
2.99977
2.99984
2.99989
2.99993
2.99995
2.99997
2.99998
2.99999
3
3
3
3.00001
3.00001
3.00001
3.00001
3.00001
3.00001
3.00001
3.00001
3.00001
3.00001
3.00001
3.00001
3.00001
3.00001
3.00001
3.00001
3.00001
3.00001
3.00001
3.00001
3.00001
3.00001
3.00001
3.00001
3.00001
3
3
2.99999
2.99997
2.99993
2.99984
2.99964
2.99925
2.9984
2.99675
2.99353
2.98787
2.9785
2.96439
2.94491
2.91996
2.89268
2.86345
2.83403
2.80282
2.77454
2.75183
2.73702
2.72907
2.727
2.72904
2.73545
2.74244
2.7506
2.76143
2.77385
2.78787
2.80264
2.81955
2.83696
2.85394
2.87213
2.88975
2.90642
2.92112
2.93337
2.9436
2.95273
2.96081
2.96786
2.97394
2.9791
2.9834
2.98693
2.98979
2.99208
2.9939
2.99532
2.99644
2.9973
2.99796
2.99847
2.99886
2.99915
2.99938
2.99954
2.99967
2.99976
2.99983
2.99988
2.99992
2.99994
2.99996
2.99998
2.99999
2.99999
3
3
3
3.00001
3.00001
3.00001
3.00001
3.00001
3.00001
3.00001
3.00001
3.00001
3.00001
3.00001
3.00001
3.00001
3.00001
3.00001
3.00001
3.00001
3.00001
3.00001
3.00001
3.00001
3.00001
3.00001
3.00001
3.00001
3.00001
3.00001
3.00001
3.00001
3
3
2.99999
2.99996
2.99991
2.99979
2.99957
2.99913
2.99832
2.99691
2.9946
2.99104
2.98586
2.9788
2.96974
2.95903
2.9473
2.93527
2.92333
2.91207
2.90319
2.89639
2.89135
2.88935
2.88879
2.8912
2.89393
2.89771
2.90329
2.9105
2.91837
2.92616
2.93413
2.94155
2.94896
2.95592
2.96235
2.9682
2.97345
2.97807
2.98207
2.98547
2.98832
2.99068
2.99262
2.9942
2.99546
2.99647
2.99727
2.9979
2.99839
2.99877
2.99907
2.9993
2.99947
2.99961
2.99971
2.99978
2.99984
2.99989
2.99992
2.99994
2.99996
2.99997
2.99998
2.99999
3
3
3
3
3.00001
3.00001
3.00001
3.00001
3.00001
3.00001
3.00001
3.00001
3.00001
3.00001
3.00001
3.00001
3.00001
3.00001
3.00001
3.00001
3.00001
3.00001
3.00001
3.00001
3.00001
3.00001
3.00001
3.00001
3.00001
3.00001
3.00001
3.00001
3.00001
3.00001
3.00001
3.00001
3
3
2.99999
2.99998
2.99995
2.99989
2.99978
2.99958
2.99924
2.99869
2.99786
2.99666
2.99502
2.99287
2.99022
2.98711
2.98371
2.98008
2.97666
2.97333
2.97063
2.9684
2.96688
2.96613
2.96623
2.96684
2.9677
2.9691
2.97135
2.97383
2.97643
2.97906
2.98163
2.98407
2.98633
2.98841
2.99028
2.99192
2.99335
2.99456
2.99559
2.99645
2.99716
2.99774
2.99821
2.9986
2.9989
2.99915
2.99934
2.99949
2.99961
2.9997
2.99978
2.99983
2.99988
2.99991
2.99993
2.99995
2.99997
2.99998
2.99999
2.99999
3
3
3
3
3
3.00001
3.00001
3.00001
3.00001
3.00001
3.00001
3.00001
3.00001
3.00001
3.00001
3.00001
3.00001
3.00001
3.00001
3.00001
3.00001
3.00001
3.00001
3.00001
3.00001
3.00001
3.00001
3.00001
3.00001
3.00001
3.00001
3.00001
3.00001
3.00001
3.00001
3.00001
3.00001
3.00001
3.00001
3.00001
3.00001
3
3
2.99999
2.99998
2.99995
2.9999
2.99982
2.99969
2.9995
2.99923
2.99887
2.99839
2.99781
2.99712
2.99635
2.99552
2.99471
2.99387
2.9932
2.9926
2.99214
2.99189
2.99177
2.99188
2.99203
2.99229
2.99274
2.99332
2.99394
2.99457
2.9952
2.9958
2.99638
2.99689
2.99737
2.99779
2.99816
2.99849
2.99876
2.99899
2.99918
2.99934
2.99948
2.99959
2.99967
2.99974
2.9998
2.99985
2.99988
2.99991
2.99993
2.99995
2.99996
2.99998
2.99998
2.99999
2.99999
3
3
3
3
3
3.00001
3.00001
3.00001
3.00001
3.00001
3.00001
3.00001
3.00001
3.00001
3.00001
3.00001
3.00001
3.00001
3.00001
3.00001
3.00001
3.00001
3.00001
3.00001
3.00001
3.00001
3.00001
3.00001
3.00001
3.00001
3.00001
3.00001
3.00001
3.00001
3.00001
3.00001
3.00001
3.00001
3.00001
3.00001
3.00001
3.00001
3.00001
3.00001
3.00001
3.00001
3
3
2.99999
2.99998
2.99996
2.99992
2.99987
2.99981
2.99971
2.99959
2.99945
2.99928
2.99908
2.99887
2.99866
2.99845
2.99826
2.99809
2.99796
2.99787
2.99782
2.99781
2.99785
2.99789
2.99797
2.99811
2.99826
2.99842
2.99858
2.99874
2.99889
2.99904
2.99918
2.9993
2.99941
2.99951
2.99959
2.99966
2.99972
2.99978
2.99982
2.99986
2.99989
2.99991
2.99993
2.99995
2.99996
2.99997
2.99998
2.99999
2.99999
2.99999
3
3
3
3
3
3.00001
3.00001
3.00001
3.00001
3.00001
3.00001
3.00001
3.00001
3.00001
3.00001
3.00001
3.00001
3.00001
3.00001
3.00001
3.00001
3.00001
3.00001
3.00001
3.00001
3.00001
)
;

boundaryField
{
    inlet
    {
        type            calculated;
        value           uniform 3.00001;
    }
    outlet
    {
        type            calculated;
        value           nonuniform List<scalar> 
40
(
3.00007
3.00012
3.00012
3.00015
3.00014
3.00015
3.00015
3.00015
3.00014
3.00015
3.00014
3.00013
3.00012
3.00012
3.00011
3.0001
3.00009
3.00008
3.00007
3.00006
3.00005
3.00004
3.00003
3.00003
3.00002
3.00002
3.00001
3.00001
3.00001
3.00001
3.00001
3.00001
3.00001
3.00001
3.00001
3.00001
3.00001
3.00001
3.00001
3.00001
)
;
    }
    bottom
    {
        type            symmetryPlane;
    }
    top
    {
        type            symmetryPlane;
    }
    obstacle
    {
        type            calculated;
        value           uniform 0;
    }
    defaultFaces
    {
        type            empty;
    }
}


// ************************************************************************* //
