/*--------------------------------*- C++ -*----------------------------------*\
| =========                 |                                                 |
| \\      /  F ield         | OpenFOAM: The Open Source CFD Toolbox           |
|  \\    /   O peration     | Version:  2412                                  |
|   \\  /    A nd           | Website:  www.openfoam.com                      |
|    \\/     M anipulation  |                                                 |
\*---------------------------------------------------------------------------*/
FoamFile
{
    version     2.0;
    format      ascii;
    arch        "LSB;label=32;scalar=64";
    class       volScalarField;
    location    "0.5";
    object      T;
}
// * * * * * * * * * * * * * * * * * * * * * * * * * * * * * * * * * * * * * //

dimensions      [0 0 0 1 0 0 0];

internalField   nonuniform List<scalar> 
7000
(
1
1
1
1
1
1
1
1
1
1
1
1
1
1
1
1
1
1
1
1.00001
1.00002
0.999956
1.00005
0.999245
0.999691
0.991538
1.02049
0.893173
1.09089
1.20981
1.88044
2.82085
2.86556
2.71923
2.67619
2.67724
2.73443
2.8153
2.83789
2.83189
2.83241
2.85694
2.89047
2.93257
2.99031
3.08759
3.21817
3.28215
3.40451
3.31962
1
1
1
1
1
1
1
1
1
1
1
1
1
1
1
1
1
1
1
0.999999
1.00001
0.999951
0.999948
0.999228
0.999706
0.992008
1.01957
0.894757
1.09199
1.20584
1.87354
2.82181
2.84947
2.70932
2.68293
2.69112
2.75812
2.82365
2.83859
2.83428
2.83872
2.8678
2.89639
2.93406
2.99526
3.09869
3.22842
3.28871
3.40669
3.31805
1
1
1
1
1
1
1
1
1
1
1
1
1
1
1
1
1
1
1
1
1.00001
0.999986
0.999952
0.999588
0.999307
0.992341
1.01691
0.894878
1.09583
1.20126
1.87378
2.82153
2.85468
2.70824
2.67746
2.68595
2.7551
2.82039
2.83522
2.83201
2.83757
2.86998
2.90036
2.93702
2.99644
3.10571
3.23687
3.29446
3.40811
3.31663
1
1
1
1
1
1
1
1
1
1
1
1
1
1
1
1
1
1
1
1
1.00001
1
0.999989
0.999624
0.999471
0.992868
1.01617
0.897046
1.09522
1.19289
1.8653
2.81666
2.84273
2.71084
2.68455
2.69285
2.7581
2.81909
2.83172
2.8279
2.83337
2.86728
2.90142
2.93679
2.99305
3.10316
3.23621
3.29451
3.40806
3.31578
1
1
1
1
1
1
1
1
1
1
1
1
1
1
1
1
1
1
1
1.00001
1.00001
0.999989
1.00001
0.999519
0.999787
0.993991
1.0156
0.904069
1.0953
1.17922
1.85105
2.80679
2.8384
2.70806
2.68267
2.69185
2.75825
2.81823
2.82985
2.82518
2.82925
2.86171
2.90018
2.93617
2.98428
3.09093
3.23086
3.29265
3.40738
3.31531
1
1
1
1
1
1
1
1
1
1
1
1
1
1
1
1
1
1
1
1.00001
1.00001
0.999995
1.00001
0.999578
0.999963
0.993583
1.01727
0.900444
1.09044
1.17011
1.83904
2.79031
2.83698
2.70407
2.67525
2.68478
2.75331
2.81565
2.82886
2.82498
2.82933
2.861
2.9002
2.93345
2.97555
3.07632
3.22263
3.28848
3.40535
3.31494
1
1
1
1
1
1
1
1
1
1
1
1
1
1
1
1
1
1
1
1.00001
1.00001
1.00003
0.99999
0.999897
0.999817
0.995558
1.00994
0.91701
1.09106
1.13258
1.81894
2.78745
2.81951
2.69479
2.6696
2.68082
2.75088
2.81389
2.82784
2.82431
2.82884
2.86069
2.89965
2.92919
2.9672
3.06066
3.20945
3.28004
3.4016
3.31453
1
1
1
1
1
1
1
1
1
1
1
1
1
1
1
1
1
1
1
1.00001
1.00001
1.00005
0.999982
1.00026
0.999517
0.996881
1.00431
0.938892
1.08254
1.09746
1.80413
2.77222
2.78702
2.68874
2.6678
2.67925
2.74987
2.81459
2.82779
2.8217
2.82549
2.85817
2.89665
2.92422
2.95821
3.04485
3.20022
3.27504
3.39736
3.31394
1
1
1
1
1
1
1
1
1
1
1
1
1
1
1
1
1
1
0.999999
1.00001
1.00001
1.00006
1.00003
1.00045
0.999331
0.997331
1.0026
0.967679
1.04617
1.08451
1.77063
2.72887
2.75552
2.68517
2.66705
2.6791
2.75086
2.81572
2.82764
2.81889
2.82137
2.85311
2.89137
2.9176
2.94963
3.02965
3.18513
3.26523
3.39109
3.31258
1
1
1
1
1
1
1
1
1
1
1
1
1
1
1
1
1
1
1
1.00001
1.00002
1.00004
1.00013
1.00024
1.00066
0.998378
1.01082
0.931965
1.08
1.09381
1.75206
2.65829
2.74181
2.6727
2.65953
2.67618
2.75193
2.81453
2.82607
2.81687
2.819
2.84992
2.8875
2.91319
2.94279
3.01611
3.17164
3.25526
3.38652
3.31143
1
1
1
1
1
1
1
1
1
1
1
1
1
1
1
1
1
1
1
1.00002
1.00002
1.00008
1.00012
1.0004
1.00079
1.00157
1.00672
0.993754
1.0458
1.0411
1.67053
2.58421
2.71105
2.67715
2.66709
2.68139
2.75139
2.81142
2.82179
2.81295
2.81534
2.84668
2.8846
2.90919
2.93746
3.00691
3.15753
3.24066
3.37563
3.30813
1
1
1
1
1
1
1
1
1
1
1
1
1
1
1
1
1
1
1
1.00001
1
1.00007
1.0001
1.00044
1.00064
1.00315
1.00576
1.00809
1.04759
1.02367
1.6127
2.49179
2.67008
2.66502
2.66679
2.68526
2.75272
2.8113
2.81858
2.80532
2.8067
2.83853
2.87633
2.90149
2.92993
2.99638
3.14481
3.2288
3.36821
3.30526
1
1
1
1
1
1
1
1
1
1
1
1
1
1
1
1
1
1
1
1.00001
1.00002
1.00009
1.0001
1.00054
1.0009
1.00357
1.00553
1.01927
1.03545
1.05753
1.53036
2.36662
2.60757
2.65826
2.67372
2.69396
2.75563
2.81367
2.81847
2.79997
2.79741
2.82515
2.86642
2.89506
2.92397
2.98475
3.12545
3.21537
3.35537
3.29873
1
1
1
1
1
1
1
1
1
1
1
1
1
1
1
1
1
1
1
1.00001
1.00001
1.00004
1.00011
1.00043
1.00059
1.00318
1.00438
1.01744
1.03144
1.14047
1.38826
2.13564
2.52305
2.65969
2.68509
2.70181
2.76022
2.81549
2.81686
2.79318
2.78796
2.81322
2.85139
2.88437
2.91307
2.97336
3.11092
3.19452
3.344
3.29319
1
1
1
1
1
1
1
1
1
1
1
1
1
1
1
1
1
1
1.00001
1.00001
1.00003
1.00004
1.0001
1.0003
0.999948
1.00282
1.0012
1.01598
1.02533
1.12244
1.32436
1.9775
2.40208
2.6735
2.69007
2.71338
2.77028
2.81618
2.81434
2.78864
2.78206
2.80407
2.839
2.87295
2.90344
2.9553
3.08394
3.17112
3.32043
3.28113
1
1
1
1
1
1
1
1
1
1
1
1
1
1
1
1
1
1
1.00001
1.00001
1.00004
1.00003
1.00019
1.0002
1.00074
1.0014
1.0047
1.01232
1.02613
1.11568
1.251
1.81428
2.28758
2.67337
2.69873
2.7326
2.78088
2.81328
2.80722
2.77752
2.7714
2.79339
2.82652
2.85259
2.88136
2.93022
3.05599
3.14699
3.30398
3.26881
1
1
1
1
1
1
1
1
1
1
1
1
1
1
1
1
1
1
1
1.00001
1.00003
1.00003
1.0002
1.00018
1.00076
1.00126
1.00394
1.01082
1.01896
1.09413
1.19986
1.67993
2.16737
2.6327
2.72617
2.75637
2.79005
2.80664
2.79446
2.76243
2.75785
2.77967
2.81301
2.83719
2.85856
2.89918
3.01583
3.11215
3.26779
3.24815
1
1
1
1
1
1
1
1
1
1
1
1
1
1
1
1
1
1
1
1
1.00002
1.00003
1.00019
1.00015
1.00119
1.00129
1.00624
1.00308
1.03432
0.943187
1.21039
1.52622
2.10982
2.60812
2.77141
2.78256
2.79306
2.79283
2.76836
2.73695
2.73571
2.76157
2.79194
2.81467
2.83753
2.86836
2.96891
3.05728
3.23305
3.21487
1
1
1
1
1
1
1
1
1
1
1
1
1
1
1
1
1
1
1
1
1.00001
1.00001
1.00011
1.00011
1.00088
1.001
1.00651
0.999543
1.04796
0.904786
1.15123
1.4125
2.01045
2.61469
2.80001
2.78814
2.78478
2.7646
2.73672
2.71633
2.7178
2.74553
2.77426
2.79312
2.8112
2.83113
2.90978
2.99472
3.15741
3.15842
1
1
1
1
1
1
1
1
1
1
1
1
1
1
1
1
1
1
1
1
1
1
1.00002
1.00003
1.00027
1.00016
1.00309
0.996985
1.03675
0.905993
1.11309
1.28099
1.91731
2.65431
2.79049
2.76993
2.76659
2.74092
2.71437
2.69284
2.69158
2.71313
2.74923
2.76384
2.77721
2.78995
2.841
2.91369
3.07697
3.02324
1
1
1
1
1
1
1
1
1
1
1
1
1
1
1
1
1
1
1
1
1
1
1.00001
0.999958
1.00002
0.999372
1.00003
0.994037
1.0223
0.905224
1.08208
1.18038
1.78138
2.64944
2.7122
2.70676
2.69529
2.66711
2.64005
2.62927
2.63613
2.67572
2.71061
2.72257
2.72947
2.73139
2.74713
2.7661
2.84954
2.78847
1
1
1
1
1
1
1
1
1
1
1
1
1
1
1
1
1
1
1
1
1
1.00001
1.00001
1.00005
1.00005
1.00037
0.999397
1.00264
1.00578
0.981437
1.05972
1.03314
1.61456
2.43898
2.58097
2.62083
2.59272
2.56212
2.56099
2.5734
2.60673
2.65322
2.67863
2.68085
2.67574
2.66382
2.65587
2.62856
2.61587
2.57542
1
1
1
1
1
1
1
1
1
1
1
1
1
1
1
1
1
1
1
1
1.00001
1
1.00003
1.00003
1.00011
1.00026
1.00081
1.00232
1.00402
1.0171
1.02797
1.11354
1.31022
1.88357
2.38121
2.52738
2.53053
2.54672
2.5636
2.57844
2.60661
2.6395
2.65541
2.65472
2.6456
2.62133
2.59599
2.55629
2.49036
2.43665
1
1
1
1
1
1
1
1
1
1
1
1
1
1
1
1
1
1
1
1
1
1
1.00002
1.00001
1.00013
1.00005
1.00098
1.00095
1.00614
1.00228
1.03372
1.00647
1.18237
1.56883
2.05694
2.52593
2.61579
2.62058
2.60974
2.60747
2.61468
2.63254
2.63728
2.62775
2.5953
2.5536
2.51655
2.47979
2.42278
2.35486
1
1
1
1
1
1
1
1
1
1
1
1
1
1
1
1
1
1
1
1
1
1
1
1
1.00002
1.00002
1.00014
0.999965
1.00178
0.996562
1.03279
0.911925
1.10145
1.25246
1.81595
2.5618
2.61822
2.62284
2.61247
2.60278
2.59777
2.5902
2.58129
2.56018
2.52056
2.48188
2.44834
2.41275
2.37168
2.31669
1
1
1
1
1
1
1
1
1
1
1
1
1
1
1
1
1
1
1
1
1
1
1.00001
1.00001
1.00003
1.00001
1.00013
1.00029
1.00057
1.00227
1.00438
1.0012
1.05572
1.05233
1.56287
2.33289
2.47881
2.53035
2.55163
2.55854
2.55565
2.54634
2.52168
2.48621
2.451
2.4187
2.39078
2.36034
2.32402
2.28326
1
1
1
1
1
1
1
1
1
1
1
1
1
1
1
1
1
1
1
1
1
1
1
1
1
1.00003
1.00002
1.00018
1.00011
1.00118
0.999294
1.01056
0.946034
1.09074
1.10541
1.73004
2.53269
2.46195
2.48163
2.48225
2.46976
2.45435
2.4386
2.41469
2.39078
2.36591
2.34573
2.32134
2.29163
2.26321
1
1
1
1
1
1
1
1
1
1
1
1
1
1
1
1
1
1
1
1
1
1
1
1
1
1.00002
1.00003
1.00012
1.00026
1.00068
1.00285
1.00384
1.01713
1.03205
1.08616
1.30852
1.89751
2.32254
2.38
2.37789
2.40027
2.41101
2.40952
2.40051
2.38013
2.35727
2.33759
2.31783
2.2904
2.26372
1
1
1
1
1
1
1
1
1
1
1
1
1
1
1
1
1
1
1
1
1
1
1
1
1
1
1
1.00002
0.999834
1.00052
1.00008
1.00568
1.00172
1.04269
0.951614
1.13357
1.38185
1.8737
2.36574
2.44376
2.43094
2.41851
2.41024
2.39789
2.38015
2.35698
2.33329
2.30849
2.285
2.26084
1
1
1
1
1
1
1
1
1
1
1
1
1
1
1
1
1
1
1
1
1
1
1
1
1
1
1.00001
1.00001
1.00008
1.0001
1.00045
1.0009
1.00118
1.00724
1.01674
1.06012
1.09384
1.5238
2.08056
2.39254
2.41761
2.39457
2.36773
2.35882
2.35432
2.34441
2.32449
2.3016
2.27057
2.24049
1
1
1
1
1
1
1
1
1
1
1
1
1
1
1
1
1
1
1
1
1
1
1
1
1
1
1
1
1.00001
1.00003
1.00002
1.00018
1.00055
1.0021
0.995136
1.02552
1.04726
1.16801
1.52761
1.91407
2.31243
2.36727
2.35783
2.34183
2.32714
2.31442
2.2951
2.27722
2.25148
2.22545
1
1
1
1
1
1
1
1
1
1
1
1
1
1
1
1
1
1
1
1
1
1
1
1
1
1
1
1
1.00001
1.00001
1.00006
1.00012
1.00015
1.00079
1.00146
1.01033
0.971669
1.09208
1.11921
1.53356
2.05188
2.26663
2.3099
2.31256
2.30422
2.29105
2.27404
2.25226
2.21901
2.18911
1
1
1
1
1
1
1
1
1
1
1
1
1
1
1
1
1
1
1
1
1
1
1
1
1
1
1
1
1
1.00001
1.00001
1.00005
1.00012
1.00005
1.00105
1.00157
1.00909
0.999817
1.06954
1.06604
1.53734
2.04378
2.21773
2.24168
2.2311
2.21173
2.20704
2.19794
2.18696
2.16245
1
1
1
1
1
1
1
1
1
1
1
1
1
1
1
1
1
1
1
1
1
1
1
1
1
1
1
1
1
1
1
1.00002
1.00003
1.00013
1.00011
1.00055
1.00227
1.00088
1.01883
1.05953
1.13103
1.44074
1.73458
2.10085
2.19888
2.1966
2.18696
2.17564
2.16271
2.14747
1
1
1
1
1
1
1
1
1
1
1
1
1
1
1
1
1
1
1
1
1
1
1
1
1
1
1
1
1
1
1
1
1.00002
1.00004
1.00009
1.00031
1.00061
1.002
1.00166
1.00986
1.05288
1.0708
1.36404
1.73265
2.00473
2.14047
2.15655
2.14858
2.13257
2.1197
1
1
1
1
1
1
1
1
1
1
1
1
1
1
1
1
1
1
1
1
1
1
1
1
1
1
1
1
1
1
1
1
1.00001
1.00001
1.00005
1.00006
1.00033
1.00044
1.00236
1.00334
1.01549
1.02586
1.12432
1.24295
1.60721
1.85849
2.05761
2.08992
2.09212
2.08199
1
1
1
1
1
1
1
1
1
1
1
1
1
1
1
1
1
1
1
1
1
1
1
1
1
1
1
1
1
1
1
1
1
1
1.00001
1.00003
1.00005
1.00025
1.00035
1.00168
1.00212
1.01054
1.01962
1.0765
1.16595
1.41489
1.68267
1.9546
2.02699
2.04534
1
1
1
1
1
1
1
1
1
1
1
1
1
1
1
1
1
1
1
1
1
1
1
1
1
1
1
1
1
1
1
1
1
1
1
1
1.00001
1.00006
1.0001
1.00043
1.00054
1.00249
1.004
1.01474
1.04675
1.07508
1.27789
1.56715
1.76093
1.94173
1
1
1
1
1
1
1
1
1
1
1
1
1
1
1
1
1
1
1
1
1
1
1
1
1
1
1
1
1
1
1
1
1
1
1
1
1.00001
1.00001
1.00003
1.00005
1.00016
1.00024
1.00082
1.0033
1.00512
1.01761
1.05902
1.14938
1.34121
1.60152
1
1
1
1
1
1
1
1
1
1
1
1
1
1
1
1
1
1
1
1
1
1
1
1
1
1
1
1
1
1
1
1
1
1
1
1
1
1
1.00001
1.00002
1.00008
1.0001
1.00057
1.00054
1.00371
1.00152
1.01966
1.01333
1.09511
1.21471
1
1
1
1
1
1
1
1
1
1
1
1
1
1
1
1
1
1
1
1
1
1
1
1
1
1
1
1
1
1
1
1
1
1
1
1
1
1
1
1.00001
1.00001
1.00007
1.0001
1.00048
1.00023
1.00314
0.993055
1.0142
1.02453
1.08144
1
1
1
1
1
1
1
1
1
1
1
1
1
1
1
1
1
1
1
1
1
1
1
1
1
1
1
1
1
1
1
1
1
1
1
1
1
1
1
1
1.00001
1.00001
1.00006
1.00007
1.00036
1.00044
1.0024
1.00183
1.01207
1.01569
1
1
1
1
1
1
1
1
1
1
1
1
1
1
1
1
1
1
1
1
1
1
1
1
1
1
1
1
1
1
1
1
1
1
1
1
1
1
1
1
1
1
1.00002
1.00002
1.00012
1.00014
1.00079
1.0007
1.00422
1.00525
1
1
1
1
1
1
1
1
1
1
1
1
1
1
1
1
1
1
1
1
1
1
1
1
1
1
1
1
1
1
1
1
1
1
1
1
1
1
1
1
1
1
1
0.999981
1.00003
1.00004
1.00014
1.00041
1.001
1.00321
1
1
1
1
1
1
1
1
1
1
1
1
1
1
1
1
1
1
1
1
1
1
1
1
1
1
1
1
1
1
1
1
1
1
1
1
1
1
1
1
1
1
1
0.999994
1.00001
1.00001
1.00004
1.00013
1.00032
1.00095
1
1
1
1
1
1
1
1
1
1
1
1
1
1
1
1
1
1
1
1
1
1
1
1
1
1
1
1
1
1
1
1
1
1
1
1
1
1
1
1
1
1
1
0.999998
1
1
1.00001
1.00004
1.0001
1.00025
1
1
1
1
1
1
1
1
1
1
1
1
1
1
1
1
1
1
1
1
1
1
1
1
1
1
1
1
1
1
1
1
1
1
1
1
1
1
1
1
1
1
1
1
1
1
1.00001
1
1.00003
1.00004
1
1
1
1
1
1
1
1
1
1
1
1
1
1
1
1
1
1
1
1
1
1
1
1
1
1
1
1
1
1
1
1
1
1
1
1
1
1
1
1
1
1
1
1
1
1
1
1
1.00001
1.00002
1
1
1
1
1
1
1
1
1
1
1
1
1
1
1
1
1
1
1
1
1
1
1
1
1
1
1
1
1
1
1
1
1
1
1
1
1
1
1
1
1
1
1
1
1
1
1
1
1
1
1
1
1
1
1
1
1
1
1
1
1
1
1
1
1
1
1
1
1
1
1
1
1
1
1
1
1
1
1
1
1
1
1
1
1
1
1
1
1
1
1
1
1
1
1
1
1
1
1
1
1
1
1
1
1
1
1
1
1
1
1
1
1
1
1
1
1
1
1
1
1
1
1
1
1
1
1
1
1
1
1
1
1
1
1
1
1
1
1
1
1
1
1
1
1
1
1
1
1
1
1
1
1
1
1
1
1
1
1
1
1
1
1
1
1
1
1
1
1
1
1
1
1
1
1
1
1
1
1
1
1
1
1
1
1
1
1
1
1
1
1
1
1
1
1
1
1
1
1
1
1
1
1
1
1
1
1
1
1
1
1
1
1
1
1
1
1
1
1
1
1
1
1
1
1
1
1
1
1
1
1
1
1
1
1
1
1
1
1
1
1
1
1
1
1
1
1
1
1
1
1
1
1
1
1
1
1
1
1
1
1
1
1
1
1
1
1
1
1
1
1
1
1
1
1
1
1
1
1
1
1
1
1
1
1
1
1
1
1
1
1
1
1
1
1
1
1
1
1
1
1
1
1
1
1
1
1
1
1
1
1
1
1
1
1
1
1
1
1
1
1
1
1
1
1
1
1
1
1
1
1
1
1
1
1
1
1
1
1
1
1
1
1
1
1
1
1
1
1
1
1
1
1
1
1
1
1
1
1
1
1
1
1
1
1
1
1
1
1
1
1
1
1
1
1
1
1
1
1
1
1
1
1
1
1
1
1
1
1
1
1
1
1
1
1
1
1
1
1
1
1
1
1
1
1
1
1
1
1
1
1
1
1
1
1
1
1
1
1
1
1
1
1
1
1
1
1
1
1
1
1
1
1
1
1
1
1
1
1
1
1
1
1
1
1
1
1
1
1
1
1
1
1
1
1
1
1
1
1
1
1
1
1
1
1
1
1
1
1
1
1
1
1
1
1
1
1
1
1
1
1
1
1
1
1
1
1
1
1
1
1
1
1
1
1
1
1
1
1
1
1
1
1
1
1
1
1
1
1
1
1
1
1
1
1
1
1
1
1
1
1
1
1
1
1
1
1
1
1
1
1
1
1
1
1
1
1
1
1
1
1
1
1
1
1
1
1
1
1
1
1
1
1
1
1
1
1
1
1
1
1
1
1
1
1
1
1
1
1
1
1
1
1
1
1
1
1
1
1
1
1
1
1
1
1
1
1
1
1
1
1
1
1
1
1
1
1
1
1
1
2.48576
2.3614
2.36675
2.41593
2.52034
2.6121
2.66614
2.71403
2.73165
2.72392
2.71687
2.7086
2.68977
2.67779
2.67285
2.66992
2.66744
2.66288
2.65589
2.64504
2.63221
2.61939
2.60811
2.59829
2.58955
2.58179
2.57441
2.5661
2.55584
2.54295
2.52671
2.50667
2.48371
2.46026
2.43886
2.42014
2.40343
2.39019
2.38247
2.37897
2.37685
2.37406
2.36923
2.35825
2.3304
2.27127
2.18518
2.08132
1.96732
1.8507
1.73759
1.63226
1.53715
1.45316
1.38029
1.31802
1.26554
1.2219
1.18607
1.15701
1.1337
1.11516
1.10049
1.08891
1.07978
1.07252
1.06664
1.06173
1.05746
1.05356
1.04985
1.04619
1.04246
1.03861
1.03458
1.03042
1.02632
1.02251
1.01921
1.01641
1.01396
1.01156
1.00899
1.00647
1.00467
1.0028
1.0014
1.0005
0.999984
0.999722
0.999625
0.999615
0.99964
0.999712
0.999791
0.999854
0.999901
0.999935
0.999959
0.999972
2.41693
2.34109
2.30765
2.28807
2.25611
2.21235
2.16625
2.15349
2.15386
2.16089
2.17816
2.1901
2.19746
2.19134
2.18478
2.1761
2.1692
2.16491
2.16149
2.15746
2.15242
2.14647
2.13949
2.1322
2.1251
2.11834
2.11265
2.10796
2.10329
2.09808
2.09164
2.08248
2.06951
2.0537
2.03733
2.02151
2.00658
1.9944
1.98712
1.98396
1.9829
1.98211
1.98097
1.97931
1.97532
1.96449
1.93892
1.8924
1.83349
1.76654
1.69517
1.62236
1.55055
1.48182
1.41767
1.35907
1.30649
1.26001
1.21951
1.18464
1.15499
1.13005
1.10927
1.0921
1.07802
1.06654
1.05727
1.04984
1.04392
1.03916
1.03525
1.03189
1.02882
1.02586
1.02292
1.02
1.01719
1.01464
1.0125
1.01075
1.00922
1.00766
1.00591
1.00437
1.00252
1.00102
1.00004
0.999482
0.999222
0.999152
0.999167
0.999251
0.999412
0.999558
0.999676
0.999771
0.99984
0.999892
0.999929
0.99995
2.35247
2.31036
2.26563
2.19393
2.1177
2.04108
1.9915
1.96194
1.96199
1.96362
1.97223
1.99116
2.00083
2.01077
2.00707
2.00446
2.00015
1.99523
1.99108
1.98799
1.98472
1.98049
1.97515
1.96942
1.96366
1.95767
1.95197
1.9466
1.94104
1.93528
1.9294
1.9225
1.91344
1.90254
1.89126
1.88004
1.86842
1.85802
1.85124
1.84769
1.84593
1.84459
1.84256
1.83833
1.82808
1.80583
1.77028
1.72553
1.67452
1.62001
1.56419
1.50856
1.45411
1.40158
1.35155
1.30457
1.26113
1.22157
1.18611
1.15485
1.12776
1.1047
1.08545
1.06966
1.05694
1.04685
1.03901
1.03303
1.02858
1.02533
1.02296
1.02113
1.01955
1.01797
1.01626
1.01445
1.01264
1.01098
1.0096
1.00847
1.00746
1.00634
1.00502
1.00358
1.00178
1.0005
0.999702
0.999262
0.99908
0.999052
0.999093
0.999225
0.999403
0.999554
0.999675
0.99977
0.999841
0.999893
0.99993
0.999951
2.27049
2.24044
2.20084
2.15144
2.09757
2.03806
1.98514
1.93828
1.90404
1.88284
1.87702
1.87978
1.88248
1.89162
1.89516
1.90318
1.90177
1.90141
1.9003
1.89817
1.89405
1.88871
1.88218
1.87554
1.86893
1.86204
1.85497
1.84801
1.84085
1.83341
1.82616
1.81878
1.81016
1.80001
1.78973
1.77971
1.7692
1.75913
1.75188
1.74711
1.74239
1.7347
1.72235
1.70517
1.68229
1.65351
1.61936
1.58095
1.53969
1.49697
1.45393
1.41136
1.36975
1.32944
1.29074
1.25397
1.2195
1.18767
1.15876
1.13293
1.11021
1.09054
1.07377
1.05974
1.04823
1.03901
1.03179
1.02626
1.02214
1.01914
1.01697
1.01537
1.01408
1.01284
1.01151
1.01007
1.00862
1.00739
1.00648
1.00583
1.00526
1.0046
1.00359
1.0019
1.00048
0.999525
0.99897
0.998719
0.998662
0.998699
0.998848
0.999087
0.999299
0.999476
0.999617
0.999728
0.99981
0.999871
0.999914
0.99994
2.22734
2.18744
2.1471
2.10201
2.05256
2.00429
1.9575
1.91395
1.87675
1.84031
1.81809
1.80256
1.79739
1.79838
1.8009
1.80585
1.81169
1.81722
1.81871
1.81837
1.81634
1.81186
1.80488
1.797
1.78838
1.7795
1.77133
1.76442
1.75832
1.75254
1.74682
1.74055
1.73275
1.72348
1.71389
1.7041
1.69329
1.6823
1.67213
1.66161
1.64887
1.63269
1.6132
1.59097
1.56567
1.53754
1.50707
1.47505
1.44215
1.40897
1.37581
1.34296
1.3105
1.27863
1.24753
1.21748
1.1888
1.16181
1.13684
1.11419
1.09399
1.0763
1.06106
1.04819
1.03757
1.02907
1.02251
1.01766
1.01423
1.01193
1.01043
1.00946
1.00876
1.00814
1.00743
1.0066
1.00572
1.00498
1.00451
1.00424
1.00407
1.0038
1.00286
1.00121
0.999966
0.999162
0.998726
0.998559
0.99855
0.998627
0.998846
0.999097
0.99931
0.999487
0.999627
0.999736
0.999817
0.999876
0.999918
0.999943
2.20397
2.15732
2.11277
2.06974
2.02725
1.98516
1.9437
1.9024
1.86257
1.82601
1.79354
1.76413
1.74432
1.73247
1.72722
1.7286
1.73197
1.73438
1.73709
1.73769
1.73661
1.73354
1.72839
1.72258
1.715
1.70696
1.69952
1.69359
1.6891
1.68512
1.68106
1.67652
1.67037
1.66209
1.65274
1.6422
1.62944
1.61514
1.60035
1.58455
1.56688
1.54705
1.52578
1.50356
1.47995
1.45495
1.42876
1.40176
1.37426
1.34649
1.31856
1.29058
1.26281
1.23551
1.20902
1.18359
1.15943
1.13676
1.11577
1.09664
1.07952
1.06444
1.05136
1.04022
1.03094
1.02344
1.01762
1.01334
1.01039
1.00849
1.00733
1.00663
1.00613
1.00564
1.00507
1.00437
1.00368
1.00316
1.00292
1.00294
1.00291
1.00263
1.00163
1.00022
0.999184
0.998555
0.998265
0.9982
0.998248
0.998438
0.998745
0.99902
0.999254
0.999445
0.999596
0.999713
0.9998
0.999864
0.999909
0.999936
2.20071
2.15569
2.10882
2.06304
2.01878
1.97492
1.93119
1.88837
1.84791
1.81149
1.77944
1.75013
1.72568
1.70473
1.69079
1.68256
1.6771
1.67499
1.6739
1.6712
1.66867
1.66715
1.66419
1.66101
1.65832
1.65494
1.64982
1.64497
1.64091
1.63679
1.63207
1.62668
1.61959
1.60975
1.59834
1.58602
1.57131
1.55419
1.53569
1.51615
1.49542
1.47342
1.4509
1.42805
1.40494
1.38172
1.3585
1.33533
1.3122
1.28911
1.26599
1.24282
1.21974
1.19702
1.17501
1.15394
1.13398
1.11522
1.09775
1.08166
1.0671
1.05415
1.04286
1.03316
1.02501
1.01835
1.01314
1.00931
1.00672
1.00514
1.00428
1.00383
1.00354
1.00322
1.00283
1.00238
1.00198
1.00181
1.00187
1.00193
1.002
1.00185
1.00101
0.999659
0.998755
0.998261
0.998074
0.998067
0.998166
0.998444
0.998764
0.999041
0.999273
0.999462
0.99961
0.999725
0.999809
0.999871
0.999914
0.99994
2.20736
2.16042
2.10994
2.0603
2.01178
1.96455
1.92025
1.8803
1.84405
1.8111
1.77993
1.75143
1.72537
1.70229
1.68189
1.6635
1.64851
1.63675
1.62739
1.62107
1.61746
1.61421
1.61236
1.6109
1.60927
1.60768
1.60618
1.60397
1.60067
1.5962
1.59019
1.58227
1.57249
1.56015
1.54552
1.53029
1.5139
1.49527
1.47507
1.45421
1.43319
1.41147
1.38938
1.3676
1.34625
1.3254
1.30491
1.28468
1.26456
1.24445
1.22431
1.20422
1.18436
1.165
1.14635
1.12865
1.11201
1.0965
1.08209
1.06875
1.05655
1.04559
1.036
1.02778
1.02086
1.01519
1.01072
1.00737
1.00508
1.00373
1.00306
1.00276
1.00251
1.00215
1.00166
1.00123
1.00113
1.00119
1.0012
1.00134
1.00142
1.00114
1.00007
0.99894
0.998236
0.997888
0.997796
0.997838
0.998031
0.998392
0.998726
0.999014
0.999254
0.999449
0.999601
0.999718
0.999804
0.999866
0.999911
0.999937
2.21004
2.16067
2.10639
2.05214
2.00211
1.95736
1.91701
1.88059
1.84629
1.81466
1.78435
1.75616
1.72882
1.70382
1.6804
1.65833
1.63765
1.61813
1.6016
1.58909
1.57967
1.57353
1.56969
1.56681
1.56525
1.56414
1.56323
1.56202
1.55989
1.55541
1.54849
1.5383
1.52609
1.51183
1.49565
1.47883
1.46157
1.4428
1.42303
1.40284
1.38263
1.3619
1.34082
1.3201
1.3002
1.281
1.26207
1.24343
1.22506
1.20677
1.18856
1.17073
1.15354
1.1371
1.12148
1.10678
1.09303
1.08024
1.06841
1.05744
1.04729
1.03811
1.03005
1.02312
1.01726
1.01247
1.00871
1.0059
1.00393
1.00271
1.00207
1.00176
1.00152
1.00118
1.00076
1.0006
1.00049
1.00039
1.00055
1.00089
1.00095
1.00048
0.999349
0.998432
0.997887
0.997656
0.997633
0.997732
0.998034
0.998418
0.998755
0.999042
0.999279
0.99947
0.999618
0.999731
0.999814
0.999873
0.999916
0.999941
2.18836
2.14645
2.09337
2.04083
1.99383
1.95291
1.91679
1.88344
1.8522
1.82226
1.79267
1.76444
1.73706
1.71081
1.68523
1.66086
1.63715
1.61494
1.59438
1.57548
1.56034
1.54875
1.53949
1.53299
1.52871
1.52656
1.52451
1.52198
1.51793
1.51191
1.50271
1.49114
1.47806
1.46343
1.44779
1.43144
1.41492
1.39768
1.37951
1.36081
1.34159
1.32184
1.30173
1.28189
1.26283
1.24435
1.22636
1.2087
1.19135
1.17435
1.15777
1.14192
1.12703
1.11313
1.10016
1.0881
1.07697
1.06641
1.05653
1.04746
1.03903
1.03142
1.02498
1.01906
1.01402
1.01012
1.00709
1.00484
1.00329
1.00228
1.00166
1.00129
1.001
1.00073
1.00066
1.00048
1.00006
0.999975
1.00019
1.00054
1.00051
0.999945
0.998805
0.997985
0.997548
0.997414
0.997445
0.997631
0.998035
0.998424
0.998765
0.999053
0.99929
0.999478
0.999624
0.999735
0.999817
0.999875
0.999917
0.999941
2.17317
2.12383
2.07867
2.03279
1.99121
1.95309
1.91818
1.88566
1.85529
1.82547
1.79705
1.76934
1.74269
1.71679
1.69085
1.6655
1.64053
1.61645
1.59417
1.57383
1.55462
1.53738
1.52273
1.51147
1.5024
1.49567
1.48994
1.48319
1.47508
1.46555
1.45447
1.44199
1.42894
1.41589
1.40233
1.38804
1.3734
1.35818
1.34188
1.3243
1.3058
1.28699
1.26823
1.24955
1.23116
1.21328
1.19596
1.17928
1.16301
1.14725
1.13221
1.11822
1.10542
1.09376
1.08344
1.07345
1.06391
1.05504
1.04687
1.03934
1.0324
1.02606
1.02039
1.01543
1.01144
1.00852
1.00607
1.00407
1.00285
1.00198
1.00136
1.00089
1.00057
1.00053
1.00033
0.999862
0.999575
0.999614
0.999918
1.00026
1.00021
0.999492
0.998337
0.997623
0.997306
0.997259
0.997347
0.997649
0.998084
0.998474
0.998811
0.999093
0.999323
0.999504
0.999644
0.99975
0.999828
0.999883
0.999923
0.999945
2.14752
2.10652
2.06675
2.0305
1.99264
1.95596
1.92194
1.88938
1.85831
1.82825
1.80011
1.77264
1.74664
1.72041
1.69512
1.66972
1.64471
1.62107
1.59759
1.57529
1.55445
1.53425
1.51674
1.5007
1.48662
1.47394
1.46159
1.45017
1.43726
1.42442
1.41185
1.39851
1.38529
1.37297
1.36069
1.34767
1.33412
1.32019
1.30529
1.289
1.27198
1.25465
1.23712
1.21952
1.20211
1.18518
1.16906
1.15367
1.13882
1.12456
1.11128
1.09928
1.08906
1.08001
1.07102
1.06264
1.05486
1.04756
1.04068
1.03425
1.02833
1.02292
1.01808
1.01382
1.01025
1.00751
1.00555
1.0043
1.00328
1.0024
1.00172
1.00121
1.00084
1.00027
0.999843
0.999604
0.999557
0.999696
1.00003
1.00021
1.00001
0.998997
0.997909
0.997335
0.997137
0.99715
0.99731
0.997711
0.998146
0.99853
0.998859
0.999133
0.999354
0.999528
0.999662
0.999763
0.999837
0.999889
0.999927
0.999948
2.12025
2.09299
2.0601
2.02723
1.99526
1.96031
1.92464
1.89029
1.8584
1.82857
1.80088
1.77452
1.74944
1.72446
1.69995
1.67507
1.65078
1.62618
1.6023
1.57868
1.55526
1.53404
1.51359
1.49444
1.47676
1.45898
1.44173
1.42504
1.40913
1.39345
1.37803
1.36437
1.35039
1.33706
1.32483
1.3117
1.29735
1.28292
1.26816
1.25249
1.2362
1.22015
1.20415
1.1882
1.1724
1.15704
1.14283
1.12969
1.11686
1.10432
1.09306
1.08388
1.07589
1.06796
1.06069
1.05394
1.04761
1.04164
1.03604
1.03076
1.02582
1.02132
1.01727
1.01366
1.01057
1.00806
1.00625
1.00514
1.00445
1.00381
1.00298
1.00203
1.001
1.00018
0.999745
0.999639
0.999732
1.00007
1.00036
1.00034
0.999718
0.998362
0.997528
0.997141
0.99705
0.99711
0.997363
0.997815
0.998238
0.99861
0.998926
0.999187
0.999397
0.999561
0.999687
0.999781
0.999849
0.999897
0.999933
0.999952
2.10446
2.07802
2.05408
2.02495
1.99267
1.95877
1.92416
1.88969
1.85785
1.82857
1.80169
1.77625
1.75177
1.72751
1.70342
1.6791
1.65475
1.63005
1.60536
1.5806
1.55665
1.53325
1.51102
1.49014
1.46886
1.44951
1.43015
1.41073
1.39206
1.37419
1.3566
1.3401
1.32463
1.30931
1.29412
1.28033
1.2654
1.24969
1.23464
1.21907
1.20252
1.1866
1.1713
1.15656
1.14215
1.12798
1.11557
1.10466
1.09349
1.08256
1.07412
1.06749
1.06089
1.05502
1.04973
1.04484
1.0402
1.03572
1.0314
1.02726
1.02335
1.0197
1.01639
1.01353
1.01108
1.00906
1.00751
1.00651
1.00597
1.00551
1.00465
1.00332
1.00187
1.00069
1.00011
1.00005
1.00029
1.00078
1.0009
1.00041
0.999023
0.997924
0.99731
0.997057
0.997032
0.997143
0.997484
0.997939
0.998347
0.998702
0.999001
0.999247
0.999443
0.999596
0.999712
0.999799
0.999862
0.999906
0.999938
0.999955
2.09112
2.06155
2.03849
2.01758
1.98946
1.95543
1.92024
1.88746
1.85627
1.82752
1.80093
1.77589
1.75178
1.72794
1.70419
1.68012
1.6558
1.63096
1.6059
1.58075
1.55608
1.53187
1.50843
1.48582
1.46448
1.44348
1.42303
1.40358
1.38304
1.36344
1.34427
1.32509
1.30681
1.28963
1.27176
1.25499
1.23863
1.22176
1.20511
1.1899
1.17414
1.15762
1.14302
1.12948
1.11555
1.10214
1.09032
1.08067
1.07071
1.06077
1.05443
1.04896
1.04398
1.0398
1.0362
1.03293
1.02986
1.02694
1.02416
1.0215
1.01897
1.01658
1.01437
1.01243
1.01079
1.00944
1.00833
1.00759
1.00717
1.00682
1.00616
1.00478
1.00288
1.00133
1.0006
1.00058
1.00095
1.00133
1.00111
0.99998
0.998613
0.997696
0.997203
0.997038
0.99706
0.997234
0.997649
0.998086
0.998473
0.998807
0.999086
0.999313
0.999494
0.999634
0.99974
0.999818
0.999876
0.999915
0.999945
0.99996
2.06347
2.04617
2.02565
2.00145
1.97487
1.94458
1.9109
1.87644
1.84577
1.81924
1.79506
1.77153
1.74831
1.72511
1.70181
1.67817
1.65416
1.6295
1.60449
1.57919
1.55415
1.52963
1.50606
1.48342
1.46157
1.44049
1.41972
1.39884
1.37856
1.35776
1.33696
1.31702
1.29604
1.27595
1.25691
1.2375
1.21896
1.20152
1.18352
1.16665
1.15114
1.13522
1.11982
1.10653
1.09378
1.08077
1.06974
1.06168
1.05308
1.04399
1.03817
1.03347
1.02923
1.02584
1.02307
1.02075
1.01871
1.01692
1.01536
1.01401
1.0128
1.0117
1.01071
1.00989
1.0092
1.00865
1.00822
1.0079
1.00768
1.00744
1.00693
1.0058
1.00376
1.00194
1.00108
1.00103
1.00135
1.00155
1.00106
0.999715
0.998394
0.997568
0.997178
0.997089
0.997152
0.997409
0.997848
0.998256
0.998615
0.998922
0.999178
0.999385
0.999548
0.999674
0.999769
0.999839
0.99989
0.999925
0.999951
0.999964
2.04264
2.032
2.00895
1.98017
1.95085
1.92257
1.8949
1.86727
1.83917
1.81126
1.78537
1.76167
1.73893
1.71672
1.6947
1.6724
1.64958
1.62606
1.60199
1.5775
1.55306
1.52885
1.50534
1.48242
1.4603
1.43857
1.4172
1.3961
1.37483
1.35362
1.33204
1.31025
1.28921
1.26772
1.24648
1.2264
1.20641
1.18744
1.16965
1.15173
1.13509
1.11982
1.10431
1.09043
1.07898
1.06659
1.05524
1.04708
1.04016
1.03165
1.02568
1.02202
1.0185
1.01583
1.01377
1.01203
1.0105
1.00927
1.0084
1.00782
1.00741
1.00715
1.00705
1.00707
1.00719
1.0074
1.0075
1.00749
1.00747
1.00737
1.00703
1.00612
1.00422
1.00235
1.00137
1.00122
1.00146
1.00159
1.00098
0.999497
0.998215
0.997501
0.997223
0.997201
0.997315
0.99765
0.998066
0.99844
0.998766
0.999043
0.999273
0.999457
0.999603
0.999714
0.999798
0.999859
0.999904
0.999934
0.999958
0.999968
2.0038
2.00467
1.99467
1.97382
1.9431
1.91414
1.8883
1.86328
1.83687
1.8096
1.78188
1.75539
1.73165
1.70979
1.68845
1.66718
1.64552
1.62309
1.59982
1.5759
1.55175
1.5277
1.50415
1.4811
1.45874
1.43672
1.41508
1.39322
1.37131
1.34916
1.32696
1.30491
1.28278
1.2615
1.24009
1.2195
1.19956
1.18004
1.1612
1.14348
1.12648
1.11052
1.09604
1.08191
1.06994
1.05968
1.04882
1.03994
1.0341
1.02658
1.0191
1.01562
1.01241
1.0098
1.00783
1.00624
1.00493
1.00405
1.00368
1.00364
1.0037
1.00394
1.00448
1.00515
1.00581
1.00644
1.00694
1.00725
1.00735
1.00729
1.00696
1.00601
1.00429
1.00265
1.0017
1.00148
1.00162
1.00169
1.00091
0.999222
0.998081
0.997531
0.997375
0.997402
0.99757
0.997939
0.998306
0.998636
0.998925
0.999169
0.99937
0.999532
0.999658
0.999754
0.999826
0.999879
0.999918
0.999944
0.999964
0.999973
1.92588
1.96943
1.96025
1.95094
1.93065
1.90396
1.87792
1.85339
1.82948
1.80346
1.77558
1.7475
1.72139
1.69859
1.67912
1.66047
1.64044
1.61898
1.59629
1.57281
1.549
1.52523
1.50178
1.47871
1.45605
1.43349
1.411
1.38848
1.36613
1.34374
1.32153
1.29933
1.27748
1.25597
1.23503
1.21473
1.19508
1.17621
1.15774
1.13994
1.12307
1.10724
1.0926
1.07925
1.06753
1.05716
1.04806
1.03904
1.03281
1.02757
1.01996
1.01425
1.01181
1.00914
1.00708
1.00541
1.00398
1.00302
1.00275
1.0028
1.00303
1.00358
1.00441
1.00533
1.00624
1.00703
1.00762
1.00795
1.00801
1.00788
1.00732
1.00608
1.00458
1.00323
1.00247
1.00225
1.00219
1.00196
1.00058
0.9989
0.998035
0.997701
0.997644
0.997699
0.997904
0.998237
0.998552
0.998837
0.999085
0.999295
0.999467
0.999604
0.999711
0.999793
0.999854
0.999898
0.999931
0.999953
0.99997
0.999977
1.54866
1.86375
1.91001
1.90271
1.89509
1.88064
1.86207
1.84041
1.81411
1.78672
1.75989
1.73445
1.71027
1.68771
1.66643
1.64641
1.62676
1.60617
1.58438
1.5618
1.53894
1.51618
1.49361
1.47117
1.44877
1.42638
1.40414
1.38197
1.35992
1.33785
1.3159
1.29403
1.27257
1.25155
1.23124
1.21152
1.1925
1.17399
1.15615
1.13914
1.12299
1.10799
1.09435
1.08172
1.07033
1.06069
1.05189
1.04358
1.03699
1.03166
1.02618
1.01953
1.0158
1.01353
1.01121
1.00937
1.00781
1.0066
1.00616
1.00619
1.00638
1.00689
1.00769
1.00852
1.00927
1.0099
1.01028
1.01036
1.01021
1.00964
1.00849
1.00714
1.00576
1.00466
1.00402
1.00374
1.00322
1.00187
0.999801
0.998722
0.998222
0.998041
0.998023
0.998079
0.998263
0.998539
0.998801
0.999039
0.999245
0.999419
0.999561
0.999675
0.999763
0.99983
0.99988
0.999917
0.999944
0.999961
0.999975
0.999981
1.36229
1.5543
1.80658
1.8566
1.85445
1.84558
1.83215
1.81604
1.79582
1.77159
1.74602
1.72168
1.69893
1.67696
1.65489
1.63267
1.61059
1.58857
1.56654
1.54468
1.52318
1.50211
1.48131
1.46055
1.4396
1.41842
1.39702
1.37545
1.35379
1.3321
1.31055
1.28926
1.26848
1.2483
1.22879
1.2098
1.19138
1.17344
1.15624
1.13989
1.12482
1.11096
1.09851
1.08723
1.07706
1.0679
1.05985
1.05218
1.04522
1.0398
1.03464
1.02892
1.0246
1.02169
1.0193
1.01712
1.01537
1.01413
1.01335
1.0132
1.01328
1.01355
1.01404
1.01453
1.01489
1.01508
1.015
1.01461
1.01371
1.01253
1.01113
1.00962
1.00826
1.0073
1.0065
1.00538
1.00279
1.00088
0.999714
0.999007
0.998623
0.998471
0.998453
0.998493
0.998631
0.998844
0.999051
0.999238
0.999402
0.99954
0.999652
0.999742
0.999812
0.999865
0.999905
0.999934
0.999955
0.999969
0.99998
0.999984
1.10194
1.32587
1.51665
1.75822
1.80365
1.81353
1.80473
1.79332
1.77733
1.75662
1.73463
1.71216
1.68907
1.66595
1.64313
1.6205
1.59803
1.57582
1.55392
1.53246
1.51168
1.49149
1.47159
1.45165
1.43144
1.41086
1.38996
1.36883
1.34761
1.32649
1.30564
1.28525
1.26545
1.24624
1.22758
1.20933
1.1915
1.17424
1.15795
1.14284
1.12907
1.11645
1.10505
1.09466
1.08535
1.07675
1.06913
1.06235
1.05569
1.05016
1.04557
1.04043
1.03618
1.03288
1.0303
1.02818
1.02623
1.02475
1.02378
1.02322
1.02297
1.02294
1.02287
1.02274
1.02251
1.022
1.02115
1.02001
1.01858
1.01686
1.01509
1.01354
1.01213
1.01044
1.00704
1.00453
1.00265
1.00124
1.00022
0.999531
0.999127
0.998948
0.998913
0.998931
0.999006
0.99915
0.999296
0.999432
0.999552
0.999654
0.999738
0.999805
0.999857
0.999897
0.999928
0.999949
0.999966
0.999976
0.999985
0.999987
1.0335
1.08765
1.23352
1.50078
1.71499
1.75627
1.76949
1.76358
1.75443
1.73734
1.71528
1.69445
1.67519
1.65552
1.63454
1.61242
1.58963
1.56697
1.54496
1.52369
1.50315
1.48321
1.46355
1.44384
1.42387
1.40359
1.38304
1.36244
1.34191
1.32164
1.30178
1.28245
1.26367
1.24541
1.22749
1.20988
1.19288
1.17682
1.16192
1.14816
1.13556
1.12403
1.11352
1.10384
1.09512
1.08711
1.07977
1.07326
1.06722
1.06138
1.05689
1.05258
1.04805
1.04504
1.04237
1.04026
1.03845
1.03671
1.03544
1.03458
1.03392
1.03341
1.03279
1.03207
1.03115
1.02987
1.02833
1.02654
1.02447
1.02246
1.0204
1.01746
1.01357
1.01035
1.00756
1.00523
1.00336
1.00192
1.00088
1.00017
0.99972
0.999468
0.999369
0.99936
0.999379
0.999439
0.999526
0.999611
0.99969
0.999758
0.999815
0.999861
0.999898
0.999926
0.999948
0.999963
0.999975
0.999982
0.999989
0.99999
1.01156
1.02855
1.07284
1.19799
1.42608
1.64471
1.70069
1.71515
1.70853
1.70212
1.69326
1.67831
1.66257
1.64538
1.62514
1.60285
1.58024
1.55807
1.53676
1.51614
1.49587
1.47592
1.4563
1.43667
1.41687
1.3969
1.3769
1.35705
1.33747
1.31822
1.2994
1.2811
1.26323
1.24564
1.2284
1.21185
1.1962
1.18156
1.16797
1.15544
1.14391
1.1333
1.12349
1.11448
1.10618
1.09855
1.09149
1.08508
1.07936
1.07383
1.06899
1.06526
1.06108
1.05749
1.05514
1.05302
1.05118
1.0495
1.04788
1.04673
1.04565
1.04456
1.04335
1.04194
1.04029
1.03834
1.03618
1.0338
1.03094
1.02682
1.02282
1.01885
1.01503
1.01157
1.00859
1.00612
1.00416
1.00267
1.00158
1.00082
1.00031
0.999998
0.999816
0.999723
0.999702
0.999707
0.999729
0.999768
0.999809
0.999847
0.999881
0.999909
0.999932
0.99995
0.999964
0.999975
0.999983
0.999987
0.999993
0.999993
1.00379
1.00807
1.02444
1.05725
1.17354
1.3236
1.54669
1.64121
1.67078
1.66451
1.66062
1.65491
1.64489
1.63041
1.61231
1.59161
1.57031
1.54949
1.52923
1.50932
1.48945
1.46967
1.45007
1.43059
1.41107
1.39161
1.37241
1.35351
1.33496
1.31672
1.29877
1.28114
1.26384
1.24706
1.23103
1.21592
1.20168
1.18835
1.17598
1.16453
1.15394
1.14407
1.13487
1.12628
1.1183
1.11093
1.10412
1.09788
1.09226
1.08707
1.08222
1.07836
1.07485
1.07096
1.06839
1.0663
1.06434
1.06265
1.06093
1.05926
1.05768
1.05602
1.05414
1.05206
1.04971
1.04672
1.04313
1.03913
1.03468
1.02992
1.02511
1.02049
1.01626
1.01255
1.00942
1.00688
1.00486
1.00332
1.00219
1.00138
1.00081
1.00043
1.00019
1.00004
0.999951
0.999906
0.999893
0.999894
0.999903
0.999918
0.999933
0.999947
0.999959
0.999969
0.999978
0.999984
0.999989
0.999992
0.999995
0.999995
1.00107
1.00225
1.007
1.01633
1.04442
1.11153
1.27383
1.44784
1.59823
1.62489
1.62338
1.62265
1.61876
1.60973
1.59652
1.58009
1.56127
1.54217
1.52315
1.50409
1.48489
1.46536
1.44592
1.42679
1.40792
1.38915
1.3707
1.35256
1.33466
1.3169
1.29943
1.28242
1.26611
1.25072
1.2362
1.22241
1.2094
1.19721
1.18586
1.17533
1.16547
1.15618
1.1474
1.13912
1.13139
1.12423
1.11762
1.11154
1.10602
1.10096
1.09631
1.0923
1.0889
1.08534
1.08211
1.08014
1.07807
1.07602
1.07395
1.07184
1.06963
1.06721
1.0645
1.06137
1.0577
1.05344
1.04858
1.04321
1.03755
1.03187
1.02641
1.02137
1.01691
1.01308
1.00988
1.00728
1.00526
1.00373
1.00259
1.00175
1.00115
1.00073
1.00044
1.00025
1.00013
1.00005
1
0.999981
0.99997
0.999969
0.99997
0.999974
0.999979
0.999984
0.999988
0.999991
0.999994
0.999995
0.999997
0.999997
1.00024
1.00068
1.00162
1.0048
1.01127
1.03075
1.07449
1.20281
1.33774
1.52536
1.57782
1.59203
1.58676
1.58259
1.57484
1.56442
1.5502
1.53464
1.51827
1.50101
1.48285
1.46403
1.44511
1.42638
1.40786
1.38945
1.37124
1.35347
1.33603
1.3189
1.30228
1.2864
1.27158
1.2576
1.24424
1.23146
1.2194
1.20816
1.19765
1.18782
1.1785
1.16959
1.16106
1.15299
1.14546
1.13847
1.13201
1.12606
1.1206
1.11562
1.11108
1.10704
1.10351
1.10002
1.09663
1.09421
1.09202
1.08946
1.08676
1.08393
1.08089
1.0775
1.07361
1.06911
1.06393
1.05812
1.05183
1.04528
1.03874
1.03244
1.02661
1.02135
1.01674
1.01284
1.00968
1.00719
1.00527
1.00381
1.00271
1.00189
1.0013
1.00087
1.00057
1.00036
1.00022
1.00013
1.00007
1.00003
1.00001
1
0.999994
0.999992
0.999992
0.999993
0.999994
0.999995
0.999997
0.999997
0.999998
0.999998
1.00006
1.00014
1.00044
1.00103
1.00304
1.0071
1.01956
1.04635
1.12983
1.22686
1.4131
1.53785
1.55285
1.55341
1.54858
1.54072
1.53236
1.52289
1.51104
1.49697
1.4813
1.46415
1.44639
1.42837
1.41041
1.39263
1.37503
1.35778
1.34124
1.32511
1.3096
1.29492
1.28103
1.2678
1.25518
1.24315
1.23185
1.22131
1.21145
1.20206
1.19303
1.18426
1.17584
1.16792
1.1605
1.15367
1.14731
1.14143
1.13601
1.13102
1.12647
1.12235
1.11855
1.11488
1.11135
1.10849
1.10571
1.10236
1.09875
1.09486
1.09056
1.08571
1.08021
1.07405
1.06729
1.06011
1.05271
1.04535
1.03825
1.03152
1.02532
1.01987
1.01535
1.01173
1.00886
1.00661
1.00487
1.00355
1.00254
1.0018
1.00125
1.00086
1.00058
1.00038
1.00025
1.00016
1.00009
1.00006
1.00003
1.00002
1.00001
1
0.999999
0.999998
0.999998
0.999998
0.999999
0.999999
0.999999
0.999999
1.00001
1.00003
1.00011
1.00022
1.00072
1.00153
1.00454
1.01023
1.02731
1.06455
1.15973
1.27923
1.44379
1.51276
1.51537
1.51581
1.51245
1.50468
1.49558
1.48709
1.47636
1.46304
1.44776
1.43191
1.41577
1.39926
1.38272
1.36648
1.35075
1.3357
1.32096
1.30692
1.29367
1.28103
1.26894
1.25744
1.24664
1.23655
1.22704
1.21783
1.20878
1.20003
1.19169
1.18386
1.17658
1.16977
1.16345
1.15755
1.15207
1.14699
1.14222
1.13778
1.13353
1.12938
1.12548
1.122
1.11792
1.11328
1.10834
1.10296
1.09701
1.09047
1.08334
1.07569
1.06768
1.05953
1.05131
1.04309
1.03514
1.02798
1.02197
1.01709
1.01316
1.01002
1.00755
1.00562
1.00413
1.003
1.00216
1.00153
1.00108
1.00075
1.00051
1.00034
1.00023
1.00015
1.00009
1.00006
1.00004
1.00002
1.00001
1.00001
1
1
1
1
1
1
1
0.999999
1
1.00001
1.00002
1.00005
1.00015
1.00031
1.00095
1.00209
1.00582
1.0136
1.03368
1.08049
1.17011
1.30503
1.42683
1.48457
1.48341
1.48282
1.47894
1.47068
1.46192
1.45381
1.44375
1.43119
1.41749
1.40344
1.38913
1.37484
1.36084
1.34716
1.33372
1.32052
1.30798
1.29597
1.28432
1.27324
1.26282
1.25302
1.24362
1.23439
1.22533
1.21659
1.20828
1.20046
1.19314
1.18629
1.17984
1.17374
1.16799
1.16253
1.15728
1.15221
1.14714
1.14225
1.13765
1.13243
1.1266
1.12045
1.11389
1.10687
1.09939
1.09137
1.08301
1.07428
1.06506
1.05527
1.04544
1.03648
1.02895
1.0228
1.01779
1.01373
1.01047
1.00791
1.00591
1.00437
1.0032
1.00232
1.00167
1.00119
1.00083
1.00058
1.0004
1.00027
1.00018
1.00012
1.00008
1.00005
1.00003
1.00002
1.00001
1.00001
1
1
1
1
1
1
1
1
1
1
1
1.00001
1.00003
1.00006
1.00018
1.00039
1.00113
1.00249
1.00672
1.01542
1.03836
1.08572
1.1623
1.2937
1.39727
1.45244
1.4511
1.45072
1.44611
1.43811
1.42985
1.42033
1.41121
1.40123
1.38984
1.37807
1.36644
1.35489
1.34336
1.33183
1.3205
1.30956
1.29871
1.28811
1.27819
1.26881
1.25964
1.2505
1.24141
1.23252
1.22409
1.21621
1.20875
1.20161
1.19478
1.18823
1.18187
1.17557
1.16935
1.16314
1.15712
1.15122
1.14456
1.13755
1.13027
1.12275
1.11488
1.10669
1.09809
1.08886
1.0785
1.06696
1.05507
1.04433
1.03542
1.02813
1.02213
1.01722
1.01326
1.0101
1.00763
1.00571
1.00424
1.00312
1.00227
1.00165
1.00118
1.00084
1.00059
1.00041
1.00028
1.00019
1.00013
1.00009
1.00006
1.00004
1.00002
1.00002
1.00001
1.00001
1
1
1
1
1
1
1
1
1
1
1
1
1.00001
1.00001
1.00003
1.00007
1.0002
1.00042
1.00119
1.00258
1.00667
1.01507
1.03606
1.07755
1.14215
1.24898
1.34666
1.4134
1.41582
1.41709
1.41374
1.40802
1.39975
1.39099
1.3822
1.37362
1.365
1.35574
1.34652
1.33713
1.32745
1.3179
1.30829
1.29852
1.28918
1.28041
1.27148
1.26231
1.25315
1.2442
1.23576
1.22777
1.22
1.21231
1.20483
1.19751
1.19013
1.18269
1.17529
1.16827
1.16117
1.15344
1.14559
1.13763
1.12959
1.12121
1.1123
1.10215
1.0901
1.0763
1.06235
1.05016
1.04027
1.03214
1.02541
1.01987
1.01538
1.0118
1.00897
1.00677
1.00506
1.00376
1.00278
1.00203
1.00148
1.00107
1.00077
1.00055
1.00038
1.00027
1.00019
1.00013
1.00009
1.00006
1.00004
1.00003
1.00002
1.00001
1.00001
1
1
1
1
1
1
1
1
1
1
1
1
1
1
1
1.00001
1.00001
1.00003
1.00007
1.0002
1.00041
1.00109
1.00236
1.00582
1.01278
1.02909
1.06002
1.11076
1.17936
1.27315
1.34526
1.38055
1.38494
1.38316
1.37833
1.37334
1.36623
1.35802
1.34929
1.34145
1.33343
1.32494
1.31649
1.30803
1.29918
1.29067
1.28253
1.2742
1.26526
1.25633
1.24764
1.23934
1.2313
1.22321
1.21512
1.20712
1.19918
1.19109
1.18298
1.17548
1.16784
1.15972
1.15153
1.14315
1.13425
1.12406
1.1118
1.09684
1.08044
1.06513
1.05246
1.0423
1.03385
1.02682
1.02103
1.01633
1.01258
1.00961
1.00729
1.00549
1.00411
1.00306
1.00227
1.00167
1.00122
1.00089
1.00064
1.00046
1.00033
1.00023
1.00016
1.00011
1.00008
1.00005
1.00004
1.00002
1.00002
1.00001
1.00001
1
1
1
1
1
1
1
1
1
1
1
1
1
1
1
1
1
1
1.00001
1.00001
1.00003
1.00006
1.00017
1.00035
1.00087
1.00187
1.00433
1.00932
1.0202
1.04001
1.07402
1.1156
1.17694
1.2484
1.30814
1.33914
1.34961
1.34863
1.34337
1.3378
1.33158
1.32479
1.31704
1.30951
1.30166
1.29345
1.28572
1.27826
1.27025
1.26179
1.25307
1.24493
1.23702
1.22907
1.22097
1.21278
1.20465
1.19649
1.18821
1.18028
1.17222
1.16329
1.15355
1.14219
1.12835
1.11168
1.09345
1.07613
1.06161
1.05007
1.0405
1.03245
1.02573
1.0202
1.01573
1.01215
1.00933
1.00711
1.0054
1.00407
1.00306
1.00228
1.0017
1.00126
1.00092
1.00068
1.00049
1.00036
1.00026
1.00018
1.00013
1.00009
1.00006
1.00004
1.00003
1.00002
1.00001
1.00001
1.00001
1
1
1
1
1
1
1
1
1
1
1
1
1
1
1
1
1
1
1
1
1
1
1.00001
1.00002
1.00005
1.00012
1.00028
1.0006
1.00133
1.0028
1.00592
1.01199
1.02309
1.04039
1.06587
1.09577
1.13466
1.18431
1.23423
1.26864
1.2908
1.30125
1.30316
1.30008
1.2953
1.28969
1.28287
1.27602
1.26951
1.2619
1.25381
1.24587
1.23797
1.23064
1.22271
1.21424
1.20551
1.19649
1.18681
1.17616
1.16338
1.14836
1.13096
1.11216
1.09367
1.077
1.06317
1.05207
1.0426
1.03452
1.02769
1.02199
1.01732
1.01354
1.01051
1.00811
1.00623
1.00476
1.00362
1.00274
1.00207
1.00156
1.00116
1.00087
1.00064
1.00047
1.00035
1.00025
1.00019
1.00013
1.0001
1.00007
1.00005
1.00003
1.00002
1.00002
1.00001
1.00001
1.00001
1
1
1
1
1
1
1
1
1
1
1
1
1
1
1
1
1
1
1
1
1
1
1
1
1
1.00001
1.00002
1.00004
1.00008
1.00018
1.00038
1.0008
1.00163
1.00328
1.00623
1.01125
1.01898
1.03003
1.04491
1.06208
1.08204
1.10393
1.12921
1.15429
1.17671
1.19385
1.20594
1.21314
1.21663
1.21599
1.21423
1.21066
1.20441
1.19668
1.18715
1.17641
1.16326
1.14909
1.1348
1.11916
1.10371
1.08886
1.07549
1.06405
1.05429
1.04557
1.03785
1.03112
1.02533
1.02042
1.01633
1.01295
1.01021
1.008
1.00624
1.00484
1.00374
1.00288
1.0022
1.00168
1.00128
1.00097
1.00073
1.00055
1.00041
1.00031
1.00023
1.00017
1.00012
1.00009
1.00007
1.00005
1.00003
1.00002
1.00002
1.00001
1.00001
1.00001
1
1
1
1
1
1
1
1
1
1
1
1
1
1
1
1
1
1
1
1
1
1
1
1
1
1
1
1
1
1.00001
1.00001
1.00002
1.00005
1.00011
1.00022
1.00044
1.00086
1.00161
1.00284
1.00477
1.00766
1.01168
1.01699
1.02349
1.03089
1.03887
1.04723
1.05567
1.06296
1.06915
1.07438
1.07751
1.07967
1.0795
1.07875
1.07705
1.07399
1.06957
1.06433
1.05887
1.05305
1.04747
1.0418
1.03639
1.03133
1.02667
1.02246
1.01871
1.01544
1.01263
1.01026
1.00827
1.00662
1.00527
1.00418
1.00329
1.00258
1.00202
1.00157
1.00122
1.00094
1.00072
1.00055
1.00042
1.00032
1.00024
1.00018
1.00014
1.0001
1.00008
1.00006
1.00004
1.00003
1.00002
1.00002
1.00001
1.00001
1.00001
1
1
1
1
1
1
1
1
1
1
1
1
1
1
1
1
1
1
1
1
1
1
1
1
1
1
1
1
1
1
1
1
1
1
1.00001
1.00001
1.00003
1.00006
1.00012
1.00022
1.0004
1.0007
1.00115
1.00182
1.00275
1.004
1.00556
1.00745
1.00956
1.0119
1.01418
1.0165
1.01849
1.02023
1.02158
1.02244
1.02273
1.02263
1.02231
1.02165
1.02039
1.01889
1.01724
1.01552
1.01377
1.01209
1.01049
1.009
1.00764
1.00643
1.00536
1.00443
1.00364
1.00297
1.00241
1.00194
1.00155
1.00124
1.00098
1.00078
1.00061
1.00048
1.00037
1.00029
1.00022
1.00017
1.00013
1.0001
1.00008
1.00006
1.00004
1.00003
1.00002
1.00002
1.00001
1.00001
1.00001
1.00001
1
1
1
1
1
1
1
1
1
1
1
1
1
1
1
1
1
1
1
1
1
1
1
1
1
1
1
1
1
1
1
1
1
1
1
1
1
1
1
1.00001
1.00002
1.00003
1.00006
1.0001
1.00017
1.00027
1.00042
1.00063
1.00091
1.00125
1.00167
1.00214
1.00266
1.00319
1.00375
1.00422
1.00465
1.00501
1.00524
1.0054
1.00539
1.00534
1.00523
1.005
1.00467
1.00429
1.00389
1.00349
1.00309
1.0027
1.00234
1.00201
1.00171
1.00144
1.0012
1.001
1.00082
1.00067
1.00055
1.00045
1.00036
1.00029
1.00023
1.00018
1.00014
1.00011
1.00009
1.00007
1.00005
1.00004
1.00003
1.00002
1.00002
1.00001
1.00001
1.00001
1.00001
1
1
1
1
1
1
1
1
1
1
1
1
1
1
1
1
1
1
1
1
1
1
1
1
1
1
1
1
1
1
1
1
1
1
1
1
1
1
1
1
1
1
1
1
1
1.00001
1.00002
1.00003
1.00005
1.00007
1.00011
1.00016
1.00023
1.00032
1.00042
1.00054
1.00067
1.00081
1.00095
1.00108
1.00119
1.00129
1.00137
1.00142
1.00144
1.00143
1.00142
1.00138
1.0013
1.00122
1.00112
1.00102
1.00091
1.00081
1.00071
1.00062
1.00053
1.00046
1.00039
1.00033
1.00027
1.00023
1.00019
1.00015
1.00012
1.0001
1.00008
1.00007
1.00005
1.00004
1.00003
1.00003
1.00002
1.00002
1.00001
1.00001
1.00001
1.00001
1
1
1
1
1
1
1
1
1
1
1
1
1
1
1
1
1
1
1
1
1
1
1
)
;

boundaryField
{
    inlet
    {
        type            fixedValue;
        value           uniform 1;
    }
    outlet
    {
        type            zeroGradient;
    }
    bottom
    {
        type            symmetryPlane;
    }
    top
    {
        type            symmetryPlane;
    }
    obstacle
    {
        type            zeroGradient;
    }
    defaultFaces
    {
        type            empty;
    }
}


// ************************************************************************* //
