/*--------------------------------*- C++ -*----------------------------------*\
| =========                 |                                                 |
| \\      /  F ield         | OpenFOAM: The Open Source CFD Toolbox           |
|  \\    /   O peration     | Version:  2412                                  |
|   \\  /    A nd           | Website:  www.openfoam.com                      |
|    \\/     M anipulation  |                                                 |
\*---------------------------------------------------------------------------*/
FoamFile
{
    version     2.0;
    format      ascii;
    arch        "LSB;label=32;scalar=64";
    class       volScalarField;
    location    "8.5";
    object      Ma;
}
// * * * * * * * * * * * * * * * * * * * * * * * * * * * * * * * * * * * * * //

dimensions      [0 0 0 0 0 0 0];

internalField   nonuniform List<scalar> 
7000
(
2.99397
2.97687
2.96504
2.87064
2.71929
2.2709
1.38225
0.687828
0.310299
0.376546
0.444149
0.469252
0.469851
0.460646
0.449121
0.4412
0.436232
0.432092
0.427141
0.420907
0.413571
0.405269
0.396168
0.38644
0.376163
0.365379
0.354121
0.341891
0.32853
0.314875
0.301021
0.286763
0.272743
0.258803
0.24446
0.229973
0.215521
0.200837
0.186189
0.17185
0.157671
0.143369
0.127817
0.110844
0.0930834
0.0748018
0.0565349
0.0387856
0.0216954
0.00942493
2.99369
2.97666
2.96781
2.86729
2.72906
2.24679
1.39073
0.689373
0.309782
0.37556
0.443486
0.468697
0.469383
0.460304
0.448927
0.441106
0.436208
0.432122
0.427195
0.420987
0.413702
0.405495
0.396546
0.38706
0.377156
0.366919
0.356412
0.345222
0.332942
0.320366
0.307719
0.294598
0.281564
0.268443
0.254419
0.239745
0.224701
0.209052
0.193169
0.177456
0.161862
0.146247
0.129671
0.112237
0.0946681
0.0771183
0.0598147
0.0429437
0.0266562
0.0150895
2.99372
2.97654
2.96619
2.86895
2.72648
2.26919
1.38452
0.686035
0.309044
0.375259
0.442637
0.467389
0.467788
0.458859
0.447879
0.440438
0.435851
0.431999
0.427193
0.42107
0.413853
0.405709
0.396834
0.387441
0.377663
0.367592
0.3573
0.346415
0.334471
0.322204
0.309921
0.297162
0.284413
0.271618
0.257782
0.243143
0.228051
0.212296
0.196234
0.180377
0.164695
0.149081
0.132625
0.115515
0.0985044
0.0816974
0.0652207
0.0492557
0.0342811
0.0243129
2.99435
2.97679
2.96686
2.86811
2.7253
2.23888
1.37894
0.685488
0.311621
0.376201
0.443101
0.467647
0.467947
0.458977
0.448017
0.440636
0.436102
0.432287
0.427487
0.421385
0.414194
0.406081
0.397259
0.387932
0.378225
0.368226
0.358006
0.347175
0.33531
0.323165
0.310997
0.298349
0.285649
0.272907
0.259199
0.244701
0.229783
0.214274
0.198469
0.182923
0.167609
0.152446
0.136517
0.120008
0.103682
0.0876102
0.0718982
0.0568506
0.0432409
0.0346477
2.99385
2.97888
2.96201
2.86386
2.71894
2.23093
1.37047
0.675032
0.307565
0.37511
0.443127
0.46814
0.468558
0.459526
0.448501
0.441098
0.436561
0.432746
0.427912
0.421817
0.414658
0.406593
0.397833
0.388578
0.378944
0.369015
0.358864
0.348066
0.336284
0.324297
0.312279
0.299803
0.287302
0.274779
0.261338
0.247138
0.232541
0.217373
0.20189
0.186666
0.171687
0.156936
0.141536
0.125576
0.109908
0.0945747
0.0796687
0.0656167
0.0533775
0.045988
2.99367
2.97644
2.96635
2.86411
2.72364
2.22578
1.36587
0.675043
0.313383
0.378308
0.444875
0.469225
0.46907
0.459756
0.448698
0.441401
0.43698
0.433238
0.428411
0.422357
0.41526
0.407276
0.398615
0.389474
0.37996
0.370154
0.360128
0.349433
0.337813
0.326043
0.314239
0.302009
0.28979
0.277597
0.264542
0.250753
0.236564
0.221783
0.206606
0.191653
0.176937
0.162512
0.147589
0.132153
0.11712
0.102549
0.0885299
0.0755681
0.0646758
0.0583531
2.99357
2.97595
2.96505
2.85925
2.72263
2.21884
1.35591
0.668366
0.314245
0.378895
0.444735
0.468745
0.468241
0.459004
0.448262
0.441375
0.437297
0.43374
0.428995
0.423025
0.416017
0.408133
0.399594
0.390597
0.381244
0.371607
0.361756
0.35123
0.339812
0.328283
0.31674
0.304806
0.292938
0.28114
0.268501
0.25513
0.241352
0.226952
0.21211
0.197467
0.183052
0.168972
0.154548
0.139671
0.125322
0.111578
0.0985272
0.0867025
0.077084
0.0716909
2.99326
2.97575
2.96413
2.8881
2.7003
2.22957
1.34277
0.660392
0.30955
0.375863
0.442587
0.467076
0.466834
0.457982
0.447708
0.441344
0.437683
0.434318
0.429678
0.423815
0.416919
0.409158
0.400757
0.391922
0.382754
0.373316
0.363668
0.353365
0.342187
0.330916
0.319661
0.308047
0.296556
0.285156
0.272917
0.259956
0.246594
0.232604
0.218167
0.203925
0.18991
0.176259
0.162423
0.148194
0.13457
0.121718
0.109706
0.0990378
0.0905959
0.0860018
2.99419
2.97632
2.96362
2.8725
2.70825
2.19821
1.3266
0.655953
0.315669
0.378514
0.443203
0.466986
0.466263
0.457405
0.44744
0.441523
0.438248
0.435016
0.430479
0.42474
0.41798
0.410367
0.402133
0.393491
0.384538
0.375326
0.365901
0.355851
0.344983
0.334021
0.323074
0.31179
0.300637
0.289608
0.277776
0.265249
0.252341
0.238831
0.224877
0.211127
0.197614
0.184482
0.171326
0.157851
0.145013
0.133108
0.122177
0.112648
0.105272
0.101339
2.99456
2.97779
2.96069
2.85492
2.71537
2.18059
1.31001
0.649077
0.316936
0.378936
0.443154
0.466729
0.465685
0.456865
0.44724
0.441791
0.438904
0.435813
0.431413
0.425829
0.419232
0.411789
0.403749
0.395339
0.386643
0.377694
0.368522
0.358756
0.348218
0.337581
0.326966
0.316044
0.305249
0.294619
0.283243
0.271203
0.258809
0.245869
0.23247
0.219281
0.206354
0.193826
0.181437
0.168779
0.156794
0.145896
0.136068
0.127639
0.121223
0.117868
2.99443
2.97919
2.9551
2.86445
2.69339
2.20821
1.29523
0.641795
0.316723
0.378698
0.442276
0.465383
0.463925
0.455487
0.446516
0.441775
0.439439
0.436591
0.432417
0.427053
0.420665
0.413424
0.405615
0.397485
0.3891
0.380458
0.371565
0.362062
0.351888
0.341635
0.331395
0.320882
0.310498
0.300332
0.289467
0.277974
0.266154
0.253854
0.241098
0.22856
0.216311
0.204474
0.192934
0.181193
0.170095
0.160225
0.151521
0.144173
0.138651
0.135779
2.994
2.97488
2.96256
2.8759
2.69054
2.21329
1.28022
0.640705
0.324183
0.38175
0.442879
0.465043
0.462941
0.454706
0.44623
0.442082
0.440159
0.437502
0.433551
0.428424
0.422272
0.415262
0.407708
0.399899
0.391871
0.383588
0.37503
0.365832
0.356054
0.346255
0.336484
0.326457
0.316587
0.306939
0.29664
0.28575
0.274563
0.262953
0.250904
0.239092
0.227609
0.216558
0.20596
0.195244
0.185118
0.176359
0.168823
0.162563
0.157875
0.155466
2.99457
2.97672
2.95598
2.85912
2.69386
2.15608
1.26179
0.629885
0.325679
0.382424
0.442806
0.464602
0.462244
0.454285
0.44628
0.442682
0.441034
0.438548
0.434813
0.42994
0.42406
0.417313
0.410044
0.402587
0.394945
0.387055
0.378877
0.37006
0.360726
0.351421
0.342177
0.332716
0.323498
0.314488
0.304826
0.294602
0.28411
0.273248
0.261985
0.250973
0.240353
0.230202
0.220637
0.211122
0.202065
0.194469
0.188187
0.183096
0.179329
0.177314
2.99377
2.97697
2.95802
2.87099
2.68253
2.18279
1.24872
0.627761
0.325435
0.380601
0.440654
0.462597
0.460751
0.453437
0.446202
0.443325
0.441946
0.439665
0.436176
0.43158
0.425996
0.419552
0.412618
0.405545
0.398319
0.390851
0.383083
0.374711
0.365921
0.357183
0.348526
0.339697
0.331157
0.322842
0.313905
0.304441
0.294732
0.284711
0.27435
0.26425
0.254618
0.245512
0.237113
0.228979
0.22125
0.21497
0.210085
0.206327
0.20357
0.202173
2.99402
2.97501
2.96029
2.84723
2.701
2.12837
1.23918
0.625731
0.331288
0.383786
0.442511
0.463597
0.46143
0.454076
0.447171
0.444629
0.443263
0.441047
0.437725
0.43338
0.4281
0.422004
0.415458
0.40881
0.402027
0.395005
0.387653
0.379727
0.371501
0.36336
0.355342
0.34722
0.33943
0.331892
0.323787
0.315205
0.306392
0.297373
0.288049
0.278966
0.270475
0.262603
0.255539
0.249078
0.242935
0.238223
0.235117
0.233068
0.23167
0.230942
2.99414
2.97417
2.95714
2.8497
2.68195
2.16746
1.23321
0.625075
0.3295
0.382338
0.44158
0.462844
0.461164
0.454249
0.447945
0.445852
0.44458
0.442475
0.439356
0.4353
0.430366
0.424657
0.418545
0.412354
0.406025
0.399441
0.392488
0.385018
0.377416
0.369971
0.362686
0.355381
0.348525
0.341815
0.334586
0.326963
0.319154
0.311251
0.303144
0.29525
0.288059
0.281633
0.276157
0.271647
0.267607
0.264839
0.263922
0.264199
0.264858
0.265603
2.99467
2.97763
2.95556
2.85376
2.68436
2.13345
1.22876
0.625112
0.334448
0.385512
0.44381
0.464254
0.46228
0.455374
0.449329
0.44738
0.44608
0.444014
0.441044
0.437266
0.432712
0.427445
0.421811
0.416113
0.410261
0.404106
0.397514
0.390598
0.383686
0.376981
0.370459
0.364083
0.358305
0.352511
0.346255
0.339683
0.332983
0.326283
0.319481
0.312995
0.307365
0.302673
0.299137
0.296931
0.295551
0.295449
0.29768
0.301479
0.30568
0.308786
2.99397
2.97376
2.95449
2.8566
2.67898
2.17408
1.23167
0.627407
0.335185
0.386823
0.445023
0.465349
0.463407
0.456645
0.450865
0.448935
0.447585
0.445542
0.442717
0.439227
0.435071
0.430256
0.425098
0.419883
0.414499
0.408712
0.402599
0.396402
0.390266
0.384384
0.378692
0.373415
0.368772
0.363943
0.358773
0.353358
0.347891
0.342462
0.33714
0.332311
0.328472
0.325813
0.32456
0.325116
0.327338
0.330958
0.337442
0.346694
0.357175
0.367109
2.99354
2.97476
2.96226
2.8883
2.67201
2.1764
1.23616
0.635481
0.338462
0.389132
0.447212
0.467388
0.465376
0.458637
0.452894
0.450753
0.449167
0.447075
0.44434
0.441025
0.437189
0.432785
0.428067
0.42329
0.418346
0.412987
0.407426
0.401974
0.396777
0.391868
0.387264
0.383326
0.379713
0.375892
0.37189
0.36778
0.363645
0.359672
0.356093
0.353241
0.351478
0.351136
0.35266
0.356507
0.363034
0.372168
0.38511
0.403391
0.425879
0.452685
2.99473
2.97773
2.95606
2.85827
2.68668
2.15586
1.25242
0.63825
0.337372
0.389757
0.448947
0.469692
0.467659
0.460883
0.455061
0.452512
0.450609
0.448417
0.445771
0.442581
0.438869
0.434691
0.430278
0.42584
0.421297
0.416553
0.411688
0.407015
0.402778
0.398924
0.395656
0.393208
0.390848
0.388311
0.385652
0.382881
0.380192
0.378017
0.376553
0.375679
0.376004
0.378318
0.382883
0.390882
0.402626
0.418881
0.44129
0.474351
0.523594
0.617184
2.99487
2.97844
2.95596
2.86431
2.69669
2.1851
1.27393
0.65367
0.339168
0.391312
0.451248
0.472499
0.470386
0.463584
0.457633
0.454411
0.451837
0.449194
0.44628
0.44298
0.43933
0.435314
0.431222
0.427236
0.423335
0.419569
0.416093
0.413052
0.410555
0.408694
0.407703
0.40718
0.406677
0.406157
0.405471
0.404723
0.404443
0.404885
0.406126
0.408407
0.411996
0.417764
0.426693
0.439815
0.459456
0.486835
0.525097
0.58313
0.678085
0.823903
2.99466
2.97842
2.95897
2.8552
2.70948
2.21726
1.31237
0.674456
0.338475
0.391957
0.453894
0.476224
0.473985
0.466812
0.460416
0.456173
0.452713
0.449672
0.446457
0.44296
0.439352
0.435751
0.432331
0.429202
0.426335
0.423863
0.421971
0.420805
0.420396
0.420693
0.421573
0.422753
0.424111
0.425394
0.426648
0.428282
0.43053
0.433391
0.437208
0.442479
0.449386
0.458775
0.471728
0.489585
0.514421
0.549901
0.599385
0.667757
0.772768
0.897194
2.99437
2.97725
2.96678
2.87756
2.71521
2.23246
1.35245
0.69352
0.337274
0.3936
0.458363
0.482093
0.47898
0.470757
0.462856
0.456882
0.452159
0.448343
0.44469
0.44121
0.437983
0.435068
0.43262
0.430764
0.429562
0.42912
0.429486
0.4306
0.43232
0.434573
0.437249
0.440246
0.44331
0.446418
0.449952
0.453923
0.458445
0.463615
0.469816
0.477679
0.487485
0.500061
0.516077
0.537288
0.56513
0.601978
0.652475
0.716947
0.806943
0.900485
2.99489
2.98286
2.97225
2.87301
2.72588
2.26633
1.37779
0.709051
0.335089
0.393433
0.461209
0.48482
0.481287
0.471906
0.462614
0.455666
0.450527
0.446509
0.442948
0.44003
0.437692
0.435922
0.434972
0.434944
0.435793
0.437424
0.43981
0.442872
0.446474
0.450524
0.454972
0.459589
0.464223
0.469305
0.474886
0.48072
0.48717
0.494352
0.502633
0.512463
0.524521
0.539026
0.557169
0.579501
0.608114
0.643242
0.688723
0.743873
0.814731
0.888529
2.98943
2.99232
2.96738
2.89586
2.73775
2.24084
1.36898
0.69269
0.324504
0.392541
0.466676
0.491342
0.486425
0.475308
0.46395
0.45521
0.448859
0.444002
0.440226
0.43778
0.436612
0.436643
0.437922
0.440239
0.44344
0.447433
0.452097
0.457258
0.462832
0.468767
0.474899
0.481108
0.48757
0.49436
0.501345
0.508582
0.516522
0.525222
0.534988
0.54611
0.559377
0.574842
0.59393
0.615982
0.643731
0.67598
0.715948
0.763005
0.819789
0.87975
2.98752
2.99206
2.95466
3.0041
2.69811
2.22002
1.3508
0.694453
0.352458
0.408453
0.475012
0.498742
0.493586
0.481809
0.469134
0.458846
0.451079
0.445062
0.441246
0.439712
0.439832
0.441608
0.444681
0.448853
0.454025
0.460089
0.46675
0.473758
0.481181
0.488832
0.496594
0.504465
0.512364
0.52029
0.528289
0.536584
0.545489
0.555028
0.565627
0.577381
0.591227
0.606792
0.625807
0.647197
0.672852
0.702721
0.73744
0.777593
0.824349
0.871738
3.00593
2.99025
3.05045
2.95874
2.7912
2.07466
1.28913
0.465045
0.288028
0.351775
0.414651
0.435813
0.439749
0.440118
0.438797
0.438693
0.439866
0.441339
0.443004
0.445529
0.448968
0.453162
0.458068
0.46365
0.469931
0.476957
0.484415
0.491913
0.499579
0.507542
0.515889
0.524527
0.5333
0.542176
0.551195
0.560424
0.570097
0.580315
0.591518
0.603591
0.617497
0.633174
0.651252
0.672253
0.695766
0.722966
0.754009
0.788267
0.82761
0.866482
2.99414
2.98841
2.97223
2.91528
2.84916
2.12623
1.34907
0.490819
0.308489
0.365628
0.419735
0.436675
0.441015
0.443285
0.444684
0.447668
0.451505
0.454846
0.457576
0.46062
0.464316
0.468499
0.473191
0.478761
0.484882
0.49129
0.497969
0.505066
0.512719
0.520767
0.529045
0.537506
0.546177
0.555126
0.564404
0.574065
0.584279
0.595088
0.606836
0.619527
0.633612
0.649678
0.667346
0.687702
0.710184
0.73499
0.763035
0.793401
0.827222
0.860231
2.99498
2.98979
2.97557
2.92278
2.83293
2.18017
1.4099
0.527137
0.315599
0.37778
0.4399
0.462732
0.469508
0.47169
0.472092
0.47334
0.475868
0.477945
0.47878
0.479809
0.481737
0.484505
0.487635
0.491274
0.4959
0.500971
0.506388
0.51227
0.518567
0.525192
0.532329
0.540059
0.548228
0.556794
0.565934
0.575722
0.586144
0.5974
0.609595
0.622964
0.637523
0.653961
0.671984
0.691937
0.71387
0.737474
0.76325
0.790973
0.820715
0.849938
2.9944
2.98736
2.95842
2.93773
2.78936
2.30201
1.4926
0.567959
0.316681
0.384049
0.44945
0.480468
0.491693
0.49483
0.495006
0.494911
0.495743
0.495587
0.494271
0.493742
0.494277
0.4954
0.496783
0.498903
0.502144
0.505822
0.509917
0.514523
0.519603
0.525299
0.531472
0.538189
0.54548
0.553424
0.562137
0.571641
0.581935
0.593238
0.605597
0.619137
0.633895
0.649988
0.667729
0.687013
0.70804
0.730639
0.754642
0.780441
0.80761
0.834097
2.99377
2.98779
2.95517
2.93887
2.73781
2.40152
1.62731
0.612459
0.31948
0.38137
0.444418
0.484892
0.501653
0.506983
0.508375
0.508287
0.507729
0.505705
0.50363
0.50222
0.501136
0.500318
0.499875
0.500597
0.502752
0.505655
0.509239
0.513513
0.518346
0.523564
0.529181
0.535195
0.541887
0.549232
0.557495
0.566671
0.576723
0.587942
0.600268
0.613773
0.628492
0.644394
0.661545
0.679859
0.699435
0.720345
0.742469
0.76608
0.790974
0.814993
2.99382
2.98853
2.95705
2.94336
2.75416
2.44417
1.67716
0.633354
0.320136
0.375394
0.438803
0.485879
0.506532
0.51347
0.515647
0.514995
0.512932
0.510484
0.508576
0.50684
0.504645
0.502421
0.501419
0.502178
0.504103
0.507055
0.510633
0.514797
0.519413
0.524521
0.530115
0.536261
0.542944
0.550321
0.558356
0.567281
0.576958
0.58755
0.599117
0.611873
0.625607
0.64046
0.656808
0.674123
0.692625
0.712304
0.732676
0.753855
0.776026
0.797306
2.99275
3.00197
2.94048
3.13761
2.84382
2.46222
1.63051
0.868085
0.364138
0.391909
0.443737
0.484984
0.494686
0.489883
0.484817
0.481951
0.480531
0.48062
0.48228
0.484529
0.486729
0.489123
0.492749
0.497182
0.501885
0.507092
0.512793
0.518865
0.525184
0.531758
0.53853
0.545588
0.552856
0.560531
0.568562
0.577183
0.586358
0.596078
0.606636
0.617967
0.630237
0.643435
0.657676
0.673319
0.689745
0.70746
0.726159
0.745572
0.76607
0.785493
2.99613
3.00515
2.94851
3.13818
2.86588
2.49867
1.69079
0.924284
0.376757
0.386901
0.439531
0.477518
0.482539
0.471962
0.463068
0.458049
0.457087
0.460177
0.465323
0.471089
0.477463
0.483894
0.490636
0.497521
0.504702
0.512233
0.519686
0.527344
0.535232
0.543169
0.551068
0.558922
0.566701
0.574529
0.582466
0.590814
0.599486
0.608561
0.618285
0.628521
0.639563
0.651331
0.663833
0.677549
0.69198
0.707432
0.723864
0.741077
0.759134
0.776578
2.99682
3.00547
2.9497
3.13816
2.86558
2.51295
1.69869
0.933984
0.377417
0.376383
0.428241
0.469332
0.478425
0.471385
0.464108
0.459532
0.458813
0.462142
0.467951
0.47496
0.48248
0.489943
0.497354
0.504733
0.512092
0.519648
0.527444
0.535165
0.542787
0.550899
0.559513
0.568012
0.576578
0.585108
0.593575
0.602141
0.61072
0.619534
0.628587
0.638213
0.648232
0.658979
0.67027
0.682389
0.695344
0.709023
0.723679
0.738916
0.755109
0.770589
2.99551
2.99275
2.97317
2.93923
2.77647
2.51416
1.73045
0.755255
0.3951
0.386193
0.444274
0.49236
0.507751
0.50625
0.501091
0.496237
0.493481
0.49292
0.493845
0.495594
0.497778
0.501013
0.50499
0.509399
0.514874
0.521361
0.528636
0.536436
0.544497
0.552805
0.561529
0.570541
0.579588
0.588728
0.597854
0.606972
0.616029
0.625233
0.634441
0.644047
0.653879
0.664187
0.675031
0.686387
0.698323
0.710798
0.72394
0.737676
0.75197
0.765853
2.99872
3.00789
2.95541
3.13722
2.87544
2.53666
1.73934
0.973445
0.399651
0.382965
0.436071
0.484264
0.498048
0.497553
0.49507
0.493748
0.494608
0.496594
0.499517
0.502554
0.505404
0.508508
0.511984
0.515968
0.520803
0.526521
0.53294
0.540049
0.547769
0.555766
0.563938
0.572293
0.580864
0.589812
0.598781
0.608151
0.61755
0.627054
0.636528
0.646232
0.656173
0.666277
0.676988
0.687944
0.69957
0.711542
0.723931
0.736799
0.750124
0.762843
3.00155
3.01135
2.9614
3.1417
2.89126
2.5495
1.77343
0.999772
0.395564
0.377978
0.431834
0.478972
0.491851
0.491338
0.491073
0.492721
0.496409
0.501274
0.507218
0.513142
0.517943
0.52182
0.525655
0.529857
0.534426
0.539239
0.544318
0.549845
0.555732
0.561994
0.568677
0.575811
0.583178
0.59097
0.599023
0.607711
0.61659
0.625933
0.635488
0.645127
0.655133
0.665298
0.67577
0.686587
0.697943
0.709766
0.721834
0.734395
0.747211
0.759486
3.00354
3.01423
2.96955
3.15259
2.89826
2.56098
1.81253
1.03492
0.400992
0.368551
0.419706
0.466146
0.480212
0.482594
0.486051
0.491751
0.499567
0.508214
0.517376
0.525999
0.53244
0.536991
0.540874
0.544604
0.548294
0.551795
0.555353
0.558988
0.562562
0.56655
0.571154
0.576571
0.582603
0.589409
0.59668
0.604627
0.612905
0.621943
0.631343
0.641126
0.651227
0.66164
0.672334
0.683327
0.694581
0.706284
0.718412
0.730998
0.743657
0.755668
3.00322
3.01294
2.97597
3.15173
2.89847
2.61193
1.86022
1.07591
0.41434
0.361342
0.413916
0.467136
0.486857
0.492127
0.496773
0.502999
0.511347
0.520524
0.529937
0.538594
0.544756
0.548828
0.552055
0.555028
0.557734
0.560031
0.562349
0.564504
0.566371
0.568748
0.572198
0.576862
0.58249
0.588899
0.595824
0.603407
0.611374
0.620035
0.629113
0.63884
0.648875
0.659436
0.670319
0.681424
0.692993
0.704721
0.716648
0.728847
0.741273
0.753152
2.99914
2.99015
2.99075
2.94506
2.90144
2.65076
1.95479
1.01659
0.541296
0.389686
0.441458
0.50533
0.531422
0.53373
0.528918
0.524301
0.521014
0.520064
0.52133
0.523115
0.524591
0.526565
0.529086
0.532519
0.536723
0.5413
0.545957
0.550735
0.555651
0.560657
0.566022
0.572349
0.579315
0.586805
0.594354
0.602503
0.610796
0.619765
0.629136
0.639066
0.649505
0.660213
0.671394
0.682666
0.69423
0.705994
0.717655
0.729517
0.741537
0.752909
2.99958
2.9969
2.99263
3.01426
2.95388
2.82177
2.09546
1.26818
0.435809
0.321276
0.395446
0.470464
0.502474
0.512234
0.516632
0.520072
0.523475
0.527394
0.531895
0.535556
0.53783
0.539425
0.540864
0.542565
0.544784
0.547304
0.550248
0.553736
0.557661
0.562029
0.566868
0.572589
0.579006
0.586002
0.593253
0.60109
0.609334
0.618083
0.627456
0.637304
0.647913
0.65898
0.670727
0.682713
0.694748
0.706753
0.718728
0.730738
0.742744
0.754078
2.99857
2.99485
2.98869
2.97684
2.92856
2.80247
2.14674
1.34251
0.509772
0.322926
0.385876
0.456961
0.490456
0.505123
0.514225
0.522228
0.530638
0.539394
0.547263
0.55269
0.556067
0.558276
0.559767
0.560601
0.561032
0.561447
0.561743
0.562259
0.563704
0.56639
0.569949
0.574269
0.579328
0.585245
0.591885
0.599291
0.607377
0.616052
0.62527
0.63505
0.645317
0.656086
0.667227
0.678595
0.690308
0.702499
0.714987
0.727498
0.739905
0.751494
2.99841
2.98734
2.99664
2.92255
3.13197
2.78991
2.32965
1.43858
0.743842
0.358539
0.410498
0.47876
0.520362
0.532033
0.530068
0.526877
0.526527
0.528455
0.53081
0.533213
0.535262
0.537322
0.539712
0.542357
0.545158
0.548003
0.550986
0.554166
0.557985
0.562898
0.568409
0.574334
0.580611
0.587236
0.594176
0.601563
0.609371
0.617648
0.626344
0.635504
0.645028
0.654843
0.664937
0.675416
0.686148
0.697037
0.708055
0.719331
0.731113
0.742204
2.99888
2.99163
3.00149
2.93675
3.13811
2.83615
2.42308
1.58301
0.825951
0.344084
0.406519
0.471755
0.518455
0.530385
0.524287
0.516165
0.511394
0.509294
0.508916
0.509862
0.511821
0.514786
0.518876
0.524027
0.529956
0.536348
0.54284
0.549368
0.556098
0.562985
0.569904
0.576797
0.583706
0.590637
0.597612
0.6046
0.611566
0.618717
0.626642
0.635482
0.644518
0.653709
0.662916
0.67208
0.68139
0.69081
0.700478
0.710388
0.720815
0.73078
2.99907
2.99284
3.00235
2.9409
3.13656
2.84735
2.46965
1.63844
0.876207
0.365513
0.402717
0.459995
0.506152
0.519245
0.515211
0.50909
0.506274
0.505275
0.505138
0.505829
0.507437
0.51011
0.514178
0.519696
0.526348
0.53398
0.542307
0.55092
0.559191
0.566788
0.57409
0.58116
0.588032
0.59478
0.601407
0.607863
0.614038
0.619945
0.626187
0.633664
0.641983
0.650574
0.659377
0.66825
0.677205
0.686145
0.695117
0.704196
0.713511
0.722597
2.99863
2.99423
2.99185
2.96848
2.93891
2.74614
2.44743
1.72033
0.69257
0.342923
0.378846
0.439761
0.490504
0.514399
0.523618
0.529116
0.534642
0.54035
0.545156
0.548349
0.550319
0.551562
0.552619
0.554092
0.555681
0.557431
0.559577
0.562289
0.565543
0.569234
0.573291
0.577727
0.582562
0.587832
0.593517
0.5995
0.605833
0.612474
0.619423
0.626847
0.635075
0.643644
0.652367
0.661079
0.6697
0.678558
0.687351
0.696536
0.705907
0.714885
2.9994
2.99499
3.00413
2.9475
3.13435
2.86302
2.51407
1.71052
0.952176
0.416211
0.413702
0.465586
0.511334
0.525898
0.525287
0.522683
0.521636
0.522968
0.526134
0.529648
0.532914
0.536294
0.540081
0.544081
0.54822
0.552556
0.55721
0.5622
0.567403
0.572661
0.577911
0.583124
0.588103
0.593106
0.598351
0.603793
0.609377
0.615062
0.621284
0.628398
0.635888
0.643505
0.650995
0.658724
0.666273
0.674031
0.681777
0.689821
0.698266
0.706503
2.99961
2.99643
3.00518
2.95105
3.13489
2.87317
2.53431
1.74293
0.985371
0.422595
0.407009
0.460652
0.508257
0.523131
0.520641
0.515939
0.512522
0.511003
0.512087
0.515126
0.518472
0.5224
0.527104
0.532489
0.538602
0.545453
0.552798
0.560379
0.567979
0.575394
0.58226
0.588123
0.593168
0.597838
0.602407
0.607039
0.611748
0.616329
0.621043
0.627073
0.634328
0.641599
0.648783
0.655939
0.662998
0.670059
0.677149
0.6844
0.691816
0.699059
2.9987
2.99503
2.99344
2.9718
2.94471
2.82455
2.4957
1.81781
0.812491
0.420697
0.398815
0.457533
0.512028
0.536775
0.545649
0.549775
0.552264
0.554341
0.556797
0.559656
0.561852
0.563578
0.564907
0.56568
0.56615
0.566485
0.566911
0.567755
0.569411
0.571697
0.574275
0.577055
0.580258
0.584167
0.588649
0.59329
0.598493
0.604496
0.611112
0.61808
0.625547
0.633468
0.64128
0.648893
0.656433
0.664027
0.671503
0.67925
0.686786
0.694114
2.99986
2.99731
3.00626
2.95567
3.13108
2.88271
2.56323
1.79566
1.04352
0.462196
0.415248
0.461775
0.507932
0.52369
0.524532
0.523003
0.522604
0.524457
0.527756
0.532566
0.537831
0.542764
0.547311
0.551681
0.556047
0.560441
0.564957
0.569742
0.574755
0.579707
0.584384
0.588926
0.592983
0.596226
0.599582
0.603364
0.607645
0.612248
0.617306
0.623508
0.630382
0.637164
0.643872
0.650436
0.656937
0.663567
0.67007
0.676921
0.683653
0.690265
3.00068
2.99905
3.00814
2.96066
3.13104
2.89428
2.57453
1.82738
1.07346
0.46282
0.407766
0.455491
0.500749
0.51411
0.511973
0.509051
0.5077
0.509033
0.512807
0.518325
0.52458
0.531009
0.537738
0.544762
0.552029
0.559516
0.567068
0.574523
0.581742
0.588615
0.594911
0.59992
0.603294
0.606042
0.608641
0.611399
0.614398
0.617379
0.620814
0.626017
0.632415
0.638767
0.645116
0.651394
0.657588
0.663779
0.66998
0.676234
0.682614
0.688523
3.00105
3.00004
3.00884
2.96308
3.12963
2.89955
2.58809
1.85333
1.10139
0.475196
0.403567
0.44658
0.489731
0.502934
0.502052
0.5
0.500077
0.502873
0.507592
0.513625
0.520448
0.527758
0.535464
0.543455
0.551609
0.559834
0.567992
0.575924
0.583483
0.590553
0.596831
0.601418
0.604159
0.606306
0.608283
0.610417
0.612785
0.615098
0.618128
0.623283
0.629631
0.635983
0.642348
0.648691
0.654996
0.661298
0.667587
0.673967
0.680566
0.686316
3.00157
3.00104
3.00957
2.96599
3.12853
2.90437
2.61312
1.88099
1.12613
0.480462
0.38914
0.430027
0.475636
0.493772
0.496535
0.49549
0.495768
0.498192
0.502218
0.507544
0.513744
0.520457
0.52748
0.534737
0.542112
0.549534
0.556948
0.564245
0.571336
0.578148
0.584332
0.588932
0.591993
0.594752
0.597571
0.600676
0.604008
0.607233
0.611441
0.61769
0.624497
0.631185
0.637763
0.644224
0.650603
0.65694
0.663238
0.669661
0.676231
0.681733
2.99907
2.99629
2.99408
2.97936
2.95026
2.8247
2.63663
2.03482
1.0699
0.573329
0.412879
0.45555
0.51387
0.55194
0.566507
0.569022
0.56922
0.570204
0.572341
0.575646
0.57875
0.580737
0.58147
0.581203
0.580244
0.57877
0.577064
0.575364
0.574009
0.573812
0.574768
0.576196
0.577961
0.580472
0.583654
0.587385
0.592144
0.597736
0.603949
0.610687
0.617541
0.624291
0.630847
0.637451
0.644025
0.650477
0.656993
0.663925
0.670748
0.677147
2.99924
2.99668
2.99348
2.97699
2.95969
2.84597
2.68432
2.10845
1.20081
0.641064
0.416008
0.465456
0.535656
0.582382
0.597192
0.597132
0.594339
0.591831
0.590522
0.590138
0.589809
0.588308
0.585952
0.583002
0.579661
0.576098
0.572496
0.569084
0.566075
0.564243
0.564308
0.565657
0.567977
0.571112
0.575296
0.580569
0.586886
0.594097
0.601298
0.607926
0.614567
0.621184
0.627768
0.634387
0.641061
0.647597
0.653602
0.660286
0.667957
0.675313
2.999
2.99604
2.99422
2.97607
2.95868
2.83952
2.65488
2.03844
1.12954
0.596131
0.415521
0.468237
0.539816
0.585593
0.600236
0.600956
0.599096
0.597556
0.596882
0.596883
0.596564
0.594858
0.592277
0.58912
0.585585
0.581874
0.578196
0.574706
0.571845
0.570562
0.570518
0.571032
0.572241
0.574209
0.577178
0.581014
0.585801
0.591778
0.598554
0.605756
0.612836
0.619353
0.625586
0.631727
0.637959
0.644243
0.650121
0.656495
0.664259
0.672357
3.00151
3.00117
3.00881
2.99015
3.10584
2.90789
2.69703
1.94108
1.15215
0.433242
0.354345
0.409847
0.470697
0.498646
0.508346
0.512965
0.517112
0.522153
0.528157
0.534271
0.539712
0.544601
0.549011
0.553061
0.556877
0.560602
0.564341
0.568163
0.572194
0.576361
0.580552
0.58456
0.587435
0.589412
0.591737
0.594523
0.597807
0.601191
0.605032
0.610665
0.617061
0.622814
0.627975
0.63264
0.637135
0.641711
0.645961
0.650455
0.655775
0.66123
3.0014
3.0014
3.01027
2.98335
3.13109
2.90863
2.67148
1.94263
1.16901
0.450903
0.370041
0.419552
0.473211
0.495995
0.50263
0.505913
0.510178
0.515711
0.522051
0.528496
0.53471
0.540721
0.546627
0.552516
0.558471
0.564554
0.570757
0.577011
0.583207
0.589219
0.594561
0.598592
0.60155
0.603963
0.606079
0.60816
0.610348
0.612374
0.614503
0.618248
0.62334
0.628206
0.632771
0.637024
0.641035
0.645196
0.649478
0.652917
0.656367
0.65999
3.00179
3.00192
3.01328
2.98059
3.14763
2.91146
2.63835
1.91818
1.14547
0.445303
0.375151
0.429857
0.48574
0.507247
0.511778
0.513796
0.517535
0.523333
0.530771
0.538321
0.545167
0.551467
0.55747
0.563366
0.569301
0.575356
0.58153
0.587735
0.593804
0.599543
0.60454
0.608299
0.610957
0.612853
0.614247
0.615461
0.61681
0.618298
0.619755
0.622472
0.627189
0.632136
0.636841
0.641306
0.645513
0.649681
0.654168
0.658021
0.661152
0.664283
1.11009
0.937127
0.485304
0.177309
0.0203801
0.0815222
0.146022
0.204621
0.225604
0.221365
0.213768
0.207188
0.199419
0.189022
0.174639
0.155686
0.133242
0.108586
0.0825805
0.0559335
0.030788
0.0156676
0.0345165
0.0608915
0.0870049
0.112506
0.137322
0.161477
0.184992
0.207887
0.230173
0.25128
0.271281
0.291264
0.311999
0.332632
0.352541
0.371737
0.390378
0.408515
0.426187
0.443427
0.460226
0.476638
0.492668
0.508314
0.52358
0.538513
0.553036
0.567278
0.581134
0.594676
0.607885
0.620769
0.633307
0.645499
0.657329
0.668754
0.679776
0.690338
0.700424
0.709988
0.719061
0.727548
0.735464
0.742782
0.749456
0.755482
0.760848
0.765537
0.769543
0.772908
0.775632
0.777784
0.779395
0.780469
0.781144
0.781456
0.781481
0.781291
0.780996
0.78068
0.780304
0.779859
0.779497
0.779294
0.779287
0.779513
0.779966
0.780609
0.781452
0.782486
0.783675
0.785002
0.786462
0.788018
0.789608
0.791101
0.792534
0.796764
1.03909
0.956861
0.781359
0.566285
0.525803
0.467774
0.417895
0.368624
0.325948
0.282498
0.238226
0.205223
0.19571
0.203217
0.212752
0.224526
0.240466
0.258283
0.277125
0.296495
0.315853
0.334832
0.353839
0.373183
0.392519
0.411702
0.430584
0.449221
0.467514
0.485524
0.503248
0.520388
0.536689
0.552789
0.569431
0.586339
0.602634
0.618332
0.63355
0.648367
0.662806
0.67685
0.690529
0.703806
0.71671
0.729224
0.741389
0.75318
0.764667
0.775821
0.78667
0.797211
0.807472
0.817445
0.827175
0.836709
0.84605
0.855232
0.864243
0.873007
0.881467
0.889548
0.897187
0.904314
0.910935
0.916988
0.922534
0.927524
0.932012
0.936012
0.939452
0.942382
0.944855
0.946757
0.94837
0.949342
0.950178
0.950625
0.95082
0.950805
0.950681
0.950614
0.950507
0.950274
0.9501
0.950078
0.950177
0.950551
0.951187
0.951925
0.952837
0.953918
0.955192
0.956552
0.958036
0.959509
0.96104
0.962353
0.963487
0.967131
1.00066
1.0123
0.966418
0.880882
0.825782
0.791299
0.766571
0.736724
0.705521
0.677156
0.654306
0.638012
0.623628
0.613612
0.607546
0.604521
0.604012
0.60625
0.610641
0.616284
0.623253
0.631117
0.639782
0.649322
0.659533
0.670251
0.681325
0.692653
0.704191
0.715932
0.727884
0.739692
0.751092
0.7625
0.774543
0.787298
0.800034
0.812508
0.824779
0.836925
0.848967
0.860894
0.872684
0.884323
0.895805
0.907123
0.918275
0.92925
0.940036
0.95061
0.960943
0.971005
0.980765
0.990188
0.999216
1.00778
1.01588
1.02364
1.03102
1.03773
1.04358
1.04893
1.05383
1.05828
1.06229
1.06587
1.06904
1.07181
1.07422
1.07628
1.07801
1.07945
1.08052
1.08125
1.08178
1.082
1.08179
1.08145
1.08103
1.08039
1.07969
1.07906
1.07855
1.07804
1.07756
1.07711
1.07697
1.07712
1.0776
1.0782
1.07906
1.08009
1.08159
1.0831
1.08497
1.08692
1.08876
1.09081
1.09204
1.09622
0.986793
1.02968
1.03803
1.01713
0.987168
0.969448
0.960379
0.950873
0.937197
0.921525
0.906271
0.894149
0.886394
0.879782
0.872788
0.865905
0.85954
0.854187
0.849899
0.846399
0.844336
0.843676
0.843766
0.845378
0.848089
0.851697
0.856118
0.861183
0.86685
0.873061
0.879843
0.886837
0.893771
0.900898
0.908744
0.917638
0.927135
0.936705
0.946289
0.955949
0.965725
0.975616
0.98557
0.995539
1.00547
1.01534
1.02515
1.0349
1.0446
1.05425
1.06384
1.07336
1.0828
1.09211
1.10125
1.1102
1.11883
1.12712
1.13517
1.14282
1.14999
1.1568
1.16315
1.16891
1.17421
1.17905
1.18326
1.18693
1.18999
1.19239
1.19435
1.19545
1.19606
1.19607
1.19538
1.19437
1.19302
1.19116
1.18923
1.1872
1.18508
1.18307
1.18117
1.17925
1.17741
1.17584
1.17451
1.17336
1.17242
1.17198
1.17169
1.17202
1.17216
1.17309
1.17367
1.17521
1.17613
1.17794
1.17855
1.18286
0.970544
1.02351
1.05446
1.0635
1.06311
1.06242
1.06505
1.06703
1.067
1.06309
1.05714
1.05096
1.04598
1.04134
1.03563
1.02812
1.0196
1.01155
1.00419
0.997422
0.991371
0.986143
0.982083
0.979114
0.977107
0.976575
0.976522
0.977711
0.979712
0.982266
0.985567
0.98916
0.992767
0.996637
1.00122
1.00695
1.01358
1.02057
1.02775
1.03515
1.04277
1.05065
1.05877
1.06714
1.07573
1.0845
1.09346
1.10247
1.11156
1.12058
1.12955
1.13841
1.14715
1.15573
1.16416
1.17244
1.18051
1.18843
1.1961
1.20354
1.2107
1.21751
1.22393
1.22997
1.23557
1.24062
1.24529
1.24947
1.25318
1.25632
1.25894
1.26125
1.26289
1.26412
1.26504
1.26534
1.26517
1.26477
1.26404
1.26286
1.26138
1.25981
1.25818
1.25639
1.2545
1.25273
1.25109
1.24953
1.2482
1.24724
1.24652
1.24593
1.24551
1.24544
1.24541
1.2459
1.24615
1.247
1.24702
1.25009
0.950069
1.00586
1.04681
1.07391
1.09072
1.10312
1.11465
1.1245
1.13212
1.13641
1.13783
1.13678
1.13412
1.13116
1.12758
1.12201
1.11413
1.105
1.09622
1.08792
1.08017
1.0732
1.06694
1.06157
1.05729
1.05431
1.05235
1.05154
1.0516
1.05229
1.05416
1.05607
1.0578
1.05967
1.0622
1.06573
1.07016
1.07499
1.08009
1.08551
1.09127
1.09741
1.10395
1.11087
1.11817
1.12579
1.13372
1.14188
1.15025
1.15878
1.16739
1.17604
1.18467
1.19321
1.20164
1.20991
1.21795
1.22576
1.23331
1.24054
1.24744
1.25405
1.26029
1.26613
1.27169
1.27681
1.28155
1.28588
1.28982
1.29332
1.29639
1.29887
1.30109
1.30279
1.30399
1.30493
1.30537
1.3054
1.30525
1.30482
1.30403
1.30291
1.30165
1.30021
1.2986
1.297
1.29538
1.29381
1.29239
1.29121
1.29022
1.28935
1.28868
1.28834
1.28816
1.28818
1.28823
1.28855
1.28826
1.29036
0.931064
0.982107
1.02756
1.06371
1.09097
1.11292
1.1306
1.14656
1.15938
1.16897
1.1755
1.17876
1.17981
1.17862
1.17613
1.17288
1.16754
1.15989
1.15091
1.14213
1.13377
1.12583
1.11838
1.1118
1.10625
1.1016
1.09812
1.09568
1.09456
1.09452
1.09517
1.09671
1.09828
1.10002
1.10223
1.10505
1.10847
1.11223
1.11627
1.12051
1.12492
1.12954
1.13451
1.13993
1.14584
1.15214
1.15892
1.1661
1.17362
1.18148
1.18959
1.19791
1.20631
1.21471
1.22303
1.23117
1.23909
1.24673
1.25403
1.261
1.26763
1.27389
1.27978
1.28536
1.29058
1.29541
1.29999
1.30416
1.30799
1.31146
1.31457
1.31731
1.31962
1.32163
1.32324
1.32446
1.3254
1.32605
1.32639
1.3264
1.3262
1.32579
1.32514
1.32425
1.32327
1.32231
1.32132
1.32031
1.31941
1.31876
1.31829
1.3179
1.31772
1.31774
1.31784
1.31811
1.31832
1.31866
1.31835
1.31984
0.914638
0.959756
1.0035
1.04333
1.07678
1.10415
1.12726
1.14672
1.16336
1.17697
1.18666
1.19388
1.19766
1.19927
1.1985
1.19643
1.19366
1.18922
1.18254
1.17429
1.16602
1.15796
1.15032
1.14315
1.13657
1.13095
1.12657
1.12329
1.121
1.11994
1.11996
1.1206
1.12183
1.12376
1.12627
1.12955
1.13346
1.13752
1.14145
1.14525
1.14908
1.15295
1.15707
1.1614
1.1659
1.17065
1.17588
1.1819
1.1885
1.19562
1.20319
1.21116
1.2193
1.22755
1.23575
1.24377
1.25156
1.259
1.26607
1.27275
1.27902
1.2849
1.29042
1.29558
1.3004
1.30493
1.30911
1.31298
1.31655
1.31981
1.32269
1.3253
1.32764
1.32961
1.33132
1.33269
1.3339
1.33484
1.33554
1.33603
1.33626
1.33628
1.33623
1.33598
1.33558
1.33513
1.33459
1.33404
1.33355
1.33329
1.33322
1.33323
1.33335
1.33361
1.33396
1.33445
1.33485
1.3352
1.33492
1.33619
0.897413
0.937844
0.978972
1.01852
1.05485
1.08604
1.11272
1.13514
1.15389
1.16915
1.18206
1.1912
1.19842
1.20244
1.20479
1.20463
1.20333
1.20156
1.198
1.19229
1.18514
1.17787
1.17069
1.16362
1.15692
1.15077
1.14537
1.14105
1.13804
1.13623
1.13535
1.13525
1.13592
1.13771
1.14068
1.14448
1.14893
1.15369
1.15856
1.16319
1.16733
1.17124
1.1749
1.17808
1.18156
1.18552
1.18987
1.19444
1.19925
1.20492
1.21194
1.21963
1.22756
1.23567
1.24373
1.25163
1.25926
1.26648
1.27328
1.27963
1.28554
1.29104
1.29613
1.30088
1.30527
1.30931
1.31309
1.31656
1.31973
1.32262
1.32527
1.32766
1.32978
1.33168
1.33336
1.33478
1.33606
1.33723
1.33825
1.33906
1.33966
1.34011
1.34046
1.34072
1.34086
1.34093
1.34079
1.34067
1.34058
1.34063
1.34081
1.34107
1.3414
1.34186
1.34239
1.34303
1.34356
1.34404
1.34383
1.34506
0.877062
0.914307
0.953146
0.991926
1.02879
1.06204
1.09094
1.11593
1.13659
1.15422
1.1682
1.18007
1.18857
1.19558
1.19996
1.20286
1.20373
1.20315
1.20227
1.20014
1.1957
1.18991
1.1839
1.17777
1.17176
1.16603
1.16037
1.15486
1.15012
1.14689
1.14536
1.14479
1.14475
1.14607
1.14953
1.154
1.15912
1.16445
1.16973
1.17465
1.17896
1.18286
1.18653
1.18946
1.19211
1.1954
1.19931
1.20361
1.20806
1.21298
1.21899
1.2264
1.23423
1.24219
1.25009
1.25773
1.265
1.27184
1.27819
1.28409
1.28954
1.29454
1.29918
1.30345
1.30734
1.31099
1.31433
1.31734
1.32011
1.32265
1.32495
1.32706
1.32899
1.33073
1.33227
1.33365
1.33499
1.3362
1.33726
1.33821
1.3391
1.3399
1.34056
1.34112
1.34162
1.34203
1.34239
1.34276
1.34313
1.3435
1.34396
1.34451
1.34513
1.34588
1.34672
1.34752
1.34821
1.34883
1.34885
1.35032
0.854379
0.888842
0.925426
0.96294
0.999636
1.03376
1.06425
1.09105
1.11396
1.13322
1.14916
1.16218
1.17271
1.1809
1.18781
1.19298
1.1963
1.19878
1.19965
1.2
1.19904
1.196
1.19156
1.1868
1.18173
1.17584
1.16938
1.16323
1.15791
1.15419
1.15233
1.15162
1.15151
1.1528
1.15665
1.16164
1.16703
1.17233
1.17735
1.18194
1.18596
1.18966
1.19309
1.19569
1.19823
1.20142
1.20521
1.20934
1.21367
1.21879
1.22542
1.2329
1.24046
1.24793
1.25517
1.26208
1.26863
1.27479
1.28061
1.28607
1.29122
1.29607
1.30059
1.30485
1.30873
1.31234
1.31552
1.3184
1.32097
1.32319
1.32511
1.32679
1.32828
1.3296
1.33079
1.33187
1.33292
1.33392
1.33492
1.33591
1.3369
1.33785
1.33878
1.33969
1.34058
1.34144
1.34224
1.34303
1.34382
1.34466
1.3455
1.34647
1.3474
1.34846
1.34942
1.35049
1.35143
1.35238
1.3527
1.35456
0.833194
0.865102
0.899315
0.934794
0.970103
1.00373
1.03477
1.06271
1.08703
1.10779
1.12552
1.14057
1.15307
1.16357
1.17274
1.18026
1.18634
1.19062
1.195
1.19737
1.19818
1.19717
1.19483
1.19154
1.18705
1.1809
1.17396
1.16764
1.1626
1.15943
1.158
1.15745
1.15796
1.16059
1.1648
1.16923
1.1738
1.17831
1.18273
1.18681
1.19046
1.19396
1.19712
1.1997
1.20265
1.20615
1.21007
1.21416
1.21881
1.22465
1.23131
1.23814
1.24496
1.25158
1.25787
1.26381
1.26946
1.27488
1.28015
1.28534
1.29044
1.29544
1.30029
1.30491
1.30924
1.31319
1.31674
1.31986
1.32256
1.32488
1.3268
1.32849
1.32993
1.33113
1.3322
1.33317
1.33409
1.335
1.3359
1.33681
1.33775
1.33872
1.33969
1.34062
1.3415
1.34236
1.34317
1.34403
1.34482
1.34575
1.34664
1.34774
1.34877
1.35008
1.35125
1.35274
1.35394
1.35535
1.35596
1.35857
0.817727
0.846165
0.877649
0.911211
0.944782
0.977141
1.00754
1.03544
1.06042
1.08253
1.10195
1.11881
1.13345
1.14647
1.15804
1.16788
1.17602
1.18321
1.18942
1.19366
1.19549
1.19534
1.19444
1.19237
1.18761
1.18115
1.17494
1.16977
1.16622
1.16446
1.16371
1.16396
1.16601
1.1684
1.17146
1.17482
1.17847
1.18234
1.18626
1.18996
1.19338
1.19675
1.20003
1.20344
1.20716
1.21103
1.2151
1.21972
1.22518
1.23093
1.23676
1.24248
1.24795
1.25317
1.2582
1.26312
1.26804
1.27304
1.27818
1.28348
1.28894
1.29441
1.29984
1.30505
1.30992
1.31441
1.31838
1.32178
1.32472
1.32718
1.32909
1.33058
1.33189
1.33298
1.33377
1.33441
1.33499
1.33554
1.33609
1.33668
1.33731
1.33798
1.3387
1.33942
1.34017
1.34095
1.3417
1.34247
1.34334
1.34429
1.34527
1.34639
1.34753
1.34894
1.35027
1.35201
1.35344
1.35523
1.35611
1.35937
0.805852
0.832904
0.862355
0.893425
0.924815
0.955616
0.985096
1.01252
1.03759
1.06036
1.08083
1.09897
1.11519
1.13014
1.14367
1.15546
1.16593
1.17524
1.18272
1.18738
1.18975
1.19083
1.19026
1.18809
1.18485
1.1809
1.17668
1.17336
1.17138
1.17036
1.17026
1.17105
1.17194
1.17321
1.17532
1.17806
1.18143
1.18513
1.189
1.19296
1.19707
1.20126
1.20542
1.20967
1.21412
1.21871
1.22329
1.22776
1.2322
1.23669
1.24123
1.24575
1.25015
1.25444
1.25866
1.2631
1.26783
1.27294
1.2784
1.28403
1.28975
1.29539
1.30076
1.3058
1.31043
1.31453
1.31809
1.32119
1.32384
1.32594
1.32752
1.32879
1.32994
1.33085
1.33146
1.33197
1.33246
1.33294
1.33345
1.33402
1.33463
1.33528
1.33597
1.33668
1.33741
1.33814
1.33886
1.33958
1.34038
1.34136
1.34242
1.34358
1.3448
1.34628
1.34777
1.34977
1.35141
1.35354
1.35463
1.35837
0.796943
0.821959
0.849493
0.879002
0.909171
0.938732
0.967003
0.993632
1.01837
1.0412
1.06206
1.08109
1.09875
1.11505
1.13002
1.14372
1.15551
1.16501
1.17269
1.17828
1.182
1.18455
1.18579
1.18562
1.18439
1.1823
1.18058
1.17911
1.17764
1.17647
1.17568
1.17525
1.17522
1.17577
1.17725
1.18021
1.18422
1.18872
1.19347
1.19836
1.20339
1.20845
1.21341
1.21812
1.22251
1.22656
1.23041
1.23405
1.2374
1.24094
1.2447
1.24859
1.25253
1.25643
1.26038
1.26473
1.26978
1.27513
1.28054
1.28593
1.29125
1.29633
1.30107
1.30548
1.30952
1.31306
1.31612
1.3188
1.32111
1.32295
1.32436
1.32551
1.32658
1.3275
1.32817
1.32871
1.32921
1.32965
1.33006
1.33046
1.33088
1.33131
1.33177
1.33227
1.33283
1.33343
1.33409
1.33481
1.33565
1.33666
1.33777
1.339
1.34027
1.34183
1.34345
1.34568
1.34752
1.34999
1.35129
1.35566
0.789258
0.811692
0.837427
0.865869
0.895136
0.923895
0.951495
0.977586
1.002
1.02469
1.04573
1.06534
1.08369
1.1006
1.11606
1.12962
1.14127
1.15154
1.16039
1.1683
1.17483
1.17977
1.18319
1.18504
1.18583
1.18595
1.18545
1.18421
1.18216
1.17997
1.1783
1.17749
1.17753
1.17804
1.17965
1.18336
1.18865
1.19433
1.20003
1.20556
1.2108
1.2157
1.22022
1.22435
1.22819
1.23188
1.23505
1.23786
1.24098
1.24445
1.24815
1.25199
1.25588
1.2598
1.26408
1.26897
1.27401
1.27903
1.28391
1.28853
1.29288
1.29693
1.3006
1.30386
1.30683
1.30953
1.31187
1.31387
1.31572
1.31746
1.319
1.3203
1.32142
1.32246
1.32348
1.32442
1.32517
1.32584
1.32651
1.32715
1.32775
1.32832
1.32892
1.32957
1.33027
1.33102
1.33186
1.33279
1.33382
1.33495
1.33614
1.33744
1.33879
1.3405
1.34221
1.34452
1.34638
1.34886
1.35021
1.35476
0.784312
0.804516
0.827859
0.8537
0.881074
0.908995
0.936297
0.962218
0.986418
1.00892
1.02971
1.049
1.06682
1.08319
1.09841
1.1126
1.12583
1.13841
1.15011
1.16021
1.16871
1.17601
1.18168
1.18517
1.18701
1.18801
1.18799
1.1865
1.18405
1.18181
1.18041
1.18001
1.18031
1.18129
1.18438
1.18978
1.19555
1.20114
1.20644
1.21144
1.21617
1.22062
1.22473
1.22851
1.23216
1.23544
1.23841
1.24172
1.24531
1.2491
1.25299
1.25693
1.2612
1.26606
1.27103
1.27587
1.28046
1.28471
1.28855
1.29194
1.29485
1.29726
1.29923
1.30087
1.30231
1.30362
1.3049
1.30632
1.30789
1.3096
1.31138
1.31324
1.31515
1.31705
1.31885
1.32051
1.32201
1.32337
1.32461
1.32579
1.32692
1.3279
1.32874
1.32957
1.33043
1.33131
1.33226
1.33327
1.33436
1.33551
1.33676
1.33808
1.33951
1.34137
1.3432
1.34567
1.34764
1.35021
1.35167
1.35623
0.780184
0.799307
0.820829
0.845026
0.870687
0.896716
0.922464
0.947358
0.970796
0.992559
1.01267
1.03142
1.04914
1.06607
1.0823
1.09803
1.11334
1.12788
1.14108
1.15287
1.1634
1.17233
1.17902
1.18337
1.1863
1.18822
1.18842
1.18691
1.18516
1.18383
1.18341
1.1838
1.18476
1.18739
1.19169
1.19634
1.20123
1.20619
1.21103
1.21572
1.22023
1.22445
1.2283
1.23197
1.23567
1.23943
1.24325
1.24713
1.25112
1.25544
1.26025
1.26521
1.27017
1.275
1.27957
1.28373
1.28734
1.29036
1.29297
1.29526
1.29706
1.29835
1.29932
1.30005
1.30065
1.30128
1.30202
1.3028
1.30382
1.30542
1.30744
1.30956
1.31176
1.31403
1.31635
1.31866
1.32089
1.32298
1.3249
1.32666
1.32826
1.3297
1.33099
1.33221
1.33339
1.33438
1.3352
1.336
1.33687
1.3378
1.33885
1.33998
1.3413
1.34275
1.3443
1.34635
1.34835
1.35079
1.35226
1.35656
0.775687
0.794559
0.815794
0.839036
0.863208
0.887617
0.911943
0.935571
0.958147
0.979334
0.998946
1.01728
1.03489
1.05211
1.06915
1.08604
1.10252
1.11816
1.13264
1.14589
1.15769
1.16744
1.17467
1.17978
1.18373
1.18616
1.18695
1.18699
1.18691
1.18724
1.1881
1.18922
1.19114
1.1941
1.19758
1.20148
1.20563
1.20993
1.21427
1.21855
1.22281
1.22709
1.23141
1.23574
1.24007
1.24443
1.24887
1.25342
1.25805
1.2627
1.26732
1.2718
1.27611
1.2802
1.28397
1.28727
1.29008
1.29259
1.29474
1.2964
1.2976
1.29848
1.29907
1.29944
1.29974
1.30011
1.30065
1.30124
1.30212
1.30367
1.30566
1.30779
1.31005
1.31243
1.3149
1.31743
1.31989
1.32221
1.32434
1.32628
1.32804
1.32961
1.331
1.33228
1.33355
1.33469
1.33553
1.3362
1.3369
1.33765
1.33854
1.33955
1.34075
1.34218
1.34367
1.34535
1.3472
1.34941
1.35095
1.35524
0.772989
0.791605
0.812165
0.834478
0.857826
0.88137
0.904509
0.927104
0.948883
0.969519
0.988823
1.00691
1.02418
1.04121
1.05839
1.07559
1.09257
1.10889
1.12407
1.13762
1.14941
1.15962
1.16808
1.17461
1.17978
1.18392
1.18683
1.189
1.19083
1.19249
1.19405
1.19558
1.19729
1.19928
1.20152
1.20433
1.20778
1.21175
1.21617
1.2209
1.2258
1.23071
1.23554
1.24023
1.24478
1.24922
1.25363
1.25803
1.2624
1.26672
1.27095
1.27503
1.27891
1.28252
1.28573
1.28846
1.29083
1.29291
1.29456
1.29579
1.29668
1.29729
1.29769
1.29803
1.29845
1.29895
1.29953
1.30055
1.30205
1.30377
1.30568
1.30773
1.30989
1.31214
1.31444
1.31671
1.3189
1.32095
1.32287
1.3247
1.3264
1.32796
1.32937
1.33073
1.33206
1.33321
1.33405
1.33478
1.3355
1.33622
1.33705
1.33795
1.33903
1.34033
1.34176
1.34339
1.34498
1.34668
1.34817
1.35253
0.77177
0.789241
0.809148
0.831182
0.854006
0.876833
0.899171
0.92081
0.941733
0.961911
0.981068
0.998979
1.01589
1.03246
1.04908
1.06574
1.08214
1.09784
1.11268
1.12645
1.13916
1.15062
1.16076
1.16953
1.17679
1.18298
1.18791
1.19177
1.19492
1.19725
1.19889
1.20029
1.20184
1.20366
1.20573
1.20856
1.21236
1.21656
1.22115
1.22599
1.23089
1.23568
1.24027
1.24468
1.24893
1.25306
1.25711
1.26111
1.26508
1.26899
1.27282
1.27646
1.27981
1.28287
1.28557
1.28783
1.28978
1.29143
1.29267
1.29354
1.29418
1.29472
1.29523
1.29574
1.2965
1.29774
1.29923
1.3009
1.30272
1.30463
1.30661
1.30862
1.31063
1.31259
1.31446
1.31625
1.31797
1.31966
1.32131
1.3229
1.32436
1.32577
1.32717
1.32839
1.32931
1.33009
1.33081
1.33152
1.33229
1.33316
1.33421
1.33541
1.33685
1.33847
1.34019
1.34207
1.34414
1.34648
1.34803
1.35225
0.772539
0.789238
0.807295
0.826937
0.848267
0.870608
0.892923
0.914443
0.935154
0.955022
0.973811
0.991476
1.00822
1.02435
1.04009
1.05565
1.07112
1.0865
1.10163
1.1163
1.13017
1.14305
1.15475
1.16502
1.17409
1.18184
1.18791
1.1928
1.19689
1.19986
1.20218
1.20449
1.20689
1.20931
1.21226
1.21606
1.22024
1.22464
1.22908
1.23334
1.23734
1.24111
1.24471
1.24828
1.25185
1.25535
1.25886
1.26245
1.26616
1.26993
1.27361
1.2771
1.28031
1.28318
1.2857
1.28777
1.28936
1.29062
1.29153
1.29215
1.29268
1.29313
1.29369
1.29467
1.29588
1.29723
1.2987
1.30029
1.30197
1.30372
1.30552
1.30731
1.30907
1.31079
1.31251
1.3142
1.31581
1.31731
1.31873
1.32013
1.32131
1.32213
1.32282
1.32349
1.32422
1.32507
1.32608
1.32727
1.32863
1.33014
1.33182
1.33358
1.33561
1.33807
1.34107
1.34371
1.34658
1.34894
1.35053
1.35431
0.77032
0.787002
0.804783
0.823855
0.843576
0.863514
0.883658
0.90415
0.924671
0.944708
0.963779
0.981659
0.998425
1.01448
1.03033
1.04618
1.06208
1.07781
1.09329
1.10828
1.12265
1.13617
1.14864
1.15994
1.16993
1.17824
1.18491
1.19066
1.1955
1.19987
1.20385
1.20768
1.21185
1.21629
1.22088
1.22569
1.23037
1.23456
1.23815
1.24135
1.24435
1.24724
1.25009
1.25294
1.25599
1.25908
1.26221
1.26553
1.26916
1.27285
1.27641
1.27981
1.28285
1.28554
1.28779
1.28958
1.29096
1.29189
1.29259
1.29309
1.29347
1.29393
1.29448
1.2953
1.29606
1.29703
1.29797
1.29912
1.30039
1.30176
1.30321
1.30469
1.30624
1.30785
1.30949
1.31112
1.31268
1.31416
1.31563
1.31693
1.31785
1.31861
1.3194
1.3203
1.32138
1.32264
1.32405
1.32561
1.32732
1.32913
1.33135
1.33426
1.33743
1.34062
1.3438
1.34663
1.34951
1.35135
1.35267
1.35555
0.760992
0.778411
0.796703
0.815913
0.835583
0.855095
0.874209
0.8932
0.912325
0.931574
0.950617
0.969119
0.986957
1.00421
1.02107
1.0377
1.05424
1.07067
1.08678
1.10229
1.11693
1.13047
1.14282
1.15373
1.16309
1.17134
1.17891
1.18601
1.19291
1.19944
1.20581
1.21233
1.2188
1.22483
1.23016
1.23473
1.23855
1.24176
1.24456
1.24717
1.24971
1.25202
1.25446
1.25718
1.26002
1.26293
1.26608
1.26957
1.27316
1.27659
1.27992
1.28295
1.28582
1.28825
1.29035
1.2921
1.29336
1.29435
1.295
1.29538
1.29574
1.29587
1.29609
1.2963
1.29659
1.29691
1.29735
1.29791
1.29863
1.29947
1.30044
1.30154
1.30275
1.30403
1.30537
1.30676
1.3082
1.30966
1.31101
1.31221
1.31343
1.31475
1.31619
1.31773
1.31934
1.32103
1.32276
1.3247
1.32719
1.33021
1.33331
1.33644
1.33952
1.34253
1.34538
1.34795
1.3501
1.35135
1.35227
1.35459
0.748192
0.765195
0.783988
0.804182
0.824643
0.84463
0.863949
0.882724
0.901266
0.919837
0.938558
0.95732
0.975974
0.994416
1.0126
1.03046
1.04785
1.06471
1.08102
1.09664
1.11129
1.12465
1.13658
1.1473
1.15722
1.16654
1.17549
1.18421
1.19282
1.20149
1.20993
1.21773
1.22475
1.23096
1.23628
1.2405
1.24372
1.24647
1.24891
1.25098
1.2531
1.25548
1.25803
1.26067
1.26358
1.2669
1.27028
1.2736
1.27684
1.27983
1.2827
1.28531
1.28759
1.28969
1.29135
1.29267
1.29371
1.29428
1.29469
1.29485
1.29484
1.29477
1.29469
1.29463
1.29468
1.29479
1.29511
1.29556
1.29616
1.29692
1.29784
1.2989
1.30006
1.30135
1.30272
1.30412
1.30553
1.30688
1.30817
1.30959
1.31114
1.31275
1.3144
1.3161
1.31793
1.32009
1.32266
1.3254
1.32826
1.33118
1.33411
1.33701
1.33983
1.34253
1.34498
1.34703
1.34871
1.34981
1.35058
1.35261
0.73838
0.753795
0.771722
0.79161
0.812323
0.833106
0.853334
0.872737
0.891495
0.91002
0.928647
0.947483
0.966449
0.985351
1.00397
1.02218
1.03996
1.05725
1.07389
1.08956
1.10406
1.1174
1.12975
1.14137
1.15253
1.16341
1.17412
1.18466
1.19486
1.20462
1.2138
1.22202
1.22907
1.2349
1.23963
1.24359
1.24695
1.24994
1.25269
1.25532
1.25798
1.26083
1.2639
1.26705
1.27024
1.27339
1.27644
1.27928
1.28193
1.28436
1.28652
1.28839
1.28996
1.29123
1.29224
1.29302
1.29347
1.29364
1.29356
1.29337
1.29308
1.29271
1.29224
1.29171
1.29131
1.2912
1.29133
1.29164
1.29225
1.29332
1.2947
1.29625
1.29794
1.29976
1.30164
1.3035
1.30524
1.30694
1.30852
1.31014
1.31172
1.3134
1.31512
1.31687
1.31879
1.32078
1.32303
1.32535
1.32793
1.33044
1.33314
1.33565
1.33824
1.34064
1.343
1.3451
1.34709
1.34838
1.3493
1.35202
0.730397
0.74539
0.762234
0.78106
0.801569
0.822589
0.84321
0.863209
0.882655
0.9017
0.920576
0.939432
0.95831
0.977082
0.995618
1.01371
1.0313
1.0482
1.06438
1.07983
1.0946
1.10878
1.12246
1.13575
1.14867
1.16121
1.17336
1.18507
1.19617
1.20642
1.21565
1.22389
1.23118
1.23751
1.24296
1.24769
1.25189
1.2558
1.25958
1.26323
1.26672
1.27012
1.27336
1.27635
1.27906
1.28156
1.28389
1.28603
1.28793
1.28957
1.29096
1.29208
1.29294
1.29345
1.29364
1.29332
1.29289
1.29232
1.29134
1.29027
1.28922
1.2882
1.28722
1.2863
1.28564
1.28542
1.28554
1.2859
1.2867
1.28831
1.29054
1.29298
1.29553
1.29813
1.30073
1.30326
1.30567
1.30793
1.30998
1.31176
1.31334
1.31485
1.31627
1.3176
1.31906
1.32066
1.32237
1.32419
1.32611
1.3281
1.33031
1.33263
1.33527
1.33786
1.34044
1.34325
1.34561
1.34778
1.34912
1.35292
0.721922
0.737246
0.754262
0.772797
0.792104
0.812205
0.832833
0.853298
0.873316
0.89294
0.912342
0.931595
0.950667
0.96937
0.987642
1.00545
1.02277
1.0396
1.0559
1.07179
1.0872
1.10229
1.11696
1.13125
1.14513
1.15858
1.17152
1.18378
1.19528
1.20591
1.21567
1.22464
1.23279
1.24023
1.24711
1.25342
1.25915
1.26431
1.26886
1.27275
1.27612
1.27911
1.28168
1.28389
1.28593
1.28778
1.28937
1.29078
1.29205
1.29316
1.29398
1.29441
1.29471
1.29452
1.29409
1.29331
1.29214
1.29089
1.28948
1.28805
1.28666
1.28538
1.28427
1.28336
1.28273
1.28246
1.28249
1.28293
1.28395
1.28587
1.2883
1.29096
1.29371
1.29649
1.29926
1.30194
1.30448
1.30682
1.30893
1.31076
1.31237
1.31391
1.31525
1.3163
1.31749
1.31891
1.32053
1.32233
1.32428
1.32633
1.32851
1.33093
1.33382
1.33672
1.33974
1.34286
1.34549
1.34804
1.34954
1.35366
0.712204
0.725619
0.742026
0.760879
0.780358
0.800081
0.819976
0.840171
0.860615
0.881183
0.901699
0.92196
0.941819
0.96123
0.980145
0.998538
1.01635
1.03371
1.05052
1.067
1.0829
1.09847
1.11343
1.12795
1.1419
1.15523
1.16799
1.18018
1.19199
1.20333
1.21422
1.22456
1.2342
1.24318
1.25143
1.25881
1.26536
1.27112
1.27596
1.28006
1.28365
1.28653
1.28887
1.29096
1.2926
1.29396
1.29512
1.29607
1.29663
1.29706
1.297
1.2966
1.29598
1.29493
1.29365
1.29218
1.29055
1.28887
1.28722
1.28569
1.28424
1.28299
1.28215
1.28164
1.28125
1.28097
1.28104
1.28179
1.28347
1.2856
1.28796
1.29046
1.29304
1.29567
1.29829
1.30083
1.30322
1.30541
1.30734
1.30903
1.31063
1.31204
1.31314
1.31437
1.31586
1.3176
1.31951
1.32157
1.32375
1.32601
1.32857
1.33146
1.33471
1.33774
1.34108
1.34418
1.34701
1.34958
1.35113
1.35518
0.706485
0.718762
0.733653
0.75141
0.77067
0.790353
0.810232
0.830308
0.85059
0.871048
0.891616
0.912235
0.932732
0.952916
0.9725
0.991531
1.00992
1.02798
1.04549
1.06269
1.0792
1.09514
1.11028
1.12474
1.13859
1.15204
1.16529
1.17819
1.19088
1.20318
1.21503
1.22637
1.23702
1.24694
1.25601
1.26407
1.27123
1.27751
1.28278
1.2873
1.2912
1.29428
1.29688
1.29895
1.30038
1.30155
1.30242
1.30282
1.30269
1.30235
1.30147
1.30019
1.29865
1.2968
1.29475
1.29257
1.2903
1.28805
1.28592
1.28395
1.28233
1.28125
1.28066
1.28025
1.27998
1.28002
1.28082
1.28203
1.28398
1.28609
1.28828
1.29056
1.29291
1.2953
1.29766
1.29991
1.30203
1.30398
1.30576
1.30748
1.30912
1.31054
1.31202
1.31373
1.31566
1.31775
1.31995
1.32223
1.32463
1.32727
1.33025
1.3333
1.3366
1.33966
1.34305
1.34602
1.3489
1.35128
1.35281
1.35651
0.701697
0.71306
0.726789
0.743264
0.761876
0.781653
0.801862
0.822206
0.842639
0.863201
0.883881
0.904581
0.925145
0.945388
0.9652
0.984559
1.00351
1.02204
1.04015
1.05768
1.07456
1.0907
1.1062
1.12115
1.13577
1.15005
1.16418
1.17801
1.19163
1.20484
1.21752
1.2296
1.2409
1.25142
1.26103
1.26964
1.27734
1.28414
1.28998
1.2951
1.29938
1.30277
1.30559
1.30742
1.30873
1.3097
1.31005
1.31002
1.30924
1.30793
1.3063
1.30431
1.30195
1.2993
1.2965
1.29367
1.29087
1.28822
1.28578
1.2836
1.28192
1.28078
1.28002
1.27954
1.27933
1.27925
1.27992
1.28095
1.28279
1.28476
1.28689
1.28914
1.2915
1.2939
1.29627
1.29857
1.30078
1.30286
1.30481
1.30673
1.30859
1.31032
1.31219
1.31427
1.31648
1.31879
1.32115
1.32363
1.32635
1.32928
1.33238
1.33552
1.33884
1.34192
1.34533
1.34823
1.35115
1.35346
1.35503
1.35846
0.698168
0.70812
0.720939
0.735814
0.753556
0.773753
0.794301
0.815035
0.835892
0.85677
0.877606
0.898347
0.918935
0.939261
0.959246
0.978805
0.99795
1.01657
1.03471
1.05224
1.06929
1.08583
1.102
1.11787
1.13346
1.14888
1.16401
1.1788
1.19322
1.20709
1.2204
1.233
1.24485
1.25593
1.26602
1.27531
1.28357
1.29081
1.29728
1.30262
1.30709
1.3108
1.31344
1.31518
1.31622
1.31653
1.31655
1.31572
1.31371
1.31141
1.30872
1.30576
1.30261
1.29937
1.29614
1.29302
1.29008
1.28742
1.2851
1.2831
1.28143
1.28034
1.27964
1.27945
1.27936
1.27925
1.27979
1.28056
1.28225
1.28404
1.28602
1.28816
1.29041
1.29273
1.29506
1.29738
1.29968
1.30188
1.30398
1.30606
1.30801
1.30991
1.31201
1.31427
1.31664
1.31905
1.32152
1.32418
1.3272
1.33057
1.33417
1.33788
1.34175
1.34551
1.34937
1.35272
1.35625
1.35882
1.36056
1.36337
0.695104
0.704061
0.716398
0.730689
0.747708
0.767957
0.788732
0.809606
0.830583
0.851607
0.872608
0.893503
0.91421
0.934663
0.954784
0.974501
0.993713
1.01238
1.03046
1.04806
1.06523
1.08221
1.09888
1.11553
1.13183
1.14803
1.1638
1.17933
1.19436
1.20892
1.22286
1.23607
1.2485
1.25988
1.27034
1.27997
1.2885
1.29619
1.30311
1.30896
1.31383
1.31804
1.32091
1.32262
1.32351
1.32364
1.3234
1.32171
1.31891
1.31558
1.31175
1.30757
1.3032
1.29886
1.29475
1.29109
1.28793
1.28506
1.28264
1.2811
1.28031
1.28008
1.28007
1.2806
1.2808
1.28113
1.28179
1.28253
1.28411
1.28567
1.28737
1.28922
1.2912
1.29329
1.29543
1.29756
1.29969
1.30179
1.30358
1.30504
1.30658
1.3083
1.3103
1.31256
1.31499
1.3175
1.32007
1.32301
1.32676
1.33115
1.33577
1.34044
1.34517
1.34965
1.35409
1.35796
1.36173
1.36418
1.36569
1.36799
0.689849
0.698489
0.710547
0.72493
0.74348
0.764347
0.784975
0.805513
0.826082
0.846691
0.867299
0.887825
0.908223
0.928422
0.948263
0.967691
0.986652
1.00524
1.02358
1.04175
1.05978
1.07772
1.09543
1.11295
1.13021
1.14728
1.16393
1.18022
1.19586
1.21079
1.22488
1.23809
1.25044
1.26184
1.27243
1.2822
1.29093
1.29885
1.30595
1.31194
1.31679
1.32092
1.32365
1.32491
1.3253
1.32524
1.32427
1.32176
1.31837
1.31428
1.30967
1.3047
1.29957
1.29459
1.29006
1.28624
1.28304
1.28021
1.27825
1.27762
1.27774
1.27824
1.27904
1.28009
1.28064
1.28158
1.28221
1.28331
1.28492
1.28649
1.28811
1.28977
1.29152
1.29337
1.29523
1.29705
1.29882
1.30043
1.30188
1.30332
1.30493
1.30685
1.30911
1.31164
1.3143
1.31701
1.31989
1.32337
1.32775
1.33244
1.33731
1.34217
1.34702
1.35161
1.35609
1.35998
1.36357
1.3658
1.36712
1.36912
0.687054
0.696524
0.707543
0.72142
0.739637
0.759408
0.779236
0.79916
0.81904
0.838707
0.858188
0.877601
0.896986
0.916532
0.936093
0.955868
0.975631
0.99545
1.01522
1.03487
1.05441
1.0738
1.09304
1.1119
1.13038
1.14809
1.1651
1.18124
1.19647
1.21086
1.22433
1.23695
1.2489
1.26011
1.27054
1.2804
1.28949
1.29774
1.30524
1.31194
1.3172
1.32152
1.32471
1.32598
1.32597
1.32548
1.32416
1.32145
1.31747
1.31278
1.30764
1.30227
1.29693
1.29184
1.28713
1.28296
1.27953
1.27693
1.27488
1.27344
1.27298
1.27324
1.27414
1.275
1.27618
1.27708
1.27809
1.27967
1.2814
1.28318
1.28494
1.28676
1.28864
1.29052
1.2925
1.29453
1.29649
1.29837
1.30028
1.3024
1.30483
1.30751
1.31031
1.31316
1.31622
1.31964
1.32354
1.32745
1.33161
1.33558
1.33962
1.3432
1.34678
1.34989
1.35293
1.35545
1.3578
1.35947
1.36048
1.3627
0.686465
0.696303
0.706911
0.719535
0.734142
0.750219
0.767914
0.787848
0.808699
0.829678
0.850145
0.870142
0.889614
0.909111
0.928512
0.948325
0.96834
0.988774
1.00938
1.03004
1.0506
1.07078
1.0905
1.10953
1.12794
1.14549
1.16226
1.17818
1.1932
1.20749
1.2209
1.23365
1.24562
1.25706
1.26783
1.27792
1.28745
1.29604
1.30358
1.3103
1.31543
1.31934
1.32191
1.32286
1.32233
1.32149
1.31997
1.31722
1.31335
1.30895
1.30421
1.29923
1.29422
1.28937
1.28482
1.28062
1.27686
1.27368
1.27095
1.26883
1.26744
1.26649
1.26613
1.2659
1.26584
1.26616
1.26691
1.26816
1.26996
1.27223
1.2748
1.27761
1.28065
1.2839
1.2873
1.2908
1.29437
1.298
1.3017
1.3055
1.30941
1.31338
1.3174
1.32139
1.3253
1.32905
1.33256
1.33575
1.33874
1.3416
1.34401
1.34578
1.34742
1.34911
1.35075
1.35242
1.35394
1.35515
1.35594
1.35854
0.685286
0.696656
0.708198
0.72056
0.73324
0.748196
0.764156
0.781772
0.802979
0.82533
0.846938
0.867728
0.887721
0.907095
0.926157
0.945291
0.964676
0.984531
1.00472
1.02511
1.04548
1.06555
1.08517
1.1043
1.12285
1.14082
1.1582
1.17493
1.19086
1.20614
1.22058
1.23422
1.24707
1.25919
1.27036
1.28091
1.29068
1.29944
1.3074
1.31415
1.31943
1.3237
1.32615
1.32668
1.32632
1.32537
1.32345
1.32033
1.3161
1.31138
1.30644
1.30142
1.29646
1.29167
1.28718
1.28295
1.27899
1.27531
1.27193
1.26895
1.26642
1.26397
1.26225
1.26083
1.25993
1.2597
1.26024
1.26136
1.263
1.26546
1.26913
1.27333
1.27781
1.28251
1.28731
1.29214
1.2969
1.30154
1.306
1.31024
1.31424
1.31801
1.32158
1.32499
1.32827
1.33143
1.33444
1.33733
1.34018
1.34269
1.34464
1.34637
1.34804
1.34974
1.35136
1.35302
1.35452
1.35575
1.35652
1.3591
0.671207
0.682331
0.696249
0.711785
0.727758
0.744119
0.760993
0.778849
0.797865
0.81773
0.837979
0.858304
0.878487
0.898588
0.918327
0.938146
0.957846
0.977823
0.997816
1.01805
1.03834
1.05879
1.07931
1.09977
1.12009
1.13994
1.15927
1.17788
1.19569
1.21264
1.22868
1.24384
1.25802
1.27138
1.28376
1.29505
1.30548
1.31478
1.32269
1.32959
1.33519
1.3389
1.34111
1.34162
1.34088
1.3392
1.33623
1.33208
1.32674
1.32082
1.31475
1.30888
1.30336
1.29826
1.2937
1.28965
1.28604
1.28275
1.27971
1.27704
1.27457
1.27226
1.27023
1.26853
1.2673
1.26666
1.26665
1.26734
1.26871
1.27095
1.27402
1.27744
1.28122
1.28517
1.28926
1.29319
1.29692
1.30027
1.30344
1.30634
1.30918
1.31186
1.31456
1.31727
1.32024
1.32341
1.32686
1.33053
1.33443
1.33844
1.34242
1.34629
1.34996
1.35329
1.35636
1.35898
1.36102
1.36253
1.36328
1.36466
0.668533
0.678125
0.691407
0.710432
0.729872
0.747708
0.764336
0.780551
0.797047
0.813915
0.830965
0.848815
0.868942
0.89049
0.911974
0.933272
0.954378
0.97536
0.996404
1.01747
1.0387
1.05999
1.08129
1.10241
1.12329
1.1437
1.16349
1.18277
1.201
1.21865
1.23533
1.25114
1.26627
1.28046
1.29396
1.30662
1.31822
1.32883
1.33813
1.3457
1.35203
1.3566
1.35882
1.35944
1.35858
1.35661
1.35353
1.34895
1.34296
1.3362
1.32903
1.32171
1.31454
1.30787
1.30203
1.29686
1.29222
1.28845
1.28558
1.28325
1.28138
1.28009
1.27928
1.27862
1.27815
1.27774
1.27764
1.27839
1.27954
1.28089
1.28225
1.2837
1.28538
1.28721
1.28905
1.29089
1.29285
1.29507
1.29761
1.30032
1.30306
1.30585
1.30878
1.31207
1.31581
1.31989
1.32429
1.32894
1.33377
1.33868
1.34358
1.34836
1.35289
1.35702
1.36061
1.36336
1.36543
1.36665
1.36716
1.36754
0.672068
0.68115
0.693464
0.711699
0.731827
0.749999
0.76656
0.78233
0.79809
0.814102
0.830386
0.847157
0.866123
0.888091
0.910436
0.932706
0.954833
0.976804
0.998741
1.0206
1.04237
1.06385
1.08499
1.10551
1.12562
1.14498
1.16414
1.18249
1.20082
1.21843
1.23582
1.25255
1.26886
1.28438
1.29917
1.313
1.3256
1.33698
1.3467
1.35451
1.36083
1.36494
1.36667
1.36683
1.36522
1.36268
1.35894
1.35374
1.34716
1.33985
1.33213
1.32428
1.3166
1.30942
1.30309
1.29744
1.29235
1.28835
1.28557
1.28348
1.28193
1.28101
1.28058
1.28046
1.28047
1.28032
1.28056
1.28153
1.28271
1.28365
1.28443
1.28539
1.28648
1.28764
1.28894
1.29054
1.29257
1.29506
1.29792
1.3009
1.3039
1.30709
1.31068
1.31457
1.31868
1.32299
1.32747
1.33206
1.33674
1.34144
1.34609
1.35063
1.35491
1.35882
1.36221
1.36477
1.36671
1.36785
1.36826
1.36853
)
;

boundaryField
{
    inlet
    {
        type            calculated;
        value           uniform 3.00001;
    }
    outlet
    {
        type            calculated;
        value           nonuniform List<scalar> 
40
(
0.796764
0.967131
1.09622
1.18286
1.25009
1.29036
1.31984
1.33619
1.34506
1.35032
1.35456
1.35857
1.35937
1.35837
1.35566
1.35476
1.35623
1.35656
1.35524
1.35253
1.35225
1.35431
1.35555
1.35459
1.35261
1.35202
1.35292
1.35366
1.35518
1.35651
1.35846
1.36337
1.36799
1.36912
1.3627
1.35854
1.3591
1.36466
1.36754
1.36853
)
;
    }
    bottom
    {
        type            symmetryPlane;
    }
    top
    {
        type            symmetryPlane;
    }
    obstacle
    {
        type            calculated;
        value           uniform 0;
    }
    defaultFaces
    {
        type            empty;
    }
}


// ************************************************************************* //
