/*--------------------------------*- C++ -*----------------------------------*\
| =========                 |                                                 |
| \\      /  F ield         | OpenFOAM: The Open Source CFD Toolbox           |
|  \\    /   O peration     | Version:  2412                                  |
|   \\  /    A nd           | Website:  www.openfoam.com                      |
|    \\/     M anipulation  |                                                 |
\*---------------------------------------------------------------------------*/
FoamFile
{
    version     2.0;
    format      ascii;
    arch        "LSB;label=32;scalar=64";
    class       volScalarField;
    location    "8.5";
    object      T;
}
// * * * * * * * * * * * * * * * * * * * * * * * * * * * * * * * * * * * * * //

dimensions      [0 0 0 1 0 0 0];

internalField   nonuniform List<scalar> 
7000
(
1.00291
1.01185
1.01616
1.06214
1.16617
1.40417
1.99034
2.52517
2.72039
2.68424
2.66165
2.66306
2.67571
2.70416
2.71886
2.72166
2.72009
2.7149
2.71063
2.70855
2.70749
2.70704
2.7068
2.70634
2.70573
2.70539
2.70615
2.71163
2.72246
2.72927
2.73058
2.72844
2.7191
2.70904
2.70382
2.70273
2.70472
2.71206
2.71844
2.71994
2.71949
2.72236
2.73997
2.76621
2.78498
2.78981
2.78701
2.77722
2.75155
2.74942
1.00304
1.01196
1.01439
1.0649
1.15811
1.43176
1.96254
2.52455
2.72041
2.68417
2.66166
2.66328
2.67643
2.70479
2.71906
2.72168
2.72003
2.71472
2.71047
2.70845
2.70735
2.70676
2.70644
2.70596
2.70535
2.70492
2.70529
2.70957
2.72117
2.73036
2.73288
2.73115
2.7208
2.70688
2.69943
2.69777
2.70003
2.70878
2.71676
2.71911
2.71893
2.72229
2.74094
2.76636
2.78462
2.78948
2.78693
2.77759
2.75213
2.74893
1.00304
1.01196
1.01553
1.06333
1.16005
1.40846
1.97501
2.52969
2.71917
2.68179
2.66104
2.66329
2.67814
2.70626
2.71944
2.72155
2.71964
2.71405
2.70992
2.708
2.70696
2.7064
2.70606
2.70557
2.70495
2.70452
2.70485
2.7089
2.72068
2.73108
2.73454
2.73339
2.72384
2.70852
2.69998
2.69772
2.69942
2.70767
2.71617
2.71886
2.71874
2.72203
2.7408
2.76509
2.78297
2.78842
2.78651
2.77824
2.75336
2.7488
1.00265
1.01185
1.01495
1.06413
1.16179
1.43828
1.97148
2.52907
2.71777
2.68163
2.66117
2.66345
2.67838
2.70633
2.71919
2.72114
2.71913
2.71346
2.70935
2.70742
2.70641
2.70594
2.70557
2.70501
2.70434
2.70392
2.70434
2.70872
2.72064
2.73085
2.73432
2.73334
2.72499
2.71076
2.70205
2.69926
2.70037
2.70756
2.71589
2.71863
2.71843
2.72116
2.73941
2.76274
2.7799
2.78593
2.78509
2.77838
2.75455
2.74842
1.00304
1.01022
1.01806
1.06661
1.16272
1.44405
1.979
2.53854
2.71881
2.68101
2.6607
2.66322
2.67882
2.7067
2.71892
2.72049
2.71815
2.71226
2.70839
2.70658
2.70564
2.7052
2.70482
2.70426
2.70361
2.70323
2.70377
2.7085
2.72025
2.72972
2.73286
2.7319
2.72378
2.71014
2.70178
2.69907
2.70009
2.70694
2.71523
2.71805
2.71779
2.7197
2.73642
2.76031
2.77725
2.78359
2.78329
2.77799
2.75539
2.74809
1.00307
1.01209
1.01516
1.06667
1.16089
1.45152
1.97405
2.54352
2.71592
2.67778
2.65932
2.66254
2.67971
2.70729
2.71857
2.71964
2.71687
2.7108
2.70722
2.70557
2.70466
2.7042
2.7038
2.70326
2.70266
2.70236
2.70301
2.70797
2.71931
2.72805
2.73087
2.72991
2.72212
2.70888
2.70068
2.69789
2.69869
2.70509
2.71374
2.717
2.71684
2.71815
2.73319
2.75753
2.7748
2.78175
2.78187
2.77742
2.75568
2.74731
1.00313
1.01233
1.01585
1.06999
1.15899
1.45727
1.98217
2.54962
2.71334
2.67436
2.65815
2.6624
2.68199
2.70851
2.71835
2.7188
2.71538
2.7092
2.70589
2.70435
2.70346
2.70297
2.70254
2.70202
2.70148
2.70125
2.70198
2.7071
2.7184
2.72691
2.7296
2.72856
2.72051
2.70702
2.69868
2.69588
2.69673
2.7033
2.71238
2.71603
2.71596
2.71681
2.73021
2.7552
2.77237
2.77936
2.77973
2.7762
2.75558
2.74661
1.00331
1.01238
1.01704
1.04764
1.17644
1.44548
1.99598
2.55354
2.71464
2.67401
2.65761
2.66258
2.68428
2.70949
2.71795
2.71783
2.71355
2.70744
2.70443
2.70301
2.70206
2.70145
2.70102
2.70057
2.70014
2.69998
2.70072
2.70576
2.71708
2.72567
2.72836
2.72722
2.71871
2.70488
2.69647
2.69376
2.69473
2.70153
2.71088
2.71487
2.7149
2.71538
2.72692
2.75231
2.77008
2.77737
2.77793
2.77497
2.75526
2.74499
1.0027
1.01215
1.01713
1.0593
1.17008
1.47488
1.99873
2.55594
2.70931
2.67107
2.6584
2.66439
2.6874
2.71049
2.71713
2.71628
2.71091
2.70513
2.70258
2.70137
2.7004
2.69968
2.69924
2.69887
2.69856
2.69851
2.69933
2.70419
2.71487
2.7231
2.72576
2.72474
2.7167
2.70314
2.69478
2.69201
2.69288
2.69948
2.70904
2.71331
2.71342
2.71365
2.72355
2.74861
2.76717
2.77509
2.7759
2.77324
2.75429
2.74382
1.00257
1.01098
1.01909
1.0719
1.16327
1.49202
2.00484
2.56138
2.70752
2.66972
2.65849
2.66547
2.68986
2.71119
2.71625
2.71464
2.70836
2.70295
2.70068
2.69957
2.69852
2.69769
2.69721
2.69689
2.69669
2.69673
2.69762
2.7023
2.71242
2.72043
2.72314
2.72229
2.71496
2.7018
2.69341
2.69041
2.69098
2.69678
2.70648
2.71133
2.7117
2.71172
2.71994
2.74474
2.76396
2.77197
2.77286
2.77069
2.75281
2.74117
1.00257
1.00998
1.02244
1.06357
1.18168
1.45337
2.02939
2.57018
2.70561
2.6676
2.65928
2.66809
2.6942
2.71246
2.71554
2.71294
2.70583
2.70084
2.69871
2.69754
2.69644
2.69555
2.69497
2.69462
2.69447
2.69463
2.6959
2.70122
2.71083
2.71837
2.7211
2.72041
2.71375
2.70085
2.69245
2.68927
2.68959
2.69458
2.70413
2.70925
2.70976
2.7095
2.71572
2.73914
2.76
2.7692
2.77053
2.76874
2.75141
2.73934
1.00279
1.0128
1.01835
1.05467
1.18535
1.44731
2.04691
2.56814
2.69853
2.6644
2.66087
2.67124
2.69777
2.71297
2.71429
2.71058
2.70301
2.69853
2.6965
2.69523
2.6941
2.69317
2.69254
2.69218
2.69203
2.69225
2.69383
2.69989
2.7093
2.71618
2.7184
2.71756
2.71094
2.69863
2.69041
2.68714
2.68734
2.69185
2.70138
2.70686
2.70753
2.70695
2.71103
2.73229
2.75483
2.76451
2.76597
2.7645
2.74883
2.73521
1.00247
1.01138
1.02204
1.06693
1.17875
1.508
2.04093
2.5714
2.69325
2.66088
2.65981
2.673
2.70079
2.71321
2.71313
2.70796
2.70038
2.69622
2.6942
2.69279
2.69153
2.69052
2.68989
2.6896
2.68953
2.68983
2.69161
2.69797
2.7073
2.71385
2.71578
2.71467
2.70718
2.69474
2.68665
2.68347
2.68366
2.68792
2.6974
2.70354
2.70463
2.70387
2.70619
2.7235
2.74841
2.76018
2.76201
2.7605
2.74468
2.7322
1.00308
1.01124
1.02078
1.05751
1.19045
1.4782
2.05979
2.5616
2.69208
2.66301
2.66325
2.67784
2.70394
2.71343
2.71208
2.70518
2.69794
2.69394
2.69175
2.69017
2.68883
2.68776
2.68712
2.6869
2.6869
2.68727
2.68919
2.69541
2.70392
2.70987
2.71155
2.71042
2.70306
2.6909
2.68292
2.67969
2.67979
2.6837
2.69288
2.69952
2.70107
2.7002
2.70104
2.71395
2.73969
2.75381
2.75727
2.75641
2.74184
2.72568
1.00282
1.0126
1.01864
1.07608
1.173
1.54155
2.04148
2.5608
2.6901
2.66279
2.66358
2.68033
2.7057
2.71329
2.71069
2.7025
2.6956
2.69166
2.68928
2.68753
2.68604
2.68477
2.68403
2.68377
2.68374
2.68413
2.68622
2.69249
2.70038
2.70594
2.70756
2.70653
2.69972
2.68806
2.68011
2.67648
2.67618
2.67898
2.68749
2.69494
2.69704
2.69611
2.69583
2.70379
2.72958
2.74621
2.7497
2.74876
2.73524
2.72057
1.00275
1.01294
1.02066
1.07274
1.18861
1.48687
2.06629
2.56771
2.69193
2.66489
2.66566
2.68433
2.70768
2.71309
2.70923
2.69996
2.69336
2.68941
2.68675
2.68474
2.68308
2.68179
2.68108
2.68095
2.68105
2.68164
2.68415
2.69055
2.69743
2.70167
2.70246
2.70084
2.69321
2.68259
2.67544
2.67194
2.67136
2.67324
2.68007
2.68803
2.69127
2.69079
2.68959
2.6935
2.71464
2.73527
2.74186
2.74172
2.72891
2.70942
1.00247
1.01066
1.02201
1.06985
1.18791
1.52737
2.05372
2.56642
2.68581
2.66145
2.66448
2.68709
2.70952
2.71302
2.70785
2.69798
2.69139
2.68727
2.68447
2.68212
2.68001
2.67837
2.67756
2.67747
2.6777
2.67886
2.68252
2.68834
2.69385
2.69687
2.69701
2.69441
2.68528
2.67532
2.66894
2.66588
2.66544
2.66713
2.67325
2.68117
2.68475
2.68466
2.6824
2.68319
2.69842
2.7221
2.72936
2.72865
2.7156
2.69866
1.00278
1.01335
1.02242
1.06768
1.18982
1.47956
2.08522
2.55465
2.68177
2.66099
2.66681
2.69155
2.71144
2.71297
2.7062
2.6961
2.68925
2.68485
2.68189
2.67921
2.67662
2.67464
2.67373
2.6737
2.67428
2.67657
2.68031
2.68445
2.68825
2.68995
2.68963
2.6855
2.67519
2.66624
2.66057
2.65803
2.65789
2.65981
2.66479
2.67254
2.67729
2.6777
2.67556
2.67343
2.6794
2.70295
2.71503
2.71534
2.70279
2.6752
1.00319
1.01278
1.0183
1.0447
1.19853
1.4833
2.08304
2.54391
2.67837
2.66055
2.66845
2.69488
2.71282
2.71258
2.70434
2.694
2.68715
2.68224
2.67912
2.67682
2.67417
2.67176
2.67059
2.67054
2.67124
2.67406
2.67788
2.68095
2.68252
2.68245
2.68045
2.67357
2.66458
2.65785
2.65354
2.65123
2.65083
2.65208
2.65661
2.66292
2.66717
2.66814
2.66561
2.66147
2.66215
2.6761
2.69009
2.68861
2.67494
2.64428
1.00244
1.01077
1.02226
1.06722
1.1838
1.50391
2.06026
2.54193
2.67802
2.66117
2.67167
2.69847
2.71391
2.71205
2.70235
2.69238
2.68497
2.67933
2.67541
2.67289
2.67122
2.66963
2.66875
2.66868
2.6689
2.67007
2.67311
2.67615
2.67733
2.67696
2.67338
2.66407
2.65537
2.64953
2.6462
2.64453
2.64409
2.64439
2.64581
2.65173
2.65793
2.65861
2.65715
2.64834
2.64343
2.64799
2.66059
2.6582
2.63319
2.53179
1.00236
1.01049
1.02216
1.06407
1.17877
1.47578
2.05818
2.52182
2.67522
2.66356
2.6778
2.70323
2.71484
2.71032
2.69862
2.68906
2.68204
2.67757
2.67394
2.67043
2.66761
2.66543
2.66391
2.66328
2.66294
2.663
2.66346
2.66413
2.66403
2.66202
2.65568
2.64781
2.64164
2.63746
2.63528
2.63497
2.63542
2.63513
2.63431
2.63491
2.6387
2.64136
2.64048
2.63581
2.61972
2.60617
2.60146
2.5865
2.54705
2.42172
1.00259
1.01048
1.01969
1.07237
1.16794
1.44623
2.04251
2.50219
2.6804
2.67236
2.68724
2.70679
2.71331
2.70542
2.69293
2.68353
2.67766
2.67344
2.67003
2.66778
2.66506
2.66061
2.65609
2.6522
2.64932
2.64737
2.64574
2.64353
2.64021
2.63606
2.63122
2.62722
2.62425
2.62253
2.62221
2.62361
2.62422
2.62375
2.62213
2.61863
2.61751
2.61695
2.61523
2.61119
2.60148
2.57777
2.54828
2.5187
2.45579
2.39744
1.00284
1.01183
1.01516
1.05719
1.16634
1.44109
2.00976
2.47172
2.68885
2.68565
2.70068
2.70919
2.70779
2.69547
2.68584
2.6789
2.67485
2.67097
2.66715
2.66331
2.65836
2.65293
2.64834
2.64388
2.63895
2.6333
2.62721
2.62127
2.61654
2.61313
2.61087
2.60956
2.60899
2.60924
2.6105
2.61278
2.61293
2.61225
2.61041
2.60551
2.60074
2.5947
2.59049
2.58265
2.57268
2.55699
2.5212
2.48571
2.41984
2.36535
1.00268
1.00791
1.01338
1.06191
1.16185
1.40977
1.97047
2.46488
2.71123
2.70941
2.7152
2.70786
2.69454
2.68092
2.67511
2.67106
2.66868
2.66627
2.66336
2.65726
2.64927
2.64195
2.63468
2.62661
2.61856
2.6116
2.60578
2.60128
2.59854
2.59731
2.59707
2.59771
2.60017
2.60299
2.60528
2.6079
2.60809
2.60732
2.60526
2.60113
2.5929
2.58527
2.57469
2.56535
2.54896
2.53465
2.50451
2.47123
2.41995
2.36845
1.00575
1.00217
1.01782
1.04328
1.14767
1.42424
1.96592
2.51664
2.74851
2.7418
2.72709
2.69166
2.67578
2.66668
2.66509
2.66517
2.66458
2.66324
2.66016
2.65218
2.64148
2.63068
2.6197
2.61
2.60221
2.59612
2.5917
2.58922
2.58837
2.58847
2.5894
2.59202
2.59591
2.59935
2.60261
2.60621
2.60693
2.60626
2.6042
2.6007
2.59229
2.58429
2.5691
2.55921
2.53867
2.52429
2.49805
2.46894
2.42999
2.38231
1.00669
1.00218
1.02784
0.967793
1.17924
1.44534
2.00075
2.53964
2.75705
2.7472
2.72462
2.6807
2.66619
2.66038
2.66131
2.66308
2.66251
2.65944
2.6479
2.62898
2.61135
2.59652
2.58674
2.58165
2.57979
2.57993
2.58173
2.58518
2.58843
2.59144
2.59469
2.59802
2.60138
2.60463
2.60814
2.6109
2.61106
2.61027
2.60742
2.60364
2.59411
2.58627
2.56932
2.55724
2.53877
2.51914
2.49743
2.47125
2.4389
2.40739
0.996732
1.00704
0.967127
1.0337
1.03976
1.64482
2.50961
2.61344
2.6318
2.61792
2.60366
2.60327
2.60721
2.61361
2.62741
2.63992
2.64386
2.64292
2.63823
2.6269
2.61239
2.59934
2.59028
2.58578
2.58464
2.58514
2.58823
2.59539
2.60358
2.61074
2.61559
2.61826
2.61965
2.62027
2.6203
2.61986
2.61815
2.61586
2.61093
2.60652
2.59727
2.58674
2.57258
2.55406
2.53758
2.51698
2.49356
2.47197
2.44373
2.41851
1.00311
1.00495
1.01272
1.05469
1.00318
1.6347
2.45824
2.58812
2.61258
2.59589
2.58139
2.58109
2.58451
2.59
2.59646
2.6002
2.6061
2.61971
2.63764
2.65052
2.65497
2.65472
2.65231
2.64554
2.63798
2.63229
2.62883
2.62647
2.62381
2.62144
2.62005
2.6195
2.61936
2.61919
2.61881
2.61808
2.61633
2.61426
2.60997
2.60514
2.59773
2.58515
2.57267
2.55382
2.53522
2.51676
2.49341
2.47154
2.44607
2.4231
1.0027
1.00434
1.01083
1.05103
1.01641
1.5784
2.38283
2.57731
2.62505
2.60887
2.58356
2.5773
2.58113
2.58582
2.59027
2.59368
2.59991
2.61633
2.64307
2.66684
2.68145
2.6868
2.6868
2.68321
2.67351
2.66185
2.65003
2.63843
2.62791
2.61942
2.61197
2.60549
2.60133
2.59975
2.59932
2.59953
2.60028
2.59999
2.59861
2.59529
2.59046
2.57971
2.5673
2.55146
2.53273
2.51434
2.49337
2.47145
2.45013
2.42793
1.00283
1.00582
1.02024
1.03427
1.0671
1.46728
2.30724
2.53056
2.61589
2.60599
2.58962
2.58196
2.58538
2.58911
2.593
2.5968
2.60461
2.6249
2.65324
2.6755
2.68731
2.69081
2.69016
2.68503
2.67298
2.65879
2.64399
2.62899
2.61493
2.60124
2.58967
2.57987
2.57236
2.56706
2.56332
2.56113
2.5609
2.56104
2.56132
2.56102
2.56005
2.55749
2.55118
2.54203
2.52856
2.51292
2.49687
2.4772
2.4579
2.43735
1.00321
1.00551
1.02247
1.03078
1.12116
1.38236
2.07977
2.49097
2.63458
2.62161
2.60955
2.59304
2.59261
2.59562
2.59915
2.60489
2.61942
2.64383
2.66613
2.6799
2.68571
2.68671
2.68542
2.67896
2.66473
2.64789
2.63037
2.61293
2.59689
2.58357
2.57278
2.56488
2.55768
2.55207
2.54625
2.54098
2.53728
2.53306
2.5292
2.52531
2.52116
2.51684
2.51181
2.50702
2.5017
2.49503
2.48676
2.47383
2.45858
2.44251
1.0032
1.00517
1.02166
1.02762
1.11532
1.35327
2.02009
2.46335
2.64301
2.63031
2.6185
2.59917
2.60024
2.60486
2.61127
2.6272
2.65129
2.67232
2.68489
2.68909
2.68918
2.68646
2.67647
2.65736
2.63479
2.61168
2.59252
2.57727
2.56626
2.55818
2.5523
2.54736
2.54324
2.53853
2.53396
2.528
2.52261
2.51705
2.51144
2.50454
2.49856
2.49257
2.4838
2.47645
2.46861
2.45969
2.4528
2.44624
2.43929
2.43208
1.00381
0.997643
1.0375
0.903656
1.10685
1.25076
1.90261
2.66123
2.71539
2.68113
2.66912
2.64844
2.6296
2.62539
2.62364
2.62621
2.6396
2.65768
2.66968
2.67394
2.67397
2.66995
2.65621
2.63672
2.617
2.59834
2.58176
2.56803
2.55767
2.54985
2.54443
2.53992
2.53669
2.53286
2.52911
2.52379
2.51791
2.51233
2.50534
2.49832
2.49073
2.4833
2.47566
2.4653
2.45672
2.44596
2.43497
2.42512
2.41418
2.40488
1.00203
0.996455
1.03309
0.905567
1.09422
1.22869
1.86281
2.658
2.71242
2.70095
2.68067
2.66414
2.63129
2.61892
2.60389
2.59525
2.59366
2.59392
2.59841
2.60627
2.61272
2.62027
2.62365
2.62324
2.61994
2.61344
2.60659
2.59764
2.5872
2.57745
2.56919
2.56208
2.55639
2.55127
2.54658
2.54014
2.53338
2.52637
2.5179
2.50988
2.50068
2.49156
2.48285
2.47127
2.46085
2.44956
2.4376
2.4259
2.41433
2.40275
1.00173
0.996386
1.03235
0.905918
1.09435
1.21762
1.85819
2.64654
2.70941
2.70365
2.68466
2.65391
2.61096
2.58942
2.57245
2.56495
2.56287
2.56195
2.56422
2.57014
2.58108
2.59774
2.61572
2.63162
2.6443
2.65202
2.65435
2.65396
2.65102
2.64201
2.62723
2.61173
2.59517
2.57932
2.56507
2.55171
2.5407
2.5307
2.52226
2.51322
2.50552
2.49695
2.48927
2.4806
2.47119
2.4618
2.45046
2.4395
2.42681
2.41514
1.00239
1.00329
1.01244
1.03217
1.10787
1.29661
1.96455
2.37178
2.61364
2.64689
2.64037
2.63411
2.63447
2.63709
2.63717
2.63404
2.62454
2.61169
2.6011
2.5934
2.59227
2.59359
2.59867
2.60884
2.61791
2.62408
2.62728
2.62824
2.62787
2.62557
2.61924
2.60874
2.59602
2.58154
2.56688
2.55259
2.5398
2.52747
2.51749
2.50731
2.49882
2.49052
2.48235
2.47477
2.46741
2.46033
2.45224
2.4435
2.43496
2.4258
1.00084
0.99541
1.02929
0.90789
1.0887
1.20284
1.83372
2.63404
2.70533
2.6937
2.64922
2.60513
2.6006
2.60411
2.6116
2.6167
2.61592
2.61267
2.6092
2.60703
2.6057
2.60454
2.60503
2.60735
2.60919
2.60971
2.60941
2.60799
2.605
2.60205
2.59916
2.5953
2.5897
2.58057
2.57095
2.55785
2.54493
2.5321
2.52093
2.50982
2.49929
2.49043
2.48019
2.47145
2.46123
2.452
2.44349
2.43515
2.42736
2.42032
0.999395
0.993738
1.02635
0.906896
1.07959
1.19717
1.81484
2.65202
2.70695
2.69176
2.64477
2.59289
2.5734
2.57198
2.57239
2.57439
2.58021
2.58488
2.58712
2.59058
2.59821
2.60936
2.61876
2.62393
2.6256
2.62547
2.62421
2.6209
2.61588
2.60933
2.60159
2.59278
2.58491
2.57618
2.5679
2.5566
2.54604
2.53406
2.52285
2.51342
2.50347
2.49462
2.48577
2.47669
2.46616
2.45493
2.44478
2.43403
2.42444
2.41491
0.998235
0.992437
1.02211
0.902506
1.07694
1.1921
1.79535
2.656
2.70705
2.68775
2.63585
2.59093
2.57022
2.56618
2.56469
2.5654
2.56821
2.57036
2.57265
2.57791
2.59089
2.60879
2.62385
2.63271
2.63551
2.63484
2.63145
2.62652
2.62151
2.61414
2.60435
2.59155
2.57851
2.56469
2.55327
2.54225
2.534
2.52435
2.51602
2.50833
2.50125
2.49424
2.48722
2.47994
2.47247
2.46329
2.45261
2.43996
2.42837
2.41743
0.998281
0.993186
1.01791
0.904157
1.07841
1.15083
1.77508
2.66312
2.70054
2.6664
2.61069
2.57308
2.55955
2.55995
2.56179
2.56685
2.57213
2.57467
2.57762
2.58408
2.59849
2.61677
2.63162
2.63964
2.6418
2.64072
2.6361
2.63088
2.62662
2.61846
2.60382
2.58371
2.56187
2.54085
2.52369
2.50941
2.50007
2.49245
2.4879
2.48364
2.48137
2.47853
2.47577
2.47304
2.46801
2.46254
2.45599
2.44759
2.43827
2.42814
1.00004
1.0047
1.00306
1.03195
1.02992
1.20732
1.69878
2.23213
2.6608
2.74236
2.72714
2.68029
2.63829
2.61568
2.61293
2.61166
2.60835
2.5976
2.58719
2.58105
2.5805
2.58218
2.58648
2.58971
2.59112
2.59231
2.59465
2.59632
2.59642
2.59546
2.59153
2.5807
2.5666
2.55036
2.53763
2.52452
2.51534
2.50593
2.49864
2.49202
2.48604
2.48186
2.47704
2.47358
2.46927
2.46421
2.4601
2.45459
2.44835
2.44173
0.99999
1.0015
1.00324
0.989496
1.03773
1.01189
1.63467
2.55443
2.64942
2.66682
2.65093
2.61884
2.59554
2.5932
2.5956
2.59955
2.59967
2.59814
2.59503
2.59155
2.58982
2.58943
2.58945
2.58871
2.58664
2.58543
2.58406
2.58203
2.58058
2.57957
2.57806
2.57337
2.5671
2.55926
2.55349
2.54724
2.54215
2.53738
2.53184
2.52644
2.5186
2.5104
2.49974
2.48939
2.48026
2.47242
2.46548
2.45856
2.45194
2.44505
1.00063
1.00254
1.00508
1.0096
1.04811
1.03549
1.60233
2.47481
2.61285
2.6336
2.61729
2.5842
2.56924
2.5708
2.57601
2.58164
2.58427
2.58641
2.59128
2.60236
2.61469
2.62306
2.62631
2.62613
2.62386
2.61907
2.614
2.60813
2.5975
2.58163
2.5654
2.5511
2.5399
2.53068
2.52401
2.51904
2.51575
2.51421
2.51397
2.51373
2.51311
2.51144
2.50904
2.50608
2.50126
2.49319
2.48281
2.47192
2.46191
2.45282
1.00052
1.0063
0.999867
1.04773
0.901264
1.13791
1.35063
2.00212
2.64357
2.77008
2.70977
2.64929
2.61709
2.61134
2.61215
2.60949
2.60218
2.59331
2.59085
2.59215
2.59729
2.60258
2.60616
2.60775
2.60784
2.60727
2.60568
2.60249
2.59501
2.58099
2.56569
2.55202
2.54121
2.53329
2.52826
2.52476
2.52263
2.52127
2.52084
2.5204
2.52
2.51976
2.51931
2.51774
2.51546
2.51241
2.50869
2.50317
2.49421
2.48532
1.0004
1.00422
0.997759
1.03967
0.902306
1.1116
1.27966
1.92841
2.6922
2.75707
2.6966
2.66853
2.64755
2.62935
2.62646
2.61864
2.60134
2.58543
2.57194
2.56042
2.55259
2.54896
2.5482
2.5484
2.54915
2.55106
2.55548
2.56126
2.56613
2.56978
2.57282
2.57552
2.57759
2.57898
2.57954
2.57949
2.57897
2.57641
2.56891
2.55599
2.543
2.53127
2.52208
2.51583
2.51116
2.50811
2.50533
2.50234
2.49715
2.49178
1.00032
1.0036
0.997457
1.03718
0.904419
1.10455
1.24564
1.89541
2.66577
2.7215
2.67872
2.65829
2.64065
2.63
2.62622
2.61442
2.58916
2.56796
2.55261
2.54066
2.53262
2.52909
2.52841
2.52883
2.53023
2.53179
2.53347
2.5367
2.54421
2.55648
2.5695
2.58143
2.59108
2.59772
2.60133
2.60252
2.6024
2.60098
2.59507
2.57985
2.55857
2.53623
2.51517
2.49724
2.48262
2.47215
2.46537
2.46149
2.45948
2.45717
1.00064
1.00294
1.0036
1.01508
1.03313
1.12362
1.34536
1.94991
2.4282
2.63152
2.60979
2.60506
2.59528
2.59271
2.59353
2.59304
2.59014
2.58753
2.58758
2.58905
2.5902
2.59001
2.58795
2.58246
2.57745
2.57387
2.57056
2.56621
2.56119
2.55671
2.55365
2.55194
2.55118
2.551
2.55121
2.55197
2.55236
2.55221
2.55121
2.54788
2.53935
2.52873
2.51723
2.50681
2.49839
2.4897
2.4832
2.47574
2.46928
2.46332
1.00019
1.00256
0.996826
1.03338
0.907461
1.0952
1.21806
1.84809
2.61717
2.66791
2.65879
2.633
2.61254
2.6043
2.59973
2.59486
2.59189
2.59002
2.58902
2.58882
2.58821
2.58574
2.58112
2.57654
2.57323
2.57098
2.56849
2.56519
2.56194
2.55966
2.55897
2.55977
2.56263
2.56581
2.56777
2.56848
2.56843
2.56747
2.56347
2.55469
2.5441
2.5333
2.52481
2.51609
2.51037
2.50479
2.50112
2.49725
2.49281
2.48765
1.00008
1.00188
0.99651
1.03141
0.908175
1.08926
1.20564
1.82633
2.60922
2.6621
2.66116
2.64218
2.62536
2.60935
2.60115
2.58613
2.56967
2.55917
2.55224
2.54584
2.54321
2.54247
2.54273
2.5441
2.54581
2.54675
2.54712
2.54735
2.54785
2.54922
2.55325
2.56241
2.57497
2.58731
2.59672
2.60206
2.60379
2.6034
2.59933
2.58569
2.56361
2.54165
2.52242
2.50644
2.49452
2.48608
2.48099
2.47824
2.47792
2.47762
1.00065
1.00251
1.00286
1.01368
1.02947
1.07224
1.31752
1.84247
2.3433
2.60208
2.61394
2.60041
2.58103
2.57799
2.58075
2.58359
2.58957
2.59722
2.60121
2.60152
2.59983
2.59368
2.58576
2.57973
2.57595
2.57399
2.57191
2.56747
2.5585
2.54773
2.53928
2.53509
2.53401
2.53432
2.53662
2.54285
2.54922
2.55255
2.55317
2.55234
2.54854
2.54124
2.53373
2.52717
2.52092
2.51424
2.5088
2.50208
2.49826
2.49348
0.999997
1.00154
0.99612
1.02873
0.911427
1.0832
1.1891
1.78847
2.56647
2.62916
2.63617
2.62287
2.60684
2.59421
2.58521
2.57984
2.579
2.57818
2.57813
2.5777
2.57624
2.57286
2.56937
2.56645
2.56412
2.56258
2.56084
2.55744
2.55262
2.54854
2.54675
2.54714
2.55109
2.56064
2.56988
2.57603
2.57873
2.57871
2.5759
2.56715
2.55496
2.54416
2.53503
2.52816
2.5228
2.51737
2.51383
2.50871
2.50584
2.50152
0.99965
1.00072
0.995358
1.02604
0.912619
1.07675
1.18411
1.76842
2.56621
2.62978
2.64118
2.6278
2.60642
2.5854
2.5724
2.55659
2.54786
2.54124
2.53743
2.53671
2.53733
2.53887
2.53961
2.53963
2.53931
2.53843
2.53746
2.53672
2.53653
2.53691
2.53917
2.54674
2.56174
2.57763
2.59046
2.59801
2.60062
2.60019
2.59514
2.57939
2.55634
2.53479
2.51646
2.50225
2.49203
2.48506
2.48088
2.47888
2.47895
2.4805
0.999467
1.00019
0.995065
1.02466
0.914006
1.07358
1.17652
1.75101
2.55004
2.62147
2.63808
2.62661
2.60383
2.58747
2.57592
2.56601
2.55811
2.55014
2.54587
2.54334
2.54194
2.54115
2.53999
2.53828
2.53639
2.53448
2.53296
2.53202
2.53174
2.53211
2.53491
2.54443
2.56181
2.57916
2.59254
2.6
2.60224
2.60137
2.59451
2.57495
2.54835
2.52357
2.50269
2.48639
2.47459
2.46686
2.46265
2.46143
2.46256
2.46738
0.999254
0.999755
0.994829
1.02305
0.915468
1.07082
1.1595
1.73843
2.54698
2.62564
2.63613
2.61831
2.5865
2.56536
2.55376
2.54968
2.54727
2.54464
2.54399
2.54401
2.54403
2.54391
2.54345
2.54238
2.5411
2.53984
2.53873
2.53804
2.53785
2.53839
2.54187
2.55304
2.57155
2.58908
2.60169
2.60794
2.60922
2.6075
2.59811
2.57565
2.54976
2.52654
2.50754
2.49309
2.48286
2.47646
2.4733
2.47292
2.47494
2.48181
1.00044
1.00187
1.00287
1.00908
1.026
1.08551
1.21425
1.61579
2.16497
2.5619
2.64706
2.62277
2.59223
2.5816
2.58584
2.59926
2.60881
2.61098
2.60861
2.59935
2.58786
2.57831
2.57191
2.56831
2.56655
2.56612
2.566
2.56569
2.56386
2.55737
2.548
2.5408
2.53838
2.53871
2.54118
2.54555
2.54794
2.54822
2.54756
2.54595
2.54531
2.54583
2.54728
2.5478
2.54766
2.547
2.54459
2.53888
2.53385
2.52859
1.00037
1.00159
1.00324
1.0112
1.01947
1.07669
1.18241
1.55216
2.08213
2.54897
2.65934
2.62558
2.61777
2.62103
2.63256
2.63905
2.6374
2.62951
2.61803
2.60802
2.59726
2.58756
2.57963
2.57431
2.5714
2.57006
2.56945
2.56879
2.56706
2.56113
2.54749
2.53199
2.51877
2.51055
2.506
2.50387
2.50354
2.50498
2.5113
2.52485
2.54037
2.55527
2.56769
2.57608
2.58004
2.58056
2.57888
2.56984
2.55318
2.53345
1.0005
1.00202
1.00258
1.01198
1.02012
1.07829
1.20394
1.61906
2.11401
2.59177
2.6681
2.6306
2.61413
2.6166
2.62721
2.63154
2.62785
2.61579
2.60336
2.59422
2.58473
2.57678
2.57104
2.56774
2.56624
2.5657
2.56535
2.5645
2.56082
2.55004
2.53608
2.52511
2.51793
2.51528
2.51592
2.51921
2.52349
2.52591
2.52727
2.52968
2.53532
2.54519
2.55594
2.56478
2.56996
2.57139
2.57062
2.56406
2.54796
2.52527
0.999217
0.999576
0.995484
1.00795
0.932162
1.07103
1.09358
1.73579
2.63045
2.64696
2.63342
2.59113
2.54707
2.53361
2.53481
2.53914
2.54441
2.54695
2.54816
2.54803
2.54655
2.54425
2.54251
2.54158
2.54146
2.54164
2.54164
2.54134
2.54021
2.539
2.53894
2.54174
2.55233
2.56937
2.58415
2.5937
2.59737
2.59705
2.59118
2.57306
2.54929
2.52991
2.51711
2.51072
2.50911
2.51039
2.5154
2.52067
2.52319
2.52348
0.99928
0.9994
0.994714
1.01259
0.916837
1.07218
1.10916
1.72358
2.60525
2.63891
2.63933
2.61646
2.57817
2.55727
2.54954
2.54685
2.54499
2.54362
2.54188
2.53965
2.53698
2.53392
2.53087
2.52832
2.52643
2.5251
2.52418
2.52365
2.52363
2.52445
2.52836
2.53852
2.55297
2.56758
2.57976
2.58758
2.59063
2.59043
2.58605
2.57106
2.54755
2.52624
2.51009
2.50002
2.49554
2.49524
2.49859
2.50988
2.52431
2.53798
0.999095
0.999178
0.993142
1.01504
0.907377
1.07058
1.13493
1.73171
2.60976
2.63917
2.6383
2.61271
2.57562
2.55469
2.54553
2.54168
2.53851
2.53623
2.53442
2.53205
2.52865
2.52512
2.52235
2.52052
2.51942
2.51886
2.5186
2.51858
2.51884
2.51995
2.52349
2.53183
2.54394
2.55713
2.56927
2.57823
2.58281
2.58356
2.58148
2.57161
2.54976
2.52696
2.50842
2.49581
2.48911
2.48738
2.48896
2.49693
2.51194
2.52775
2.23912
2.50336
2.6691
2.88451
3.26858
3.16906
3.1361
3.10172
3.08546
3.07475
3.06796
3.05627
3.0464
3.03575
3.02674
3.02103
3.01618
3.01256
3.00917
3.00579
3.00217
2.9969
2.99488
2.99163
2.98612
2.97909
2.97173
2.96397
2.95612
2.94799
2.93905
2.93094
2.92274
2.9141
2.90502
2.89557
2.88575
2.8762
2.86688
2.85789
2.84891
2.83961
2.83034
2.82069
2.81078
2.80085
2.79105
2.78101
2.77169
2.76187
2.75262
2.74329
2.73401
2.72465
2.71534
2.70597
2.69655
2.68739
2.67827
2.66941
2.66088
2.65296
2.64527
2.63838
2.63206
2.62634
2.62145
2.61733
2.61401
2.61151
2.60981
2.60872
2.60848
2.6087
2.60927
2.61047
2.61176
2.61331
2.61501
2.61673
2.61815
2.61916
2.62025
2.62173
2.62283
2.62338
2.62349
2.62326
2.62288
2.62257
2.62224
2.62191
2.62181
2.62187
2.62193
2.62195
2.62196
2.62246
2.6224
2.62216
2.25591
2.36002
2.47767
2.62294
2.71095
2.82381
2.94449
3.02449
3.06878
3.07425
3.06725
3.05344
3.03682
2.99831
2.95373
2.91591
2.88042
2.84729
2.81853
2.79482
2.77543
2.75858
2.74405
2.72992
2.71665
2.70356
2.69143
2.67901
2.66713
2.6551
2.64314
2.6305
2.61874
2.60722
2.59569
2.58388
2.57301
2.56321
2.55458
2.54689
2.53997
2.53382
2.52812
2.52311
2.51858
2.51462
2.51094
2.50771
2.50446
2.50139
2.49831
2.49522
2.49193
2.48842
2.48438
2.47949
2.47368
2.46679
2.45882
2.45007
2.44094
2.43183
2.42301
2.41477
2.40702
2.40001
2.39334
2.38724
2.38143
2.37581
2.37072
2.36595
2.36142
2.3578
2.35377
2.35125
2.348
2.34549
2.34334
2.34159
2.33994
2.33785
2.33598
2.33488
2.33375
2.33232
2.33098
2.32923
2.32715
2.32544
2.32376
2.3221
2.3203
2.31886
2.31748
2.31656
2.31538
2.315
2.31455
2.31301
2.29604
2.28522
2.32974
2.39755
2.44422
2.48603
2.52385
2.57839
2.63033
2.67319
2.6948
2.69603
2.69127
2.67757
2.65331
2.62441
2.59952
2.57582
2.55392
2.53732
2.52255
2.50956
2.49848
2.48802
2.47815
2.4687
2.45973
2.45118
2.44278
2.43431
2.42579
2.41717
2.40888
2.40062
2.39193
2.38242
2.37294
2.36376
2.3548
2.34603
2.33743
2.32902
2.32078
2.31271
2.30481
2.2971
2.28959
2.28234
2.27541
2.26891
2.26297
2.2577
2.25316
2.24946
2.24677
2.24526
2.24481
2.24489
2.24552
2.24752
2.25165
2.25649
2.26156
2.26669
2.27175
2.2766
2.2811
2.28504
2.28837
2.29092
2.29269
2.29349
2.29374
2.29357
2.29249
2.29107
2.2901
2.28856
2.28644
2.28462
2.28265
2.2802
2.2772
2.27437
2.27169
2.26922
2.26595
2.26223
2.25821
2.25457
2.2506
2.24672
2.24169
2.23748
2.23256
2.22799
2.22413
2.21944
2.21731
2.21144
2.30234
2.27439
2.27443
2.29351
2.32143
2.34212
2.35635
2.37115
2.39249
2.41284
2.43082
2.4449
2.44963
2.4496
2.44774
2.44335
2.43886
2.43388
2.42871
2.42522
2.41999
2.41321
2.40883
2.40238
2.39566
2.38925
2.38316
2.37763
2.37226
2.36703
2.36177
2.35644
2.35109
2.34575
2.33981
2.33264
2.32445
2.31591
2.30717
2.29821
2.28902
2.27961
2.27015
2.26075
2.25157
2.24265
2.23395
2.2255
2.21718
2.20905
2.20108
2.1933
2.18573
2.17852
2.17176
2.16547
2.16002
2.1554
2.1512
2.14775
2.1453
2.14327
2.14194
2.1417
2.1419
2.14244
2.14386
2.14567
2.14814
2.15139
2.15458
2.15912
2.1638
2.16904
2.17525
2.18118
2.18692
2.19327
2.19895
2.20419
2.20903
2.21292
2.21591
2.21857
2.22079
2.22204
2.22239
2.22232
2.22201
2.22049
2.21896
2.21554
2.2134
2.2089
2.20637
2.20084
2.19791
2.19176
2.18933
2.1798
2.31366
2.27916
2.25974
2.26071
2.26446
2.2724
2.27619
2.28127
2.28415
2.29174
2.30067
2.30809
2.31345
2.31715
2.31986
2.32093
2.32243
2.32363
2.32391
2.32371
2.32311
2.32209
2.31967
2.31678
2.31407
2.30909
2.30643
2.30229
2.29808
2.2948
2.29159
2.28887
2.28667
2.28473
2.28241
2.27905
2.27444
2.26911
2.26328
2.25695
2.25017
2.24281
2.23494
2.22642
2.2173
2.20774
2.1977
2.1877
2.17762
2.16807
2.15891
2.1504
2.1425
2.13527
2.12864
2.12259
2.11714
2.1121
2.10769
2.10372
2.10023
2.09742
2.09528
2.09371
2.09277
2.09272
2.09292
2.09363
2.09462
2.0962
2.09818
2.0998
2.10224
2.10466
2.10672
2.10956
2.1127
2.11548
2.11847
2.12207
2.12594
2.1295
2.13264
2.13582
2.13901
2.14167
2.14386
2.14569
2.14704
2.14755
2.14755
2.1473
2.14681
2.1455
2.14445
2.14202
2.14056
2.1371
2.13563
2.12905
2.34473
2.29718
2.26782
2.25075
2.24293
2.23924
2.23576
2.23463
2.23349
2.23412
2.23547
2.23812
2.24178
2.24408
2.24698
2.25091
2.25491
2.25966
2.26345
2.26637
2.26823
2.2686
2.26839
2.26767
2.26601
2.26279
2.25935
2.25497
2.25067
2.24739
2.24267
2.23971
2.23846
2.23822
2.23791
2.2373
2.23606
2.2346
2.23278
2.23031
2.22705
2.22283
2.21756
2.21125
2.20384
2.19561
2.18649
2.1768
2.1666
2.15615
2.14574
2.13544
2.12547
2.11603
2.10719
2.09903
2.09171
2.08522
2.07954
2.07473
2.0708
2.06748
2.06497
2.06322
2.06175
2.061
2.06067
2.06076
2.06108
2.06175
2.06265
2.06425
2.06551
2.06721
2.06934
2.07112
2.07338
2.07603
2.07841
2.0809
2.08384
2.08724
2.0906
2.09406
2.09774
2.10133
2.10482
2.10806
2.1109
2.11329
2.11526
2.117
2.11821
2.11854
2.1185
2.11811
2.11767
2.11629
2.11584
2.11203
2.37206
2.33103
2.29039
2.26159
2.24326
2.2286
2.2211
2.21303
2.20841
2.20566
2.2036
2.20392
2.20429
2.20571
2.20788
2.21012
2.21365
2.21743
2.22195
2.22588
2.22907
2.2318
2.23424
2.23552
2.23554
2.23519
2.2338
2.23201
2.2285
2.22408
2.22031
2.21513
2.21093
2.20762
2.20499
2.2034
2.20248
2.20195
2.20149
2.20102
2.20061
2.19999
2.1986
2.19595
2.19184
2.18662
2.18003
2.17227
2.16347
2.15381
2.14359
2.1329
2.12221
2.11176
2.10177
2.09258
2.08428
2.07696
2.07075
2.06555
2.06128
2.05798
2.05549
2.05359
2.05232
2.05166
2.05109
2.05104
2.05118
2.05151
2.05197
2.05257
2.05341
2.05415
2.05509
2.05619
2.05723
2.05844
2.05986
2.06159
2.06339
2.06539
2.06767
2.07031
2.07301
2.07556
2.07803
2.08044
2.08255
2.08414
2.08536
2.08643
2.08693
2.08693
2.08679
2.08634
2.08605
2.08538
2.08557
2.08391
2.38553
2.3526
2.31567
2.28006
2.2525
2.23343
2.21926
2.2098
2.20177
2.19523
2.19291
2.18939
2.18919
2.18857
2.18901
2.18979
2.19036
2.19155
2.19336
2.19652
2.19986
2.20347
2.20687
2.21022
2.2136
2.21603
2.21677
2.2166
2.21588
2.21369
2.21058
2.20705
2.20232
2.19651
2.19084
2.18542
2.18037
2.17659
2.17462
2.17418
2.17448
2.17528
2.17566
2.17569
2.17555
2.17488
2.17289
2.16836
2.16183
2.1538
2.14447
2.13399
2.12311
2.11208
2.10141
2.09154
2.08255
2.07477
2.06824
2.06288
2.05871
2.05558
2.05327
2.05175
2.05082
2.05024
2.05012
2.05023
2.05048
2.05083
2.05143
2.0519
2.05228
2.05281
2.05315
2.0536
2.05382
2.05417
2.05459
2.05506
2.05587
2.0569
2.05782
2.05909
2.06065
2.06226
2.06395
2.06561
2.0672
2.06832
2.06902
2.06958
2.06991
2.06989
2.06973
2.06929
2.06903
2.06903
2.06985
2.06926
2.39453
2.3655
2.332
2.29864
2.26643
2.24196
2.22349
2.21146
2.20399
2.19978
2.19417
2.19222
2.18752
2.18592
2.18236
2.18097
2.17905
2.17583
2.17496
2.17539
2.17684
2.17891
2.18195
2.18619
2.19101
2.1961
2.20107
2.20489
2.2068
2.20708
2.20671
2.20521
2.20182
2.19567
2.18728
2.1788
2.17052
2.16279
2.15615
2.1513
2.14917
2.14923
2.15047
2.15354
2.15615
2.1576
2.15814
2.15805
2.15699
2.1534
2.14563
2.13547
2.12453
2.11309
2.10204
2.09164
2.08229
2.07429
2.06764
2.06238
2.05838
2.05547
2.05353
2.05234
2.05176
2.05179
2.05198
2.05243
2.05308
2.05375
2.05429
2.05477
2.05519
2.05537
2.05537
2.05533
2.05513
2.05463
2.05399
2.05353
2.05331
2.05326
2.05329
2.05338
2.05376
2.05419
2.0551
2.05596
2.05689
2.05762
2.05809
2.05842
2.05868
2.05867
2.05853
2.0582
2.05814
2.05825
2.05932
2.0592
2.40601
2.3783
2.34687
2.31457
2.28274
2.25547
2.23489
2.21938
2.21087
2.20411
2.20126
2.19646
2.19434
2.1887
2.1849
2.17901
2.17423
2.17012
2.16424
2.15982
2.15868
2.15891
2.15995
2.16269
2.16675
2.17185
2.17913
2.1885
2.19765
2.20374
2.20596
2.20603
2.20483
2.19989
2.18915
2.17768
2.16626
2.15561
2.14651
2.13976
2.13624
2.13564
2.13645
2.13971
2.14445
2.14761
2.14907
2.14928
2.14891
2.14721
2.14225
2.13262
2.12136
2.10972
2.09839
2.08806
2.07903
2.07135
2.06523
2.06045
2.05689
2.05453
2.053
2.05224
2.05223
2.05243
2.05297
2.05385
2.05477
2.05562
2.05639
2.05697
2.05728
2.0574
2.05734
2.05705
2.05641
2.05562
2.05481
2.05393
2.05297
2.05209
2.05144
2.05098
2.05059
2.05033
2.05014
2.05005
2.05009
2.05024
2.05022
2.05012
2.0499
2.04947
2.04887
2.04849
2.04838
2.04846
2.04904
2.04846
2.41615
2.39316
2.36609
2.33657
2.3057
2.27734
2.25427
2.23614
2.22379
2.21604
2.21141
2.20838
2.20534
2.20216
2.19559
2.18788
2.18039
2.17048
2.16193
2.15274
2.14647
2.14428
2.1443
2.14517
2.14819
2.1557
2.16773
2.1812
2.19379
2.20256
2.20635
2.20687
2.20581
2.20067
2.18817
2.17455
2.1617
2.15055
2.14176
2.13563
2.1327
2.13248
2.13364
2.13751
2.14218
2.1452
2.14652
2.14665
2.14595
2.14292
2.1353
2.12467
2.11366
2.10302
2.09323
2.08457
2.07706
2.07071
2.06531
2.06083
2.05713
2.05404
2.05164
2.04965
2.04836
2.04737
2.04712
2.04724
2.0476
2.04838
2.04936
2.05042
2.05142
2.05226
2.05287
2.05323
2.05326
2.05307
2.05254
2.05177
2.05078
2.04976
2.04867
2.04751
2.04634
2.04521
2.04428
2.04338
2.04256
2.04168
2.04092
2.0399
2.03916
2.03818
2.03762
2.03681
2.03629
2.03567
2.03557
2.03415
2.41366
2.39635
2.37577
2.35317
2.32805
2.30302
2.28009
2.26054
2.24631
2.23691
2.23
2.22423
2.21922
2.21313
2.20399
2.19384
2.18241
2.17209
2.15681
2.14512
2.13701
2.13419
2.13423
2.13564
2.14022
2.15106
2.16675
2.18244
2.1951
2.20258
2.20497
2.2047
2.20119
2.19117
2.17758
2.1658
2.15544
2.14672
2.13975
2.13504
2.13324
2.13342
2.13501
2.1387
2.14171
2.14326
2.14363
2.14321
2.14101
2.13526
2.12687
2.11782
2.10882
2.1005
2.09325
2.08707
2.08171
2.07685
2.07216
2.06744
2.0626
2.05766
2.05277
2.0481
2.04388
2.04026
2.03735
2.03524
2.03382
2.03299
2.03288
2.03299
2.03335
2.03394
2.03451
2.03502
2.03539
2.03551
2.03548
2.0353
2.0349
2.03435
2.03374
2.03319
2.03269
2.03225
2.0319
2.03145
2.03117
2.03059
2.03018
2.02929
2.0287
2.02741
2.02661
2.02495
2.02406
2.02232
2.02165
2.01837
2.39078
2.38367
2.37091
2.35306
2.33367
2.3141
2.29519
2.27812
2.26403
2.25252
2.24267
2.2341
2.22554
2.21503
2.20262
2.19004
2.17747
2.16317
2.14809
2.13663
2.13101
2.13038
2.13117
2.13486
2.14568
2.16105
2.17607
2.18845
2.19619
2.19878
2.1984
2.19497
2.18605
2.17739
2.16825
2.16008
2.15262
2.14606
2.14069
2.13718
2.13608
2.13621
2.13696
2.13765
2.13779
2.13769
2.13695
2.13451
2.12952
2.12365
2.11767
2.11214
2.10739
2.1034
2.09991
2.09653
2.09285
2.08854
2.08328
2.07704
2.06976
2.06192
2.05366
2.0456
2.0381
2.03125
2.02555
2.02111
2.01763
2.01521
2.0141
2.01395
2.0141
2.01461
2.01575
2.01719
2.0187
2.02021
2.02163
2.02292
2.02407
2.02505
2.02589
2.02668
2.02732
2.02785
2.0284
2.02885
2.02899
2.02895
2.02881
2.02833
2.02786
2.02669
2.02582
2.02377
2.02254
2.01994
2.01872
2.01385
2.38476
2.36953
2.35487
2.34093
2.32689
2.31177
2.29597
2.28135
2.26842
2.2565
2.24548
2.23555
2.22518
2.2123
2.19804
2.18427
2.1701
2.15518
2.14281
2.13687
2.13612
2.1374
2.14157
2.14915
2.15909
2.16966
2.17947
2.1858
2.18789
2.1874
2.18478
2.17979
2.1755
2.17134
2.16588
2.15995
2.15353
2.14745
2.14207
2.13748
2.13359
2.13033
2.12773
2.12535
2.12272
2.11995
2.11744
2.11545
2.11382
2.11223
2.11058
2.109
2.10774
2.10661
2.10542
2.10326
2.09964
2.09422
2.0871
2.07879
2.06961
2.06009
2.05086
2.04215
2.03416
2.02732
2.02172
2.0171
2.01353
2.01133
2.01047
2.01042
2.01065
2.01141
2.01298
2.01484
2.01681
2.01878
2.02069
2.02249
2.02418
2.02576
2.02725
2.02867
2.03
2.03128
2.03251
2.0337
2.03459
2.03496
2.035
2.03485
2.03453
2.03346
2.03243
2.02989
2.02826
2.0248
2.02311
2.01708
2.39473
2.37494
2.35656
2.33909
2.3221
2.30662
2.29269
2.27996
2.2683
2.25715
2.24651
2.23585
2.22349
2.2099
2.19545
2.18048
2.16792
2.15919
2.15279
2.14977
2.14975
2.15035
2.15194
2.1555
2.1602
2.16613
2.16956
2.17096
2.17186
2.1726
2.17306
2.17307
2.17281
2.17173
2.16883
2.16245
2.15385
2.14482
2.13614
2.12807
2.12068
2.11405
2.10845
2.10434
2.10188
2.10097
2.10109
2.10206
2.10414
2.10581
2.10681
2.10733
2.10752
2.10746
2.10682
2.10458
2.09957
2.09284
2.08523
2.07701
2.06838
2.05984
2.05172
2.04404
2.03698
2.03097
2.02599
2.0218
2.01852
2.01643
2.01553
2.01539
2.01553
2.01608
2.01739
2.01919
2.02123
2.02353
2.02605
2.02867
2.03129
2.03392
2.03651
2.03899
2.04126
2.04337
2.04522
2.0468
2.04795
2.04858
2.04878
2.0487
2.04847
2.0474
2.0462
2.0431
2.04106
2.0366
2.03439
2.02667
2.41127
2.39588
2.37596
2.35273
2.33059
2.3117
2.29589
2.28244
2.27064
2.25992
2.24956
2.2386
2.22661
2.21463
2.20301
2.19378
2.18698
2.18048
2.17441
2.16704
2.16019
2.15498
2.15151
2.15036
2.15045
2.15086
2.152
2.15467
2.15993
2.16614
2.17108
2.17371
2.174
2.17331
2.17005
2.1614
2.14849
2.13524
2.12305
2.11267
2.10437
2.09815
2.09401
2.09188
2.09145
2.09204
2.09439
2.09809
2.10105
2.10298
2.10404
2.10459
2.10467
2.10416
2.10221
2.09792
2.09246
2.08638
2.08005
2.07383
2.06779
2.06195
2.05662
2.05189
2.0475
2.04342
2.03998
2.03719
2.03469
2.03237
2.03058
2.02956
2.02911
2.02899
2.02909
2.02954
2.03067
2.03218
2.03388
2.03578
2.03787
2.04006
2.04225
2.04436
2.04629
2.04804
2.04944
2.05052
2.05123
2.05164
2.05175
2.05162
2.05129
2.04995
2.04865
2.04551
2.04353
2.03915
2.03691
2.02892
2.40924
2.3997
2.38584
2.3696
2.35074
2.33014
2.31089
2.29483
2.28211
2.27165
2.26302
2.25497
2.24738
2.24036
2.23266
2.22391
2.21385
2.20118
2.18679
2.17368
2.16214
2.15116
2.14254
2.13864
2.13832
2.13906
2.14171
2.14824
2.15767
2.16632
2.17206
2.17445
2.17447
2.1723
2.16435
2.15003
2.13544
2.12258
2.11191
2.10341
2.09691
2.09228
2.08945
2.08858
2.08894
2.09065
2.09353
2.09558
2.09678
2.09741
2.09753
2.09714
2.09549
2.09167
2.08703
2.08232
2.07785
2.07386
2.07053
2.0679
2.06602
2.06497
2.0646
2.06456
2.06452
2.06433
2.06367
2.06216
2.05994
2.0572
2.0541
2.05076
2.04732
2.04406
2.04123
2.03901
2.03745
2.03647
2.036
2.03595
2.03614
2.03681
2.03801
2.03935
2.04066
2.04188
2.04288
2.04371
2.04428
2.04471
2.04477
2.04468
2.04425
2.04264
2.04118
2.03773
2.03566
2.03119
2.02886
2.02129
2.39995
2.39038
2.38122
2.36841
2.35334
2.33801
2.32313
2.30969
2.29923
2.29177
2.28648
2.28168
2.27571
2.2676
2.25701
2.24327
2.22624
2.20759
2.18964
2.17289
2.15702
2.1436
2.1352
2.13245
2.13258
2.13428
2.13974
2.14955
2.1594
2.16707
2.17112
2.17166
2.16983
2.16313
2.15177
2.14006
2.12864
2.11824
2.10936
2.10207
2.09639
2.0925
2.09056
2.09005
2.0899
2.08977
2.08966
2.08943
2.08879
2.08709
2.08361
2.07934
2.07479
2.07035
2.06637
2.06322
2.0613
2.06064
2.06066
2.06099
2.06199
2.06386
2.06606
2.06832
2.07036
2.0718
2.07229
2.07211
2.07108
2.06825
2.06398
2.05931
2.05446
2.04955
2.04467
2.04002
2.03581
2.03224
2.02939
2.02721
2.02564
2.02467
2.02429
2.0243
2.02457
2.02538
2.02676
2.02827
2.02967
2.03095
2.03186
2.03259
2.03286
2.03281
2.03239
2.0305
2.02876
2.02497
2.02291
2.01658
2.40094
2.3868
2.37224
2.35788
2.34514
2.33378
2.32258
2.31273
2.30471
2.29909
2.29592
2.29324
2.28829
2.27959
2.26646
2.24911
2.22902
2.20825
2.18821
2.16935
2.15269
2.14067
2.13483
2.13394
2.13498
2.13866
2.14553
2.15314
2.15968
2.16372
2.16466
2.1638
2.16038
2.15376
2.14578
2.13723
2.12888
2.12106
2.11414
2.10839
2.10362
2.09947
2.09585
2.09277
2.09011
2.08761
2.08498
2.082
2.07872
2.07525
2.07173
2.06835
2.06523
2.06242
2.06019
2.05894
2.05867
2.05879
2.0593
2.06059
2.06253
2.06479
2.06727
2.06976
2.07191
2.07336
2.07382
2.07361
2.07243
2.06929
2.06465
2.05956
2.05422
2.0487
2.0431
2.03761
2.03252
2.02813
2.02456
2.02178
2.01974
2.0184
2.01776
2.01766
2.01779
2.01837
2.01986
2.02202
2.02421
2.02632
2.02806
2.02954
2.03051
2.03095
2.03103
2.03052
2.02946
2.02661
2.02467
2.01872
2.41
2.39238
2.37511
2.35861
2.34295
2.32931
2.3184
2.30918
2.30164
2.29626
2.29307
2.29091
2.28739
2.28001
2.26733
2.25021
2.23015
2.20936
2.18989
2.17362
2.16102
2.15133
2.14501
2.1428
2.14288
2.14374
2.14623
2.14922
2.15161
2.15311
2.15357
2.15344
2.15264
2.15082
2.14841
2.14466
2.13937
2.13297
2.1259
2.11858
2.11148
2.10501
2.09945
2.09485
2.09108
2.08783
2.0848
2.0818
2.07879
2.07576
2.07276
2.0699
2.06727
2.06506
2.0636
2.06308
2.06312
2.06342
2.06422
2.06561
2.06734
2.06922
2.07105
2.07255
2.07332
2.07332
2.07267
2.0706
2.06702
2.06274
2.05796
2.05293
2.0478
2.04266
2.03768
2.03305
2.02901
2.02566
2.02297
2.02081
2.01922
2.01826
2.0179
2.01791
2.01819
2.01908
2.02096
2.02333
2.02587
2.02848
2.03082
2.033
2.03475
2.03589
2.03655
2.03659
2.03647
2.03525
2.03366
2.02779
2.4293
2.4161
2.39716
2.37471
2.35373
2.33609
2.32227
2.31167
2.30309
2.29572
2.29014
2.28672
2.28387
2.27848
2.26893
2.25545
2.23973
2.2237
2.20814
2.19366
2.18027
2.16855
2.15872
2.15101
2.14614
2.1424
2.14073
2.14082
2.14155
2.14344
2.14639
2.1493
2.15106
2.15128
2.15048
2.14755
2.14166
2.13476
2.12717
2.11948
2.11231
2.10612
2.10111
2.09717
2.09403
2.09142
2.08912
2.08693
2.08463
2.08226
2.07977
2.07744
2.07554
2.07402
2.07304
2.07279
2.07287
2.07318
2.07392
2.07505
2.07619
2.07701
2.07719
2.07684
2.07543
2.07223
2.06801
2.0632
2.05808
2.05288
2.04774
2.0428
2.03824
2.03423
2.03085
2.0281
2.02587
2.02407
2.0227
2.02178
2.02138
2.02138
2.02164
2.02255
2.02447
2.02692
2.0297
2.03259
2.03537
2.03791
2.03991
2.04147
2.0424
2.04283
2.04275
2.04208
2.04076
2.03774
2.03595
2.03067
2.43432
2.42459
2.41428
2.40198
2.38423
2.36286
2.34241
2.32597
2.31278
2.30216
2.2945
2.28942
2.28555
2.28124
2.27533
2.26697
2.25597
2.24226
2.22668
2.21003
2.19365
2.17841
2.16502
2.15444
2.14585
2.13974
2.13737
2.13742
2.13837
2.14099
2.14426
2.14639
2.14681
2.1461
2.14343
2.13788
2.13094
2.12355
2.11661
2.11089
2.10671
2.10385
2.10199
2.10057
2.09941
2.09851
2.09756
2.09614
2.094
2.09127
2.0883
2.08542
2.08285
2.08071
2.079
2.07803
2.07787
2.078
2.07842
2.07901
2.07917
2.07893
2.07791
2.07526
2.07161
2.0674
2.0628
2.05801
2.05322
2.04853
2.04408
2.04008
2.03663
2.03373
2.0313
2.02933
2.02792
2.02722
2.02713
2.02738
2.02837
2.03061
2.03347
2.03653
2.03951
2.04213
2.04432
2.04601
2.04717
2.0479
2.04814
2.04798
2.04706
2.04499
2.04106
2.03812
2.03425
2.03106
2.0291
2.02527
2.43918
2.42889
2.41901
2.40816
2.39715
2.38615
2.37393
2.35904
2.34268
2.32715
2.31453
2.30549
2.29918
2.29345
2.28588
2.27554
2.26236
2.24737
2.23106
2.21438
2.19793
2.18262
2.16927
2.15823
2.14997
2.14558
2.14497
2.14555
2.147
2.14767
2.14744
2.14596
2.14177
2.13542
2.12781
2.11914
2.11085
2.10445
2.10047
2.09828
2.0973
2.09719
2.09748
2.09801
2.09806
2.09794
2.09747
2.09618
2.09351
2.09004
2.08641
2.08265
2.07943
2.0766
2.07449
2.0731
2.07229
2.07214
2.07203
2.07188
2.07149
2.07045
2.06883
2.06615
2.06356
2.0604
2.05749
2.05424
2.05098
2.04779
2.04487
2.04228
2.03999
2.03795
2.03622
2.03493
2.03416
2.03398
2.03418
2.03504
2.03712
2.03991
2.04273
2.04527
2.04734
2.04884
2.04985
2.05048
2.0506
2.05025
2.04875
2.04525
2.04087
2.03643
2.03195
2.02839
2.02446
2.02271
2.02151
2.02038
2.4671
2.44865
2.43318
2.41977
2.40761
2.39766
2.38966
2.38111
2.37013
2.35656
2.34199
2.32792
2.31473
2.30193
2.28863
2.27414
2.25807
2.24077
2.22326
2.2067
2.19212
2.18025
2.17128
2.16588
2.1641
2.16403
2.16378
2.16246
2.15918
2.15446
2.1478
2.13853
2.12776
2.11724
2.10825
2.10134
2.0968
2.09432
2.09326
2.09316
2.0936
2.09494
2.09605
2.09639
2.09633
2.09587
2.09446
2.09161
2.08793
2.08419
2.08016
2.07646
2.07259
2.06945
2.06661
2.06416
2.06254
2.06109
2.06008
2.05942
2.05839
2.05781
2.05685
2.05589
2.05472
2.05371
2.05265
2.05153
2.05041
2.04936
2.04842
2.04756
2.0468
2.04623
2.04586
2.04567
2.04565
2.04582
2.04646
2.04772
2.04905
2.05017
2.05096
2.05147
2.05181
2.05194
2.05181
2.05104
2.04874
2.04482
2.04061
2.03636
2.03228
2.02843
2.02501
2.02226
2.02058
2.02063
2.02063
2.02119
2.47908
2.46264
2.44463
2.42627
2.41043
2.39857
2.39004
2.38314
2.37556
2.36561
2.35257
2.33698
2.31963
2.30115
2.28206
2.26294
2.24458
2.22737
2.21154
2.19765
2.18659
2.17923
2.17574
2.17485
2.17449
2.17351
2.17098
2.16623
2.15894
2.14877
2.13709
2.12561
2.11512
2.10602
2.09904
2.095
2.09375
2.09382
2.09456
2.09632
2.09788
2.09863
2.09867
2.0983
2.09702
2.09427
2.09099
2.08747
2.08376
2.08035
2.07676
2.07338
2.07043
2.06733
2.06489
2.06283
2.06098
2.06003
2.05899
2.05836
2.05798
2.05767
2.05738
2.05714
2.05671
2.0564
2.05579
2.05518
2.05463
2.05408
2.0535
2.05297
2.05249
2.05202
2.05158
2.05138
2.05144
2.05181
2.0525
2.05295
2.05313
2.05315
2.05313
2.05297
2.05243
2.05098
2.04831
2.04514
2.04165
2.03804
2.03448
2.0311
2.02798
2.02526
2.02323
2.02214
2.022
2.0226
2.02301
2.02444
2.4542
2.44997
2.44037
2.42692
2.41203
2.3974
2.38521
2.37612
2.36858
2.36005
2.34864
2.33388
2.31639
2.29735
2.2781
2.25948
2.2418
2.22541
2.2111
2.20001
2.19253
2.18813
2.1857
2.18372
2.18078
2.17599
2.16886
2.15944
2.14853
2.13682
2.12509
2.1148
2.10694
2.10181
2.09906
2.0977
2.09741
2.09752
2.0977
2.09764
2.09717
2.09579
2.09336
2.09042
2.08719
2.08382
2.08051
2.0775
2.07474
2.07225
2.07012
2.06841
2.06702
2.06587
2.06485
2.06389
2.06337
2.06313
2.06316
2.06326
2.06354
2.06401
2.06476
2.06583
2.06673
2.0671
2.06705
2.0668
2.06609
2.06449
2.06231
2.05992
2.05747
2.05493
2.05252
2.05045
2.04899
2.04787
2.04726
2.04672
2.04649
2.04606
2.04562
2.04518
2.04436
2.04347
2.04188
2.04019
2.0378
2.03575
2.03317
2.03127
2.02913
2.02753
2.02598
2.02497
2.02398
2.02402
2.02399
2.02334
2.45505
2.44885
2.44319
2.43446
2.41965
2.40295
2.38817
2.37579
2.36485
2.35414
2.34234
2.32873
2.31327
2.29681
2.28015
2.26441
2.25003
2.23777
2.22771
2.21961
2.21282
2.2066
2.20021
2.19288
2.18432
2.17453
2.16359
2.15182
2.13994
2.12897
2.11967
2.112
2.10573
2.10104
2.09774
2.09533
2.0934
2.09128
2.0885
2.08528
2.08187
2.07823
2.07466
2.07155
2.06903
2.06691
2.06503
2.06343
2.06231
2.06165
2.06133
2.06136
2.06163
2.06235
2.06337
2.06536
2.06717
2.06906
2.07168
2.07425
2.07675
2.07932
2.08186
2.08413
2.0856
2.08601
2.08592
2.08543
2.08393
2.08034
2.0751
2.06941
2.06367
2.0581
2.05289
2.04815
2.04404
2.04069
2.03826
2.03683
2.03639
2.03645
2.03684
2.03771
2.03847
2.03901
2.0394
2.03962
2.03965
2.0395
2.03883
2.03794
2.03601
2.03415
2.03214
2.02921
2.02719
2.02467
2.0234
2.01947
2.4728
2.45864
2.44776
2.43874
2.43024
2.41839
2.40306
2.38758
2.37326
2.35957
2.34545
2.33053
2.31507
2.30005
2.28588
2.27286
2.26107
2.25056
2.24126
2.23251
2.22419
2.21541
2.20628
2.1964
2.18579
2.17451
2.16279
2.15133
2.14042
2.13046
2.12161
2.11353
2.10635
2.09968
2.09315
2.08686
2.08098
2.07559
2.07103
2.06754
2.06484
2.06262
2.06108
2.06012
2.05924
2.0585
2.05816
2.0581
2.05814
2.05828
2.0588
2.05991
2.06088
2.06296
2.0652
2.06776
2.07091
2.0741
2.07751
2.08085
2.08411
2.08724
2.09008
2.09227
2.09346
2.09364
2.09345
2.09261
2.09041
2.08572
2.07958
2.07297
2.06637
2.06001
2.05405
2.04865
2.04402
2.0403
2.03762
2.03607
2.03561
2.03575
2.03659
2.03853
2.04043
2.0419
2.04295
2.04365
2.04404
2.04413
2.04389
2.04305
2.04069
2.03822
2.03513
2.03145
2.02878
2.02525
2.02355
2.01865
2.47722
2.47588
2.46949
2.45923
2.45037
2.44192
2.43214
2.41922
2.40311
2.38457
2.36468
2.34466
2.32537
2.30716
2.29034
2.27509
2.26167
2.24955
2.23903
2.229
2.22021
2.21135
2.2033
2.19505
2.18687
2.17881
2.1705
2.16194
2.15238
2.14211
2.13114
2.12
2.1093
2.09902
2.08941
2.08106
2.07391
2.06791
2.06351
2.06028
2.05753
2.056
2.05528
2.0545
2.05431
2.0544
2.05462
2.05506
2.05622
2.05712
2.05891
2.06123
2.06359
2.06673
2.07006
2.07345
2.07684
2.08017
2.0833
2.08606
2.08874
2.09107
2.09255
2.09311
2.09317
2.09296
2.09219
2.09018
2.08591
2.08057
2.07471
2.06875
2.06289
2.05723
2.05197
2.0473
2.04344
2.04056
2.03877
2.03814
2.03826
2.03911
2.04107
2.04302
2.04445
2.04539
2.04597
2.04629
2.04633
2.04609
2.0451
2.04318
2.03999
2.03735
2.03351
2.03009
2.02696
2.02351
2.02173
2.01702
2.4893
2.4873
2.48281
2.47241
2.46046
2.44969
2.43891
2.42662
2.41211
2.39529
2.37637
2.35573
2.33438
2.31348
2.29455
2.27745
2.26267
2.24884
2.23685
2.22554
2.21628
2.20822
2.20188
2.1964
2.19114
2.18504
2.1771
2.16782
2.15681
2.14474
2.13207
2.11916
2.10676
2.09514
2.08472
2.07604
2.06878
2.06285
2.05864
2.05538
2.05265
2.05115
2.04992
2.04895
2.04889
2.04903
2.0494
2.05029
2.05191
2.05346
2.05603
2.05921
2.0626
2.06631
2.07018
2.07405
2.07786
2.08148
2.08478
2.08771
2.08992
2.09082
2.09083
2.09059
2.08987
2.08828
2.08487
2.08127
2.07621
2.07111
2.0661
2.06125
2.05657
2.05217
2.04829
2.04512
2.04274
2.04117
2.04053
2.04057
2.04107
2.04241
2.04385
2.04487
2.04546
2.04575
2.04587
2.04585
2.04556
2.04464
2.0427
2.04048
2.03738
2.03484
2.03106
2.02818
2.02505
2.02229
2.02061
2.01685
2.49538
2.49204
2.48757
2.47807
2.4646
2.44965
2.43472
2.42023
2.40557
2.38981
2.3725
2.3539
2.33477
2.31607
2.29847
2.28218
2.26708
2.25333
2.24086
2.23024
2.22155
2.21468
2.20879
2.20304
2.19627
2.18828
2.17827
2.16682
2.15374
2.13996
2.12607
2.11247
2.09995
2.08859
2.07877
2.07071
2.06405
2.05868
2.05477
2.05139
2.04893
2.04756
2.04629
2.0462
2.04637
2.04685
2.04815
2.0491
2.05108
2.05381
2.05674
2.06003
2.06376
2.06777
2.07177
2.07556
2.07903
2.08204
2.08462
2.08678
2.08789
2.08793
2.08766
2.08708
2.08563
2.08408
2.08079
2.07766
2.07306
2.06863
2.06424
2.05993
2.05576
2.05192
2.04861
2.04596
2.04397
2.04268
2.0422
2.04223
2.04259
2.0435
2.04426
2.04463
2.04477
2.04478
2.04469
2.04434
2.04341
2.04184
2.03966
2.03731
2.03425
2.03172
2.02796
2.02531
2.02208
2.0196
2.01774
2.01463
2.48789
2.49499
2.49521
2.49184
2.47977
2.45909
2.43885
2.41996
2.40221
2.38519
2.36838
2.35151
2.33451
2.3178
2.30175
2.28684
2.27311
2.26107
2.2505
2.24173
2.23391
2.22675
2.21928
2.21083
2.20117
2.18969
2.17688
2.16308
2.1485
2.13407
2.11996
2.10681
2.09484
2.08416
2.07535
2.06773
2.06187
2.05754
2.05382
2.05169
2.05025
2.04906
2.04914
2.04968
2.0507
2.05301
2.05478
2.05721
2.06163
2.06589
2.07027
2.07458
2.07862
2.08224
2.08531
2.08776
2.08948
2.09041
2.0906
2.09043
2.08995
2.08845
2.08693
2.08447
2.08189
2.07982
2.07649
2.074
2.06986
2.06613
2.06247
2.05894
2.05563
2.05266
2.05012
2.0481
2.04655
2.04559
2.04535
2.04551
2.04616
2.04713
2.04772
2.04796
2.048
2.04795
2.04769
2.04695
2.04521
2.0423
2.03851
2.03428
2.02941
2.02466
2.01934
2.01517
2.00997
2.00662
2.00408
2.00251
2.48497
2.50291
2.50744
2.50549
2.49481
2.47042
2.44544
2.42317
2.40342
2.38538
2.36835
2.35191
2.33588
2.32026
2.30529
2.29132
2.27886
2.26809
2.25906
2.25111
2.24372
2.23553
2.22674
2.21593
2.20423
2.19062
2.17649
2.16125
2.14603
2.1309
2.11654
2.10345
2.09179
2.08237
2.07461
2.06804
2.06327
2.05924
2.0555
2.05291
2.05098
2.04867
2.048
2.0483
2.04925
2.0514
2.05308
2.05705
2.0625
2.06835
2.0746
2.08096
2.08704
2.09233
2.09641
2.09885
2.09953
2.09933
2.09826
2.09529
2.09081
2.08544
2.08072
2.07518
2.07106
2.06712
2.06314
2.06065
2.05696
2.05421
2.05187
2.04983
2.04803
2.04652
2.04539
2.0448
2.04476
2.04519
2.04675
2.04955
2.05237
2.05471
2.05628
2.05713
2.05747
2.05746
2.05708
2.05557
2.05168
2.0456
2.03858
2.03124
2.02357
2.01643
2.0092
2.00331
1.99726
1.99419
1.99217
1.99181
2.50426
2.5242
2.52758
2.52094
2.49741
2.46596
2.43964
2.41885
2.40211
2.38782
2.37475
2.36221
2.34967
2.33701
2.32478
2.31319
2.30254
2.29241
2.28222
2.27151
2.26001
2.24733
2.23389
2.21936
2.20401
2.18756
2.17091
2.15396
2.13794
2.12306
2.10986
2.09842
2.08856
2.08045
2.07339
2.06715
2.06226
2.05766
2.05322
2.04974
2.04716
2.0441
2.04267
2.04285
2.0438
2.04505
2.04753
2.05254
2.05825
2.06492
2.0722
2.07982
2.08726
2.0937
2.09841
2.10086
2.10125
2.10058
2.098
2.09221
2.08492
2.07749
2.07045
2.06362
2.05882
2.05339
2.05005
2.04704
2.04392
2.04191
2.04065
2.04006
2.03999
2.0402
2.04094
2.04239
2.0445
2.04743
2.05108
2.05499
2.05846
2.06103
2.06251
2.06317
2.06335
2.0632
2.06227
2.05955
2.05406
2.04733
2.0398
2.03211
2.02426
2.01702
2.00982
2.00407
1.99868
1.99642
1.99502
1.99542
2.52587
2.52601
2.52444
2.51427
2.48838
2.46056
2.43856
2.42234
2.41102
2.40358
2.39824
2.39304
2.3868
2.37791
2.36692
2.35291
2.33726
2.31991
2.30163
2.28281
2.26351
2.24385
2.22374
2.20402
2.1846
2.16687
2.15046
2.13593
2.12326
2.11209
2.1025
2.09417
2.08631
2.07897
2.07211
2.06486
2.05768
2.05061
2.04329
2.03572
2.02984
2.02409
2.01904
2.01681
2.01664
2.01714
2.01884
2.02261
2.02829
2.03526
2.0431
2.05128
2.05911
2.06615
2.07223
2.07692
2.07969
2.08052
2.08036
2.07927
2.07633
2.07221
2.06725
2.06332
2.05861
2.05525
2.05255
2.04965
2.04763
2.0463
2.04573
2.0457
2.04598
2.04673
2.04771
2.049
2.05088
2.0533
2.0558
2.05772
2.05879
2.05912
2.0591
2.05889
2.05804
2.05609
2.05257
2.04903
2.04476
2.04098
2.03681
2.03384
2.03075
2.02884
2.02682
2.02592
2.02496
2.0251
2.02508
2.02509
2.50753
2.49438
2.49144
2.48978
2.4876
2.48388
2.47455
2.45629
2.43663
2.41837
2.40407
2.39261
2.38351
2.37319
2.36196
2.34724
2.3304
2.31074
2.28974
2.26809
2.24654
2.22622
2.20718
2.19003
2.17414
2.16011
2.14727
2.13567
2.12528
2.11531
2.10622
2.09715
2.08845
2.07926
2.06991
2.06035
2.05016
2.04045
2.03143
2.02231
2.01543
2.00957
2.00512
2.00252
2.00259
2.00298
2.00429
2.00721
2.01162
2.01689
2.02289
2.02959
2.03656
2.0435
2.05013
2.05646
2.06231
2.06743
2.07221
2.0763
2.07928
2.08202
2.08402
2.08629
2.08801
2.08864
2.08855
2.08814
2.08705
2.08499
2.08226
2.07896
2.07519
2.0711
2.06684
2.06253
2.05827
2.05399
2.04964
2.04516
2.04055
2.0359
2.03133
2.02703
2.02323
2.0201
2.01792
2.01684
2.01669
2.01709
2.01863
2.02198
2.02569
2.02906
2.03226
2.03483
2.03717
2.03954
2.04079
2.03995
2.49246
2.47357
2.47146
2.47798
2.4903
2.49477
2.49383
2.484
2.45603
2.42264
2.39432
2.37225
2.356
2.34388
2.33367
2.32322
2.31163
2.29789
2.28271
2.26652
2.25022
2.23451
2.21967
2.20537
2.19147
2.17761
2.16357
2.14942
2.13568
2.12182
2.10863
2.09598
2.08393
2.07233
2.06189
2.05139
2.04129
2.03217
2.02319
2.01548
2.00968
2.00425
2.00152
2.00139
2.00197
2.00348
2.00653
2.01085
2.01631
2.02224
2.02831
2.03441
2.04043
2.04636
2.05204
2.0578
2.06386
2.07032
2.07717
2.08417
2.09102
2.09898
2.10585
2.11236
2.11715
2.11969
2.12025
2.12006
2.11894
2.11553
2.10828
2.09925
2.08936
2.07906
2.06871
2.0586
2.04898
2.04003
2.03195
2.02489
2.0189
2.014
2.01008
2.00702
2.00474
2.00315
2.00225
2.00209
2.00242
2.00375
2.00668
2.01029
2.01401
2.01745
2.0208
2.02347
2.02594
2.02839
2.02976
2.0289
2.52228
2.51466
2.50264
2.49246
2.48621
2.48186
2.47611
2.46657
2.45224
2.43379
2.41382
2.39458
2.37803
2.36316
2.35094
2.33907
2.32857
2.3174
2.30661
2.29483
2.28242
2.26849
2.25294
2.23591
2.21741
2.19846
2.17923
2.16042
2.14233
2.12531
2.10957
2.09511
2.08223
2.07042
2.06004
2.05129
2.04325
2.03652
2.03161
2.02708
2.02359
2.02281
2.02341
2.02531
2.0283
2.0328
2.03923
2.04631
2.05421
2.06221
2.06953
2.07546
2.07991
2.0831
2.08493
2.08574
2.08616
2.08683
2.08811
2.08962
2.09205
2.09546
2.09951
2.10357
2.10642
2.10769
2.10793
2.10742
2.10594
2.1023
2.09631
2.08949
2.08195
2.07432
2.0667
2.06003
2.05434
2.05018
2.04685
2.04458
2.0427
2.04156
2.04052
2.03961
2.03806
2.03595
2.03301
2.02954
2.0254
2.02087
2.01633
2.01199
2.00814
2.00505
2.00251
2.00077
2.00028
2.00074
2.00114
2.00287
2.55032
2.55106
2.53708
2.49924
2.46454
2.44408
2.43543
2.43361
2.4332
2.43262
2.43108
2.42488
2.40826
2.38531
2.36315
2.34341
2.32639
2.31166
2.29806
2.28537
2.2724
2.25908
2.24503
2.23051
2.21525
2.19992
2.18474
2.16921
2.15517
2.14093
2.12784
2.11554
2.10338
2.09215
2.08096
2.07016
2.06022
2.05073
2.04243
2.03633
2.03077
2.02703
2.02682
2.02732
2.02919
2.03275
2.03735
2.04312
2.05005
2.05736
2.06452
2.07117
2.07679
2.08083
2.08265
2.08275
2.08219
2.08044
2.07742
2.07429
2.07148
2.06859
2.0661
2.06466
2.06346
2.06294
2.06294
2.06235
2.06228
2.06252
2.0634
2.06476
2.06608
2.06759
2.06958
2.07197
2.07426
2.07588
2.07659
2.07666
2.07655
2.07616
2.07517
2.07291
2.06903
2.06382
2.05743
2.05014
2.04214
2.03374
2.02522
2.01692
2.00924
2.00259
1.99737
1.99414
1.99267
1.9931
1.99378
1.99815
2.54454
2.54845
2.53875
2.50459
2.46409
2.43824
2.42627
2.4235
2.42368
2.42411
2.42365
2.41978
2.40632
2.37917
2.35077
2.32506
2.30304
2.2847
2.2691
2.25596
2.2446
2.23521
2.2271
2.22063
2.21416
2.20836
2.20061
2.19288
2.18203
2.17057
2.15681
2.14234
2.12651
2.11065
2.09462
2.07913
2.06489
2.05179
2.04093
2.0328
2.02596
2.02227
2.02217
2.02266
2.02534
2.0291
2.03414
2.04022
2.04723
2.05448
2.06158
2.06807
2.07354
2.07745
2.07918
2.07926
2.07857
2.07628
2.0719
2.06704
2.06244
2.05785
2.05381
2.05054
2.04792
2.04685
2.0463
2.0458
2.04657
2.049
2.05284
2.05702
2.06158
2.06653
2.07155
2.07598
2.07921
2.08104
2.08168
2.08168
2.08136
2.08026
2.0777
2.07385
2.06897
2.0632
2.05665
2.04954
2.042
2.03419
2.02636
2.01871
2.01163
2.00549
2.00075
1.99789
1.99664
1.99721
1.99805
2.00263
)
;

boundaryField
{
    inlet
    {
        type            fixedValue;
        value           uniform 1;
    }
    outlet
    {
        type            zeroGradient;
    }
    bottom
    {
        type            symmetryPlane;
    }
    top
    {
        type            symmetryPlane;
    }
    obstacle
    {
        type            zeroGradient;
    }
    defaultFaces
    {
        type            empty;
    }
}


// ************************************************************************* //
